1753291401.113353
1753291401.212748
1753291401.247665
1753291401.278844
1753291401.313094
1753291401.346616
1753291401.379290
1753291401.413362
1753291401.446985
1753291401.485524
1753291401.521233
1753291401.553866
1753291401.584204
1753291401.618324
1753291401.654398
1753291401.689429
1753291401.721234
1753291401.754553
1753291401.785208
1753291401.821004
1753291401.853320
1753291401.887079
1753291401.924717
1753291401.959660
1753291401.991466
1753291402.027604
1753291402.058827
1753291402.093052
1753291402.119860
1753291402.154902
1753291402.187731
1753291402.220038
1753291402.258282
1753291402.292221
1753291402.328050
1753291402.358604
1753291402.392565
1753291402.428094
1753291402.460026
1753291402.492577
1753291402.521133
1753291402.557721
1753291402.581757
1753291402.612870
1753291402.647572
1753291402.688796
1753291402.713960
1753291402.747063
1753291402.784974
1753291402.814639
1753291402.850776
1753291402.879290
1753291402.920124
1753291402.950028
1753291402.989041
1753291403.013457
1753291403.051576
1753291403.086119
1753291403.118061
1753291403.146892
1753291403.188341
1753291403.216716
1753291403.252774
1753291403.279580
1753291403.320314
1753291403.349613
1753291403.390055
1753291403.413649
1753291403.450551
1753291403.487252
1753291403.517239
1753291403.547076
1753291403.585666
1753291403.619494
1753291403.652104
1753291403.680549
1753291403.717746
1753291403.751354
1753291403.788814
1753291403.814014
1753291403.850256
1753291403.885710
1753291403.918786
1753291403.947324
1753291403.986044
1753291404.018198
1753291404.052023
1753291404.080570
1753291404.117437
1753291404.152099
1753291404.186122
1753291404.214045
1753291404.253987
1753291404.282926
1753291404.318055
1753291404.347567
1753291404.389376
1753291404.417128
1753291404.454556
1753291404.480910
1753291404.524895
1753291404.550174
1753291404.587750
1753291404.614422
1753291404.658326
1753291404.683992
1753291404.718587
1753291404.747801
1753291404.787658
1753291404.821277
1753291404.850904
1753291404.880348
1753291404.923016
1753291404.950582
1753291404.987572
1753291405.014919
1753291405.060535
1753291405.081873
1753291405.122542
1753291405.148182
1753291405.191033
1753291405.217774
1753291405.257504
1753291405.280459
1753291405.323253
1753291405.351202
1753291405.393997
1753291405.414886
1753291405.454441
1753291405.488003
1753291405.521177
1753291405.548102
1753291405.589818
1753291405.618380
1753291405.656125
1753291405.681432
1753291405.726876
1753291405.750322
1753291405.788302
1753291405.815006
1753291405.851612
1753291405.887213
1753291405.917957
1753291405.951137
1753291405.987384
1753291406.021988
1753291406.052675
1753291406.084134
1753291406.124074
1753291406.150394
1753291406.186880
1753291406.217341
1753291406.258069
1753291406.283351
1753291406.322070
1753291406.349328
1753291406.394592
1753291406.417286
1753291406.461352
1753291406.482486
1753291406.519999
1753291406.561933
1753291406.583752
1753291406.617035
1753291406.654139
1753291406.690609
1753291406.717994
1753291406.750706
1753291406.787669
1753291406.828031
1753291406.850778
1753291406.882532
1753291406.927438
1753291406.950683
1753291406.989611
1753291407.016109
1753291407.052213
1753291407.083757
1753291407.125557
1753291407.150019
1753291407.187563
1753291407.224443
1753291407.251638
1753291407.285552
1753291407.323190
1753291407.351844
1753291407.393734
1753291407.415959
1753291407.453254
1753291407.485373
1753291407.520673
1753291407.549653
1753291407.588618
1753291407.620339
1753291407.657142
1753291407.682908
1753291407.728466
1753291407.750806
1753291407.788770
1753291407.818345
1753291407.852168
1753291407.887948
1753291407.924718
1753291407.950122
1753291407.989654
1753291408.022183
1753291408.060112
1753291408.081835
1753291408.129604
1753291408.150650
1753291408.189268
1753291408.216946
1753291408.263182
1753291408.282770
1753291408.330616
1753291408.349998
1753291408.396573
1753291408.417117
1753291408.457334
1753291408.483487
1753291408.522682
1753291408.558270
1753291408.585597
1753291408.621574
1753291408.657664
1753291408.686215
1753291408.727110
1753291408.750030
1753291408.793619
1753291408.818032
1753291408.853901
1753291408.884411
1753291408.919242
1753291408.954148
1753291408.984612
1753291409.020760
1753291409.058072
1753291409.085575
1753291409.128214
1753291409.150354
1753291409.192998
1753291409.218650
1753291409.259403
1753291409.282786
1753291409.330122
1753291409.351102
1753291409.393081
1753291409.417165
1753291409.463237
1753291409.484637
1753291409.525053
1753291409.550912
1753291409.593829
1753291409.618496
1753291409.659960
1753291409.683718
1753291409.729652
1753291409.751065
1753291409.796913
1753291409.819727
1753291409.850095
1753291409.887009
1753291409.924987
1753291409.950868
1753291409.990373
1753291410.024011
1753291410.056666
1753291410.084113
1753291410.126992
1753291410.152488
1753291410.193509
1753291410.217468
1753291410.264537
1753291410.283649
1753291410.331378
1753291410.350809
1753291410.393547
1753291410.417113
1753291410.453035
1753291410.483363
1753291410.520854
1753291410.559661
1753291410.585574
1753291410.620353
1753291410.660690
1753291410.685308
1753291410.727404
1753291410.750849
1753291410.796133
1753291410.818267
1753291410.855885
1753291410.883384
1753291410.930223
1753291410.951602
1753291410.993962
1753291411.028946
1753291411.051439
1753291411.094863
1753291411.119255
1753291411.160050
1753291411.186806
1753291411.228611
1753291411.251866
1753291411.291984
1753291411.322553
1753291411.351623
1753291411.385854
1753291411.423416
1753291411.457735
1753291411.485267
1753291411.527056
1753291411.554786
1753291411.597261
1753291411.618194
1753291411.660067
1753291411.692908
1753291411.721765
1753291411.753443
1753291411.793990
1753291411.820929
1753291411.853552
1753291411.883755
1753291411.930383
1753291411.951985
1753291411.993875
1753291412.018262
1753291412.061326
1753291412.088542
1753291412.130836
1753291412.151909
1753291412.191993
1753291412.226731
1753291412.256609
1753291412.286119
1753291412.327801
1753291412.356163
1753291412.398091
1753291412.418689
1753291412.464788
1753291412.485678
1753291412.529766
1753291412.551836
1753291412.593973
1753291412.624089
1753291412.659494
1753291412.685427
1753291412.719570
1753291412.758481
1753291412.791399
1753291412.818809
1753291412.859221
1753291412.890913
1753291412.931425
1753291412.952392
1753291412.998082
1753291413.019155
1753291413.062613
1753291413.086114
1753291413.128215
1753291413.155573
1753291413.197660
1753291413.219041
1753291413.260594
1753291413.289514
1753291413.331403
1753291413.352292
1753291413.394082
1753291413.422557
1753291413.457348
1753291413.485779
1753291413.527657
1753291413.552518
1753291413.595894
1753291413.618983
1753291413.661990
1753291413.686122
1753291413.729227
1753291413.752276
1753291413.798090
1753291413.819701
1753291413.859625
1753291413.884874
1753291413.928645
1753291413.953961
1753291413.997533
1753291414.019376
1753291414.062431
1753291414.086561
1753291414.129529
1753291414.152625
1753291414.196399
1753291414.219862
1753291414.264233
1753291414.285935
1753291414.332423
1753291414.353365
1753291414.398209
1753291414.419401
1753291414.464886
1753291414.486983
1753291414.530066
1753291414.552786
1753291414.595827
1753291414.622785
1753291414.664826
1753291414.686131
1753291414.728086
1753291414.759748
1753291414.793821
1753291414.819814
1753291414.857510
1753291414.890767
1753291414.931176
1753291414.952925
1753291414.995402
1753291415.020639
1753291415.063814
1753291415.086158
1753291415.127968
1753291415.153746
1753291415.195837
1753291415.219620
1753291415.261579
1753291415.287989
1753291415.330994
1753291415.353110
1753291415.393008
1753291415.428499
1753291415.459474
1753291415.486659
1753291415.525165
1753291415.562035
1753291415.589994
1753291415.620848
1753291415.663962
1753291415.688206
1753291415.731609
1753291415.753311
1753291415.796170
1753291415.825091
1753291415.858644
1753291415.885754
1753291415.928558
1753291415.957055
1753291415.997124
1753291416.020499
1753291416.063666
1753291416.092330
1753291416.127472
1753291416.153626
1753291416.196661
1753291416.224909
1753291416.265501
1753291416.287155
1753291416.329846
1753291416.356300
1753291416.398087
1753291416.420300
1753291416.463717
1753291416.490524
1753291416.532119
1753291416.553816
1753291416.591518
1753291416.624388
1753291416.658545
1753291416.687415
1753291416.725416
1753291416.757792
1753291416.788752
1753291416.821324
1753291416.855815
1753291416.893064
1753291416.924821
1753291416.954183
1753291416.991853
1753291417.023739
1753291417.059997
1753291417.086794
1753291417.123253
1753291417.159033
1753291417.189817
1753291417.220146
1753291417.256449
1753291417.288657
1753291417.325392
1753291417.355469
1753291417.398204
1753291417.425585
1753291417.465714
1753291417.488198
1753291417.533097
1753291417.555771
1753291417.599249
1753291417.621438
1753291417.657882
1753291417.693905
1753291417.725863
1753291417.757280
1753291417.797216
1753291417.826522
1753291417.857623
1753291417.887166
1753291417.931049
1753291417.956522
1753291417.997447
1753291418.021003
1753291418.063064
1753291418.093491
1753291418.130466
1753291418.154280
1753291418.197399
1753291418.225931
1753291418.263133
1753291418.288095
1753291418.330556
1753291418.360796
1753291418.397874
1753291418.421299
1753291418.465840
1753291418.490447
1753291418.533932
1753291418.554738
1753291418.597918
1753291418.626416
1753291418.664750
1753291418.688267
1753291418.731546
1753291418.760337
1753291418.797231
1753291418.822181
1753291418.863452
1753291418.890150
1753291418.932785
1753291418.955120
1753291419.000031
1753291419.020617
1753291419.058046
1753291419.088510
1753291419.134097
1753291419.157242
1753291419.199381
1753291419.221803
1753291419.263820
1753291419.293244
1753291419.331321
1753291419.364109
1753291419.388553
1753291419.431534
1753291419.460176
1753291419.500429
1753291419.525469
1753291419.558481
1753291419.598497
1753291419.625674
1753291419.664855
1753291419.688573
1753291419.731511
1753291419.756699
1753291419.799415
1753291419.822363
1753291419.862279
1753291419.893619
1753291419.931454
1753291419.957213
1753291419.998622
1753291420.028609
1753291420.065159
1753291420.089359
1753291420.131981
1753291420.161904
1753291420.198350
1753291420.222587
1753291420.266181
1753291420.293521
1753291420.331686
1753291420.359511
1753291420.398278
1753291420.428830
1753291420.465237
1753291420.490630
1753291420.527701
1753291420.559935
1753291420.592376
1753291420.625234
1753291420.661873
1753291420.694082
1753291420.726012
1753291420.758226
1753291420.792951
1753291420.825681
1753291420.858156
1753291420.889591
1753291420.927505
1753291420.958795
1753291420.995633
1753291421.022929
1753291421.065076
1753291421.094889
1753291421.131480
1753291421.156121
1753291421.199595
1753291421.226695
1753291421.265340
1753291421.289738
1753291421.332003
1753291421.360872
1753291421.398130
1753291421.422744
1753291421.465766
1753291421.494876
1753291421.531937
1753291421.555986
1753291421.595669
1753291421.632387
1753291421.662972
1753291421.689582
1753291421.728537
1753291421.764622
1753291421.795706
1753291421.822639
1753291421.864997
1753291421.891364
1753291421.932788
1753291421.956594
1753291421.999108
1753291422.023873
1753291422.066248
1753291422.089763
1753291422.133526
1753291422.161607
1753291422.200070
1753291422.222974
1753291422.265070
1753291422.289520
1753291422.333254
1753291422.356489
1753291422.398960
1753291422.429362
1753291422.465496
1753291422.490000
1753291422.532380
1753291422.563070
1753291422.599210
1753291422.623260
1753291422.665471
1753291422.694794
1753291422.727112
1753291422.756935
1753291422.796573
1753291422.831766
1753291422.862430
1753291422.890239
1753291422.934374
1753291422.960462
1753291422.998159
1753291423.024098
1753291423.066351
1753291423.097344
1753291423.132824
1753291423.156922
1753291423.201049
1753291423.226996
1753291423.265080
1753291423.290590
1753291423.332012
1753291423.363224
1753291423.398772
1753291423.424907
1753291423.465517
1753291423.492023
1753291423.533526
1753291423.557139
1753291423.600838
1753291423.628536
1753291423.666704
1753291423.690440
1753291423.733690
1753291423.761581
1753291423.799596
1753291423.824431
1753291423.865069
1753291423.897424
1753291423.932686
1753291423.957386
1753291423.999389
1753291424.029668
1753291424.066637
1753291424.090726
1753291424.134342
1753291424.160458
1753291424.200471
1753291424.224129
1753291424.266027
1753291424.294965
1753291424.333815
1753291424.357583
1753291424.400877
1753291424.430434
1753291424.466363
1753291424.490838
1753291424.533431
1753291424.564435
1753291424.598587
1753291424.625237
1753291424.664268
1753291424.699873
1753291424.730271
1753291424.760080
1753291424.795363
1753291424.834116
1753291424.864282
1753291424.892328
1753291424.931081
1753291424.964570
1753291424.999066
1753291425.025883
1753291425.067093
1753291425.097808
1753291425.132292
1753291425.161133
1753291425.200232
1753291425.231424
1753291425.264746
1753291425.294547
1753291425.334471
1753291425.362370
1753291425.400650
1753291425.426041
1753291425.465956
1753291425.499471
1753291425.532981
1753291425.558984
1753291425.597459
1753291425.627024
1753291425.665426
1753291425.691787
1753291425.731271
1753291425.764973
1753291425.798421
1753291425.825736
1753291425.863350
1753291425.897339
1753291425.933368
1753291425.958366
1753291426.001012
1753291426.030313
1753291426.066991
1753291426.091846
1753291426.133511
1753291426.164662
1753291426.199806
1753291426.225242
1753291426.266297
1753291426.297573
1753291426.332994
1753291426.358587
1753291426.399617
1753291426.429897
1753291426.466424
1753291426.491672
1753291426.533418
1753291426.564840
1753291426.598000
1753291426.626989
1753291426.665012
1753291426.698844
1753291426.731577
1753291426.764130
1753291426.793224
1753291426.831712
1753291426.864008
1753291426.892515
1753291426.932968
1753291426.965000
1753291427.000117
1753291427.025795
1753291427.062365
1753291427.101657
1753291427.131565
1753291427.159869
1753291427.199390
1753291427.231398
1753291427.264650
1753291427.293289
1753291427.331216
1753291427.365108
1753291427.397265
1753291427.428889
1753291427.465768
1753291427.500207
1753291427.532250
1753291427.559157
1753291427.597726
1753291427.631636
1753291427.664241
1753291427.700402
1753291427.725800
1753291427.764631
1753291427.797679
1753291427.832817
1753291427.865857
1753291427.893802
1753291427.934132
1753291427.965413
1753291428.000230
1753291428.026914
1753291428.065942
1753291428.100853
1753291428.134642
1753291428.161672
1753291428.201066
1753291428.231058
1753291428.267561
1753291428.296146
1753291428.335877
1753291428.365276
1753291428.399881
1753291428.427753
1753291428.465339
1753291428.500691
1753291428.532756
1753291428.560285
1753291428.598106
1753291428.633518
1753291428.666529
1753291428.693457
1753291428.731459
1753291428.766262
1753291428.798342
1753291428.830715
1753291428.865659
1753291428.899184
1753291428.932103
1753291428.962056
1753291429.001329
1753291429.028708
1753291429.064417
1753291429.092820
1753291429.130894
1753291429.169450
1753291429.197971
1753291429.230490
1753291429.265918
1753291429.300542
1753291429.334529
1753291429.361445
1753291429.401150
1753291429.431314
1753291429.464456
1753291429.497941
1753291429.532651
1753291429.565673
1753291429.600888
1753291429.627857
1753291429.667089
1753291429.700611
1753291429.735627
1753291429.760255
1753291429.800092
1753291429.833118
1753291429.866325
1753291429.894231
1753291429.934093
1753291429.967849
1753291429.998968
1753291430.028669
1753291430.068664
1753291430.099112
1753291430.133181
1753291430.160618
1753291430.200478
1753291430.234285
1753291430.268245
1753291430.293743
1753291430.333892
1753291430.366335
1753291430.400170
1753291430.427418
1753291430.466016
1753291430.501898
1753291430.535774
1753291430.560741
1753291430.602541
1753291430.632079
1753291430.665190
1753291430.695766
1753291430.734489
1753291430.767161
1753291430.801609
1753291430.827349
1753291430.867000
1753291430.900556
1753291430.935409
1753291430.960581
1753291431.001203
1753291431.035937
1753291431.066349
1753291431.098401
1753291431.132923
1753291431.168153
1753291431.203857
1753291431.227639
1753291431.268581
1753291431.300184
1753291431.334758
1753291431.362561
1753291431.402898
1753291431.431925
1753291431.464336
1753291431.498868
1753291431.533619
1753291431.568046
1753291431.602870
1753291431.631209
1753291431.665896
1753291431.701174
1753291431.735912
1753291431.761965
1753291431.802562
1753291431.834853
1753291431.867107
1753291431.897936
1753291431.933863
1753291431.967334
1753291432.002522
1753291432.030510
1753291432.067433
1753291432.100623
1753291432.135866
1753291432.162694
1753291432.202248
1753291432.233118
1753291432.267118
1753291432.300430
1753291432.334752
1753291432.370217
1753291432.400424
1753291432.432341
1753291432.467343
1753291432.498133
1753291432.535454
1753291432.565589
1753291432.600985
1753291432.634014
1753291432.669162
1753291432.697046
1753291432.734550
1753291432.769722
1753291432.797281
1753291432.830370
1753291432.865606
1753291432.901113
1753291432.935890
1753291432.965442
1753291433.001513
1753291433.036696
1753291433.066621
1753291433.098571
1753291433.134518
1753291433.170784
1753291433.199984
1753291433.231245
1753291433.267167
1753291433.302702
1753291433.333764
1753291433.364545
1753291433.400979
1753291433.435336
1753291433.469884
1753291433.495432
1753291433.537014
1753291433.566861
1753291433.601869
1753291433.628811
1753291433.669699
1753291433.702154
1753291433.737375
1753291433.761978
1753291433.802724
1753291433.836662
1753291433.866505
1753291433.898657
1753291433.933241
1753291433.968873
1753291434.000192
1753291434.032036
1753291434.068624
1753291434.103570
1753291434.138291
1753291434.162536
1753291434.203417
1753291434.236834
1753291434.267608
1753291434.299142
1753291434.338901
1753291434.366877
1753291434.402451
1753291434.429444
1753291434.468498
1753291434.503807
1753291434.535489
1753291434.564478
1753291434.601340
1753291434.637482
1753291434.664489
1753291434.694800
1753291434.732277
1753291434.768136
1753291434.799264
1753291434.828080
1753291434.865548
1753291434.900749
1753291434.932571
1753291434.961526
1753291435.000188
1753291435.033650
1753291435.066858
1753291435.095378
1753291435.134307
1753291435.165620
1753291435.201243
1753291435.228300
1753291435.267488
1753291435.298264
1753291435.334960
1753291435.363250
1753291435.402716
1753291435.434207
1753291435.470091
1753291435.497626
1753291435.538636
1753291435.568932
1753291435.603969
1753291435.631041
1753291435.671803
1753291435.701375
1753291435.736601
1753291435.765969
1753291435.801935
1753291435.836471
1753291435.865606
1753291435.901350
1753291435.936108
1753291435.970285
1753291436.001755
1753291436.037556
1753291436.062953
1753291436.104488
1753291436.134531
1753291436.171297
1753291436.200815
1753291436.232889
1753291436.268231
1753291436.308448
1753291436.331887
1753291436.366406
1753291436.400933
1753291436.437123
1753291436.467966
1753291436.497798
1753291436.539198
1753291436.567149
1753291436.608950
1753291436.630308
1753291436.669394
1753291436.704890
1753291436.736610
1753291436.764177
1753291436.801767
1753291436.840559
1753291436.867076
1753291436.899878
1753291436.941466
1753291436.965586
1753291437.003755
1753291437.031752
1753291437.073144
1753291437.100884
1753291437.138173
1753291437.165360
1753291437.202684
1753291437.239924
1753291437.267739
1753291437.300331
1753291437.334162
1753291437.374208
1753291437.400103
1753291437.433612
1753291437.469711
1753291437.502634
1753291437.539530
1753291437.564652
1753291437.602742
1753291437.638785
1753291437.667576
1753291437.700571
1753291437.737227
1753291437.769397
1753291437.806159
1753291437.831071
1753291437.869711
1753291437.903537
1753291437.937862
1753291437.964515
1753291438.002146
1753291438.040517
1753291438.067035
1753291438.101045
1753291438.136643
1753291438.168502
1753291438.205652
1753291438.231924
1753291438.276608
1753291438.300013
1753291438.338004
1753291438.366482
1753291438.403635
1753291438.440026
1753291438.468719
1753291438.500185
1753291438.542030
1753291438.566417
1753291438.603755
1753291438.632135
1753291438.669694
1753291438.704659
1753291438.735960
1753291438.766322
1753291438.803795
1753291438.838348
1753291438.867754
1753291438.902087
1753291438.936887
1753291438.973251
1753291439.001479
1753291439.033912
1753291439.070910
1753291439.103026
1753291439.143189
1753291439.164863
1753291439.212779
1753291439.232964
1753291439.271537
1753291439.300707
1753291439.336689
1753291439.375119
1753291439.401506
1753291439.435801
1753291439.469674
1753291439.509133
1753291439.533211
1753291439.570930
1753291439.600298
1753291439.641632
1753291439.668336
1753291439.701471
1753291439.739979
1753291439.767903
1753291439.808830
1753291439.832806
1753291439.869724
1753291439.903723
1753291439.939296
1753291439.966305
1753291440.005652
1753291440.036230
1753291440.067381
1753291440.099060
1753291440.144273
1753291440.167047
1753291440.209630
1753291440.232474
1753291440.271246
1753291440.301980
1753291440.340168
1753291440.365835
1753291440.412540
1753291440.433292
1753291440.478127
1753291440.499141
1753291440.540577
1753291440.568251
1753291440.612262
1753291440.632145
1753291440.670897
1753291440.706295
1753291440.734853
1753291440.767070
1753291440.803604
1753291440.838605
1753291440.870021
1753291440.901862
1753291440.939119
1753291440.970402
1753291441.010811
1753291441.032837
1753291441.073965
1753291441.102240
1753291441.142105
1753291441.165871
1753291441.204349
1753291441.243831
1753291441.267435
1753291441.299165
1753291441.333748
1753291441.369771
1753291441.402536
1753291441.432869
1753291441.474804
1753291441.504292
1753291441.545007
1753291441.566355
1753291441.605806
1753291441.642647
1753291441.668658
1753291441.703371
1753291441.740946
1753291441.768698
1753291441.809707
1753291441.833252
1753291441.872188
1753291441.907313
1753291441.935997
1753291441.971869
1753291442.004384
1753291442.044063
1753291442.067590
1753291442.109335
1753291442.133476
1753291442.176407
1753291442.201556
1753291442.236363
1753291442.272723
1753291442.301951
1753291442.343480
1753291442.366731
1753291442.411972
1753291442.433453
1753291442.479645
1753291442.499900
1753291442.537430
1753291442.576759
1753291442.600951
1753291442.636209
1753291442.676632
1753291442.701582
1753291442.742933
1753291442.766449
1753291442.808136
1753291442.834711
1753291442.871562
1753291442.900141
1753291442.938127
1753291442.969531
1753291443.009658
1753291443.033611
1753291443.080261
1753291443.100215
1753291443.144978
1753291443.166908
1753291443.213816
1753291443.233586
1753291443.277511
1753291443.300484
1753291443.343540
1753291443.369546
1753291443.411413
1753291443.433556
1753291443.475387
1753291443.501639
1753291443.544209
1753291443.567253
1753291443.613990
1753291443.633908
1753291443.676398
1753291443.700494
1753291443.747660
1753291443.767339
1753291443.811305
1753291443.833732
1753291443.874526
1753291443.902987
1753291443.945432
1753291443.967190
1753291444.008802
1753291444.036178
1753291444.077640
1753291444.100454
1753291444.144293
1753291444.168115
1753291444.211983
1753291444.233825
1753291444.273941
1753291444.302631
1753291444.343181
1753291444.379249
1753291444.400870
1753291444.444643
1753291444.468237
1753291444.510574
1753291444.534772
1753291444.575424
1753291444.601569
1753291444.644083
1753291444.668892
1753291444.704352
1753291444.744143
1753291444.768915
1753291444.810593
1753291444.834223
1753291444.873735
1753291444.903403
1753291444.946322
1753291444.967693
1753291445.006321
1753291445.038450
1753291445.080839
1753291445.101133
1753291445.145580
1753291445.168613
1753291445.211763
1753291445.234564
1753291445.276904
1753291445.303352
1753291445.343956
1753291445.367932
1753291445.411348
1753291445.436506
1753291445.478928
1753291445.501225
1753291445.544538
1753291445.571358
1753291445.613568
1753291445.634599
1753291445.678102
1753291445.703369
1753291445.745805
1753291445.767932
1753291445.811850
1753291445.835112
1753291445.875809
1753291445.901874
1753291445.942115
1753291445.972721
1753291446.011891
1753291446.034747
1753291446.080207
1753291446.101694
1753291446.145597
1753291446.168380
1753291446.208148
1753291446.242641
1753291446.272862
1753291446.301867
1753291446.343536
1753291446.371522
1753291446.413977
1753291446.434864
1753291446.478477
1753291446.503160
1753291446.545233
1753291446.568585
1753291446.611506
1753291446.638746
1753291446.680938
1753291446.701858
1753291446.745260
1753291446.770406
1753291446.811626
1753291446.835508
1753291446.872603
1753291446.912386
1753291446.935586
1753291446.971979
1753291447.010698
1753291447.038620
1753291447.080520
1753291447.101986
1753291447.144265
1753291447.170371
1753291447.212623
1753291447.235405
1753291447.278614
1753291447.303469
1753291447.344076
1753291447.368803
1753291447.412306
1753291447.435751
1753291447.479671
1753291447.502115
1753291447.549090
1753291447.569326
1753291447.612923
1753291447.635635
1753291447.678578
1753291447.706897
1753291447.748292
1753291447.769023
1753291447.812797
1753291447.836538
1753291447.877400
1753291447.902656
1753291447.944376
1753291447.970894
1753291448.011166
1753291448.035799
1753291448.078917
1753291448.106347
1753291448.148068
1753291448.169294
1753291448.213309
1753291448.237946
1753291448.279637
1753291448.302840
1753291448.343615
1753291448.378175
1753291448.407163
1753291448.436943
1753291448.479532
1753291448.504569
1753291448.548598
1753291448.569331
1753291448.612994
1753291448.637976
1753291448.680961
1753291448.702970
1753291448.746209
1753291448.772156
1753291448.811489
1753291448.836264
1753291448.873103
1753291448.914916
1753291448.937579
1753291448.974077
1753291449.009095
1753291449.044658
1753291449.073913
1753291449.103969
1753291449.147582
1753291449.171112
1753291449.214443
1753291449.236414
1753291449.278776
1753291449.305691
1753291449.345077
1753291449.369945
1753291449.412104
1753291449.438459
1753291449.477760
1753291449.504869
1753291449.548158
1753291449.571515
1753291449.614315
1753291449.636705
1753291449.682427
1753291449.704675
1753291449.746651
1753291449.770158
1753291449.813637
1753291449.840712
1753291449.876583
1753291449.904374
1753291449.947259
1753291449.972715
1753291450.013055
1753291450.036739
1753291450.079896
1753291450.107779
1753291450.148206
1753291450.170368
1753291450.213550
1753291450.237485
1753291450.279080
1753291450.303506
1753291450.344651
1753291450.375391
1753291450.415247
1753291450.437021
1753291450.479968
1753291450.509119
1753291450.541729
1753291450.572190
1753291450.614367
1753291450.639145
1753291450.681490
1753291450.703795
1753291450.749866
1753291450.772229
1753291450.814655
1753291450.837158
1753291450.876244
1753291450.913199
1753291450.942390
1753291450.969657
1753291451.006488
1753291451.043489
1753291451.080859
1753291451.103833
1753291451.149485
1753291451.173039
1753291451.213972
1753291451.237116
1753291451.279596
1753291451.309118
1753291451.344767
1753291451.370967
1753291451.416216
1753291451.439272
1753291451.481756
1753291451.504213
1753291451.548710
1753291451.573491
1753291451.615930
1753291451.637621
1753291451.680773
1753291451.706471
1753291451.748270
1753291451.770856
1753291451.814096
1753291451.839935
1753291451.876873
1753291451.904500
1753291451.947683
1753291451.973376
1753291452.015126
1753291452.037936
1753291452.076573
1753291452.108411
1753291452.143204
1753291452.173617
1753291452.212286
1753291452.243702
1753291452.279167
1753291452.304257
1753291452.344453
1753291452.378298
1753291452.413534
1753291452.437735
1753291452.481274
1753291452.507135
1753291452.550122
1753291452.571057
1753291452.616025
1753291452.640992
1753291452.682833
1753291452.714499
1753291452.738201
1753291452.781178
1753291452.810951
1753291452.845435
1753291452.875291
1753291452.910352
1753291452.939665
1753291452.973698
1753291453.014195
1753291453.040009
1753291453.082467
1753291453.107545
1753291453.149271
1753291453.172067
1753291453.215194
1753291453.245196
1753291453.280121
1753291453.305264
1753291453.347786
1753291453.377451
1753291453.414572
1753291453.438941
1753291453.482497
1753291453.509612
1753291453.548752
1753291453.572779
1753291453.614690
1753291453.645188
1753291453.680541
1753291453.707523
1753291453.749089
1753291453.777440
1753291453.814499
1753291453.838613
1753291453.876226
1753291453.916758
1753291453.942524
1753291453.976124
1753291454.010875
1753291454.043031
1753291454.081782
1753291454.105329
1753291454.148605
1753291454.177517
1753291454.214416
1753291454.238846
1753291454.281945
1753291454.308374
1753291454.347910
1753291454.372510
1753291454.416919
1753291454.441726
1753291454.483050
1753291454.505653
1753291454.542596
1753291454.580432
1753291454.614325
1753291454.639268
1753291454.680752
1753291454.714215
1753291454.746966
1753291454.772464
1753291454.815801
1753291454.844822
1753291454.876399
1753291454.909397
1753291454.946285
1753291454.981475
1753291455.012099
1753291455.041365
1753291455.082657
1753291455.110612
1753291455.148241
1753291455.172898
1753291455.215667
1753291455.245695
1753291455.281726
1753291455.306243
1753291455.349178
1753291455.378123
1753291455.415283
1753291455.439702
1753291455.482828
1753291455.512821
1753291455.548084
1753291455.575270
1753291455.615837
1753291455.645947
1753291455.682617
1753291455.707282
1753291455.748697
1753291455.778954
1753291455.816070
1753291455.842001
1753291455.878236
1753291455.914584
1753291455.945146
1753291455.977299
1753291456.009524
1753291456.047800
1753291456.078747
1753291456.110970
1753291456.147673
1753291456.181295
1753291456.214005
1753291456.242636
1753291456.279013
1753291456.313736
1753291456.346026
1753291456.376463
1753291456.414397
1753291456.445278
1753291456.481068
1753291456.507125
1753291456.546755
1753291456.582155
1753291456.613124
1753291456.641070
1753291456.682385
1753291456.712906
1753291456.748591
1753291456.773398
1753291456.817752
1753291456.843208
1753291456.876524
1753291456.908574
1753291456.949461
1753291456.979979
1753291457.015960
1753291457.040391
1753291457.082483
1753291457.111573
1753291457.149663
1753291457.173739
1753291457.217570
1753291457.246216
1753291457.281689
1753291457.307242
1753291457.348622
1753291457.378361
1753291457.416984
1753291457.440375
1753291457.483982
1753291457.513162
1753291457.547449
1753291457.574647
1753291457.615794
1753291457.646917
1753291457.682574
1753291457.707317
1753291457.749192
1753291457.779679
1753291457.816081
1753291457.840007
1753291457.878579
1753291457.917017
1753291457.947353
1753291457.974886
1753291458.015459
1753291458.047680
1753291458.080208
1753291458.109062
1753291458.149768
1753291458.180324
1753291458.215775
1753291458.242675
1753291458.281922
1753291458.314096
1753291458.349403
1753291458.375656
1753291458.416518
1753291458.447725
1753291458.479818
1753291458.511690
1753291458.547556
1753291458.582763
1753291458.614133
1753291458.645429
1753291458.682011
1753291458.714823
1753291458.749865
1753291458.776104
1753291458.814299
1753291458.844285
1753291458.878584
1753291458.911739
1753291458.948124
1753291458.981288
1753291459.016474
1753291459.041343
1753291459.082682
1753291459.113724
1753291459.149283
1753291459.174666
1753291459.215981
1753291459.247029
1753291459.281753
1753291459.308166
1753291459.348820
1753291459.380200
1753291459.415800
1753291459.441311
1753291459.482031
1753291459.514613
1753291459.545636
1753291459.578706
1753291459.615185
1753291459.647012
1753291459.679421
1753291459.712662
1753291459.748291
1753291459.777776
1753291459.817195
1753291459.840456
1753291459.880559
1753291459.915783
1753291459.947220
1753291459.978205
1753291460.015620
1753291460.047408
1753291460.082851
1753291460.108213
1753291460.149354
1753291460.180986
1753291460.215729
1753291460.241887
1753291460.281420
1753291460.312488
1753291460.349375
1753291460.375743
1753291460.416250
1753291460.449398
1753291460.481359
1753291460.508952
1753291460.546129
1753291460.583349
1753291460.614284
1753291460.642384
1753291460.681038
1753291460.715615
1753291460.746305
1753291460.777229
1753291460.814706
1753291460.847009
1753291460.879934
1753291460.909891
1753291460.947299
1753291460.982858
1753291461.013837
1753291461.046744
1753291461.074985
1753291461.114603
1753291461.148986
1753291461.181741
1753291461.214990
1753291461.243221
1753291461.282053
1753291461.314376
1753291461.347539
1753291461.376867
1753291461.414560
1753291461.449321
1753291461.482245
1753291461.509850
1753291461.547520
1753291461.583177
1753291461.616323
1753291461.645792
1753291461.685908
1753291461.713979
1753291461.748502
1753291461.777297
1753291461.815823
1753291461.848621
1753291461.880175
1753291461.914268
1753291461.947837
1753291461.979575
1753291462.015303
1753291462.045456
1753291462.084627
1753291462.115631
1753291462.149476
1753291462.176617
1753291462.216586
1753291462.248870
1753291462.280981
1753291462.312179
1753291462.349022
1753291462.384140
1753291462.415112
1753291462.444482
1753291462.484696
1753291462.514908
1753291462.547700
1753291462.579088
1753291462.617087
1753291462.650193
1753291462.682590
1753291462.711731
1753291462.751004
1753291462.782104
1753291462.816599
1753291462.843281
1753291462.876696
1753291462.916410
1753291462.949769
1753291462.976380
1753291463.013065
1753291463.044886
1753291463.084306
1753291463.109816
1753291463.148560
1753291463.183461
1753291463.217793
1753291463.243342
1753291463.281848
1753291463.316550
1753291463.348396
1753291463.380212
1753291463.415435
1753291463.448584
1753291463.483819
1753291463.510260
1753291463.549729
1753291463.583792
1753291463.617232
1753291463.643789
1753291463.683979
1753291463.718304
1753291463.747435
1753291463.781358
1753291463.816466
1753291463.849568
1753291463.878507
1753291463.915095
1753291463.949361
1753291463.983432
1753291464.018165
1753291464.044909
1753291464.084292
1753291464.116493
1753291464.150725
1753291464.177829
1753291464.217126
1753291464.251346
1753291464.282066
1753291464.314754
1753291464.345474
1753291464.385309
1753291464.415869
1753291464.446238
1753291464.485776
1753291464.514376
1753291464.550288
1753291464.577553
1753291464.617291
1753291464.651248
1753291464.684408
1753291464.710750
1753291464.750857
1753291464.784068
1753291464.819023
1753291464.844469
1753291464.880123
1753291464.915812
1753291464.950103
1753291464.979695
1753291465.017015
1753291465.050597
1753291465.085407
1753291465.111894
1753291465.152019
1753291465.182823
1753291465.217172
1753291465.247123
1753291465.282458
1753291465.317711
1753291465.349210
1753291465.381415
1753291465.416593
1753291465.450239
1753291465.484811
1753291465.511515
1753291465.550700
1753291465.583001
1753291465.615829
1753291465.645334
1753291465.684585
1753291465.718459
1753291465.749002
1753291465.779785
1753291465.817000
1753291465.849602
1753291465.879288
1753291465.915686
1753291465.950775
1753291465.985120
1753291466.016312
1753291466.047299
1753291466.083521
1753291466.117997
1753291466.152468
1753291466.179328
1753291466.218495
1753291466.253674
1753291466.282983
1753291466.313464
1753291466.350042
1753291466.384278
1753291466.418878
1753291466.448294
1753291466.483419
1753291466.517940
1753291466.552289
1753291466.579278
1753291466.618500
1753291466.648587
1753291466.684241
1753291466.714888
1753291466.750971
1753291466.786177
1753291466.816862
1753291466.845111
1753291466.881699
1753291466.920111
1753291466.948620
1753291466.979800
1753291467.016702
1753291467.051659
1753291467.085578
1753291467.110995
1753291467.148015
1753291467.185359
1753291467.220051
1753291467.244949
1753291467.284315
1753291467.319200
1753291467.349346
1753291467.382017
1753291467.422038
1753291467.449013
1753291467.485281
1753291467.512288
1753291467.551876
1753291467.585192
1753291467.619536
1753291467.645547
1753291467.687356
1753291467.716207
1753291467.751630
1753291467.780855
1753291467.817320
1753291467.849764
1753291467.879871
1753291467.919276
1753291467.949138
1753291467.988704
1753291468.012885
1753291468.053328
1753291468.082481
1753291468.122877
1753291468.146449
1753291468.184936
1753291468.215801
1753291468.252460
1753291468.285706
1753291468.312277
1753291468.352467
1753291468.385433
1753291468.417724
1753291468.445439
1753291468.486465
1753291468.515515
1753291468.552329
1753291468.578727
1753291468.621081
1753291468.648830
1753291468.690293
1753291468.712141
1753291468.753738
1753291468.781895
1753291468.818846
1753291468.845964
1753291468.882736
1753291468.919718
1753291468.953158
1753291468.979246
1753291469.017304
1753291469.053372
1753291469.083637
1753291469.113665
1753291469.150802
1753291469.187600
1753291469.217897
1753291469.246678
1753291469.282804
1753291469.319491
1753291469.349589
1753291469.391089
1753291469.412792
1753291469.452646
1753291469.486751
1753291469.518761
1753291469.554096
1753291469.580403
1753291469.620148
1753291469.653939
1753291469.684536
1753291469.715241
1753291469.751980
1753291469.783238
1753291469.819675
1753291469.846413
1753291469.883948
1753291469.920763
1753291469.950950
1753291469.981768
1753291470.021714
1753291470.050854
1753291470.088064
1753291470.113366
1753291470.151086
1753291470.187531
1753291470.217729
1753291470.249232
1753291470.284868
1753291470.320913
1753291470.350394
1753291470.382647
1753291470.418463
1753291470.452937
1753291470.484964
1753291470.515100
1753291470.556738
1753291470.583085
1753291470.620664
1753291470.647086
1753291470.684408
1753291470.716588
1753291470.752457
1753291470.780328
1753291470.817950
1753291470.850180
1753291470.884713
1753291470.914536
1753291470.955931
1753291470.983320
1753291471.024019
1753291471.046635
1753291471.089374
1753291471.115839
1753291471.156943
1753291471.180610
1753291471.222448
1753291471.251288
1753291471.287610
1753291471.313935
1753291471.348876
1753291471.382468
1753291471.418274
1753291471.445948
1753291471.481951
1753291471.517304
1753291471.555345
1753291471.580341
1753291471.622498
1753291471.650568
1753291471.687684
1753291471.714228
1753291471.759521
1753291471.782895
1753291471.824535
1753291471.847339
1753291471.883989
1753291471.920824
1753291471.952054
1753291471.983369
1753291472.019515
1753291472.049726
1753291472.081940
1753291472.116590
1753291472.152973
1753291472.187349
1753291472.219007
1753291472.248546
1753291472.289580
1753291472.317447
1753291472.351202
1753291472.384564
1753291472.424463
1753291472.449919
1753291472.483676
1753291472.514617
1753291472.551109
1753291472.592035
1753291472.617239
1753291472.650652
1753291472.687419
1753291472.722935
1753291472.750888
1753291472.785867
1753291472.820860
1753291472.850861
1753291472.885232
1753291472.917566
1753291472.954019
1753291472.985288
1753291473.023349
1753291473.048435
1753291473.085066
1753291473.115920
1753291473.153985
1753291473.184633
1753291473.221988
1753291473.257163
1753291473.284349
1753291473.318914
1753291473.350077
1753291473.392944
1753291473.416953
1753291473.453361
1753291473.487518
1753291473.526355
1753291473.550482
1753291473.587195
1753291473.617478
1753291473.660466
1753291473.683425
1753291473.720824
1753291473.753305
1753291473.785851
1753291473.822463
1753291473.850563
1753291473.884622
1753291473.923369
1753291473.951691
1753291473.987965
1753291474.019001
1753291474.059684
1753291474.083762
1753291474.119886
1753291474.153458
1753291474.194102
1753291474.216607
1753291474.251891
1753291474.287806
1753291474.317004
1753291474.351724
1753291474.383471
1753291474.423532
1753291474.450857
1753291474.489261
1753291474.515647
1753291474.557238
1753291474.584570
1753291474.627438
1753291474.648983
1753291474.690175
1753291474.717936
1753291474.760569
1753291474.782196
1753291474.828799
1753291474.849928
1753291474.885852
1753291474.917234
1753291474.954521
1753291474.993039
1753291475.017255
1753291475.052015
1753291475.087059
1753291475.127212
1753291475.150359
1753291475.184841
1753291475.226745
1753291475.250520
1753291475.289222
1753291475.316382
1753291475.352911
1753291475.394251
1753291475.417225
1753291475.455745
1753291475.484151
1753291475.526763
1753291475.550424
1753291475.585377
1753291475.623215
1753291475.655069
1753291475.689932
1753291475.716271
1753291475.754737
1753291475.791881
1753291475.818205
1753291475.851824
1753291475.888537
1753291475.919890
1753291475.960331
1753291475.982532
1753291476.020205
1753291476.061204
1753291476.083963
1753291476.117332
1753291476.157459
1753291476.186377
1753291476.228692
1753291476.249486
1753291476.286785
1753291476.327382
1753291476.350640
1753291476.386219
1753291476.419143
1753291476.460099
1753291476.484687
1753291476.519666
1753291476.550446
1753291476.592046
1753291476.618998
1753291476.654563
1753291476.690750
1753291476.718752
1753291476.761013
1753291476.783091
1753291476.829160
1753291476.850848
1753291476.887005
1753291476.919207
1753291476.955817
1753291476.985863
1753291477.028214
1753291477.050016
1753291477.088924
1753291477.122618
1753291477.156138
1753291477.184383
1753291477.226600
1753291477.251691
1753291477.289381
1753291477.317436
1753291477.352001
1753291477.394675
1753291477.417765
1753291477.456932
1753291477.484530
1753291477.525910
1753291477.552062
1753291477.586543
1753291477.627386
1753291477.651188
1753291477.693175
1753291477.728189
1753291477.750666
1753291477.794140
1753291477.818141
1753291477.853367
1753291477.890072
1753291477.917298
1753291477.961425
1753291477.984614
1753291478.024269
1753291478.050912
1753291478.090747
1753291478.127000
1753291478.151187
1753291478.187111
1753291478.227933
1753291478.251389
1753291478.291287
1753291478.317554
1753291478.360042
1753291478.387374
1753291478.429555
1753291478.450464
1753291478.493693
1753291478.519637
1753291478.560232
1753291478.584296
1753291478.629952
1753291478.651410
1753291478.695088
1753291478.717796
1753291478.764305
1753291478.784320
1753291478.831559
1753291478.851005
1753291478.887091
1753291478.925711
1753291478.953376
1753291478.986615
1753291479.023176
1753291479.058314
1753291479.086708
1753291479.120228
1753291479.161402
1753291479.185435
1753291479.228318
1753291479.251136
1753291479.290124
1753291479.319616
1753291479.356773
1753291479.384399
1753291479.427232
1753291479.453307
1753291479.495259
1753291479.517811
1753291479.563874
1753291479.584791
1753291479.630396
1753291479.651234
1753291479.694933
1753291479.718488
1753291479.764331
1753291479.784857
1753291479.830171
1753291479.851423
1753291479.888933
1753291479.918259
1753291479.957980
1753291479.993959
1753291480.022250
1753291480.052009
1753291480.094409
1753291480.118425
1753291480.161435
1753291480.185085
1753291480.228551
1753291480.252097
1753291480.292934
1753291480.318888
1753291480.357543
1753291480.395699
1753291480.419039
1753291480.453463
1753291480.495009
1753291480.518923
1753291480.564167
1753291480.585177
1753291480.631093
1753291480.651913
1753291480.695602
1753291480.718300
1753291480.760331
1753291480.787199
1753291480.830455
1753291480.851737
1753291480.887806
1753291480.929548
1753291480.952121
1753291480.988382
1753291481.025522
1753291481.057220
1753291481.095733
1753291481.118430
1753291481.158759
1753291481.190313
1753291481.225654
1753291481.251958
1753291481.293696
1753291481.324806
1753291481.352271
1753291481.388226
1753291481.427976
1753291481.453373
1753291481.493709
1753291481.518823
1753291481.555121
1753291481.591789
1753291481.623060
1753291481.651209
1753291481.690337
1753291481.721258
1753291481.757106
1753291481.784484
1753291481.821763
1753291481.854449
1753291481.891501
1753291481.919698
1753291481.961593
1753291481.987577
1753291482.023635
1753291482.051390
1753291482.087458
1753291482.124970
1753291482.162294
1753291482.185771
1753291482.227957
1753291482.255992
1753291482.293593
1753291482.319322
1753291482.356140
1753291482.397784
1753291482.420131
1753291482.456239
1753291482.490708
1753291482.531227
1753291482.553778
1753291482.590486
1753291482.620932
1753291482.664563
1753291482.686865
1753291482.720117
1753291482.760988
1753291482.788775
1753291482.831605
1753291482.852754
1753291482.890420
1753291482.927929
1753291482.959013
1753291482.986458
1753291483.029146
1753291483.055999
1753291483.098148
1753291483.119559
1753291483.156240
1753291483.188043
1753291483.230916
1753291483.253118
1753291483.294073
1753291483.326456
1753291483.355800
1753291483.389298
1753291483.429313
1753291483.458195
1753291483.498730
1753291483.519909
1753291483.563797
1753291483.590181
1753291483.631752
1753291483.653315
1753291483.696036
1753291483.721805
1753291483.764061
1753291483.786672
1753291483.830036
1753291483.855045
1753291483.892326
1753291483.920715
1753291483.960672
1753291483.992261
1753291484.028570
1753291484.053147
1753291484.096255
1753291484.121405
1753291484.162989
1753291484.186728
1753291484.230309
1753291484.255285
1753291484.294842
1753291484.320300
1753291484.361928
1753291484.390755
1753291484.431169
1753291484.453463
1753291484.497495
1753291484.521976
1753291484.565957
1753291484.586956
1753291484.630411
1753291484.654851
1753291484.699417
1753291484.720282
1753291484.762077
1753291484.790314
1753291484.832294
1753291484.853710
1753291484.890994
1753291484.932125
1753291484.956096
1753291484.988855
1753291485.031058
1753291485.058571
1753291485.098689
1753291485.120402
1753291485.163873
1753291485.193320
1753291485.230425
1753291485.253948
1753291485.293622
1753291485.330738
1753291485.357654
1753291485.389676
1753291485.430432
1753291485.459510
1753291485.498956
1753291485.520654
1753291485.566017
1753291485.588596
1753291485.628299
1753291485.654933
1753291485.697794
1753291485.726648
1753291485.764273
1753291485.787679
1753291485.831559
1753291485.859735
1753291485.892420
1753291485.923985
1753291485.964966
1753291485.990026
1753291486.032670
1753291486.063449
1753291486.087850
1753291486.131194
1753291486.159326
1753291486.197496
1753291486.228228
1753291486.256937
1753291486.294232
1753291486.330999
1753291486.358374
1753291486.390872
1753291486.430760
1753291486.459858
1753291486.497557
1753291486.521524
1753291486.564066
1753291486.593917
1753291486.630300
1753291486.654601
1753291486.698321
1753291486.724929
1753291486.766141
1753291486.787977
1753291486.830845
1753291486.860140
1753291486.892728
1753291486.922672
1753291486.964175
1753291486.993156
1753291487.031026
1753291487.054726
1753291487.097667
1753291487.128074
1753291487.161322
1753291487.190698
1753291487.231759
1753291487.258819
1753291487.296914
1753291487.321842
1753291487.363226
1753291487.395828
1753291487.430273
1753291487.455180
1753291487.498208
1753291487.527892
1753291487.564148
1753291487.588509
1753291487.632472
1753291487.658382
1753291487.698564
1753291487.721805
1753291487.761431
1753291487.797071
1753291487.831323
1753291487.856015
1753291487.893580
1753291487.931925
1753291487.959853
1753291487.992464
1753291488.028864
1753291488.063247
1753291488.097309
1753291488.122068
1753291488.166377
1753291488.192831
1753291488.230388
1753291488.255589
1753291488.294726
1753291488.330931
1753291488.360141
1753291488.393203
1753291488.429875
1753291488.464446
1753291488.495472
1753291488.521657
1753291488.565798
1753291488.593379
1753291488.631385
1753291488.655826
1753291488.698047
1753291488.728101
1753291488.764609
1753291488.789211
1753291488.831202
1753291488.859793
1753291488.892463
1753291488.926216
1753291488.962498
1753291488.998443
1753291489.029218
1753291489.059672
1753291489.096447
1753291489.131839
1753291489.163248
1753291489.191877
1753291489.232238
1753291489.262494
1753291489.297025
1753291489.323712
1753291489.364978
1753291489.394542
1753291489.429290
1753291489.456890
1753291489.498652
1753291489.528729
1753291489.565442
1753291489.589570
1753291489.630953
1753291489.661661
1753291489.698777
1753291489.722697
1753291489.764957
1753291489.795231
1753291489.830917
1753291489.856270
1753291489.894092
1753291489.931936
1753291489.962756
1753291489.989647
1753291490.031772
1753291490.062304
1753291490.099175
1753291490.122963
1753291490.167302
1753291490.193881
1753291490.231660
1753291490.256430
1753291490.297939
1753291490.328858
1753291490.365516
1753291490.389703
1753291490.432317
1753291490.461180
1753291490.500013
1753291490.523091
1753291490.566973
1753291490.596541
1753291490.632681
1753291490.656676
1753291490.699786
1753291490.729407
1753291490.765461
1753291490.791195
1753291490.832439
1753291490.862852
1753291490.897699
1753291490.923557
1753291490.966091
1753291490.990908
1753291491.032238
1753291491.056591
1753291491.100354
1753291491.127719
1753291491.165634
1753291491.190015
1753291491.233054
1753291491.262780
1753291491.295230
1753291491.325050
1753291491.365427
1753291491.395545
1753291491.432899
1753291491.456763
1753291491.499529
1753291491.529286
1753291491.566583
1753291491.590307
1753291491.632165
1753291491.662720
1753291491.698720
1753291491.723750
1753291491.765261
1753291491.795988
1753291491.834490
1753291491.857221
1753291491.896386
1753291491.931781
1753291491.963174
1753291491.993839
1753291492.030873
1753291492.066072
1753291492.097089
1753291492.125927
1753291492.164386
1753291492.196866
1753291492.231966
1753291492.258100
1753291492.296626
1753291492.331434
1753291492.364012
1753291492.392194
1753291492.431033
1753291492.465295
1753291492.498601
1753291492.524455
1753291492.566044
1753291492.597036
1753291492.632579
1753291492.657373
1753291492.698690
1753291492.732120
1753291492.763717
1753291492.791227
1753291492.832326
1753291492.861805
1753291492.897035
1753291492.924897
1753291492.965533
1753291492.996231
1753291493.029091
1753291493.056667
1753291493.093516
1753291493.127675
1753291493.167286
1753291493.190961
1753291493.227901
1753291493.259282
1753291493.297211
1753291493.325173
1753291493.366376
1753291493.395322
1753291493.434231
1753291493.457894
1753291493.499219
1753291493.531804
1753291493.566009
1753291493.591439
1753291493.632982
1753291493.664428
1753291493.697233
1753291493.728469
1753291493.766184
1753291493.797541
1753291493.830860
1753291493.860946
1753291493.898255
1753291493.930878
1753291493.963765
1753291493.995684
1753291494.032188
1753291494.067355
1753291494.097663
1753291494.129407
1753291494.165056
1753291494.197970
1753291494.231767
1753291494.260763
1753291494.296891
1753291494.333660
1753291494.364395
1753291494.398267
1753291494.424867
1753291494.465594
1753291494.498491
1753291494.532705
1753291494.563925
1753291494.592894
1753291494.630232
1753291494.665986
1753291494.698384
1753291494.726886
1753291494.765031
1753291494.800377
1753291494.832782
1753291494.859961
1753291494.899075
1753291494.931414
1753291494.966171
1753291494.993288
1753291495.033419
1753291495.064644
1753291495.098082
1753291495.128535
1753291495.167890
1753291495.198236
1753291495.231824
1753291495.262141
1753291495.299478
1753291495.332768
1753291495.364111
1753291495.397184
1753291495.431265
1753291495.463905
1753291495.499109
1753291495.530087
1753291495.565441
1753291495.600324
1753291495.634574
1753291495.660583
1753291495.699380
1753291495.734104
1753291495.766519
1753291495.792990
1753291495.831529
1753291495.865874
1753291495.897017
1753291495.927869
1753291495.966480
1753291495.998402
1753291496.032373
1753291496.058843
1753291496.099828
1753291496.131363
1753291496.165961
1753291496.192788
1753291496.232787
1753291496.266074
1753291496.298678
1753291496.326911
1753291496.367375
1753291496.399454
1753291496.431743
1753291496.461272
1753291496.501085
1753291496.532741
1753291496.566433
1753291496.593966
1753291496.633439
1753291496.667658
1753291496.700880
1753291496.726881
1753291496.766210
1753291496.799873
1753291496.834823
1753291496.860050
1753291496.898664
1753291496.929636
1753291496.968693
1753291496.994218
1753291497.033834
1753291497.067044
1753291497.100141
1753291497.130076
1753291497.166064
1753291497.199815
1753291497.233628
1753291497.260956
1753291497.300685
1753291497.332822
1753291497.363058
1753291497.397263
1753291497.431365
1753291497.464440
1753291497.499742
1753291497.526513
1753291497.566096
1753291497.597076
1753291497.632564
1753291497.661541
1753291497.701679
1753291497.733308
1753291497.766901
1753291497.793859
1753291497.834170
1753291497.866569
1753291497.899806
1753291497.927901
1753291497.967525
1753291497.999701
1753291498.034359
1753291498.060872
1753291498.099861
1753291498.134470
1753291498.166882
1753291498.196866
1753291498.235553
1753291498.265309
1753291498.300619
1753291498.330746
1753291498.365485
1753291498.401472
1753291498.431645
1753291498.464621
1753291498.499960
1753291498.535831
1753291498.565947
1753291498.597274
1753291498.635036
1753291498.665416
1753291498.700164
1753291498.729804
1753291498.765949
1753291498.799630
1753291498.834364
1753291498.860794
1753291498.900685
1753291498.934278
1753291498.967620
1753291498.994127
1753291499.034576
1753291499.066118
1753291499.100814
1753291499.127083
1753291499.167397
1753291499.200766
1753291499.234481
1753291499.260502
1753291499.300401
1753291499.335130
1753291499.366889
1753291499.394218
1753291499.432872
1753291499.465678
1753291499.499779
1753291499.528723
1753291499.569026
1753291499.598245
1753291499.635320
1753291499.661114
1753291499.701494
1753291499.734811
1753291499.769914
1753291499.794190
1753291499.834314
1753291499.865318
1753291499.898989
1753291499.931359
1753291499.966299
1753291500.001590
1753291500.033877
1753291500.064669
1753291500.102697
1753291500.134426
1753291500.168832
1753291500.194629
1753291500.234475
1753291500.269709
1753291500.299913
1753291500.328891
1753291500.368673
1753291500.399566
1753291500.433131
1753291500.464065
1753291500.502053
1753291500.532426
1753291500.567661
1753291500.597318
1753291500.636063
1753291500.665739
1753291500.705512
1753291500.728065
1753291500.767551
1753291500.800053
1753291500.835748
1753291500.861673
1753291500.900627
1753291500.935448
1753291500.966042
1753291500.997227
1753291501.033264
1753291501.068727
1753291501.100451
1753291501.129808
1753291501.165973
1753291501.201410
1753291501.235325
1753291501.261702
1753291501.301334
1753291501.333095
1753291501.364576
1753291501.395019
1753291501.434737
1753291501.466224
1753291501.500934
1753291501.530976
1753291501.569890
1753291501.599153
1753291501.635048
1753291501.664066
1753291501.705472
1753291501.732514
1753291501.768639
1753291501.796794
1753291501.837020
1753291501.865518
1753291501.902275
1753291501.929367
1753291501.966682
1753291502.002291
1753291502.034907
1753291502.064288
1753291502.104177
1753291502.133808
1753291502.167867
1753291502.198511
1753291502.239447
1753291502.265871
1753291502.302185
1753291502.330463
1753291502.370235
1753291502.400248
1753291502.436012
1753291502.463261
1753291502.502074
1753291502.535093
1753291502.571061
1753291502.595629
1753291502.634193
1753291502.668730
1753291502.702381
1753291502.736527
1753291502.762335
1753291502.801909
1753291502.836937
1753291502.867333
1753291502.902256
1753291502.930175
1753291502.969484
1753291503.001178
1753291503.036571
1753291503.062918
1753291503.100396
1753291503.137546
1753291503.167188
1753291503.198713
1753291503.235329
1753291503.270523
1753291503.298344
1753291503.329281
1753291503.369405
1753291503.404379
1753291503.433858
1753291503.466270
1753291503.500874
1753291503.536619
1753291503.572110
1753291503.596085
1753291503.634128
1753291503.671366
1753291503.704118
1753291503.730249
1753291503.768235
1753291503.803994
1753291503.834255
1753291503.865856
1753291503.903854
1753291503.934244
1753291503.964921
1753291503.996021
1753291504.034963
1753291504.070465
1753291504.102188
1753291504.131717
1753291504.169879
1753291504.201477
1753291504.237065
1753291504.266462
1753291504.302455
1753291504.337591
1753291504.369443
1753291504.400186
1753291504.436137
1753291504.468487
1753291504.506180
1753291504.530984
1753291504.567605
1753291504.602960
1753291504.638370
1753291504.663526
1753291504.705149
1753291504.733140
1753291504.769496
1753291504.797192
1753291504.835300
1753291504.868491
1753291504.902963
1753291504.929791
1753291504.971360
1753291504.999467
1753291505.040329
1753291505.063450
1753291505.101468
1753291505.136494
1753291505.170404
1753291505.196723
1753291505.238790
1753291505.267828
1753291505.304522
1753291505.330160
1753291505.373012
1753291505.399949
1753291505.437069
1753291505.464349
1753291505.501525
1753291505.539266
1753291505.567257
1753291505.599651
1753291505.636418
1753291505.671793
1753291505.702285
1753291505.730850
1753291505.769834
1753291505.803864
1753291505.839096
1753291505.863717
1753291505.903980
1753291505.934754
1753291505.973226
1753291505.997261
1753291506.041996
1753291506.066889
1753291506.106614
1753291506.130536
1753291506.168523
1753291506.206539
1753291506.234110
1753291506.266982
1753291506.302414
1753291506.340316
1753291506.367159
1753291506.400086
1753291506.435695
1753291506.474527
1753291506.500421
1753291506.533998
1753291506.573772
1753291506.600326
1753291506.638095
1753291506.664004
1753291506.710024
1753291506.732924
1753291506.770006
1753291506.797863
1753291506.836186
1753291506.869470
1753291506.901771
1753291506.931037
1753291506.968295
1753291507.005032
1753291507.036113
1753291507.064405
1753291507.109550
1753291507.132991
1753291507.174427
1753291507.197572
1753291507.240057
1753291507.267230
1753291507.305252
1753291507.331260
1753291507.370706
1753291507.406901
1753291507.433240
1753291507.466623
1753291507.503565
1753291507.540833
1753291507.566992
1753291507.598209
1753291507.641495
1753291507.666673
1753291507.704938
1753291507.731719
1753291507.768745
1753291507.806116
1753291507.833736
1753291507.866160
1753291507.902525
1753291507.942805
1753291507.966454
1753291507.998251
1753291508.038657
1753291508.069136
1753291508.108338
1753291508.131355
1753291508.169296
1753291508.207751
1753291508.233698
1753291508.264982
1753291508.310090
1753291508.332880
1753291508.375436
1753291508.398509
1753291508.435718
1753291508.474854
1753291508.500032
1753291508.532188
1753291508.574819
1753291508.600372
1753291508.638680
1753291508.665091
1753291508.704142
1753291508.736124
1753291508.771907
1753291508.798540
1753291508.839249
1753291508.866798
1753291508.904823
1753291508.931807
1753291508.968848
1753291509.005020
1753291509.032093
1753291509.065323
1753291509.102098
1753291509.135621
1753291509.171682
1753291509.198538
1753291509.235115
1753291509.271892
1753291509.300698
1753291509.331850
1753291509.367842
1753291509.402124
1753291509.435436
1753291509.465282
1753291509.499844
1753291509.539697
1753291509.566932
1753291509.598893
1753291509.634813
1753291509.670375
1753291509.699456
1753291509.732261
1753291509.766415
1753291509.804117
1753291509.835534
1753291509.865673
1753291509.901455
1753291509.937773
1753291509.968931
1753291509.998918
1753291510.034924
1753291510.073505
1753291510.100134
1753291510.132360
1753291510.170457
1753291510.203903
1753291510.235326
1753291510.265750
1753291510.302290
1753291510.339634
1753291510.366586
1753291510.399390
1753291510.436801
1753291510.470628
1753291510.505757
1753291510.532667
1753291510.569700
1753291510.609021
1753291510.633666
1753291510.667279
1753291510.698908
1753291510.744419
1753291510.766352
1753291510.800241
1753291510.835542
1753291510.870769
1753291510.905321
1753291510.933025
1753291510.966822
1753291511.008600
1753291511.034025
1753291511.075767
1753291511.099924
1753291511.143024
1753291511.166481
1753291511.210042
1753291511.233322
1753291511.266586
1753291511.302079
1753291511.340989
1753291511.367279
1753291511.399720
1753291511.434885
1753291511.472419
1753291511.502731
1753291511.533043
1753291511.569699
1753291511.606515
1753291511.634118
1753291511.666500
1753291511.703262
1753291511.738184
1753291511.773304
1753291511.799973
1753291511.835848
1753291511.868629
1753291511.909153
1753291511.933228
1753291511.970238
1753291512.003614
1753291512.040576
1753291512.066710
1753291512.103208
1753291512.138916
1753291512.170423
1753291512.199934
1753291512.235634
1753291512.276050
1753291512.300454
1753291512.333444
1753291512.372670
1753291512.403573
1753291512.443846
1753291512.466813
1753291512.509507
1753291512.534418
1753291512.578115
1753291512.600289
1753291512.638723
1753291512.674994
1753291512.701254
1753291512.734981
1753291512.767701
1753291512.810909
1753291512.833930
1753291512.867196
1753291512.909099
1753291512.934252
1753291512.977541
1753291513.000440
1753291513.037879
1753291513.078708
1753291513.100795
1753291513.136795
1753291513.172000
1753291513.210312
1753291513.234454
1753291513.269174
1753291513.303450
1753291513.340751
1753291513.368896
1753291513.401200
1753291513.443665
1753291513.467877
1753291513.511088
1753291513.534270
1753291513.574884
1753291513.602076
1753291513.644269
1753291513.667604
1753291513.710792
1753291513.734791
1753291513.778204
1753291513.801014
1753291513.840536
1753291513.869977
1753291513.909719
1753291513.934829
1753291513.976373
1753291514.002162
1753291514.039453
1753291514.068682
1753291514.104978
1753291514.144431
1753291514.168911
1753291514.205313
