1742890453.304259
1742890453.404191
1742890453.437905
1742890453.471583
1742890453.504147
1742890453.537022
1742890453.570626
1742890453.603964
1742890453.637265
1742890453.670729
1742890453.707970
1742890453.737726
1742890453.771257
1742890453.812800
1742890453.847375
1742890453.877496
1742890453.911975
1742890453.946716
1742890453.980992
1742890454.013653
1742890454.048684
1742890454.078960
1742890454.114308
1742890454.148855
1742890454.181275
1742890454.217278
1742890454.250831
1742890454.284819
1742890454.317442
1742890454.352305
1742890454.383482
1742890454.417609
1742890454.452391
1742890454.484992
1742890454.517168
1742890454.552056
1742890454.583761
1742890454.616485
1742890454.650899
1742890454.685180
1742890454.718364
1742890454.750342
1742890454.774174
1742890454.805090
1742890454.846945
1742890454.882738
1742890454.904948
1742890454.938040
1742890454.980482
1742890455.008170
1742890455.048560
1742890455.071320
1742890455.114064
1742890455.142839
1742890455.181453
1742890455.204395
1742890455.245934
1742890455.277336
1742890455.313324
1742890455.337857
1742890455.379967
1742890455.409394
1742890455.445670
1742890455.471258
1742890455.511903
1742890455.545121
1742890455.576211
1742890455.604672
1742890455.646115
1742890455.676542
1742890455.714327
1742890455.738035
1742890455.773680
1742890455.811692
1742890455.843243
1742890455.871666
1742890455.911200
1742890455.945009
1742890455.977945
1742890456.004958
1742890456.045282
1742890456.077169
1742890456.112490
1742890456.138307
1742890456.178541
1742890456.208841
1742890456.245785
1742890456.271836
1742890456.311852
1742890456.345033
1742890456.376684
1742890456.405262
1742890456.443656
1742890456.479587
1742890456.509182
1742890456.538637
1742890456.578636
1742890456.612183
1742890456.647421
1742890456.672068
1742890456.714967
1742890456.743905
1742890456.781339
1742890456.805281
1742890456.848604
1742890456.876888
1742890456.914832
1742890456.938853
1742890456.982216
1742890457.010010
1742890457.050657
1742890457.072239
1742890457.113512
1742890457.145404
1742890457.181750
1742890457.205771
1742890457.247232
1742890457.277309
1742890457.314362
1742890457.339043
1742890457.378602
1742890457.414625
1742890457.444016
1742890457.472299
1742890457.510953
1742890457.545985
1742890457.580049
1742890457.605675
1742890457.645045
1742890457.681485
1742890457.711126
1742890457.739061
1742890457.780583
1742890457.811834
1742890457.847705
1742890457.872641
1742890457.912386
1742890457.947592
1742890457.977923
1742890458.006106
1742890458.046843
1742890458.079833
1742890458.115538
1742890458.139380
1742890458.182456
1742890458.206509
1742890458.248293
1742890458.272824
1742890458.315047
1742890458.345892
1742890458.381668
1742890458.406373
1742890458.447693
1742890458.479471
1742890458.515714
1742890458.540144
1742890458.581516
1742890458.610721
1742890458.650409
1742890458.673531
1742890458.714129
1742890458.749445
1742890458.779519
1742890458.810821
1742890458.851013
1742890458.873689
1742890458.913675
1742890458.940803
1742890458.981839
1742890459.011771
1742890459.047438
1742890459.074240
1742890459.116120
1742890459.145349
1742890459.185303
1742890459.207595
1742890459.249368
1742890459.278536
1742890459.314624
1742890459.343548
1742890459.383102
1742890459.412493
1742890459.447556
1742890459.474127
1742890459.515599
1742890459.544809
1742890459.582930
1742890459.607299
1742890459.649641
1742890459.679355
1742890459.715954
1742890459.741225
1742890459.784427
1742890459.813517
1742890459.849683
1742890459.873980
1742890459.914015
1742890459.949357
1742890459.977983
1742890460.011915
1742890460.049009
1742890460.080050
1742890460.116283
1742890460.142916
1742890460.183420
1742890460.208640
1742890460.250527
1742890460.276633
1742890460.318075
1742890460.344705
1742890460.384495
1742890460.410823
1742890460.448810
1742890460.484275
1742890460.514110
1742890460.545565
1742890460.583129
1742890460.613656
1742890460.649959
1742890460.678482
1742890460.716974
1742890460.748537
1742890460.784459
1742890460.811077
1742890460.850542
1742890460.879575
1742890460.917139
1742890460.942452
1742890460.981095
1742890461.017212
1742890461.046603
1742890461.077243
1742890461.118718
1742890461.144898
1742890461.185843
1742890461.207802
1742890461.250536
1742890461.278188
1742890461.315655
1742890461.342547
1742890461.380993
1742890461.417302
1742890461.448295
1742890461.475250
1742890461.517492
1742890461.550027
1742890461.580516
1742890461.609603
1742890461.648086
1742890461.683427
1742890461.715742
1742890461.741633
1742890461.784240
1742890461.812483
1742890461.851826
1742890461.874649
1742890461.916650
1742890461.947221
1742890461.988078
1742890462.008113
1742890462.049863
1742890462.080584
1742890462.118641
1742890462.141726
1742890462.184976
1742890462.214137
1742890462.253246
1742890462.274884
1742890462.321423
1742890462.344613
1742890462.382760
1742890462.408646
1742890462.450423
1742890462.482306
1742890462.515661
1742890462.542079
1742890462.585591
1742890462.611683
1742890462.652448
1742890462.674966
1742890462.720065
1742890462.744834
1742890462.786582
1742890462.808636
1742890462.849447
1742890462.883619
1742890462.916502
1742890462.945759
1742890462.986626
1742890463.012101
1742890463.052503
1742890463.075445
1742890463.121647
1742890463.145113
1742890463.183610
1742890463.219698
1742890463.242365
1742890463.288756
1742890463.311736
1742890463.353712
1742890463.379413
1742890463.416736
1742890463.446641
1742890463.486944
1742890463.512877
1742890463.547700
1742890463.583743
1742890463.619978
1742890463.645797
1742890463.682214
1742890463.714535
1742890463.753877
1742890463.778276
1742890463.814502
1742890463.849092
1742890463.885369
1742890463.912434
1742890463.948404
1742890463.983809
1742890464.016005
1742890464.047562
1742890464.080333
1742890464.120584
1742890464.145388
1742890464.183447
1742890464.211689
1742890464.253064
1742890464.279473
1742890464.317988
1742890464.344324
1742890464.388941
1742890464.412050
1742890464.454428
1742890464.476212
1742890464.522288
1742890464.545352
1742890464.582410
1742890464.612090
1742890464.646208
1742890464.680934
1742890464.719736
1742890464.743542
1742890464.789076
1742890464.812145
1742890464.850260
1742890464.881245
1742890464.916878
1742890464.954511
1742890464.979667
1742890465.021336
1742890465.044739
1742890465.084590
1742890465.117739
1742890465.145514
1742890465.184596
1742890465.216844
1742890465.249525
1742890465.282591
1742890465.317379
1742890465.354481
1742890465.380270
1742890465.420735
1742890465.445513
1742890465.485033
1742890465.517147
1742890465.547340
1742890465.587087
1742890465.613569
1742890465.655656
1742890465.678551
1742890465.721748
1742890465.745868
1742890465.786539
1742890465.812699
1742890465.855504
1742890465.879457
1742890465.920708
1742890465.945968
1742890465.987946
1742890466.013514
1742890466.057530
1742890466.077531
1742890466.123935
1742890466.145793
1742890466.190703
1742890466.210721
1742890466.257456
1742890466.278821
1742890466.321590
1742890466.343942
1742890466.389962
1742890466.412432
1742890466.454029
1742890466.477366
1742890466.523967
1742890466.545713
1742890466.591528
1742890466.610755
1742890466.657900
1742890466.678820
1742890466.724101
1742890466.744131
1742890466.791440
1742890466.812322
1742890466.856405
1742890466.877845
1742890466.924502
1742890466.945766
1742890466.991502
1742890467.011186
1742890467.057903
1742890467.079252
1742890467.123954
1742890467.144592
1742890467.191458
1742890467.212793
1742890467.255314
1742890467.278879
1742890467.324617
1742890467.346065
1742890467.389869
1742890467.411510
1742890467.458399
1742890467.479111
1742890467.525409
1742890467.545135
1742890467.591487
1742890467.612523
1742890467.657797
1742890467.678201
1742890467.724644
1742890467.746120
1742890467.792037
1742890467.811663
1742890467.858991
1742890467.878745
1742890467.925227
1742890467.945014
1742890467.992148
1742890468.012221
1742890468.057414
1742890468.078209
1742890468.125508
1742890468.145681
1742890468.190707
1742890468.211704
1742890468.258378
1742890468.279199
1742890468.322817
1742890468.345317
1742890468.391256
1742890468.412850
1742890468.455904
1742890468.478633
1742890468.524393
1742890468.546193
1742890468.592068
1742890468.611987
1742890468.653700
1742890468.685181
1742890468.718292
1742890468.746436
1742890468.792015
1742890468.813192
1742890468.857295
1742890468.878683
1742890468.924435
1742890468.946262
1742890468.992765
1742890469.012293
1742890469.057259
1742890469.079822
1742890469.125579
1742890469.145539
1742890469.192639
1742890469.213070
1742890469.259326
1742890469.278990
1742890469.325719
1742890469.346864
1742890469.393203
1742890469.412465
1742890469.459697
1742890469.479436
1742890469.526237
1742890469.545744
1742890469.590040
1742890469.613326
1742890469.659479
1742890469.679061
1742890469.725616
1742890469.746528
1742890469.793347
1742890469.812575
1742890469.859179
1742890469.879898
1742890469.918566
1742890469.946145
1742890469.989523
1742890470.013553
1742890470.059949
1742890470.079262
1742890470.122760
1742890470.149760
1742890470.192194
1742890470.212734
1742890470.256725
1742890470.281356
1742890470.323759
1742890470.346347
1742890470.393201
1742890470.413250
1742890470.459553
1742890470.479615
1742890470.522993
1742890470.547015
1742890470.593193
1742890470.613163
1742890470.659816
1742890470.679969
1742890470.724687
1742890470.746744
1742890470.789632
1742890470.815999
1742890470.858839
1742890470.880119
1742890470.927287
1742890470.946485
1742890470.990572
1742890471.013571
1742890471.060707
1742890471.080216
1742890471.126399
1742890471.147342
1742890471.192079
1742890471.213778
1742890471.260030
1742890471.280232
1742890471.324755
1742890471.347207
1742890471.394207
1742890471.413499
1742890471.459316
1742890471.480666
1742890471.523275
1742890471.557609
1742890471.580296
1742890471.621876
1742890471.648870
1742890471.684239
1742890471.719422
1742890471.747399
1742890471.790382
1742890471.813864
1742890471.860716
1742890471.880252
1742890471.926200
1742890471.947280
1742890471.992551
1742890472.013661
1742890472.059543
1742890472.080562
1742890472.126517
1742890472.147288
1742890472.190845
1742890472.217688
1742890472.258807
1742890472.280889
1742890472.326457
1742890472.347540
1742890472.393908
1742890472.414105
1742890472.458033
1742890472.481285
1742890472.527816
1742890472.547744
1742890472.594139
1742890472.614343
1742890472.659420
1742890472.681366
1742890472.727323
1742890472.747564
1742890472.794864
1742890472.814420
1742890472.860067
1742890472.881199
1742890472.924208
1742890472.947997
1742890472.990833
1742890473.019192
1742890473.061225
1742890473.081982
1742890473.125376
1742890473.151290
1742890473.192015
1742890473.215347
1742890473.261497
1742890473.281811
1742890473.328134
1742890473.347836
1742890473.391851
1742890473.415071
1742890473.459082
1742890473.481422
1742890473.527618
1742890473.548396
1742890473.592447
1742890473.614650
1742890473.657388
1742890473.681703
1742890473.724681
1742890473.748035
1742890473.792718
1742890473.815549
1742890473.859368
1742890473.881537
1742890473.928362
1742890473.949041
1742890473.992398
1742890474.015360
1742890474.058463
1742890474.083808
1742890474.126146
1742890474.149408
1742890474.191966
1742890474.220420
1742890474.260812
1742890474.282459
1742890474.325985
1742890474.351143
1742890474.391839
1742890474.416064
1742890474.459227
1742890474.484560
1742890474.525984
1742890474.549680
1742890474.592905
1742890474.618443
1742890474.660796
1742890474.681877
1742890474.728691
1742890474.750334
1742890474.794682
1742890474.815371
1742890474.858976
1742890474.886184
1742890474.928051
1742890474.948790
1742890474.993185
1742890475.018652
1742890475.061128
1742890475.082097
1742890475.128775
1742890475.150295
1742890475.193260
1742890475.215385
1742890475.262376
1742890475.283477
1742890475.330146
1742890475.348796
1742890475.389759
1742890475.424686
1742890475.452692
1742890475.483824
1742890475.525964
1742890475.553336
1742890475.594373
1742890475.615371
1742890475.658757
1742890475.687177
1742890475.728287
1742890475.748693
1742890475.795152
1742890475.817571
1742890475.859583
1742890475.882455
1742890475.928696
1742890475.950498
1742890475.993915
1742890476.015558
1742890476.063269
1742890476.084435
1742890476.127679
1742890476.149022
1742890476.194849
1742890476.217998
1742890476.261237
1742890476.282578
1742890476.329742
1742890476.351640
1742890476.394434
1742890476.415741
1742890476.459535
1742890476.488278
1742890476.528939
1742890476.549074
1742890476.593050
1742890476.621423
1742890476.663102
1742890476.682539
1742890476.729634
1742890476.752046
1742890476.794234
1742890476.816834
1742890476.859497
1742890476.888453
1742890476.929186
1742890476.949423
1742890476.992528
1742890477.021394
1742890477.060650
1742890477.083262
1742890477.126660
1742890477.155182
1742890477.193679
1742890477.216402
1742890477.262197
1742890477.285376
1742890477.328476
1742890477.349567
1742890477.392706
1742890477.421317
1742890477.461579
1742890477.483107
1742890477.527359
1742890477.552357
1742890477.595933
1742890477.616294
1742890477.659581
1742890477.688367
1742890477.729336
1742890477.749606
1742890477.792842
1742890477.820773
1742890477.861247
1742890477.883038
1742890477.928675
1742890477.952534
1742890477.994166
1742890478.016392
1742890478.061540
1742890478.085874
1742890478.128582
1742890478.149626
1742890478.193063
1742890478.219191
1742890478.261587
1742890478.283184
1742890478.329760
1742890478.353058
1742890478.396737
1742890478.416681
1742890478.460343
1742890478.486621
1742890478.529186
1742890478.549970
1742890478.594092
1742890478.619676
1742890478.661925
1742890478.683407
1742890478.726404
1742890478.755247
1742890478.796138
1742890478.816754
1742890478.860609
1742890478.887249
1742890478.928714
1742890478.950183
1742890478.992916
1742890479.021571
1742890479.063089
1742890479.083609
1742890479.131384
1742890479.151524
1742890479.196234
1742890479.216655
1742890479.251604
1742890479.283898
1742890479.317054
1742890479.355832
1742890479.391181
1742890479.425120
1742890479.459774
1742890479.483915
1742890479.529076
1742890479.553894
1742890479.595859
1742890479.617227
1742890479.662048
1742890479.687952
1742890479.728914
1742890479.750601
1742890479.794629
1742890479.821976
1742890479.863755
1742890479.893282
1742890479.917480
1742890479.964283
1742890479.988354
1742890480.029628
1742890480.055329
1742890480.093296
1742890480.118440
1742890480.163808
1742890480.188501
1742890480.223985
1742890480.259071
1742890480.294267
1742890480.325073
1742890480.351784
1742890480.395817
1742890480.421343
1742890480.462990
1742890480.484663
1742890480.531361
1742890480.554892
1742890480.596665
1742890480.618105
1742890480.662341
1742890480.690386
1742890480.727478
1742890480.752405
1742890480.796164
1742890480.821441
1742890480.862929
1742890480.884790
1742890480.927685
1742890480.957210
1742890480.994563
1742890481.018339
1742890481.063258
1742890481.088995
1742890481.127035
1742890481.154210
1742890481.194451
1742890481.223956
1742890481.263054
1742890481.285542
1742890481.329276
1742890481.357989
1742890481.394183
1742890481.419649
1742890481.464038
1742890481.489782
1742890481.530426
1742890481.551902
1742890481.596782
1742890481.619969
1742890481.664578
1742890481.685113
1742890481.730353
1742890481.756607
1742890481.794786
1742890481.818740
1742890481.864063
1742890481.889794
1742890481.930206
1742890481.952232
1742890481.998020
1742890482.022025
1742890482.063965
1742890482.085447
1742890482.130605
1742890482.156097
1742890482.194122
1742890482.218770
1742890482.263206
1742890482.288973
1742890482.330554
1742890482.352198
1742890482.395755
1742890482.424588
1742890482.463455
1742890482.485619
1742890482.531437
1742890482.556676
1742890482.595528
1742890482.619131
1742890482.665035
1742890482.689705
1742890482.730367
1742890482.752322
1742890482.796337
1742890482.825731
1742890482.862348
1742890482.885877
1742890482.930537
1742890482.956867
1742890482.995501
1742890483.020265
1742890483.063238
1742890483.090064
1742890483.128000
1742890483.156739
1742890483.193849
1742890483.229622
1742890483.259406
1742890483.289414
1742890483.327165
1742890483.363155
1742890483.392478
1742890483.422037
1742890483.458571
1742890483.492466
1742890483.528445
1742890483.552955
1742890483.599545
1742890483.622819
1742890483.660673
1742890483.690238
1742890483.727756
1742890483.761335
1742890483.792626
1742890483.824212
1742890483.860546
1742890483.895508
1742890483.926430
1742890483.956210
1742890483.994482
1742890484.028737
1742890484.059518
1742890484.090764
1742890484.129057
1742890484.159397
1742890484.197274
1742890484.219982
1742890484.265863
1742890484.290240
1742890484.330774
1742890484.353259
1742890484.398639
1742890484.424852
1742890484.464951
1742890484.486575
1742890484.529697
1742890484.560952
1742890484.592522
1742890484.624876
1742890484.660709
1742890484.695501
1742890484.726989
1742890484.758029
1742890484.796011
1742890484.829408
1742890484.862613
1742890484.890737
1742890484.929766
1742890484.962014
1742890484.993317
1742890485.027020
1742890485.059866
1742890485.098028
1742890485.127631
1742890485.160250
1742890485.193284
1742890485.226648
1742890485.264593
1742890485.288564
1742890485.330216
1742890485.361791
1742890485.396845
1742890485.422903
1742890485.460704
1742890485.497115
1742890485.527469
1742890485.558028
1742890485.596848
1742890485.626511
1742890485.664229
1742890485.687504
1742890485.729345
1742890485.761899
1742890485.796373
1742890485.822467
1742890485.863256
1742890485.893112
1742890485.930421
1742890485.955681
1742890485.993537
1742890486.029006
1742890486.063824
1742890486.087539
1742890486.129206
1742890486.162885
1742890486.196630
1742890486.222501
1742890486.261327
1742890486.295158
1742890486.329808
1742890486.355697
1742890486.394157
1742890486.426171
1742890486.462898
1742890486.489740
1742890486.527833
1742890486.563033
1742890486.597425
1742890486.622463
1742890486.661367
1742890486.693726
1742890486.731547
1742890486.757292
1742890486.796442
1742890486.825495
1742890486.863097
1742890486.892929
1742890486.928769
1742890486.964109
1742890486.995738
1742890487.024539
1742890487.065166
1742890487.092844
1742890487.132042
1742890487.159287
1742890487.194375
1742890487.227652
1742890487.264306
1742890487.292745
1742890487.329398
1742890487.364739
1742890487.395059
1742890487.426092
1742890487.463679
1742890487.496976
1742890487.529244
1742890487.556044
1742890487.593859
1742890487.630998
1742890487.663097
1742890487.690451
1742890487.731149
1742890487.760789
1742890487.798057
1742890487.821910
1742890487.864855
1742890487.893069
1742890487.932327
1742890487.955319
1742890487.997673
1742890488.027110
1742890488.063778
1742890488.090057
1742890488.129347
1742890488.161289
1742890488.198205
1742890488.229957
1742890488.255092
1742890488.298483
1742890488.328319
1742890488.363747
1742890488.399098
1742890488.425388
1742890488.467051
1742890488.493757
1742890488.531312
1742890488.558052
1742890488.598786
1742890488.628645
1742890488.663878
1742890488.690686
1742890488.731071
1742890488.760050
1742890488.797966
1742890488.823336
1742890488.864874
1742890488.895503
1742890488.930228
1742890488.960099
1742890488.998317
1742890489.027904
1742890489.060811
1742890489.095389
1742890489.124841
1742890489.166343
1742890489.195470
1742890489.227102
1742890489.264303
1742890489.299131
1742890489.329439
1742890489.360255
1742890489.399290
1742890489.427392
1742890489.464350
1742890489.489349
1742890489.529756
1742890489.564106
1742890489.598657
1742890489.623543
1742890489.662706
1742890489.697680
1742890489.733606
1742890489.756262
1742890489.796497
1742890489.832784
1742890489.863247
1742890489.892918
1742890489.931151
1742890489.960856
1742890489.997000
1742890490.027268
1742890490.063366
1742890490.098296
1742890490.128796
1742890490.160403
1742890490.200754
1742890490.227249
1742890490.267772
1742890490.289377
1742890490.329685
1742890490.364630
1742890490.396741
1742890490.423407
1742890490.464128
1742890490.499840
1742890490.529840
1742890490.559796
1742890490.598151
1742890490.631177
1742890490.666554
1742890490.691194
1742890490.732525
1742890490.763643
1742890490.799750
1742890490.823405
1742890490.864081
1742890490.899785
1742890490.929498
1742890490.960515
1742890491.001283
1742890491.027862
1742890491.067864
1742890491.090075
1742890491.130536
1742890491.166329
1742890491.197569
1742890491.228528
1742890491.266698
1742890491.295665
1742890491.333443
1742890491.359927
1742890491.400752
1742890491.430339
1742890491.465836
1742890491.490162
1742890491.532990
1742890491.560673
1742890491.597634
1742890491.623675
1742890491.664414
1742890491.698582
1742890491.730049
1742890491.757832
1742890491.797220
1742890491.832047
1742890491.863450
1742890491.890062
1742890491.931896
1742890491.962816
1742890491.998525
1742890492.023605
1742890492.064794
1742890492.095369
1742890492.134309
1742890492.156935
1742890492.195738
1742890492.230666
1742890492.266164
1742890492.290254
1742890492.331930
1742890492.362990
1742890492.398951
1742890492.423679
1742890492.465329
1742890492.494828
1742890492.535581
1742890492.556965
1742890492.601580
1742890492.627480
1742890492.664978
1742890492.690531
1742890492.732979
1742890492.763206
1742890492.798804
1742890492.823949
1742890492.867886
1742890492.895224
1742890492.935765
1742890492.957183
1742890493.001557
1742890493.027606
1742890493.064926
1742890493.091061
1742890493.132559
1742890493.163799
1742890493.199753
1742890493.224052
1742890493.268147
1742890493.295077
1742890493.331474
1742890493.357391
1742890493.398769
1742890493.428567
1742890493.465444
1742890493.490844
1742890493.532481
1742890493.562603
1742890493.599642
1742890493.624364
1742890493.669093
1742890493.694328
1742890493.731636
1742890493.757767
1742890493.801493
1742890493.829589
1742890493.857904
1742890493.904094
1742890493.926756
1742890493.965064
1742890493.991025
1742890494.036988
1742890494.060514
1742890494.101734
1742890494.124429
1742890494.168563
1742890494.194496
1742890494.235755
1742890494.257799
1742890494.303161
1742890494.327638
1742890494.368234
1742890494.391169
1742890494.436815
1742890494.461080
1742890494.502421
1742890494.524602
1742890494.571134
1742890494.594115
1742890494.634952
1742890494.658031
1742890494.703963
1742890494.727757
1742890494.770931
1742890494.791508
1742890494.836496
1742890494.861571
1742890494.902735
1742890494.925127
1742890494.970403
1742890494.994736
1742890495.035498
1742890495.058353
1742890495.104507
1742890495.127985
1742890495.165110
1742890495.194320
1742890495.234626
1742890495.262088
1742890495.299910
1742890495.328011
1742890495.365614
1742890495.401964
1742890495.429166
1742890495.463567
1742890495.496139
1742890495.533675
1742890495.567624
1742890495.591875
1742890495.634519
1742890495.663181
1742890495.698281
1742890495.725608
1742890495.760551
1742890495.798967
1742890495.832832
1742890495.859265
1742890495.902608
1742890495.928690
1742890495.966513
1742890495.993172
1742890496.038827
1742890496.061689
1742890496.102819
1742890496.125768
1742890496.168723
1742890496.195425
1742890496.239527
1742890496.259045
1742890496.305961
1742890496.327963
1742890496.369473
1742890496.393214
1742890496.438727
1742890496.461569
1742890496.500797
1742890496.539103
1742890496.562202
1742890496.592740
1742890496.639537
1742890496.662031
1742890496.701406
1742890496.731365
1742890496.768077
1742890496.794662
1742890496.839538
1742890496.862098
1742890496.902507
1742890496.928807
1742890496.972412
1742890496.994557
1742890497.033458
1742890497.067166
1742890497.099717
1742890497.137189
1742890497.159850
1742890497.204641
1742890497.228888
1742890497.269670
1742890497.293318
1742890497.337255
1742890497.363007
1742890497.403545
1742890497.427091
1742890497.471242
1742890497.495552
1742890497.537902
1742890497.559937
1742890497.607014
1742890497.628773
1742890497.673453
1742890497.693441
1742890497.738739
1742890497.762317
1742890497.807351
1742890497.826701
1742890497.873281
1742890497.895413
1742890497.937908
1742890497.960361
1742890498.007338
1742890498.028824
1742890498.070920
1742890498.093721
1742890498.138462
1742890498.162425
1742890498.205560
1742890498.226949
1742890498.272798
1742890498.295540
1742890498.338208
1742890498.360177
1742890498.405024
1742890498.428667
1742890498.474304
1742890498.493745
1742890498.540102
1742890498.562227
1742890498.608486
1742890498.627289
1742890498.674239
1742890498.695486
1742890498.739001
1742890498.760344
1742890498.807651
1742890498.828968
1742890498.872027
1742890498.893898
1742890498.939540
1742890498.962358
1742890499.005972
1742890499.027523
1742890499.074003
1742890499.095731
1742890499.139777
1742890499.160783
1742890499.206846
1742890499.229193
1742890499.270673
1742890499.294388
1742890499.341025
1742890499.362538
1742890499.401444
1742890499.428970
1742890499.474807
1742890499.495571
1742890499.540511
1742890499.560920
1742890499.604140
1742890499.630615
1742890499.675649
1742890499.694587
1742890499.741442
1742890499.762184
1742890499.807648
1742890499.827637
1742890499.873116
1742890499.895979
1742890499.941536
1742890499.961204
1742890500.006040
1742890500.029365
1742890500.073574
1742890500.094768
1742890500.140413
1742890500.162541
1742890500.204514
1742890500.228140
1742890500.274455
1742890500.295742
1742890500.342424
1742890500.361487
1742890500.407915
1742890500.429398
1742890500.474752
1742890500.494790
1742890500.542231
1742890500.561557
1742890500.608964
1742890500.628367
1742890500.673987
1742890500.696302
1742890500.742090
1742890500.761780
1742890500.808620
1742890500.829568
1742890500.875767
1742890500.895124
1742890500.936908
1742890500.970371
1742890501.004647
1742890501.029388
1742890501.071665
1742890501.097927
1742890501.139441
1742890501.162245
1742890501.207677
1742890501.229912
1742890501.275031
1742890501.295523
1742890501.342535
1742890501.362829
1742890501.408435
1742890501.428804
1742890501.475010
1742890501.496385
1742890501.541896
1742890501.562085
1742890501.608364
1742890501.629100
1742890501.665315
1742890501.695815
1742890501.737131
1742890501.765510
1742890501.807905
1742890501.828799
1742890501.875879
1742890501.896373
1742890501.938994
1742890501.962535
1742890502.008615
1742890502.029787
1742890502.076378
1742890502.095808
1742890502.143244
1742890502.162807
1742890502.208833
1742890502.229120
1742890502.274304
1742890502.296636
1742890502.339658
1742890502.362811
1742890502.407696
1742890502.430080
1742890502.476204
1742890502.495954
1742890502.538559
1742890502.565384
1742890502.603285
1742890502.630246
1742890502.676586
1742890502.696451
1742890502.743206
1742890502.762840
1742890502.809368
1742890502.830070
1742890502.877079
1742890502.896239
1742890502.939842
1742890502.963669
1742890503.010428
1742890503.029624
1742890503.073024
1742890503.097054
1742890503.143296
1742890503.163404
1742890503.204930
1742890503.230440
1742890503.276614
1742890503.296905
1742890503.343238
1742890503.363595
1742890503.407018
1742890503.430302
1742890503.473945
1742890503.497118
1742890503.542643
1742890503.563293
1742890503.610678
1742890503.630104
1742890503.676624
1742890503.696579
1742890503.743225
1742890503.763333
1742890503.806859
1742890503.830092
1742890503.875320
1742890503.897135
1742890503.941691
1742890503.963388
1742890504.007154
1742890504.030682
1742890504.075931
1742890504.096648
1742890504.135818
1742890504.175314
1742890504.197480
1742890504.242069
1742890504.264041
1742890504.310637
1742890504.330731
1742890504.372644
1742890504.397369
1742890504.443951
1742890504.463912
1742890504.507516
1742890504.530598
1742890504.576658
1742890504.597414
1742890504.642629
1742890504.664309
1742890504.710596
1742890504.730876
1742890504.774384
1742890504.797570
1742890504.845112
1742890504.864493
1742890504.907900
1742890504.930638
1742890504.976701
1742890504.997855
1742890505.042346
1742890505.067543
1742890505.109955
1742890505.131171
1742890505.176918
1742890505.198013
1742890505.244091
1742890505.264547
1742890505.310937
1742890505.331526
1742890505.375130
1742890505.397925
1742890505.443136
1742890505.464836
1742890505.508107
1742890505.531693
1742890505.574886
1742890505.601484
1742890505.643164
1742890505.665361
1742890505.711083
1742890505.731587
1742890505.774645
1742890505.798311
1742890505.844297
1742890505.865552
1742890505.907403
1742890505.931968
1742890505.974682
1742890506.002492
1742890506.035514
1742890506.070683
1742890506.105839
1742890506.141617
1742890506.165850
1742890506.207446
1742890506.236200
1742890506.277185
1742890506.299497
1742890506.342691
1742890506.369061
1742890506.410824
1742890506.432615
1742890506.478874
1742890506.499396
1742890506.541808
1742890506.565463
1742890506.608696
1742890506.635716
1742890506.676092
1742890506.699558
1742890506.741419
1742890506.769163
1742890506.811156
1742890506.833277
1742890506.875145
1742890506.903672
1742890506.944497
1742890506.966822
1742890507.012385
1742890507.033428
1742890507.078692
1742890507.099147
1742890507.142901
1742890507.167436
1742890507.212567
1742890507.233147
1742890507.276406
1742890507.302600
1742890507.344001
1742890507.367424
1742890507.409870
1742890507.435895
1742890507.478230
1742890507.500798
1742890507.543232
1742890507.570110
1742890507.611854
1742890507.634153
1742890507.676896
1742890507.702058
1742890507.745393
1742890507.766010
1742890507.809874
1742890507.835048
1742890507.877763
1742890507.898914
1742890507.942645
1742890507.970043
1742890508.009674
1742890508.033033
1742890508.077939
1742890508.100849
1742890508.142441
1742890508.167564
1742890508.206097
1742890508.243263
1742890508.271956
1742890508.305135
1742890508.338688
1742890508.374693
1742890508.403202
1742890508.441474
1742890508.468597
1742890508.511199
1742890508.534593
1742890508.574347
1742890508.601057
1742890508.643819
1742890508.668123
1742890508.710006
1742890508.734357
1742890508.775919
1742890508.807180
1742890508.835451
1742890508.876128
1742890508.904939
1742890508.945908
1742890508.966005
1742890509.008814
1742890509.039446
1742890509.077516
1742890509.099704
1742890509.144934
1742890509.168484
1742890509.210230
1742890509.235412
1742890509.276582
1742890509.305589
1742890509.344262
1742890509.368332
1742890509.409986
1742890509.439431
1742890509.475893
1742890509.502340
1742890509.543774
1742890509.570228
1742890509.612124
1742890509.634003
1742890509.680440
1742890509.702722
1742890509.745191
1742890509.766530
1742890509.811363
1742890509.836029
1742890509.880242
1742890509.899570
1742890509.946045
1742890509.968376
1742890510.010333
1742890510.035855
1742890510.077636
1742890510.105706
1742890510.145978
1742890510.166814
1742890510.209950
1742890510.240368
1742890510.276501
1742890510.300346
1742890510.345476
1742890510.368779
1742890510.408200
1742890510.434351
1742890510.477506
1742890510.503079
1742890510.546839
1742890510.566760
1742890510.613427
1742890510.636295
1742890510.679816
1742890510.700656
1742890510.746845
1742890510.769105
1742890510.811025
1742890510.834542
1742890510.877949
1742890510.903219
1742890510.947545
1742890510.967219
1742890511.014112
1742890511.037724
1742890511.079742
1742890511.100456
1742890511.143783
1742890511.173726
1742890511.210096
1742890511.237266
1742890511.279386
1742890511.304402
1742890511.346720
1742890511.369171
1742890511.411494
1742890511.438134
1742890511.480084
1742890511.502834
1742890511.544916
1742890511.573947
1742890511.612143
1742890511.638231
1742890511.678390
1742890511.706164
1742890511.746321
1742890511.767738
1742890511.811158
1742890511.841425
1742890511.877322
1742890511.900961
1742890511.944030
1742890511.971824
1742890512.013219
1742890512.033896
1742890512.076839
1742890512.106755
1742890512.143872
1742890512.167489
1742890512.214626
1742890512.238129
1742890512.280511
1742890512.300954
1742890512.344255
1742890512.374354
1742890512.410392
1742890512.434482
1742890512.481384
1742890512.503323
1742890512.546092
1742890512.567612
1742890512.613983
1742890512.638559
1742890512.680369
1742890512.701040
1742890512.747523
1742890512.772152
1742890512.814483
1742890512.834453
1742890512.882281
1742890512.903225
1742890512.947705
1742890512.968078
1742890513.014742
1742890513.037661
1742890513.077483
1742890513.103027
1742890513.147072
1742890513.172232
1742890513.213224
1742890513.247338
1742890513.268367
1742890513.312721
1742890513.341867
1742890513.380290
1742890513.405136
1742890513.448204
1742890513.468957
1742890513.514954
1742890513.539550
1742890513.581462
1742890513.602634
1742890513.647901
1742890513.672962
1742890513.712719
1742890513.736802
1742890513.778984
1742890513.808558
1742890513.840056
1742890513.875789
1742890513.911289
1742890513.941257
1742890513.974953
1742890514.008913
1742890514.045440
1742890514.075002
1742890514.107571
1742890514.143793
1742890514.174628
1742890514.211683
1742890514.236631
1742890514.280810
1742890514.305134
1742890514.347327
1742890514.368631
1742890514.414090
1742890514.439949
1742890514.477702
1742890514.504533
1742890514.545795
1742890514.575449
1742890514.611894
1742890514.638394
1742890514.680226
1742890514.706214
1742890514.744942
1742890514.772609
1742890514.811531
1742890514.842348
1742890514.879333
1742890514.903888
1742890514.945951
1742890514.975296
1742890515.013845
1742890515.037326
1742890515.079885
1742890515.108498
1742890515.146625
1742890515.170988
1742890515.212408
1742890515.242617
1742890515.277965
1742890515.306956
1742890515.344561
1742890515.374050
1742890515.414525
1742890515.436163
1742890515.481254
1742890515.507060
1742890515.546204
1742890515.570004
1742890515.615436
1742890515.640399
1742890515.680435
1742890515.702847
1742890515.747238
1742890515.773159
1742890515.811490
1742890515.836500
1742890515.878508
1742890515.908832
1742890515.946142
1742890515.969316
1742890516.015605
1742890516.040698
1742890516.079819
1742890516.102717
1742890516.148623
1742890516.174182
1742890516.213307
1742890516.237187
1742890516.279071
1742890516.309098
1742890516.346288
1742890516.369709
1742890516.416186
1742890516.440489
1742890516.480371
1742890516.502957
1742890516.548710
1742890516.574156
1742890516.613111
1742890516.636193
1742890516.682516
1742890516.706597
1742890516.744548
1742890516.770666
1742890516.812929
1742890516.842845
1742890516.880828
1742890516.903222
1742890516.949083
1742890516.974125
1742890517.013771
1742890517.036450
1742890517.079735
1742890517.109357
1742890517.147088
1742890517.169920
1742890517.212672
1742890517.244369
1742890517.279303
1742890517.304141
1742890517.345302
1742890517.374459
1742890517.414472
1742890517.436887
1742890517.480083
1742890517.509411
1742890517.537438
1742890517.579246
1742890517.612376
1742890517.636612
1742890517.679465
1742890517.708530
1742890517.747747
1742890517.770236
1742890517.813703
1742890517.840888
1742890517.880822
1742890517.903423
1742890517.946337
1742890517.975942
1742890518.013174
1742890518.037087
1742890518.079442
1742890518.109773
1742890518.146884
1742890518.170301
1742890518.212261
1742890518.242336
1742890518.278640
1742890518.304525
1742890518.346402
1742890518.376087
1742890518.403618
1742890518.446289
1742890518.475642
1742890518.513545
1742890518.537045
1742890518.582360
1742890518.607925
1742890518.648412
1742890518.670508
1742890518.713178
1742890518.743807
1742890518.778371
1742890518.807388
1742890518.848754
1742890518.875217
1742890518.914584
1742890518.937752
1742890518.979007
1742890519.009553
1742890519.049700
1742890519.071155
1742890519.114347
1742890519.143522
1742890519.180246
1742890519.206092
1742890519.248200
1742890519.276029
1742890519.315481
1742890519.337783
1742890519.380523
1742890519.410002
1742890519.442232
1742890519.479168
1742890519.512403
1742890519.537473
1742890519.578064
1742890519.606459
1742890519.637023
1742890519.674964
1742890519.716680
1742890519.741923
1742890519.772645
1742890519.813464
1742890519.845966
1742890519.876951
1742890519.904409
1742890519.948642
1742890519.975766
1742890520.014705
1742890520.037790
1742890520.080842
1742890520.109701
1742890520.146065
1742890520.171258
1742890520.212809
1742890520.245084
1742890520.280593
1742890520.304974
1742890520.347137
1742890520.379813
1742890520.404704
1742890520.447185
1742890520.480470
1742890520.512097
1742890520.538087
1742890520.579663
1742890520.609734
1742890520.648596
1742890520.671497
1742890520.713120
1742890520.743757
1742890520.782092
1742890520.805238
1742890520.849494
1742890520.875928
1742890520.915514
1742890520.938823
1742890520.977297
1742890521.014944
1742890521.044514
1742890521.076588
1742890521.115505
1742890521.143961
1742890521.180612
1742890521.208551
1742890521.249214
1742890521.277256
1742890521.315351
1742890521.341574
1742890521.382415
1742890521.410013
1742890521.450834
1742890521.472256
1742890521.512162
1742890521.547801
1742890521.583116
1742890521.605645
1742890521.649695
1742890521.680374
1742890521.715482
1742890521.746159
1742890521.777300
1742890521.813473
1742890521.849660
1742890521.879365
1742890521.910190
1742890521.943357
1742890521.983415
1742890522.010429
1742890522.046251
1742890522.078716
1742890522.112823
1742890522.147123
1742890522.177223
1742890522.213385
1742890522.248100
1742890522.282342
1742890522.310451
1742890522.347074
1742890522.380957
1742890522.415994
1742890522.441612
1742890522.483216
1742890522.510838
1742890522.548421
1742890522.574492
1742890522.616226
1742890522.645812
1742890522.681660
1742890522.708693
1742890522.749141
1742890522.779671
1742890522.816351
1742890522.839780
1742890522.880198
1742890522.914806
1742890522.945538
1742890522.979669
1742890523.014049
1742890523.050013
1742890523.080823
1742890523.112457
1742890523.145285
1742890523.180630
1742890523.216366
1742890523.243430
1742890523.284162
1742890523.311972
1742890523.344821
1742890523.381878
1742890523.411167
1742890523.448395
1742890523.482702
1742890523.511250
1742890523.547862
1742890523.582151
1742890523.612915
1742890523.648303
1742890523.677889
1742890523.716074
1742890523.747138
1742890523.779704
1742890523.815063
1742890523.850507
1742890523.878555
1742890523.912028
1742890523.943747
1742890523.983248
1742890524.012962
1742890524.044237
1742890524.081308
1742890524.115687
1742890524.144830
1742890524.179225
1742890524.213429
1742890524.248384
1742890524.281804
1742890524.310810
1742890524.349686
1742890524.380007
1742890524.416067
1742890524.444508
1742890524.482658
1742890524.515106
1742890524.548974
1742890524.578186
1742890524.615874
1742890524.646292
1742890524.682058
1742890524.709753
1742890524.751089
1742890524.778574
1742890524.818127
1742890524.840374
1742890524.883103
1742890524.912529
1742890524.949152
1742890524.976019
1742890525.018862
1742890525.044908
1742890525.082829
1742890525.111047
1742890525.147780
1742890525.184943
1742890525.211002
1742890525.248691
1742890525.279430
1742890525.318961
1742890525.344586
1742890525.381245
1742890525.413945
1742890525.452492
1742890525.478614
1742890525.515459
1742890525.544478
1742890525.582376
1742890525.617071
1742890525.644491
1742890525.685173
1742890525.712444
1742890525.753023
1742890525.774506
1742890525.816989
1742890525.847604
1742890525.884025
1742890525.909753
1742890525.950476
1742890525.979393
1742890526.019417
1742890526.041390
1742890526.085707
1742890526.111819
1742890526.152916
1742890526.174827
1742890526.215120
1742890526.250594
1742890526.279888
1742890526.315448
1742890526.347851
1742890526.382949
1742890526.415875
1742890526.445285
1742890526.483426
1742890526.514162
1742890526.553743
1742890526.574980
1742890526.616822
1742890526.647995
1742890526.683935
1742890526.710555
1742890526.751407
1742890526.779085
1742890526.820239
1742890526.842458
1742890526.885950
1742890526.912443
1742890526.946337
1742890526.983304
1742890527.012457
1742890527.052553
1742890527.079375
1742890527.112442
1742890527.150805
1742890527.179251
1742890527.220914
1742890527.242482
1742890527.283582
1742890527.315665
1742890527.351296
1742890527.378178
1742890527.420292
1742890527.442104
1742890527.478700
1742890527.514833
1742890527.549511
1742890527.586047
1742890527.611619
1742890527.654236
1742890527.676758
1742890527.715285
1742890527.748003
1742890527.779494
1742890527.816071
1742890527.852275
1742890527.878819
1742890527.913606
1742890527.951563
1742890527.978640
1742890528.020328
1742890528.042142
1742890528.088149
1742890528.110444
1742890528.149103
1742890528.178942
1742890528.219009
1742890528.246289
1742890528.284246
1742890528.310346
1742890528.352544
1742890528.378655
1742890528.419331
1742890528.443164
1742890528.486878
1742890528.512012
1742890528.553652
1742890528.575871
1742890528.618470
1742890528.645563
1742890528.683853
1742890528.712165
1742890528.752105
1742890528.778908
1742890528.821341
1742890528.842640
1742890528.886997
1742890528.912298
1742890528.949851
1742890528.980190
1742890529.017388
1742890529.050570
1742890529.086200
1742890529.111936
1742890529.153923
1742890529.179103
1742890529.222380
1742890529.242987
1742890529.284193
1742890529.319295
1742890529.346412
1742890529.387699
1742890529.411328
1742890529.454468
1742890529.479856
1742890529.515462
1742890529.550587
1742890529.585047
1742890529.614079
1742890529.654745
1742890529.677667
1742890529.723518
1742890529.745454
1742890529.784811
1742890529.812270
1742890529.854680
1742890529.879034
1742890529.916729
1742890529.943396
1742890529.989253
1742890530.012169
1742890530.054339
1742890530.077211
1742890530.123350
1742890530.143605
1742890530.190260
1742890530.211888
1742890530.254080
1742890530.278035
1742890530.324141
1742890530.345327
1742890530.383269
1742890530.414841
1742890530.452901
1742890530.480102
1742890530.520944
1742890530.544736
1742890530.591393
1742890530.612109
1742890530.654609
1742890530.677676
1742890530.724691
1742890530.745304
1742890530.787790
1742890530.811154
1742890530.857070
1742890530.878924
1742890530.914025
1742890530.955392
1742890530.978943
1742890531.018681
1742890531.044163
1742890531.090217
1742890531.112152
1742890531.153743
1742890531.177681
1742890531.223419
1742890531.245472
1742890531.292205
1742890531.310824
1742890531.358070
1742890531.378807
1742890531.420577
1742890531.445156
1742890531.491302
1742890531.512575
1742890531.552567
1742890531.579290
1742890531.617583
1742890531.649734
1742890531.681902
1742890531.715345
1742890531.752363
1742890531.785235
1742890531.813799
1742890531.853964
1742890531.879300
1742890531.923338
1742890531.945944
1742890531.988892
1742890532.011488
1742890532.059198
1742890532.078592
1742890532.117524
1742890532.152694
1742890532.180356
1742890532.222974
1742890532.244409
1742890532.291166
1742890532.312220
1742890532.351272
1742890532.377974
1742890532.424096
1742890532.445829
1742890532.491714
1742890532.511176
1742890532.558503
1742890532.579275
1742890532.624691
1742890532.644715
1742890532.690910
1742890532.712625
1742890532.758418
1742890532.778234
1742890532.824504
1742890532.845999
1742890532.890748
1742890532.911816
1742890532.958660
1742890532.979020
1742890533.023804
1742890533.045117
1742890533.091964
1742890533.112369
1742890533.158837
1742890533.178502
1742890533.225685
1742890533.245999
1742890533.292095
1742890533.311708
1742890533.359240
1742890533.378744
1742890533.411589
1742890533.459086
1742890533.478484
1742890533.524494
1742890533.544851
1742890533.591234
1742890533.612040
1742890533.655014
1742890533.678445
1742890533.724127
1742890533.746322
1742890533.788660
1742890533.811856
1742890533.855984
1742890533.879729
1742890533.922191
1742890533.945242
1742890533.989013
1742890534.013059
1742890534.058610
1742890534.078760
1742890534.124088
1742890534.146260
1742890534.192539
1742890534.212011
1742890534.258670
1742890534.278988
1742890534.323554
1742890534.345370
1742890534.392574
1742890534.413022
1742890534.453995
1742890534.479764
1742890534.522320
1742890534.547117
1742890534.586433
1742890534.613042
1742890534.659300
1742890534.679753
1742890534.716936
1742890534.752857
1742890534.785892
1742890534.822847
1742890534.845547
1742890534.891488
1742890534.913050
1742890534.957018
1742890534.978916
1742890535.025916
1742890535.045939
1742890535.092714
1742890535.112468
1742890535.159322
1742890535.179552
1742890535.225984
1742890535.245786
1742890535.293059
1742890535.312977
1742890535.359829
1742890535.379244
1742890535.426429
1742890535.446592
1742890535.490348
1742890535.512777
1742890535.558710
1742890535.580073
1742890535.623392
1742890535.646111
1742890535.693038
1742890535.712998
1742890535.755799
1742890535.779364
1742890535.822392
1742890535.847055
1742890535.888730
1742890535.912783
1742890535.958221
1742890535.979947
1742890536.023350
1742890536.046292
1742890536.093775
1742890536.113208
1742890536.160467
1742890536.179745
1742890536.226192
1742890536.246680
1742890536.291845
1742890536.313065
1742890536.356641
1742890536.380713
1742890536.427385
1742890536.446567
1742890536.490004
1742890536.513970
1742890536.557711
1742890536.579954
1742890536.626993
1742890536.646943
1742890536.693968
1742890536.713375
1742890536.760045
1742890536.780415
1742890536.827266
1742890536.846925
1742890536.893077
1742890536.913695
1742890536.959393
1742890536.980187
1742890537.023454
1742890537.047886
1742890537.093810
1742890537.113621
1742890537.160013
1742890537.180521
1742890537.222319
1742890537.247309
1742890537.292539
1742890537.314079
1742890537.359503
1742890537.380508
1742890537.427311
1742890537.447426
1742890537.493848
1742890537.513860
1742890537.560969
1742890537.580788
1742890537.627406
1742890537.647263
1742890537.693751
1742890537.714547
1742890537.757831
1742890537.780898
1742890537.827144
1742890537.848001
1742890537.891491
1742890537.914399
1742890537.961498
1742890537.981520
1742890538.028274
1742890538.047563
1742890538.093292
1742890538.114533
1742890538.157673
1742890538.193750
1742890538.215309
1742890538.258570
1742890538.280873
1742890538.325695
1742890538.349330
1742890538.391906
1742890538.418646
1742890538.451268
1742890538.492597
1742890538.515576
1742890538.561685
1742890538.581601
1742890538.625103
1742890538.648683
1742890538.695254
1742890538.715321
1742890538.759040
1742890538.784977
1742890538.827430
1742890538.848749
1742890538.893506
1742890538.915479
1742890538.959023
1742890538.982539
1742890539.025987
1742890539.049662
1742890539.095197
1742890539.115343
1742890539.161168
1742890539.182458
1742890539.224630
1742890539.249156
1742890539.295418
1742890539.316181
1742890539.359524
1742890539.383167
1742890539.427369
1742890539.449906
1742890539.493115
1742890539.516368
1742890539.561359
1742890539.582723
1742890539.629108
1742890539.649122
1742890539.696549
1742890539.716884
1742890539.760246
1742890539.783347
1742890539.829727
1742890539.850647
1742890539.895694
1742890539.915618
1742890539.961239
1742890539.983638
1742890540.027034
1742890540.048636
1742890540.095033
1742890540.116710
1742890540.159773
1742890540.182678
1742890540.224643
1742890540.253178
1742890540.295076
1742890540.315457
1742890540.359149
1742890540.386207
1742890540.425101
1742890540.450736
1742890540.494429
1742890540.517298
1742890540.562957
1742890540.582606
1742890540.626325
1742890540.655095
1742890540.693232
1742890540.718113
1742890540.760246
1742890540.785815
1742890540.828963
1742890540.849155
1742890540.895464
1742890540.918017
1742890540.961333
1742890540.982496
1742890541.025900
1742890541.055035
1742890541.094834
1742890541.116033
1742890541.162142
1742890541.184824
1742890541.228003
1742890541.249269
1742890541.296315
1742890541.318583
1742890541.363463
1742890541.382912
1742890541.429242
1742890541.451704
1742890541.494396
1742890541.517664
1742890541.560039
1742890541.588277
1742890541.629418
1742890541.650166
1742890541.693478
1742890541.722167
1742890541.761353
1742890541.785707
1742890541.827288
1742890541.853688
1742890541.895953
1742890541.916407
1742890541.962938
1742890541.986023
1742890542.029304
1742890542.049603
1742890542.092728
1742890542.122323
1742890542.159631
1742890542.185135
1742890542.227416
1742890542.253049
1742890542.296616
1742890542.316434
1742890542.360436
1742890542.386764
1742890542.428168
1742890542.450637
1742890542.497520
1742890542.519153
1742890542.562900
1742890542.583028
1742890542.630142
1742890542.652151
1742890542.695339
1742890542.716659
1742890542.762899
1742890542.785463
1742890542.828175
1742890542.850585
1742890542.893429
1742890542.923305
1742890542.959685
1742890542.984302
1742890543.027431
1742890543.056339
1742890543.093182
1742890543.116770
1742890543.160199
1742890543.189457
1742890543.225707
1742890543.250052
1742890543.297182
1742890543.319645
1742890543.363559
1742890543.383465
1742890543.425625
1742890543.458799
1742890543.483302
1742890543.525981
1742890543.554468
1742890543.595369
1742890543.616860
1742890543.659409
1742890543.688702
1742890543.729790
1742890543.750093
1742890543.795488
1742890543.820976
1742890543.862916
1742890543.883577
1742890543.929576
1742890543.953064
1742890543.996124
1742890544.016843
1742890544.059587
1742890544.089304
1742890544.116931
1742890544.159895
1742890544.189491
1742890544.216884
1742890544.262305
1742890544.287463
1742890544.328897
1742890544.350246
1742890544.393424
1742890544.420962
1742890544.462501
1742890544.483793
1742890544.530077
1742890544.553631
1742890544.595359
1742890544.617019
1742890544.660425
1742890544.687840
1742890544.728980
1742890544.750647
1742890544.797526
1742890544.820084
1742890544.861243
1742890544.884007
1742890544.928412
1742890544.954977
1742890544.996952
1742890545.017452
1742890545.061289
1742890545.090319
1742890545.127928
1742890545.150986
1742890545.194722
1742890545.224164
1742890545.261277
1742890545.284237
1742890545.326994
1742890545.357839
1742890545.394404
1742890545.417747
1742890545.461170
1742890545.490369
1742890545.527768
1742890545.551025
1742890545.595366
1742890545.622540
1742890545.659605
1742890545.685386
1742890545.724350
1742890545.759005
1742890545.794161
1742890545.819185
1742890545.862014
1742890545.891167
1742890545.927280
1742890545.952473
1742890545.996336
1742890546.022909
1742890546.063372
1742890546.084637
1742890546.130079
1742890546.155755
1742890546.193772
1742890546.218167
1742890546.262419
1742890546.289374
1742890546.327499
1742890546.351399
1742890546.396585
1742890546.422520
1742890546.463438
1742890546.484843
1742890546.527591
1742890546.557601
1742890546.596239
1742890546.618169
1742890546.665619
1742890546.685868
1742890546.730424
1742890546.754854
1742890546.788915
1742890546.829650
1742890546.855291
1742890546.884580
1742890546.920892
1742890546.956547
1742890546.990036
1742890547.018211
1742890547.057471
1742890547.093712
1742890547.125687
1742890547.153115
1742890547.193396
1742890547.226399
1742890547.251853
1742890547.296903
1742890547.323358
1742890547.361174
1742890547.385338
1742890547.431272
1742890547.456308
1742890547.494234
1742890547.519171
1742890547.564489
1742890547.589683
1742890547.631230
1742890547.652238
1742890547.696616
1742890547.723101
1742890547.759642
1742890547.785856
1742890547.832248
1742890547.856376
1742890547.895006
1742890547.919087
1742890547.965347
1742890547.989426
1742890548.027247
1742890548.052734
1742890548.095495
1742890548.121170
1742890548.163727
1742890548.185851
1742890548.229369
1742890548.259095
1742890548.294640
1742890548.323440
1742890548.362575
1742890548.391999
1742890548.430773
1742890548.452912
1742890548.498201
1742890548.523769
1742890548.564622
1742890548.585974
1742890548.632010
1742890548.656865
1742890548.694859
1742890548.719993
1742890548.765656
1742890548.790536
1742890548.831822
1742890548.852791
1742890548.897724
1742890548.923430
1742890548.961212
1742890548.987361
1742890549.029460
1742890549.059701
1742890549.095081
1742890549.121606
1742890549.163210
1742890549.192360
1742890549.227341
1742890549.257161
1742890549.293371
1742890549.327757
1742890549.360280
1742890549.391422
1742890549.430428
1742890549.459526
1742890549.495208
1742890549.523862
1742890549.563064
1742890549.593632
1742890549.629629
1742890549.656606
1742890549.695718
1742890549.727805
1742890549.761753
1742890549.791518
1742890549.829846
1742890549.859564
1742890549.896613
1742890549.921221
1742890549.963509
1742890549.993025
1742890550.029779
1742890550.053647
1742890550.095287
1742890550.129458
1742890550.159546
1742890550.191577
1742890550.230717
1742890550.257999
1742890550.297154
1742890550.323932
1742890550.361725
1742890550.393882
1742890550.428269
1742890550.457721
1742890550.495544
1742890550.530139
1742890550.560828
1742890550.590590
1742890550.629156
1742890550.660430
1742890550.695009
1742890550.724607
1742890550.764082
1742890550.794103
1742890550.831207
1742890550.854661
1742890550.895240
1742890550.928427
1742890550.960738
1742890550.992714
1742890551.028804
1742890551.064458
1742890551.093420
1742890551.127336
1742890551.162744
1742890551.196979
1742890551.229223
1742890551.257394
1742890551.295562
1742890551.330525
1742890551.361179
1742890551.392170
1742890551.431148
1742890551.460479
1742890551.496555
1742890551.525526
1742890551.564378
1742890551.594948
1742890551.631043
1742890551.659156
1742890551.694631
1742890551.730630
1742890551.761221
1742890551.792918
1742890551.828621
1742890551.861645
1742890551.893487
1742890551.928692
1742890551.959075
1742890551.999148
1742890552.026132
1742890552.059123
1742890552.091504
1742890552.132145
1742890552.158789
1742890552.192468
1742890552.229627
1742890552.263179
1742890552.298071
1742890552.322516
1742890552.360803
1742890552.397245
1742890552.428562
1742890552.461114
1742890552.492006
1742890552.532457
1742890552.559322
1742890552.593396
1742890552.626315
1742890552.666430
1742890552.691311
1742890552.726934
1742890552.761812
1742890552.798000
1742890552.827331
1742890552.859408
1742890552.899431
1742890552.926226
1742890552.967075
1742890552.988416
1742890553.030762
1742890553.062740
1742890553.098047
1742890553.123885
1742890553.163297
1742890553.197130
1742890553.231548
1742890553.257173
1742890553.298504
1742890553.327222
1742890553.365573
1742890553.388995
1742890553.430994
1742890553.463659
1742890553.498773
1742890553.523592
1742890553.564302
1742890553.593255
1742890553.631830
1742890553.659238
1742890553.694239
1742890553.730086
1742890553.765055
1742890553.792595
1742890553.830214
1742890553.865646
1742890553.896340
1742890553.927566
1742890553.963925
1742890553.998636
1742890554.028742
1742890554.059748
1742890554.098526
1742890554.126510
1742890554.167059
1742890554.189202
1742890554.231226
1742890554.262130
1742890554.297590
1742890554.324879
1742890554.365937
1742890554.390899
1742890554.432653
1742890554.459081
1742890554.500193
1742890554.529575
1742890554.565290
1742890554.592055
1742890554.633148
1742890554.661066
1742890554.695928
1742890554.725524
1742890554.766602
1742890554.794094
1742890554.831734
1742890554.865918
1742890554.894424
1742890554.930627
1742890554.956009
1742890554.996585
1742890555.031519
1742890555.063863
1742890555.099064
1742890555.127417
1742890555.166584
1742890555.195978
1742890555.231596
1742890555.260178
1742890555.299808
1742890555.327830
1742890555.363478
1742890555.396045
1742890555.430326
1742890555.466366
1742890555.497118
1742890555.528765
1742890555.564643
1742890555.595653
1742890555.631825
1742890555.661704
1742890555.693746
1742890555.730886
1742890555.765859
1742890555.789769
1742890555.825317
1742890555.857693
1742890555.898182
1742890555.923802
1742890555.965444
1742890555.994588
1742890556.032420
1742890556.060336
1742890556.101115
1742890556.127843
1742890556.166198
1742890556.192654
1742890556.229687
1742890556.264900
1742890556.296444
1742890556.330033
1742890556.364784
1742890556.396620
1742890556.432848
1742890556.460503
1742890556.502152
1742890556.527653
1742890556.566020
1742890556.594284
1742890556.635479
1742890556.660751
1742890556.700168
1742890556.728405
1742890556.765400
1742890556.796541
1742890556.832934
1742890556.861487
1742890556.899066
1742890556.930683
1742890556.967127
1742890556.994081
1742890557.034010
1742890557.058830
1742890557.094132
1742890557.128628
1742890557.166481
1742890557.194088
1742890557.229926
1742890557.259135
1742890557.292004
1742890557.323967
1742890557.356749
1742890557.390175
1742890557.423492
1742890557.456833
1742890557.490304
1742890557.523636
1742890557.556935
1742890557.591422
1742890557.629549
1742890557.664975
1742890557.694895
1742890557.736225
1742890557.759385
1742890557.793957
1742890557.824908
1742890557.857122
1742890557.890611
1742890557.923874
1742890557.957170
1742890557.990547
1742890558.032983
1742890558.059586
1742890558.096442
1742890558.134888
1742890558.162044
1742890558.197686
1742890558.228148
1742890558.269004
1742890558.294952
1742890558.331713
1742890558.362493
1742890558.402763
1742890558.428491
1742890558.464702
1742890558.498327
1742890558.535686
1742890558.561163
1742890558.599221
1742890558.625235
1742890558.662861
1742890558.702802
1742890558.726525
1742890558.768280
1742890558.793924
1742890558.829869
1742890558.859733
1742890558.895795
1742890558.929875
1742890558.966632
1742890558.992137
1742890559.034392
1742890559.061636
1742890559.101990
1742890559.125155
1742890559.170366
1742890559.191591
1742890559.234489
1742890559.260999
1742890559.300451
1742890559.325877
1742890559.361794
1742890559.400931
1742890559.427911
1742890559.463681
1742890559.501344
1742890559.527652
1742890559.564238
1742890559.598111
1742890559.629846
1742890559.663379
1742890559.696876
1742890559.729623
1742890559.764100
1742890559.795284
1742890559.830863
1742890559.863767
1742890559.897297
1742890559.930550
1742890559.962194
1742890560.003559
1742890560.028303
1742890560.069143
1742890560.094715
1742890560.137074
1742890560.162150
1742890560.203538
1742890560.227410
1742890560.270129
1742890560.295868
1742890560.328236
1742890560.364444
1742890560.395338
1742890560.431587
1742890560.461300
1742890560.497365
1742890560.528975
1742890560.565289
1742890560.592323
1742890560.628775
1742890560.661563
1742890560.697844
1742890560.725695
1742890560.768864
1742890560.795860
1742890560.836826
1742890560.858970
1742890560.902812
1742890560.928934
1742890560.966988
1742890560.996466
1742890561.036968
1742890561.062525
1742890561.104077
1742890561.125921
1742890561.168725
1742890561.195727
1742890561.237813
1742890561.259556
1742890561.305758
1742890561.328410
1742890561.367530
1742890561.394552
1742890561.432992
1742890561.464156
1742890561.496415
1742890561.525713
1742890561.572121
1742890561.595162
1742890561.632122
1742890561.659748
1742890561.693593
1742890561.727406
1742890561.765271
1742890561.801275
1742890561.828822
1742890561.871614
1742890561.895554
1742890561.937522
1742890561.961149
1742890562.000066
1742890562.037159
1742890562.061470
1742890562.103641
1742890562.130211
1742890562.171776
1742890562.193205
1742890562.239593
1742890562.262014
1742890562.302711
1742890562.327471
1742890562.372738
1742890562.395145
1742890562.434711
1742890562.460808
1742890562.505589
1742890562.528976
1742890562.568440
1742890562.594294
1742890562.637597
1742890562.662186
1742890562.705286
1742890562.726858
1742890562.773949
1742890562.795325
1742890562.834252
1742890562.862280
1742890562.904026
1742890562.930255
1742890562.968749
1742890562.995111
1742890563.040602
1742890563.062192
1742890563.101566
1742890563.128951
1742890563.170843
1742890563.197051
1742890563.239255
1742890563.268845
1742890563.293751
1742890563.340445
1742890563.362436
1742890563.406554
1742890563.428862
1742890563.472095
1742890563.494862
1742890563.541279
1742890563.562256
1742890563.604687
1742890563.628728
1742890563.671658
1742890563.696108
1742890563.734673
1742890563.763197
1742890563.805820
1742890563.829109
1742890563.869896
1742890563.895929
1742890563.937277
1742890563.965256
1742890564.003532
1742890564.029232
1742890564.073723
1742890564.095817
1742890564.138812
1742890564.161664
1742890564.207636
1742890564.228929
1742890564.268876
1742890564.295671
1742890564.334814
1742890564.363458
1742890564.401028
1742890564.429268
1742890564.473422
1742890564.496034
1742890564.539818
1742890564.561115
1742890564.605879
1742890564.628938
1742890564.671055
1742890564.695397
1742890564.741987
1742890564.762045
1742890564.805040
1742890564.828630
1742890564.873463
1742890564.895805
1742890564.931458
1742890564.969983
1742890564.996970
1742890565.039095
1742890565.061383
1742890565.108381
1742890565.129315
1742890565.167799
1742890565.195768
1742890565.242392
1742890565.262284
1742890565.308352
1742890565.328127
1742890565.374244
1742890565.396013
1742890565.441538
1742890565.461608
1742890565.508478
1742890565.529415
1742890565.576034
1742890565.595309
1742890565.641970
1742890565.662767
1742890565.709346
1742890565.728759
1742890565.775256
1742890565.796069
1742890565.841515
1742890565.862283
1742890565.909300
1742890565.929431
1742890565.973179
1742890565.995431
1742890566.041724
1742890566.062978
1742890566.109730
1742890566.128812
1742890566.175561
1742890566.196194
1742890566.240715
1742890566.262086
1742890566.307415
1742890566.329759
1742890566.374220
1742890566.395329
1742890566.440498
1742890566.462883
1742890566.506120
1742890566.528611
1742890566.575559
1742890566.596172
1742890566.639676
1742890566.662279
1742890566.709301
1742890566.729732
1742890566.775790
1742890566.795797
1742890566.843030
1742890566.862714
1742890566.909170
1742890566.929135
1742890566.973311
1742890566.996282
1742890567.043103
1742890567.062445
1742890567.109471
1742890567.129349
1742890567.175071
1742890567.195687
1742890567.242955
1742890567.262931
1742890567.308427
1742890567.329302
1742890567.372334
1742890567.398815
1742890567.442393
1742890567.462703
1742890567.505638
1742890567.532933
1742890567.574878
1742890567.596318
1742890567.637657
1742890567.668459
1742890567.709251
1742890567.729224
1742890567.773742
1742890567.796913
1742890567.843544
1742890567.863342
1742890567.906735
1742890567.932730
1742890567.974702
1742890567.996563
1742890568.043046
1742890568.063266
1742890568.107127
1742890568.130385
1742890568.176096
1742890568.196962
1742890568.240351
1742890568.263515
1742890568.310112
1742890568.330108
1742890568.377269
1742890568.396529
1742890568.440268
1742890568.463546
1742890568.509321
1742890568.529794
1742890568.576490
1742890568.596808
1742890568.643507
1742890568.663172
1742890568.710590
1742890568.730102
1742890568.773422
1742890568.796740
1742890568.839964
1742890568.864416
1742890568.910193
1742890568.929897
1742890568.975958
1742890568.997132
1742890569.043472
1742890569.063321
1742890569.110094
1742890569.130290
1742890569.177455
1742890569.196697
1742890569.243275
1742890569.263774
1742890569.306905
1742890569.330267
1742890569.374430
1742890569.397554
1742890569.442061
1742890569.463939
1742890569.507118
1742890569.531154
1742890569.577388
1742890569.597069
1742890569.639398
1742890569.668000
1742890569.711454
1742890569.730502
1742890569.773667
1742890569.800906
1742890569.843958
1742890569.863890
1742890569.910332
1742890569.931049
1742890569.977332
1742890569.997728
1742890570.044014
1742890570.064421
1742890570.108025
1742890570.131217
1742890570.175630
1742890570.197766
1742890570.244767
1742890570.264334
1742890570.309045
1742890570.331273
1742890570.371363
1742890570.398159
1742890570.443591
1742890570.464663
1742890570.508759
1742890570.531128
1742890570.577926
1742890570.597860
1742890570.641114
1742890570.665108
1742890570.708230
1742890570.735498
1742890570.776688
1742890570.798071
1742890570.841701
1742890570.869667
1742890570.910429
1742890570.931209
1742890570.977899
1742890570.998265
1742890571.045802
1742890571.064563
1742890571.108030
1742890571.132220
1742890571.175108
1742890571.197895
1742890571.245066
1742890571.265614
1742890571.311329
1742890571.331330
1742890571.373029
1742890571.403854
1742890571.444826
1742890571.464978
1742890571.508344
1742890571.533458
1742890571.577673
1742890571.609433
1742890571.631553
1742890571.677307
1742890571.699421
1742890571.746569
1742890571.765568
1742890571.810174
1742890571.831759
1742890571.876737
1742890571.899640
1742890571.945480
1742890571.965361
1742890572.008301
1742890572.035307
1742890572.076472
1742890572.100412
1742890572.146168
1742890572.167086
1742890572.208892
1742890572.232894
1742890572.275965
1742890572.302255
1742890572.336439
1742890572.374098
1742890572.400216
1742890572.441300
1742890572.466672
1742890572.510851
1742890572.533227
1742890572.576264
1742890572.600322
1742890572.643984
1742890572.666619
1742890572.712984
1742890572.732605
1742890572.777246
1742890572.799742
1742890572.845595
1742890572.865712
1742890572.912474
1742890572.934451
1742890572.976570
1742890572.999076
1742890573.045940
1742890573.067701
1742890573.111315
1742890573.133252
1742890573.179214
1742890573.201481
1742890573.246430
1742890573.265674
1742890573.311074
1742890573.334442
1742890573.377044
1742890573.401665
1742890573.443485
1742890573.470842
1742890573.512487
1742890573.532922
1742890573.579685
1742890573.601650
1742890573.643606
1742890573.668071
1742890573.710328
1742890573.734958
1742890573.777296
1742890573.802256
1742890573.843994
1742890573.869470
1742890573.911215
1742890573.934974
1742890573.977039
1742890574.002491
1742890574.044754
1742890574.068250
1742890574.110412
1742890574.138906
1742890574.175233
1742890574.202417
1742890574.243573
1742890574.270906
1742890574.311677
1742890574.332794
1742890574.379351
1742890574.402175
1742890574.444513
1742890574.466066
1742890574.512580
1742890574.535618
1742890574.579016
1742890574.599440
1742890574.645684
1742890574.669107
1742890574.711487
1742890574.734077
1742890574.780167
1742890574.802869
1742890574.846738
1742890574.866452
1742890574.909749
1742890574.939223
1742890574.976243
1742890575.002486
1742890575.043541
1742890575.070906
1742890575.113090
1742890575.133100
1742890575.176644
1742890575.203783
1742890575.245999
1742890575.266416
1742890575.309680
1742890575.340603
1742890575.376935
1742890575.400499
1742890575.445206
1742890575.469740
1742890575.512162
1742890575.533635
1742890575.577016
1742890575.606393
1742890575.643859
1742890575.668544
1742890575.713805
1742890575.737112
1742890575.778494
1742890575.802112
1742890575.844215
1742890575.873096
1742890575.909801
1742890575.937229
1742890575.978524
1742890576.003645
1742890576.045436
1742890576.070374
1742890576.113048
1742890576.138224
1742890576.180024
1742890576.201523
1742890576.243825
1742890576.273112
1742890576.309930
1742890576.336897
1742890576.378520
1742890576.404900
1742890576.444914
1742890576.467903
1742890576.510892
1742890576.538153
1742890576.579940
1742890576.600600
1742890576.644162
1742890576.674032
1742890576.712173
1742890576.734840
1742890576.778590
1742890576.806966
1742890576.843785
1742890576.871126
1742890576.912081
1742890576.939223
1742890576.977254
1742890577.004686
1742890577.044649
1742890577.074675
1742890577.111040
1742890577.134337
1742890577.181191
1742890577.202876
1742890577.246597
1742890577.267437
1742890577.315180
1742890577.337616
1742890577.378310
1742890577.401343
1742890577.444586
1742890577.474063
1742890577.510920
1742890577.535340
1742890577.580148
1742890577.605098
1742890577.645812
1742890577.668278
1742890577.711679
1742890577.740564
1742890577.777474
1742890577.805274
1742890577.844071
1742890577.874978
1742890577.910721
1742890577.938683
1742890577.976292
1742890578.011428
1742890578.041131
1742890578.075125
1742890578.108387
1742890578.145732
1742890578.175054
1742890578.205892
1742890578.243734
1742890578.275797
1742890578.311503
1742890578.337447
1742890578.379209
1742890578.407363
1742890578.439601
1742890578.472141
1742890578.507491
1742890578.538465
1742890578.574054
1742890578.601469
1742890578.638518
1742890578.674160
1742890578.706288
1742890578.734864
1742890578.776842
1742890578.809293
1742890578.844177
1742890578.870690
1742890578.912117
1742890578.941383
1742890578.977860
1742890579.004255
1742890579.044836
1742890579.073980
1742890579.112801
1742890579.135344
1742890579.180899
1742890579.206047
1742890579.242397
1742890579.268681
1742890579.313155
1742890579.339525
1742890579.376943
1742890579.402584
1742890579.447338
1742890579.472274
1742890579.512980
1742890579.535634
1742890579.580727
1742890579.606413
1742890579.644109
1742890579.671132
1742890579.707967
1742890579.744479
1742890579.778433
1742890579.802481
1742890579.839270
1742890579.874619
1742890579.906162
1742890579.939277
1742890579.968890
1742890580.006143
1742890580.045378
1742890580.071764
1742890580.113460
1742890580.139481
1742890580.177617
1742890580.211879
1742890580.239869
1742890580.275971
1742890580.304240
1742890580.346053
1742890580.375775
1742890580.406938
1742890580.441978
1742890580.479184
1742890580.508721
1742890580.540206
1742890580.577195
1742890580.607761
1742890580.647626
1742890580.669369
1742890580.712564
1742890580.737943
1742890580.780311
1742890580.802989
1742890580.845726
1742890580.871901
1742890580.912808
1742890580.938162
1742890580.979463
1742890581.009274
1742890581.046872
1742890581.069375
1742890581.114920
1742890581.141095
1742890581.175069
1742890581.207345
1742890581.240727
1742890581.279587
1742890581.308445
1742890581.340198
1742890581.377524
1742890581.411021
1742890581.446400
1742890581.470220
1742890581.512159
1742890581.542778
1742890581.574319
1742890581.607856
1742890581.646143
1742890581.675404
1742890581.710613
1742890581.738080
1742890581.779371
1742890581.810161
1742890581.846779
1742890581.870530
1742890581.912962
1742890581.943832
1742890581.979839
1742890582.003995
1742890582.044644
1742890582.080570
1742890582.105468
1742890582.139833
1742890582.170697
1742890582.202841
1742890582.236308
1742890582.269731
1742890582.307534
1742890582.348025
1742890582.375570
1742890582.407663
1742890582.441496
1742890582.480730
1742890582.508865
1742890582.541283
1742890582.580271
1742890582.610060
1742890582.645959
1742890582.674016
1742890582.713503
1742890582.743332
1742890582.779280
1742890582.808489
1742890582.847578
1742890582.877277
1742890582.912755
1742890582.940509
1742890582.979958
1742890583.011857
1742890583.047983
1742890583.071617
1742890583.113931
1742890583.143465
1742890583.179676
1742890583.204877
1742890583.247898
1742890583.271644
1742890583.310602
1742890583.339170
1742890583.381640
1742890583.407948
1742890583.448626
1742890583.470801
1742890583.511680
1742890583.545864
1742890583.577590
1742890583.608696
1742890583.648219
1742890583.675002
1742890583.716252
1742890583.737630
1742890583.782201
1742890583.807546
1742890583.848229
1742890583.873482
1742890583.913890
1742890583.943523
1742890583.979999
1742890584.008936
1742890584.045285
1742890584.079967
1742890584.111542
1742890584.142363
1742890584.179386
1742890584.213368
1742890584.246370
1742890584.276322
1742890584.311211
1742890584.345800
1742890584.380139
1742890584.408512
1742890584.448747
1742890584.476276
1742890584.512830
1742890584.542320
1742890584.580499
1742890584.610807
1742890584.648690
1742890584.672125
1742890584.714637
1742890584.744322
1742890584.781320
1742890584.805404
1742890584.847674
1742890584.876675
1742890584.914203
1742890584.940452
1742890584.980718
1742890585.008179
1742890585.048991
1742890585.073924
1742890585.114196
1742890585.147108
1742890585.180151
1742890585.208876
1742890585.245077
1742890585.279918
1742890585.309121
1742890585.344491
1742890585.378994
1742890585.413896
1742890585.438944
1742890585.480362
1742890585.509595
1742890585.548351
1742890585.578042
1742890585.609393
1742890585.646104
1742890585.681476
1742890585.711910
1742890585.743156
1742890585.780393
1742890585.814873
1742890585.844978
1742890585.876288
1742890585.912671
1742890585.944312
1742890585.982028
1742890586.007814
1742890586.049051
1742890586.077900
1742890586.113646
1742890586.143220
1742890586.179695
1742890586.213705
1742890586.248407
1742890586.276524
1742890586.314117
1742890586.347742
1742890586.379576
1742890586.410071
1742890586.449513
1742890586.476925
1742890586.516417
1742890586.542467
1742890586.583054
1742890586.612053
1742890586.646756
1742890586.677575
1742890586.714206
1742890586.748974
1742890586.779244
1742890586.811144
1742890586.848380
1742890586.876805
1742890586.915730
1742890586.944472
1742890586.979304
1742890587.014442
1742890587.046484
1742890587.078405
1742890587.112380
1742890587.148397
1742890587.182037
1742890587.209541
1742890587.249346
1742890587.274902
1742890587.315929
1742890587.343988
1742890587.382701
1742890587.411378
1742890587.447127
1742890587.478220
1742890587.513044
1742890587.548977
1742890587.579777
1742890587.611906
1742890587.645865
1742890587.680800
1742890587.713063
1742890587.744241
1742890587.780740
1742890587.816219
1742890587.847393
1742890587.877686
1742890587.913104
1742890587.947691
1742890587.980519
1742890588.011285
1742890588.049530
1742890588.078664
1742890588.113851
1742890588.145441
1742890588.179672
1742890588.214203
1742890588.247446
1742890588.282631
1742890588.306637
1742890588.347322
1742890588.383291
1742890588.413590
1742890588.446149
1742890588.482294
1742890588.510103
1742890588.548264
1742890588.580034
1742890588.612877
1742890588.648395
1742890588.682095
1742890588.715110
1742890588.745686
1742890588.781186
1742890588.815576
1742890588.849636
1742890588.877854
1742890588.917180
1742890588.944570
1742890588.979019
1742890589.015022
1742890589.044459
1742890589.084656
1742890589.112014
1742890589.150083
1742890589.177973
1742890589.217065
1742890589.246933
1742890589.282752
1742890589.311394
1742890589.349680
1742890589.379857
1742890589.415268
1742890589.444759
1742890589.482680
1742890589.513902
1742890589.547225
1742890589.580972
1742890589.615413
1742890589.649412
1742890589.678844
1742890589.716290
1742890589.745462
1742890589.784864
1742890589.810876
1742890589.848880
1742890589.884494
1742890589.912078
1742890589.949695
1742890589.978815
1742890590.016645
1742890590.047506
1742890590.079150
1742890590.110808
1742890590.146252
1742890590.182679
1742890590.211716
1742890590.247115
1742890590.283208
1742890590.316330
1742890590.345139
1742890590.381462
1742890590.416647
1742890590.447057
1742890590.478342
1742890590.515769
1742890590.550122
1742890590.580808
1742890590.612138
1742890590.649967
1742890590.679864
1742890590.718801
1742890590.741152
1742890590.786015
1742890590.811376
1742890590.849118
1742890590.877220
1742890590.915872
1742890590.948584
1742890590.985723
1742890591.007999
1742890591.050531
1742890591.080452
1742890591.118318
1742890591.141439
1742890591.186042
1742890591.211142
1742890591.253461
1742890591.274542
1742890591.317814
1742890591.345715
1742890591.381308
1742890591.412725
1742890591.450528
1742890591.483247
1742890591.518582
1742890591.541556
1742890591.583689
1742890591.612035
1742890591.646846
1742890591.677900
1742890591.712327
1742890591.751215
1742890591.778476
1742890591.818518
1742890591.844620
1742890591.882471
1742890591.917776
1742890591.944550
1742890591.986782
1742890592.011391
1742890592.053428
1742890592.078452
1742890592.119386
1742890592.145692
1742890592.187163
1742890592.210844
1742890592.249577
1742890592.286163
1742890592.312126
1742890592.353783
1742890592.375539
1742890592.416898
1742890592.451228
1742890592.475083
1742890592.519934
1742890592.544693
1742890592.587859
1742890592.608472
1742890592.651097
1742890592.680438
1742890592.720153
1742890592.741652
1742890592.788277
1742890592.810018
1742890592.848587
1742890592.875248
1742890592.917299
1742890592.949015
1742890592.981219
1742890593.011600
1742890593.053365
1742890593.078433
1742890593.115674
1742890593.143151
1742890593.185265
1742890593.211719
1742890593.248091
1742890593.275359
1742890593.320619
1742890593.344747
1742890593.385933
1742890593.408615
1742890593.454319
1742890593.478178
1742890593.520866
1742890593.542208
1742890593.585417
1742890593.612100
1742890593.654308
1742890593.675579
1742890593.718967
1742890593.745770
1742890593.785701
1742890593.809021
1742890593.855404
1742890593.878407
1742890593.919276
1742890593.942352
1742890593.984761
1742890594.013608
1742890594.051801
1742890594.076248
1742890594.122557
1742890594.145031
1742890594.186871
1742890594.209421
1742890594.255157
1742890594.278620
1742890594.317443
1742890594.344458
1742890594.382901
1742890594.418628
1742890594.446103
1742890594.480314
1742890594.519105
1742890594.546024
1742890594.589014
1742890594.609398
1742890594.653153
1742890594.679007
1742890594.720214
1742890594.742756
1742890594.785520
1742890594.812597
1742890594.853363
1742890594.876190
1742890594.920353
1742890594.945304
1742890594.984614
1742890595.009771
1742890595.054398
1742890595.079053
1742890595.118506
1742890595.143156
1742890595.188544
1742890595.211782
1742890595.254180
1742890595.276634
1742890595.320905
1742890595.345352
1742890595.389961
1742890595.410197
1742890595.456263
1742890595.478968
1742890595.522895
1742890595.543366
1742890595.587028
1742890595.612965
1742890595.651775
1742890595.676779
1742890595.723473
1742890595.745619
1742890595.787852
1742890595.810170
1742890595.856589
1742890595.878877
1742890595.917461
1742890595.944733
1742890595.990961
1742890596.012297
1742890596.056187
1742890596.077197
1742890596.123488
1742890596.145355
1742890596.187113
1742890596.211025
1742890596.257300
1742890596.279066
1742890596.321171
1742890596.344170
1742890596.391560
1742890596.412146
1742890596.457629
1742890596.477366
1742890596.520776
1742890596.546984
1742890596.589724
1742890596.616194
1742890596.643883
1742890596.690881
1742890596.712632
1742890596.752501
1742890596.780220
1742890596.820145
1742890596.845962
1742890596.891974
1742890596.911918
1742890596.949331
1742890596.984340
1742890597.018999
1742890597.046677
1742890597.082222
1742890597.119484
1742890597.146967
1742890597.187315
1742890597.210973
1742890597.257477
1742890597.279135
1742890597.324328
1742890597.344412
1742890597.391598
1742890597.411592
1742890597.458740
1742890597.477907
1742890597.524665
1742890597.545690
1742890597.591468
1742890597.611488
1742890597.657900
1742890597.679272
1742890597.723807
1742890597.744896
1742890597.791185
1742890597.812695
1742890597.855845
1742890597.878151
1742890597.924208
1742890597.945993
1742890597.990868
1742890598.011754
1742890598.058777
1742890598.079591
1742890598.125601
1742890598.145038
1742890598.191917
1742890598.212583
1742890598.256514
1742890598.278747
1742890598.325796
1742890598.345820
1742890598.391437
1742890598.412136
1742890598.456916
1742890598.479878
1742890598.525114
1742890598.545196
1742890598.591598
1742890598.613138
1742890598.655450
1742890598.678701
1742890598.722253
1742890598.746516
1742890598.792142
1742890598.812109
1742890598.855507
1742890598.879692
1742890598.926009
1742890598.945458
1742890598.992360
1742890599.012731
1742890599.059282
1742890599.078837
1742890599.126129
1742890599.145918
1742890599.189582
1742890599.211802
1742890599.256221
1742890599.281882
1742890599.323884
1742890599.345712
1742890599.392797
1742890599.413051
1742890599.459232
1742890599.478977
1742890599.522899
1742890599.546523
1742890599.592298
1742890599.612299
1742890599.658619
1742890599.679657
1742890599.722152
1742890599.745932
1742890599.791858
1742890599.813506
1742890599.859701
1742890599.879203
1742890599.926102
1742890599.946509
1742890599.989802
1742890600.012726
1742890600.051876
1742890600.088547
1742890600.113495
1742890600.154032
1742890600.180131
1742890600.225272
1742890600.246885
1742890600.290909
1742890600.312956
1742890600.356851
1742890600.380140
1742890600.418894
1742890600.446948
1742890600.493788
1742890600.513079
1742890600.550674
1742890600.587103
1742890600.617302
1742890600.658983
1742890600.679394
1742890600.724100
1742890600.746524
1742890600.791324
1742890600.812662
1742890600.858244
1742890600.879648
1742890600.926135
1742890600.946143
1742890600.987757
1742890601.013721
1742890601.056408
1742890601.079534
1742890601.121463
1742890601.147242
1742890601.193072
1742890601.213004
1742890601.258651
1742890601.279777
1742890601.326872
1742890601.346458
1742890601.388810
1742890601.414521
1742890601.459555
1742890601.479943
1742890601.522730
1742890601.547812
1742890601.591831
1742890601.613265
1742890601.659338
1742890601.680406
1742890601.727305
1742890601.746772
1742890601.790349
1742890601.813907
1742890601.856831
1742890601.880058
1742890601.927280
1742890601.947025
1742890601.993332
1742890602.013612
1742890602.057306
1742890602.080708
1742890602.123351
1742890602.146891
1742890602.193983
1742890602.213742
1742890602.257886
1742890602.280260
1742890602.324146
1742890602.347339
1742890602.389202
1742890602.413642
1742890602.460385
1742890602.480567
1742890602.527395
1742890602.547121
1742890602.593063
1742890602.614018
1742890602.660683
1742890602.680570
1742890602.724271
1742890602.747493
1742890602.794270
1742890602.814052
1742890602.857327
1742890602.882900
1742890602.922928
1742890602.947614
1742890602.989811
1742890603.016575
1742890603.059132
1742890603.080710
1742890603.127049
1742890603.148165
1742890603.194375
1742890603.213874
1742890603.260437
1742890603.281515
1742890603.324251
1742890603.347449
1742890603.392899
1742890603.414918
1742890603.461163
1742890603.480903
1742890603.523756
1742890603.549227
1742890603.592734
1742890603.614260
1742890603.657754
1742890603.682048
1742890603.728182
1742890603.747682
1742890603.794102
1742890603.815396
1742890603.861847
1742890603.881395
1742890603.928658
1742890603.948623
1742890603.993623
1742890604.014803
1742890604.060971
1742890604.082423
1742890604.125645
1742890604.149019
1742890604.196044
1742890604.216264
1742890604.259483
1742890604.281692
1742890604.325118
1742890604.352507
1742890604.394335
1742890604.414892
1742890604.452590
1742890604.483821
1742890604.519958
1742890604.549071
1742890604.592762
1742890604.616721
1742890604.659608
1742890604.681587
1742890604.728352
1742890604.749407
1742890604.792551
1742890604.815783
1742890604.859161
1742890604.885118
1742890604.927612
1742890604.959215
1742890604.981816
1742890605.025116
1742890605.053352
1742890605.091567
1742890605.119774
1742890605.153649
1742890605.188856
1742890605.224585
1742890605.254671
1742890605.283918
1742890605.325525
1742890605.353928
1742890605.395097
1742890605.415434
1742890605.462435
1742890605.484293
1742890605.528853
1742890605.548879
1742890605.595058
1742890605.617519
1742890605.659458
1742890605.682074
1742890605.728421
1742890605.750783
1742890605.793819
1742890605.815553
1742890605.862688
1742890605.885230
1742890605.928781
1742890605.948901
1742890605.992968
1742890606.021546
1742890606.057911
1742890606.085270
1742890606.126992
1742890606.154725
1742890606.195039
1742890606.216100
1742890606.259283
1742890606.288521
1742890606.328989
1742890606.349717
1742890606.395180
1742890606.417448
1742890606.460570
1742890606.485038
1742890606.527219
1742890606.554572
1742890606.594967
1742890606.616739
1742890606.660544
1742890606.685925
1742890606.729190
1742890606.749415
1742890606.792769
1742890606.818286
1742890606.861217
1742890606.882749
1742890606.929629
1742890606.952484
1742890606.993650
1742890607.016085
1742890607.057184
1742890607.089418
1742890607.126460
1742890607.149337
1742890607.195366
1742890607.218869
1742890607.260874
1742890607.282734
1742890607.329193
1742890607.351864
1742890607.393508
1742890607.416351
1742890607.459079
1742890607.488154
1742890607.529212
1742890607.549587
1742890607.595205
1742890607.619173
1742890607.662021
1742890607.683024
1742890607.726690
1742890607.754622
1742890607.792768
1742890607.816695
1742890607.863689
1742890607.886613
1742890607.928866
1742890607.949888
1742890607.991852
1742890608.024508
1742890608.060092
1742890608.084553
1742890608.127640
1742890608.156594
1742890608.192417
1742890608.218466
1742890608.260017
1742890608.290118
1742890608.326750
1742890608.353519
1742890608.393452
1742890608.422460
1742890608.460270
1742890608.484996
1742890608.527582
1742890608.556807
1742890608.591408
1742890608.616773
1742890608.660122
1742890608.689235
1742890608.728421
1742890608.750163
1742890608.791530
1742890608.821097
1742890608.861634
1742890608.883534
1742890608.926768
1742890608.953714
1742890608.984101
1742890609.027592
1742890609.054023
1742890609.095354
1742890609.116867
1742890609.160195
1742890609.188031
1742890609.229703
1742890609.250341
1742890609.293598
1742890609.321511
1742890609.362994
1742890609.383825
1742890609.431275
1742890609.452931
1742890609.496890
1742890609.517316
1742890609.564172
1742890609.586619
1742890609.628185
1742890609.650581
1742890609.694201
1742890609.721702
1742890609.762168
1742890609.784138
1742890609.827741
1742890609.856435
1742890609.896570
1742890609.917440
1742890609.961474
1742890609.988724
1742890610.030006
1742890610.050770
1742890610.094916
1742890610.122048
1742890610.162021
1742890610.184306
1742890610.227865
1742890610.255758
1742890610.293898
1742890610.320615
1742890610.361756
1742890610.390023
1742890610.430936
1742890610.451193
1742890610.497675
1742890610.521992
1742890610.559794
1742890610.585876
1742890610.627283
1742890610.659300
1742890610.695029
1742890610.717784
1742890610.762521
1742890610.785118
1742890610.829720
1742890610.851210
1742890610.894185
1742890610.923178
1742890610.955964
1742890610.983971
1742890611.021134
1742890611.056559
1742890611.096918
1742890611.118256
1742890611.162877
1742890611.187743
1742890611.229052
1742890611.251399
1742890611.297699
1742890611.322249
1742890611.363568
1742890611.384841
1742890611.430426
1742890611.456067
1742890611.494018
1742890611.518328
1742890611.562680
1742890611.588816
1742890611.629968
1742890611.651664
1742890611.694885
1742890611.724442
1742890611.762841
1742890611.785067
1742890611.829530
1742890611.857749
1742890611.894192
1742890611.919374
1742890611.964321
1742890611.988619
1742890612.029257
1742890612.052172
1742890612.097990
1742890612.123238
1742890612.161986
1742890612.186587
1742890612.228694
1742890612.258774
1742890612.295614
1742890612.320826
1742890612.364318
1742890612.388812
1742890612.431238
1742890612.452460
1742890612.498292
1742890612.523855
1742890612.564621
1742890612.585536
1742890612.631174
1742890612.656211
1742890612.697772
1742890612.718888
1742890612.762213
1742890612.788731
1742890612.830272
1742890612.852345
1742890612.897499
1742890612.923133
1742890612.960817
1742890612.985502
1742890613.032298
1742890613.055169
1742890613.096616
1742890613.118989
1742890613.165323
1742890613.187741
1742890613.229902
1742890613.259649
1742890613.294152
1742890613.319049
1742890613.363457
1742890613.390366
1742890613.429403
1742890613.458955
1742890613.488919
1742890613.526574
1742890613.561856
1742890613.590729
1742890613.621249
1742890613.663391
1742890613.691823
1742890613.730703
1742890613.752691
1742890613.799100
1742890613.822469
1742890613.860899
1742890613.886095
1742890613.931955
1742890613.956942
1742890613.997293
1742890614.019573
1742890614.066152
1742890614.089880
1742890614.129035
1742890614.153167
1742890614.196348
1742890614.225629
1742890614.262857
1742890614.286516
1742890614.329414
1742890614.359929
1742890614.396549
1742890614.420084
1742890614.462453
1742890614.492779
1742890614.529088
1742890614.553995
1742890614.596160
1742890614.626690
1742890614.662077
1742890614.690103
1742890614.727423
1742890614.763407
1742890614.793243
1742890614.824072
1742890614.862538
1742890614.894537
1742890614.928671
1742890614.956438
1742890614.994757
1742890615.026402
1742890615.064275
1742890615.087222
1742890615.129607
1742890615.160399
1742890615.195782
1742890615.220575
1742890615.262918
1742890615.292526
1742890615.331078
1742890615.353703
1742890615.396603
1742890615.426206
1742890615.462398
1742890615.486848
1742890615.529885
1742890615.558916
1742890615.595032
1742890615.620204
1742890615.663668
1742890615.692006
1742890615.732034
1742890615.753574
1742890615.798639
1742890615.824098
1742890615.863661
1742890615.886758
1742890615.923456
1742890615.958794
1742890615.997323
1742890616.020530
1742890616.059483
1742890616.097958
1742890616.125359
1742890616.153773
1742890616.196222
1742890616.224161
1742890616.265095
1742890616.287221
1742890616.329420
1742890616.358470
1742890616.398502
1742890616.420658
1742890616.463097
1742890616.492199
1742890616.529654
1742890616.553897
1742890616.595729
1742890616.625613
1742890616.664056
1742890616.687306
1742890616.729196
1742890616.759171
1742890616.797753
1742890616.820769
1742890616.865635
1742890616.890693
1742890616.931250
1742890616.954080
1742890616.996855
1742890617.025877
1742890617.062131
1742890617.087484
1742890617.128283
1742890617.158880
1742890617.196109
1742890617.221041
1742890617.263278
1742890617.292778
1742890617.328894
1742890617.354456
1742890617.393494
1742890617.429451
1742890617.459379
1742890617.487711
1742890617.529103
1742890617.559680
1742890617.596062
1742890617.621108
1742890617.664011
1742890617.693046
1742890617.730912
1742890617.754671
1742890617.797284
1742890617.825714
1742890617.866257
1742890617.888081
1742890617.931816
1742890617.959452
1742890617.998533
1742890618.021368
1742890618.063528
1742890618.093072
1742890618.131279
1742890618.154843
1742890618.199495
1742890618.226012
1742890618.263449
1742890618.288213
1742890618.330849
1742890618.359980
1742890618.397553
1742890618.421613
1742890618.464098
1742890618.493123
1742890618.531673
1742890618.555091
1742890618.597684
1742890618.626741
1742890618.665386
1742890618.688507
1742890618.727831
1742890618.763902
1742890618.794000
1742890618.822058
1742890618.864945
1742890618.891961
1742890618.932837
1742890618.955243
1742890618.994173
1742890619.030653
1742890619.061580
1742890619.089163
1742890619.128486
1742890619.160922
1742890619.199893
1742890619.222268
1742890619.264449
1742890619.293756
1742890619.331689
1742890619.355625
1742890619.397738
1742890619.428048
1742890619.463691
1742890619.489164
1742890619.528989
1742890619.564296
1742890619.593565
1742890619.625373
1742890619.666481
1742890619.693482
1742890619.733521
1742890619.755792
1742890619.794324
1742890619.832074
1742890619.861811
1742890619.892779
1742890619.933549
1742890619.959974
1742890619.999803
1742890620.022712
1742890620.063002
1742890620.095920
1742890620.129518
1742890620.156489
1742890620.198164
1742890620.227857
1742890620.262398
1742890620.290278
1742890620.331701
1742890620.360715
1742890620.399583
1742890620.422845
1742890620.464577
1742890620.493161
1742890620.532033
1742890620.556110
1742890620.596291
1742890620.631297
1742890620.659045
1742890620.692521
1742890620.726031
1742890620.765406
1742890620.794451
1742890620.824761
1742890620.864726
1742890620.894747
1742890620.931422
1742890620.956616
1742890620.996752
1742890621.031737
1742890621.060833
1742890621.094783
1742890621.130730
1742890621.161540
1742890621.198283
1742890621.223734
1742890621.263938
1742890621.297983
1742890621.328111
1742890621.360436
1742890621.395336
1742890621.432818
1742890621.459662
1742890621.489811
1742890621.528662
1742890621.561878
1742890621.597468
1742890621.628205
1742890621.656904
1742890621.693228
1742890621.729563
1742890621.766194
1742890621.790697
1742890621.826557
1742890621.862750
1742890621.897836
1742890621.928374
1742890621.957578
1742890621.999194
1742890622.028990
1742890622.062721
1742890622.091492
1742890622.131630
1742890622.161319
1742890622.197376
1742890622.223907
1742890622.265773
1742890622.291040
1742890622.332879
1742890622.357234
1742890622.397562
1742890622.433360
1742890622.463367
