1742882997.732202
1742882997.831479
1742882997.864985
1742882997.899254
1742882997.932844
1742882997.965139
1742882997.998878
1742882998.031993
1742882998.065200
1742882998.098392
1742882998.136853
1742882998.165732
1742882998.199519
1742882998.232257
1742882998.274586
1742882998.312872
1742882998.338215
1742882998.377010
1742882998.404835
1742882998.440944
1742882998.475833
1742882998.506779
1742882998.544995
1742882998.574744
1742882998.612177
1742882998.643217
1742882998.680881
1742882998.711284
1742882998.747370
1742882998.778895
1742882998.814401
1742882998.847695
1742882998.878852
1742882998.914562
1742882998.945912
1742882998.980974
1742882999.013135
1742882999.045766
1742882999.080053
1742882999.110809
1742882999.148290
1742882999.176952
1742882999.201524
1742882999.232778
1742882999.279984
1742882999.309088
1742882999.332851
1742882999.365699
1742882999.412451
1742882999.432263
1742882999.475451
1742882999.499325
1742882999.535862
1742882999.572146
1742882999.602775
1742882999.632499
1742882999.670143
1742882999.704269
1742882999.738060
1742882999.765965
1742882999.805851
1742882999.835072
1742882999.871695
1742882999.899418
1742882999.933382
1742882999.970021
1742883000.005533
1742883000.032788
1742883000.070955
1742883000.104318
1742883000.139549
1742883000.166102
1742883000.210876
1742883000.234261
1742883000.273138
1742883000.299721
1742883000.341731
1742883000.367748
1742883000.413562
1742883000.433224
1742883000.474373
1742883000.500823
1742883000.547422
1742883000.566704
1742883000.611350
1742883000.633593
1742883000.678364
1742883000.699943
1742883000.741101
1742883000.768398
1742883000.814613
1742883000.833369
1742883000.875749
1742883000.901283
1742883000.947409
1742883000.966854
1742883001.008591
1742883001.034623
1742883001.080679
1742883001.100080
1742883001.136363
1742883001.177062
1742883001.201533
1742883001.233488
1742883001.278102
1742883001.300941
1742883001.347548
1742883001.366913
1742883001.412786
1742883001.433906
1742883001.477170
1742883001.500263
1742883001.537833
1742883001.570632
1742883001.606528
1742883001.633557
1742883001.677935
1742883001.701138
1742883001.742651
1742883001.766977
1742883001.813287
1742883001.834279
1742883001.881114
1742883001.900544
1742883001.946943
1742883001.967657
1742883002.015076
1742883002.034028
1742883002.079637
1742883002.101157
1742883002.145430
1742883002.167297
1742883002.210693
1742883002.235097
1742883002.278914
1742883002.300817
1742883002.344473
1742883002.368020
1742883002.415417
1742883002.434359
1742883002.478099
1742883002.501900
1742883002.548178
1742883002.567828
1742883002.615094
1742883002.634567
1742883002.678558
1742883002.701151
1742883002.747808
1742883002.768134
1742883002.812568
1742883002.834540
1742883002.881501
1742883002.901561
1742883002.948463
1742883002.968054
1742883003.013633
1742883003.035137
1742883003.079932
1742883003.101589
1742883003.147485
1742883003.168430
1742883003.211823
1742883003.234682
1742883003.277521
1742883003.302942
1742883003.342289
1742883003.368020
1742883003.415294
1742883003.434936
1742883003.478195
1742883003.501668
1742883003.548591
1742883003.568507
1742883003.615714
1742883003.634968
1742883003.681660
1742883003.702025
1742883003.749405
1742883003.768459
1742883003.815319
1742883003.835422
1742883003.882551
1742883003.901888
1742883003.945238
1742883003.972324
1742883004.015761
1742883004.035271
1742883004.081899
1742883004.102157
1742883004.148861
1742883004.168590
1742883004.214991
1742883004.235733
1742883004.283152
1742883004.302082
1742883004.349855
1742883004.369107
1742883004.415462
1742883004.435407
1742883004.482529
1742883004.502385
1742883004.544515
1742883004.568834
1742883004.614122
1742883004.636240
1742883004.680975
1742883004.702261
1742883004.748838
1742883004.769320
1742883004.814404
1742883004.835898
1742883004.881652
1742883004.902688
1742883004.949059
1742883004.969096
1742883005.015372
1742883005.036251
1742883005.080270
1742883005.103447
1742883005.146717
1742883005.169748
1742883005.215797
1742883005.236650
1742883005.279400
1742883005.303662
1742883005.347931
1742883005.369709
1742883005.415112
1742883005.436102
1742883005.483344
1742883005.502831
1742883005.544390
1742883005.575855
1742883005.609173
1742883005.636913
1742883005.681638
1742883005.703344
1742883005.747195
1742883005.770240
1742883005.816080
1742883005.837209
1742883005.881152
1742883005.903538
1742883005.946557
1742883005.972161
1742883006.017204
1742883006.036495
1742883006.076419
1742883006.110747
1742883006.140501
1742883006.170750
1742883006.207330
1742883006.240934
1742883006.281690
1742883006.302598
1742883006.347013
1742883006.372333
1742883006.413542
1742883006.437965
1742883006.481253
1742883006.506924
1742883006.550056
1742883006.570152
1742883006.614088
1742883006.640480
1742883006.682219
1742883006.703382
1742883006.749234
1742883006.772005
1742883006.817037
1742883006.836666
1742883006.881554
1742883006.905536
1742883006.948382
1742883006.970090
1742883007.013689
1742883007.041951
1742883007.083105
1742883007.103436
1742883007.150231
1742883007.171484
1742883007.213497
1742883007.236775
1742883007.283049
1742883007.304822
1742883007.351388
1742883007.370172
1742883007.413844
1742883007.441445
1742883007.482833
1742883007.503646
1742883007.551487
1742883007.572545
1742883007.614889
1742883007.648898
1742883007.670432
1742883007.717426
1742883007.739628
1742883007.783578
1742883007.805941
1742883007.844174
1742883007.874535
1742883007.918267
1742883007.940338
1742883007.979973
1742883008.006123
1742883008.045257
1742883008.077313
1742883008.105650
1742883008.148596
1742883008.172473
1742883008.215368
1742883008.238222
1742883008.282864
1742883008.304187
1742883008.350093
1742883008.371560
1742883008.415280
1742883008.443008
1742883008.484251
1742883008.504266
1742883008.550610
1742883008.573204
1742883008.613217
1742883008.640814
1742883008.682577
1742883008.707819
1742883008.751408
1742883008.770981
1742883008.817565
1742883008.840799
1742883008.884848
1742883008.904413
1742883008.951666
1742883008.973562
1742883009.017502
1742883009.037690
1742883009.084359
1742883009.106493
1742883009.149192
1742883009.171159
1742883009.214884
1742883009.244013
1742883009.282294
1742883009.304586
1742883009.341907
1742883009.377843
1742883009.408507
1742883009.440727
1742883009.482510
1742883009.510716
1742883009.551061
1742883009.571517
1742883009.615093
1742883009.644048
1742883009.681891
1742883009.708503
1742883009.750166
1742883009.774686
1742883009.818160
1742883009.838393
1742883009.882427
1742883009.909370
1742883009.951462
1742883009.971655
1742883010.018749
1742883010.041648
1742883010.083358
1742883010.105148
1742883010.151766
1742883010.175236
1742883010.216887
1742883010.238261
1742883010.281390
1742883010.310764
1742883010.348512
1742883010.371825
1742883010.414880
1742883010.444576
1742883010.481316
1742883010.506313
1742883010.550928
1742883010.574234
1742883010.618511
1742883010.638521
1742883010.684377
1742883010.708480
1742883010.751589
1742883010.772017
1742883010.818787
1742883010.842993
1742883010.883604
1742883010.905266
1742883010.952358
1742883010.975312
1742883011.016774
1742883011.038731
1742883011.084100
1742883011.109112
1742883011.150996
1742883011.171992
1742883011.216326
1742883011.243249
1742883011.283669
1742883011.305351
1742883011.350101
1742883011.376405
1742883011.418032
1742883011.438852
1742883011.485060
1742883011.509736
1742883011.551473
1742883011.572380
1742883011.613796
1742883011.647656
1742883011.680283
1742883011.710260
1742883011.750810
1742883011.776322
1742883011.818212
1742883011.839063
1742883011.884556
1742883011.909828
1742883011.951113
1742883011.972499
1742883012.018187
1742883012.043533
1742883012.083514
1742883012.105783
1742883012.151935
1742883012.176078
1742883012.218194
1742883012.239243
1742883012.281070
1742883012.314186
1742883012.349344
1742883012.372707
1742883012.419629
1742883012.443250
1742883012.483857
1742883012.506004
1742883012.550719
1742883012.578121
1742883012.616691
1742883012.639351
1742883012.683351
1742883012.711830
1742883012.749530
1742883012.772891
1742883012.818350
1742883012.843777
1742883012.879410
1742883012.909353
1742883012.951164
1742883012.977150
1742883013.018275
1742883013.039527
1742883013.083333
1742883013.112510
1742883013.148886
1742883013.173562
1742883013.219732
1742883013.244088
1742883013.280925
1742883013.307341
1742883013.351511
1742883013.377387
1742883013.415677
1742883013.439838
1742883013.485131
1742883013.510688
1742883013.548992
1742883013.573782
1742883013.619072
1742883013.644829
1742883013.681901
1742883013.709379
1742883013.751049
1742883013.780109
1742883013.817117
1742883013.840072
1742883013.886525
1742883013.911555
1742883013.949492
1742883013.974546
1742883014.019128
1742883014.044400
1742883014.085862
1742883014.106809
1742883014.152110
1742883014.178027
1742883014.218935
1742883014.240310
1742883014.286008
1742883014.311320
1742883014.349555
1742883014.373909
1742883014.419704
1742883014.444938
1742883014.484281
1742883014.506993
1742883014.553659
1742883014.578302
1742883014.617153
1742883014.640603
1742883014.686601
1742883014.709032
1742883014.752207
1742883014.773726
1742883014.819249
1742883014.845116
1742883014.885303
1742883014.907392
1742883014.953152
1742883014.976727
1742883015.018716
1742883015.040756
1742883015.086744
1742883015.111976
1742883015.152552
1742883015.174168
1742883015.219668
1742883015.245407
1742883015.285898
1742883015.308171
1742883015.350645
1742883015.381248
1742883015.418830
1742883015.443560
1742883015.482222
1742883015.517166
1742883015.547314
1742883015.579481
1742883015.616204
1742883015.647922
1742883015.684109
1742883015.710153
1742883015.752269
1742883015.778567
1742883015.818491
1742883015.841341
1742883015.886841
1742883015.912094
1742883015.952453
1742883015.985889
1742883016.008091
1742883016.050037
1742883016.081707
1742883016.117059
1742883016.147094
1742883016.180997
1742883016.214616
1742883016.251059
1742883016.280908
1742883016.312732
1742883016.349137
1742883016.381548
1742883016.417906
1742883016.441437
1742883016.482002
1742883016.516975
1742883016.547909
1742883016.576009
1742883016.617835
1742883016.647413
1742883016.685786
1742883016.708085
1742883016.750519
1742883016.781578
1742883016.816829
1742883016.841611
1742883016.884956
1742883016.913888
1742883016.950115
1742883016.976121
1742883017.015685
1742883017.050161
1742883017.085681
1742883017.108711
1742883017.153669
1742883017.180174
1742883017.220537
1742883017.242273
1742883017.285099
1742883017.314649
1742883017.352272
1742883017.379873
1742883017.419190
1742883017.444862
1742883017.485325
1742883017.513489
1742883017.553081
1742883017.580042
1742883017.621597
1742883017.643101
1742883017.684809
1742883017.717215
1742883017.751765
1742883017.776995
1742883017.818458
1742883017.848513
1742883017.884529
1742883017.909030
1742883017.950180
1742883017.982246
1742883018.018018
1742883018.042203
1742883018.085332
1742883018.114971
1742883018.150497
1742883018.177793
1742883018.219928
1742883018.248541
1742883018.281016
1742883018.313968
1742883018.351478
1742883018.382540
1742883018.415032
1742883018.447116
1742883018.486260
1742883018.515402
1742883018.551852
1742883018.576038
1742883018.618553
1742883018.648249
1742883018.680560
1742883018.714047
1742883018.752641
1742883018.782170
1742883018.818242
1742883018.842621
1742883018.881886
1742883018.918237
1742883018.951645
1742883018.977803
1742883019.020669
1742883019.047572
1742883019.088396
1742883019.109649
1742883019.151131
1742883019.184846
1742883019.219151
1742883019.244003
1742883019.282946
1742883019.317292
1742883019.350111
1742883019.380605
1742883019.417975
1742883019.449750
1742883019.485274
1742883019.513294
1742883019.552826
1742883019.582055
1742883019.618389
1742883019.647736
1742883019.684167
1742883019.717492
1742883019.750676
1742883019.781164
1742883019.819926
1742883019.847745
1742883019.887018
1742883019.910629
1742883019.950751
1742883019.983776
1742883020.018291
1742883020.046891
1742883020.087663
1742883020.115016
1742883020.151871
1742883020.178835
1742883020.219261
1742883020.250594
1742883020.284961
1742883020.312231
1742883020.353859
1742883020.382024
1742883020.420512
1742883020.443400
1742883020.482532
1742883020.517532
1742883020.550972
1742883020.578202
1742883020.618289
1742883020.650328
1742883020.681896
1742883020.714551
1742883020.751788
1742883020.783771
1742883020.816240
1742883020.847984
1742883020.886932
1742883020.914904
1742883020.954601
1742883020.977431
1742883021.018727
1742883021.051366
1742883021.086210
1742883021.110443
1742883021.152549
1742883021.182080
1742883021.220319
1742883021.243962
1742883021.285903
1742883021.318910
1742883021.352113
1742883021.377451
1742883021.416944
1742883021.449677
1742883021.482368
1742883021.514633
1742883021.555339
1742883021.582955
1742883021.615953
1742883021.648000
1742883021.687487
1742883021.716747
1742883021.749963
1742883021.780070
1742883021.820748
1742883021.848690
1742883021.887339
1742883021.910980
1742883021.953564
1742883021.982542
1742883022.021867
1742883022.044603
1742883022.085588
1742883022.120277
1742883022.149349
1742883022.182417
1742883022.221011
1742883022.250030
1742883022.286068
1742883022.315602
1742883022.356431
1742883022.382333
1742883022.420395
1742883022.448876
1742883022.488291
1742883022.516752
1742883022.552640
1742883022.581395
1742883022.618766
1742883022.652743
1742883022.687206
1742883022.712755
1742883022.755361
1742883022.782033
1742883022.820099
1742883022.847356
1742883022.886291
1742883022.917223
1742883022.953407
1742883022.980451
1742883023.020336
1742883023.050009
1742883023.085733
1742883023.115053
1742883023.155716
1742883023.184231
1742883023.220406
1742883023.245298
1742883023.287385
1742883023.316755
1742883023.353403
1742883023.382296
1742883023.423629
1742883023.448578
1742883023.487257
1742883023.511666
1742883023.552552
1742883023.587435
1742883023.617297
1742883023.648430
1742883023.685675
1742883023.721447
1742883023.750978
1742883023.782852
1742883023.823376
1742883023.849106
1742883023.888518
1742883023.912011
1742883023.954006
1742883023.982262
1742883024.023624
1742883024.045122
1742883024.086692
1742883024.119717
1742883024.154331
1742883024.178821
1742883024.222777
1742883024.252075
1742883024.288290
1742883024.322658
1742883024.345479
1742883024.387601
1742883024.419531
1742883024.454612
1742883024.485136
1742883024.516908
1742883024.555146
1742883024.585256
1742883024.621342
1742883024.646394
1742883024.683734
1742883024.717551
1742883024.749455
1742883024.779018
1742883024.815699
1742883024.850951
1742883024.882630
1742883024.912474
1742883024.949584
1742883024.985289
1742883025.016153
1742883025.045808
1742883025.082900
1742883025.118791
1742883025.149764
1742883025.179237
1742883025.216374
1742883025.251628
1742883025.282423
1742883025.312657
1742883025.349606
1742883025.382981
1742883025.419143
1742883025.446236
1742883025.483991
1742883025.516561
1742883025.552241
1742883025.579559
1742883025.616799
1742883025.651842
1742883025.682807
1742883025.713553
1742883025.750709
1742883025.785052
1742883025.816557
1742883025.846362
1742883025.884212
1742883025.915845
1742883025.952249
1742883025.979983
1742883026.017159
1742883026.050763
1742883026.082599
1742883026.115046
1742883026.149683
1742883026.185431
1742883026.216635
1742883026.246485
1742883026.284794
1742883026.317558
1742883026.349457
1742883026.380469
1742883026.417500
1742883026.451747
1742883026.483021
1742883026.514698
1742883026.551525
1742883026.583789
1742883026.616635
1742883026.647347
1742883026.685717
1742883026.717146
1742883026.752500
1742883026.780174
1742883026.817555
1742883026.851973
1742883026.884055
1742883026.913367
1742883026.950816
1742883026.984133
1742883027.017484
1742883027.046842
1742883027.084192
1742883027.118777
1742883027.150668
1742883027.182577
1742883027.219297
1742883027.250101
1742883027.286325
1742883027.313915
1742883027.351024
1742883027.385904
1742883027.416864
1742883027.451413
1742883027.485033
1742883027.518999
1742883027.550945
1742883027.586602
1742883027.617331
1742883027.652062
1742883027.685462
1742883027.719172
1742883027.750758
1742883027.784380
1742883027.819437
1742883027.847737
1742883027.886219
1742883027.918243
1742883027.951670
1742883027.980804
1742883028.017858
1742883028.052216
1742883028.084242
1742883028.115547
1742883028.152056
1742883028.185958
1742883028.218710
1742883028.247591
1742883028.285011
1742883028.319933
1742883028.350937
1742883028.382043
1742883028.418075
1742883028.454235
1742883028.484740
1742883028.514440
1742883028.551517
1742883028.587143
1742883028.618902
1742883028.647729
1742883028.685513
1742883028.719065
1742883028.751270
1742883028.781058
1742883028.819143
1742883028.851291
1742883028.886314
1742883028.914542
1742883028.951795
1742883028.986998
1742883029.018159
1742883029.048791
1742883029.084954
1742883029.118327
1742883029.153767
1742883029.181386
1742883029.217687
1742883029.253351
1742883029.284832
1742883029.321086
1742883029.355876
1742883029.390643
1742883029.418016
1742883029.450931
1742883029.491754
1742883029.517666
1742883029.556503
1742883029.582165
1742883029.627812
1742883029.649835
1742883029.692119
1742883029.714932
1742883029.762120
1742883029.783521
1742883029.822854
1742883029.850006
1742883029.889791
1742883029.920617
1742883029.960031
1742883029.981697
1742883030.026909
1742883030.050159
1742883030.095899
1742883030.114994
1742883030.161158
1742883030.183732
1742883030.222848
1742883030.250013
1742883030.291426
1742883030.317167
1742883030.359600
1742883030.382058
1742883030.428242
1742883030.450148
1742883030.493665
1742883030.515194
1742883030.562209
1742883030.583808
1742883030.629097
1742883030.648723
1742883030.695007
1742883030.716913
1742883030.763192
1742883030.782019
1742883030.827364
1742883030.850426
1742883030.896610
1742883030.915471
1742883030.962163
1742883030.983831
1742883031.028151
1742883031.048953
1742883031.095329
1742883031.117350
1742883031.160279
1742883031.182325
1742883031.230076
1742883031.250242
1742883031.294738
1742883031.315766
1742883031.356467
1742883031.387597
1742883031.428039
1742883031.449657
1742883031.495805
1742883031.517320
1742883031.553929
1742883031.585109
1742883031.621735
1742883031.661444
1742883031.684176
1742883031.726909
1742883031.750605
1742883031.796640
1742883031.817612
1742883031.858865
1742883031.884271
1742883031.926699
1742883031.950603
1742883031.986968
1742883032.025047
1742883032.052398
1742883032.094441
1742883032.116257
1742883032.163046
1742883032.184148
1742883032.230669
1742883032.249619
1742883032.297179
1742883032.317369
1742883032.362721
1742883032.383189
1742883032.430202
1742883032.450874
1742883032.496616
1742883032.516518
1742883032.562872
1742883032.584368
1742883032.627983
1742883032.659374
1742883032.683188
1742883032.730566
1742883032.751030
1742883032.791393
1742883032.818658
1742883032.855520
1742883032.890683
1742883032.924109
1742883032.960574
1742883032.983519
1742883033.029450
1742883033.051352
1742883033.097800
1742883033.117022
1742883033.164113
1742883033.184520
1742883033.230974
1742883033.250488
1742883033.296067
1742883033.318065
1742883033.363974
1742883033.383962
1742883033.430995
1742883033.450948
1742883033.494449
1742883033.517130
1742883033.564051
1742883033.584528
1742883033.631139
1742883033.650750
1742883033.694194
1742883033.720235
1742883033.762653
1742883033.784072
1742883033.829528
1742883033.851445
1742883033.898042
1742883033.917334
1742883033.963996
1742883033.984599
1742883034.031070
1742883034.050718
1742883034.097666
1742883034.117614
1742883034.162670
1742883034.183951
1742883034.230861
1742883034.251471
1742883034.298612
1742883034.317451
1742883034.362003
1742883034.384659
1742883034.431354
1742883034.450878
1742883034.492267
1742883034.524136
1742883034.553028
1742883034.592530
1742883034.618371
1742883034.661640
1742883034.685186
1742883034.723663
1742883034.756815
1742883034.788112
1742883034.830927
1742883034.851206
1742883034.898013
1742883034.918111
1742883034.964764
1742883034.984468
1742883035.028619
1742883035.051905
1742883035.096021
1742883035.117953
1742883035.155893
1742883035.194341
1742883035.219686
1742883035.260644
1742883035.285058
1742883035.331547
1742883035.351899
1742883035.390218
1742883035.422578
1742883035.461530
1742883035.485194
1742883035.525318
1742883035.553181
1742883035.594977
1742883035.621633
1742883035.659082
1742883035.685899
1742883035.727807
1742883035.752202
1742883035.796642
1742883035.818516
1742883035.863556
1742883035.885380
1742883035.927194
1742883035.952073
1742883035.999488
1742883036.018953
1742883036.059266
1742883036.085417
1742883036.132241
1742883036.152044
1742883036.190530
1742883036.221657
1742883036.263469
1742883036.285651
1742883036.323919
1742883036.357770
1742883036.398122
1742883036.419131
1742883036.460298
1742883036.485641
1742883036.529406
1742883036.555998
1742883036.589628
1742883036.629044
1742883036.655340
1742883036.699015
1742883036.718673
1742883036.762456
1742883036.785959
1742883036.828193
1742883036.852788
1742883036.899194
1742883036.919268
1742883036.966347
1742883036.985631
1742883037.032120
1742883037.052557
1742883037.099862
1742883037.118956
1742883037.166069
1742883037.186132
1742883037.231556
1742883037.252529
1742883037.299672
1742883037.319475
1742883037.365585
1742883037.385915
1742883037.432306
1742883037.453047
1742883037.499010
1742883037.519085
1742883037.565703
1742883037.586371
1742883037.632843
1742883037.652889
1742883037.700077
1742883037.720201
1742883037.763709
1742883037.786738
1742883037.828286
1742883037.861755
1742883037.892638
1742883037.920203
1742883037.963508
1742883037.989851
1742883038.031495
1742883038.052756
1742883038.099246
1742883038.120220
1742883038.164490
1742883038.185889
1742883038.228547
1742883038.255768
1742883038.298014
1742883038.319330
1742883038.365113
1742883038.386685
1742883038.428357
1742883038.452295
1742883038.488279
1742883038.524065
1742883038.557661
1742883038.586962
1742883038.632456
1742883038.653724
1742883038.700707
1742883038.719850
1742883038.767255
1742883038.787868
1742883038.829239
1742883038.853189
1742883038.897054
1742883038.922158
1742883038.965436
1742883038.986402
1742883039.030867
1742883039.055235
1742883039.097632
1742883039.119674
1742883039.166203
1742883039.188184
1742883039.232785
1742883039.253244
1742883039.300124
1742883039.321927
1742883039.365162
1742883039.386932
1742883039.432052
1742883039.454906
1742883039.498280
1742883039.520345
1742883039.567507
1742883039.588691
1742883039.629965
1742883039.654298
1742883039.697695
1742883039.724295
1742883039.766828
1742883039.786958
1742883039.830799
1742883039.858580
1742883039.900362
1742883039.920259
1742883039.967549
1742883039.989013
1742883040.030362
1742883040.053867
1742883040.097531
1742883040.124990
1742883040.167121
1742883040.187145
1742883040.232880
1742883040.255504
1742883040.298228
1742883040.320487
1742883040.367862
1742883040.387669
1742883040.426636
1742883040.456436
1742883040.499835
1742883040.522962
1742883040.565931
1742883040.587216
1742883040.629659
1742883040.656952
1742883040.699551
1742883040.720642
1742883040.764553
1742883040.792604
1742883040.832273
1742883040.854014
1742883040.901009
1742883040.922793
1742883040.966327
1742883040.998875
1742883041.020737
1742883041.066647
1742883041.090607
1742883041.133580
1742883041.156951
1742883041.190425
1742883041.230773
1742883041.259054
1742883041.300736
1742883041.321029
1742883041.367080
1742883041.390706
1742883041.433615
1742883041.454408
1742883041.497926
1742883041.524611
1742883041.567604
1742883041.587783
1742883041.633321
1742883041.657710
1742883041.701788
1742883041.721122
1742883041.768053
1742883041.791451
1742883041.833707
1742883041.854757
1742883041.901922
1742883041.924634
1742883041.967830
1742883041.988228
1742883042.035482
1742883042.058040
1742883042.100588
1742883042.121381
1742883042.169203
1742883042.190694
1742883042.235674
1742883042.254855
1742883042.297805
1742883042.327117
1742883042.366594
1742883042.388076
1742883042.431886
1742883042.459744
1742883042.499186
1742883042.521364
1742883042.567358
1742883042.591093
1742883042.635544
1742883042.654885
1742883042.698046
1742883042.725935
1742883042.765702
1742883042.788054
1742883042.829402
1742883042.858163
1742883042.898960
1742883042.921286
1742883042.967971
1742883042.989260
1742883043.034669
1742883043.054706
1742883043.097687
1742883043.124064
1742883043.165664
1742883043.188241
1742883043.234024
1742883043.258486
1742883043.299125
1742883043.321637
1742883043.365372
1742883043.391802
1742883043.433474
1742883043.455072
1742883043.498899
1742883043.525549
1742883043.559210
1742883043.599879
1742883043.622621
1742883043.660679
1742883043.697800
1742883043.726607
1742883043.766935
1742883043.788575
1742883043.835334
1742883043.857721
1742883043.892663
1742883043.932355
1742883043.959126
1742883043.988496
1742883044.031802
1742883044.057609
1742883044.099834
1742883044.122009
1742883044.165384
1742883044.192578
1742883044.234711
1742883044.255555
1742883044.298834
1742883044.326902
1742883044.360186
1742883044.388684
1742883044.427917
1742883044.464211
1742883044.498486
1742883044.522778
1742883044.569646
1742883044.590781
1742883044.634215
1742883044.655821
1742883044.700547
1742883044.723083
1742883044.759176
1742883044.788825
1742883044.834553
1742883044.859887
1742883044.897502
1742883044.922998
1742883044.970018
1742883044.992500
1742883045.033206
1742883045.056038
1742883045.100841
1742883045.125856
1742883045.167645
1742883045.189395
1742883045.233814
1742883045.257878
1742883045.302622
1742883045.322976
1742883045.370294
1742883045.392642
1742883045.434551
1742883045.456512
1742883045.503739
1742883045.526844
1742883045.567951
1742883045.589830
1742883045.635033
1742883045.661035
1742883045.702286
1742883045.723101
1742883045.770125
1742883045.793537
1742883045.834293
1742883045.856647
1742883045.902032
1742883045.926789
1742883045.968389
1742883045.989994
1742883046.035165
1742883046.060654
1742883046.100670
1742883046.123319
1742883046.169358
1742883046.191922
1742883046.233976
1742883046.256641
1742883046.303249
1742883046.327498
1742883046.366033
1742883046.390080
1742883046.437782
1742883046.459580
1742883046.498390
1742883046.526127
1742883046.567700
1742883046.596498
1742883046.633704
1742883046.657057
1742883046.702353
1742883046.728676
1742883046.765767
1742883046.790647
1742883046.834520
1742883046.863314
1742883046.902371
1742883046.923858
1742883046.969487
1742883046.994577
1742883047.033006
1742883047.057647
1742883047.103148
1742883047.128182
1742883047.168279
1742883047.190667
1742883047.236381
1742883047.260613
1742883047.299427
1742883047.324617
1742883047.366130
1742883047.397963
1742883047.434010
1742883047.457423
1742883047.503790
1742883047.528679
1742883047.567787
1742883047.591273
1742883047.633733
1742883047.664696
1742883047.700461
1742883047.726725
1742883047.765367
1742883047.800917
1742883047.829981
1742883047.865900
1742883047.895678
1742883047.931611
1742883047.967610
1742883047.993782
1742883048.031203
1742883048.066858
1742883048.097615
1742883048.128835
1742883048.166649
1742883048.197185
1742883048.232835
1742883048.259210
1742883048.300844
1742883048.330556
1742883048.366561
1742883048.395044
1742883048.432538
1742883048.467258
1742883048.498237
1742883048.530909
1742883048.566239
1742883048.599679
1742883048.632652
1742883048.661937
1742883048.699911
1742883048.731975
1742883048.767429
1742883048.792457
1742883048.834862
1742883048.861176
1742883048.900697
1742883048.925460
1742883048.969786
1742883048.996201
1742883049.035632
1742883049.058216
1742883049.100651
1742883049.129399
1742883049.169481
1742883049.191503
1742883049.235432
1742883049.264469
1742883049.301337
1742883049.335844
1742883049.358543
1742883049.401259
1742883049.431898
1742883049.466354
1742883049.498171
1742883049.529271
1742883049.570648
1742883049.596951
1742883049.635610
1742883049.658610
1742883049.701603
1742883049.731173
1742883049.769620
1742883049.791973
1742883049.833579
1742883049.865676
1742883049.901655
1742883049.927606
1742883049.967174
1742883049.999572
1742883050.034985
1742883050.062220
1742883050.100748
1742883050.133985
1742883050.168359
1742883050.194345
1742883050.233782
1742883050.265487
1742883050.301537
1742883050.329163
1742883050.369071
1742883050.398593
1742883050.434347
1742883050.463161
1742883050.500592
1742883050.532594
1742883050.564955
1742883050.597058
1742883050.633240
1742883050.668309
1742883050.698284
1742883050.732620
1742883050.766983
1742883050.802162
1742883050.832457
1742883050.863629
1742883050.900212
1742883050.934763
1742883050.964413
1742883050.997813
1742883051.034000
1742883051.065785
1742883051.102246
1742883051.126701
1742883051.169945
1742883051.197642
1742883051.235319
1742883051.262204
1742883051.302317
1742883051.331948
1742883051.368966
1742883051.397454
1742883051.434541
1742883051.468331
1742883051.500905
1742883051.530577
1742883051.569386
1742883051.599238
1742883051.635826
1742883051.664528
1742883051.701302
1742883051.735226
1742883051.768718
1742883051.797208
1742883051.833337
1742883051.868744
1742883051.899289
1742883051.932914
1742883051.964444
1742883052.000778
1742883052.033859
1742883052.062648
1742883052.102902
1742883052.132870
1742883052.165341
1742883052.193123
1742883052.237757
1742883052.264159
1742883052.304377
1742883052.326383
1742883052.369984
1742883052.399259
1742883052.435220
1742883052.459985
1742883052.500363
1742883052.532563
1742883052.564880
1742883052.597572
1742883052.636754
1742883052.664249
1742883052.703947
1742883052.726569
1742883052.770886
1742883052.797994
1742883052.836915
1742883052.860116
1742883052.904548
1742883052.931162
1742883052.970986
1742883052.993698
1742883053.036766
1742883053.065564
1742883053.102161
1742883053.127578
1742883053.168474
1742883053.200613
1742883053.234380
1742883053.261436
1742883053.303107
1742883053.332533
1742883053.367500
1742883053.395510
1742883053.436330
1742883053.465135
1742883053.503761
1742883053.527115
1742883053.569655
1742883053.599943
1742883053.633602
1742883053.663914
1742883053.701431
1742883053.735005
1742883053.770786
1742883053.794441
1742883053.835204
1742883053.869945
1742883053.900281
1742883053.931471
1742883053.968448
1742883054.002068
1742883054.037463
1742883054.060973
1742883054.104651
1742883054.133531
1742883054.166600
1742883054.196927
1742883054.238157
1742883054.264798
1742883054.304572
1742883054.327474
1742883054.368136
1742883054.402504
1742883054.437074
1742883054.461655
1742883054.501755
1742883054.536526
1742883054.567287
1742883054.598460
1742883054.635540
1742883054.668994
1742883054.703976
1742883054.727813
1742883054.771467
1742883054.799608
1742883054.835424
1742883054.862187
1742883054.903628
1742883054.935095
1742883054.970601
1742883054.994541
1742883055.036203
1742883055.067973
1742883055.103112
1742883055.129349
1742883055.170455
1742883055.196780
1742883055.238466
1742883055.261545
1742883055.305372
1742883055.333248
1742883055.369114
1742883055.396961
1742883055.435351
1742883055.469201
1742883055.504327
1742883055.528356
1742883055.570227
1742883055.598812
1742883055.640070
1742883055.661382
1742883055.702542
1742883055.735803
1742883055.770253
1742883055.795960
1742883055.836828
1742883055.867340
1742883055.903215
1742883055.932183
1742883055.970652
1742883056.001880
1742883056.037670
1742883056.065811
1742883056.104641
1742883056.132627
1742883056.173383
1742883056.195295
1742883056.236771
1742883056.268449
1742883056.304362
1742883056.328659
1742883056.370301
1742883056.398125
1742883056.435620
1742883056.463135
1742883056.505116
1742883056.534008
1742883056.570012
1742883056.595677
1742883056.637559
1742883056.670613
1742883056.704110
1742883056.729177
1742883056.771138
1742883056.799130
1742883056.837938
1742883056.862328
1742883056.904587
1742883056.933856
1742883056.974273
1742883056.995444
1742883057.037276
1742883057.068607
1742883057.104507
1742883057.129283
1742883057.170973
1742883057.200988
1742883057.237506
1742883057.263343
1742883057.305735
1742883057.332767
1742883057.370706
1742883057.396723
1742883057.439265
1742883057.466789
1742883057.505909
1742883057.529649
1742883057.573625
1742883057.599286
1742883057.638231
1742883057.670680
1742883057.696052
1742883057.737688
1742883057.772655
1742883057.800357
1742883057.840893
1742883057.865629
1742883057.904153
1742883057.937920
1742883057.972865
1742883057.996947
1742883058.039529
1742883058.068482
1742883058.107897
1742883058.132738
1742883058.174928
1742883058.198845
1742883058.236703
1742883058.267640
1742883058.303801
1742883058.339043
1742883058.370992
1742883058.397971
1742883058.440792
1742883058.465553
1742883058.505570
1742883058.529968
1742883058.575266
1742883058.599319
1742883058.637737
1742883058.666616
1742883058.707948
1742883058.732675
1742883058.775585
1742883058.796415
1742883058.842554
1742883058.866149
1742883058.907260
1742883058.931295
1742883058.967832
1742883059.007382
1742883059.034191
1742883059.071125
1742883059.102703
1742883059.139117
1742883059.167521
1742883059.203736
1742883059.237004
1742883059.265925
1742883059.307504
1742883059.330493
1742883059.376384
1742883059.400073
1742883059.441748
1742883059.464017
1742883059.507598
1742883059.534138
1742883059.573721
1742883059.599470
1742883059.643183
1742883059.666155
1742883059.708178
1742883059.731868
1742883059.771306
1742883059.807162
1742883059.834100
1742883059.874561
1742883059.899701
1742883059.942386
1742883059.965349
1742883060.006757
1742883060.033376
1742883060.076179
1742883060.100003
1742883060.140207
1742883060.166936
1742883060.205643
1742883060.240134
1742883060.263867
1742883060.307121
1742883060.333830
1742883060.374468
1742883060.397056
1742883060.440334
1742883060.467031
1742883060.509737
1742883060.530531
1742883060.574815
1742883060.600705
1742883060.643742
1742883060.663951
1742883060.710822
1742883060.733089
1742883060.772299
1742883060.800038
1742883060.838469
1742883060.872939
1742883060.902719
1742883060.933181
1742883060.976173
1742883060.999686
1742883061.040327
1742883061.064112
1742883061.110732
1742883061.133638
1742883061.172402
1742883061.198095
1742883061.243526
1742883061.266377
1742883061.308822
1742883061.330997
1742883061.377775
1742883061.399933
1742883061.444772
1742883061.464419
1742883061.510093
1742883061.531318
1742883061.567941
1742883061.598787
1742883061.635535
1742883061.673994
1742883061.700401
1742883061.735511
1742883061.772997
1742883061.804483
1742883061.837729
1742883061.867069
1742883061.907140
1742883061.935100
1742883061.974666
1742883061.998271
1742883062.045517
1742883062.066777
1742883062.108170
1742883062.131518
1742883062.177882
1742883062.200433
1742883062.239666
1742883062.265504
1742883062.312198
1742883062.333299
1742883062.374963
1742883062.398098
1742883062.443469
1742883062.467073
1742883062.510235
1742883062.531641
1742883062.577097
1742883062.600444
1742883062.642643
1742883062.665069
1742883062.711256
1742883062.733755
1742883062.778086
1742883062.798475
1742883062.845869
1742883062.866795
1742883062.910746
1742883062.931976
1742883062.979370
1742883063.000215
1742883063.043481
1742883063.065172
1742883063.111862
1742883063.133849
1742883063.173769
1742883063.198769
1742883063.245627
1742883063.267099
1742883063.306563
1742883063.332350
1742883063.378250
1742883063.400535
1742883063.445284
1742883063.465421
1742883063.512113
1742883063.533814
1742883063.579471
1742883063.599050
1742883063.645280
1742883063.667512
1742883063.710331
1742883063.732612
1742883063.780276
1742883063.800230
1742883063.846282
1742883063.866024
1742883063.913040
1742883063.933967
1742883063.979492
1742883063.999562
1742883064.046614
1742883064.067358
1742883064.113580
1742883064.132833
1742883064.179799
1742883064.200669
1742883064.247202
1742883064.266163
1742883064.311744
1742883064.334053
1742883064.380229
1742883064.399612
1742883064.446586
1742883064.466910
1742883064.513884
1742883064.532948
1742883064.579633
1742883064.600365
1742883064.647186
1742883064.666514
1742883064.713642
1742883064.733618
1742883064.779340
1742883064.799722
1742883064.847029
1742883064.867305
1742883064.913181
1742883064.933202
1742883064.980734
1742883065.000412
1742883065.045227
1742883065.066668
1742883065.113627
1742883065.134150
1742883065.179199
1742883065.199970
1742883065.246639
1742883065.267298
1742883065.313971
1742883065.333190
1742883065.377797
1742883065.401051
1742883065.446635
1742883065.466647
1742883065.512237
1742883065.534139
1742883065.581370
1742883065.600149
1742883065.647420
1742883065.667292
1742883065.711893
1742883065.733490
1742883065.780874
1742883065.800742
1742883065.847019
1742883065.866867
1742883065.910163
1742883065.935265
1742883065.981777
1742883066.005921
1742883066.033615
1742883066.080832
1742883066.101419
1742883066.147673
1742883066.168092
1742883066.206313
1742883066.240483
1742883066.277815
1742883066.301293
1742883066.343717
1742883066.367424
1742883066.411449
1742883066.435031
1742883066.468627
1742883066.509285
1742883066.535041
1742883066.580590
1742883066.600685
1742883066.644742
1742883066.668047
1742883066.714308
1742883066.734076
1742883066.780712
1742883066.801463
1742883066.845029
1742883066.867584
1742883066.913883
1742883066.934898
1742883066.980837
1742883067.000942
1742883067.047978
1742883067.067914
1742883067.113236
1742883067.134256
1742883067.180206
1742883067.201681
1742883067.248811
1742883067.267684
1742883067.314639
1742883067.334828
1742883067.381181
1742883067.401039
1742883067.447508
1742883067.468261
1742883067.512739
1742883067.534398
1742883067.579423
1742883067.601659
1742883067.648314
1742883067.667862
1742883067.714499
1742883067.735077
1742883067.778564
1742883067.801353
1742883067.847966
1742883067.868500
1742883067.912823
1742883067.934992
1742883067.980838
1742883068.001957
1742883068.047166
1742883068.068605
1742883068.114630
1742883068.135354
1742883068.181070
1742883068.201631
1742883068.245199
1742883068.269147
1742883068.314397
1742883068.335046
1742883068.379991
1742883068.402058
1742883068.448672
1742883068.468204
1742883068.507432
1742883068.539376
1742883068.579258
1742883068.601552
1742883068.648440
1742883068.668521
1742883068.714857
1742883068.734921
1742883068.780847
1742883068.802041
1742883068.845320
1742883068.868696
1742883068.915656
1742883068.935407
1742883068.980716
1742883069.001837
1742883069.048562
1742883069.068692
1742883069.115289
1742883069.135231
1742883069.180410
1742883069.202368
1742883069.248977
1742883069.268616
1742883069.310525
1742883069.335787
1742883069.381401
1742883069.401988
1742883069.449058
1742883069.469121
1742883069.516137
1742883069.535495
1742883069.581973
1742883069.602466
1742883069.647867
1742883069.668923
1742883069.712282
1742883069.736162
1742883069.780892
1742883069.803284
1742883069.849619
1742883069.869702
1742883069.913388
1742883069.936765
1742883069.979069
1742883070.002835
1742883070.047984
1742883070.069834
1742883070.115474
1742883070.136576
1742883070.181830
1742883070.202485
1742883070.249465
1742883070.270156
1742883070.314052
1742883070.335737
1742883070.379941
1742883070.403607
1742883070.445588
1742883070.469201
1742883070.512451
1742883070.540266
1742883070.580774
1742883070.602613
1742883070.646114
1742883070.673350
1742883070.715388
1742883070.735996
1742883070.781666
1742883070.803463
1742883070.849268
1742883070.869531
1742883070.913175
1742883070.938697
1742883070.983632
1742883071.003101
1742883071.046866
1742883071.072457
1742883071.114680
1742883071.136275
1742883071.177770
1742883071.205617
1742883071.247697
1742883071.269672
1742883071.313459
1742883071.340720
1742883071.382960
1742883071.403038
1742883071.446388
1742883071.472756
1742883071.514146
1742883071.537574
1742883071.579469
1742883071.609230
1742883071.648801
1742883071.669955
1742883071.714764
1742883071.738445
1742883071.781145
1742883071.803621
1742883071.847104
1742883071.873711
1742883071.915813
1742883071.936704
1742883071.979939
1742883072.007538
1742883072.049345
1742883072.070102
1742883072.117550
1742883072.137931
1742883072.180628
1742883072.203741
1742883072.248470
1742883072.272171
1742883072.315444
1742883072.336974
1742883072.382051
1742883072.405298
1742883072.448206
1742883072.470202
1742883072.513788
1742883072.540575
1742883072.583487
1742883072.603744
1742883072.647669
1742883072.673804
1742883072.715485
1742883072.737062
1742883072.782307
1742883072.805803
1742883072.850024
1742883072.870520
1742883072.915959
1742883072.939593
1742883072.984081
1742883073.003942
1742883073.048537
1742883073.075506
1742883073.117510
1742883073.137324
1742883073.183926
1742883073.205338
1742883073.250840
1742883073.270686
1742883073.318151
1742883073.339689
1742883073.382553
1742883073.403891
1742883073.449932
1742883073.473090
1742883073.516121
1742883073.537345
1742883073.584241
1742883073.606970
1742883073.649493
1742883073.670751
1742883073.716015
1742883073.739734
1742883073.783872
1742883073.804222
1742883073.848267
1742883073.873474
1742883073.918064
1742883073.937772
1742883073.985505
1742883074.006917
1742883074.051977
1742883074.071227
1742883074.115867
1742883074.140616
1742883074.183705
1742883074.204581
1742883074.251781
1742883074.273797
1742883074.317901
1742883074.345585
1742883074.371320
1742883074.415099
1742883074.442061
1742883074.482754
1742883074.507753
1742883074.542107
1742883074.582958
1742883074.606586
1742883074.646352
1742883074.674215
1742883074.714921
1742883074.744260
1742883074.781764
1742883074.804948
1742883074.848294
1742883074.877714
1742883074.916405
1742883074.938303
1742883074.984421
1742883075.007440
1742883075.051530
1742883075.071814
1742883075.118691
1742883075.142105
1742883075.183820
1742883075.204925
1742883075.252537
1742883075.274747
1742883075.315971
1742883075.338483
1742883075.385615
1742883075.409052
1742883075.449841
1742883075.471700
1742883075.518970
1742883075.542365
1742883075.584315
1742883075.605201
1742883075.649804
1742883075.676992
1742883075.718290
1742883075.738638
1742883075.785503
1742883075.809138
1742883075.851400
1742883075.872115
1742883075.915529
1742883075.944654
1742883075.982387
1742883076.009179
1742883076.049891
1742883076.077460
1742883076.117974
1742883076.140149
1742883076.179869
1742883076.213574
1742883076.249207
1742883076.274619
1742883076.316836
1742883076.344616
1742883076.383862
1742883076.405512
1742883076.449191
1742883076.473890
1742883076.516446
1742883076.538832
1742883076.585086
1742883076.609900
1742883076.649466
1742883076.672200
1742883076.718147
1742883076.742562
1742883076.784530
1742883076.805663
1742883076.849108
1742883076.878126
1742883076.917561
1742883076.939054
1742883076.982391
1742883077.012225
1742883077.049980
1742883077.072584
1742883077.117379
1742883077.142654
1742883077.184046
1742883077.205779
1742883077.252910
1742883077.272442
1742883077.319610
1742883077.339488
1742883077.379732
1742883077.415750
1742883077.445459
1742883077.475992
1742883077.517664
1742883077.544204
1742883077.582270
1742883077.606199
1742883077.650474
1742883077.674363
1742883077.719274
1742883077.739539
1742883077.784042
1742883077.810180
1742883077.848377
1742883077.873052
1742883077.917204
1742883077.944572
1742883077.984748
1742883078.006284
1742883078.053081
1742883078.078062
1742883078.115210
1742883078.143994
1742883078.183174
1742883078.212707
1742883078.249930
1742883078.273326
1742883078.320158
1742883078.344312
1742883078.384600
1742883078.406667
1742883078.452871
1742883078.477832
1742883078.516027
1742883078.540322
1742883078.583191
1742883078.612880
1742883078.648786
1742883078.674502
1742883078.719937
1742883078.744623
1742883078.782911
1742883078.807349
1742883078.851364
1742883078.878615
1742883078.916560
1742883078.940405
1742883078.985973
1742883079.010958
1742883079.051838
1742883079.073460
1742883079.119458
1742883079.144759
1742883079.183349
1742883079.206895
1742883079.254587
1742883079.277297
1742883079.315550
1742883079.340379
1742883079.387461
1742883079.410871
1742883079.448912
1742883079.476262
1742883079.518175
1742883079.547641
1742883079.576316
1742883079.618236
1742883079.646698
1742883079.686299
1742883079.707416
1742883079.753475
1742883079.778854
1742883079.818947
1742883079.840640
1742883079.886408
1742883079.911959
1742883079.951217
1742883079.974146
1742883080.020200
1742883080.045592
1742883080.085565
1742883080.108243
1742883080.153475
1742883080.178844
1742883080.217173
1742883080.245455
1742883080.281308
1742883080.317522
1742883080.347163
1742883080.382078
1742883080.412774
1742883080.453347
1742883080.478543
1742883080.514235
1742883080.548996
1742883080.583742
1742883080.614202
1742883080.645538
1742883080.682760
1742883080.714453
1742883080.750591
1742883080.775858
1742883080.817590
1742883080.847484
1742883080.884595
1742883080.909578
1742883080.951471
1742883080.980962
1742883081.017941
1742883081.041343
1742883081.084349
1742883081.113731
1742883081.151762
1742883081.174961
1742883081.218305
1742883081.247820
1742883081.284043
1742883081.308205
1742883081.352614
1742883081.381042
1742883081.417475
1742883081.444394
1742883081.483179
1742883081.513921
1742883081.551093
1742883081.577940
1742883081.618202
1742883081.647496
1742883081.685626
1742883081.708912
1742883081.752180
1742883081.780711
1742883081.818895
1742883081.843568
1742883081.880408
1742883081.919852
1742883081.946606
1742883081.983091
1742883082.014870
1742883082.051117
1742883082.083451
1742883082.109893
1742883082.152348
1742883082.181638
1742883082.217531
1742883082.246919
1742883082.282945
1742883082.314961
1742883082.350866
1742883082.377823
1742883082.419230
1742883082.446611
1742883082.487555
1742883082.508759
1742883082.551650
1742883082.580334
1742883082.620162
1742883082.648912
1742883082.684774
1742883082.708683
1742883082.752794
1742883082.782303
1742883082.817794
1742883082.849559
1742883082.876823
1742883082.919212
1742883082.947827
1742883082.984585
1742883083.011394
1742883083.050992
1742883083.079816
1742883083.121427
1742883083.142461
1742883083.186423
1742883083.212917
1742883083.254165
1742883083.275905
1742883083.318004
1742883083.348754
1742883083.384491
1742883083.409023
1742883083.452098
1742883083.478214
1742883083.517850
1742883083.542657
1742883083.584765
1742883083.614349
1742883083.649401
1742883083.680355
1742883083.716787
1742883083.750349
1742883083.783681
1742883083.813031
1742883083.853464
1742883083.880619
1742883083.921744
1742883083.942771
1742883083.985810
1742883084.015817
1742883084.052124
1742883084.076567
1742883084.116805
1742883084.150420
1742883084.183732
1742883084.211728
1742883084.252314
1742883084.283529
1742883084.317428
1742883084.343878
1742883084.384522
1742883084.416596
1742883084.449219
1742883084.476739
1742883084.518681
1742883084.548023
1742883084.585747
1742883084.609804
1742883084.650883
1742883084.681979
1742883084.720411
1742883084.743018
1742883084.785885
1742883084.815456
1742883084.852088
1742883084.876673
1742883084.917822
1742883084.949624
1742883084.986653
1742883085.010042
1742883085.052412
1742883085.084552
1742883085.118736
1742883085.144027
1742883085.183649
1742883085.219330
1742883085.250705
1742883085.278535
1742883085.318837
1742883085.350573
1742883085.385896
1742883085.410116
1742883085.448010
1742883085.483854
1742883085.516475
1742883085.546719
1742883085.587908
1742883085.615024
1742883085.647558
1742883085.687411
1742883085.713578
1742883085.753659
1742883085.777477
1742883085.817235
1742883085.850423
1742883085.883738
1742883085.915013
1742883085.950938
1742883085.984209
1742883086.017484
1742883086.048159
1742883086.084473
1742883086.116790
1742883086.150561
1742883086.180585
1742883086.220688
1742883086.249478
1742883086.284643
1742883086.312998
1742883086.353477
1742883086.380331
1742883086.416394
1742883086.449337
1742883086.486236
1742883086.517126
1742883086.549884
1742883086.581493
1742883086.619581
1742883086.648355
1742883086.688377
1742883086.710827
1742883086.750400
1742883086.783944
1742883086.819770
1742883086.844738
1742883086.885697
1742883086.917713
1742883086.953704
1742883086.977718
1742883087.018625
1742883087.052911
1742883087.083521
1742883087.112176
1742883087.155114
1742883087.182798
1742883087.218554
1742883087.245027
1742883087.284220
1742883087.317605
1742883087.351898
1742883087.381250
1742883087.420155
1742883087.449987
1742883087.484601
1742883087.514897
1742883087.556308
1742883087.581182
1742883087.621450
1742883087.644597
1742883087.685403
1742883087.719752
1742883087.749569
1742883087.781545
1742883087.822095
1742883087.850349
1742883087.887205
1742883087.911508
1742883087.951415
1742883087.986599
1742883088.018057
1742883088.049548
1742883088.088648
1742883088.118083
1742883088.154334
1742883088.181263
1742883088.222598
1742883088.249201
1742883088.287924
1742883088.313252
1742883088.355376
1742883088.384438
1742883088.419811
1742883088.446515
1742883088.488436
1742883088.517927
1742883088.552459
1742883088.579353
1742883088.620865
1742883088.649050
1742883088.688939
1742883088.711747
1742883088.753139
1742883088.784742
1742883088.821565
1742883088.846061
1742883088.887836
1742883088.917684
1742883088.955439
1742883088.978703
1742883089.020411
1742883089.052256
1742883089.081940
1742883089.118174
1742883089.152471
1742883089.187078
1742883089.221676
1742883089.245498
1742883089.287773
1742883089.317669
1742883089.353965
1742883089.381487
1742883089.423004
1742883089.449657
1742883089.487596
1742883089.512375
1742883089.554805
1742883089.585043
1742883089.621428
1742883089.645513
1742883089.687562
1742883089.716967
1742883089.756849
1742883089.778772
1742883089.821262
1742883089.851381
1742883089.890172
1742883089.912246
1742883089.957062
1742883089.982624
1742883090.020157
1742883090.046470
1742883090.090126
1742883090.116080
1742883090.156194
1742883090.180057
1742883090.223044
1742883090.250186
1742883090.288716
1742883090.313093
1742883090.355297
1742883090.385468
1742883090.423769
1742883090.445890
1742883090.488537
1742883090.518198
1742883090.556905
1742883090.579218
1742883090.621760
1742883090.649764
1742883090.690340
1742883090.712656
1742883090.754335
1742883090.784051
1742883090.822411
1742883090.846123
1742883090.890577
1742883090.916280
1742883090.957022
1742883090.984270
1742883091.024409
1742883091.046466
1742883091.083974
1742883091.123674
1742883091.150489
1742883091.191271
1742883091.212939
1742883091.257295
1742883091.282924
1742883091.324843
1742883091.346319
1742883091.392996
1742883091.416153
1742883091.459176
1742883091.479644
1742883091.524019
1742883091.547372
1742883091.583722
1742883091.613697
1742883091.650000
1742883091.688565
1742883091.723448
1742883091.746622
1742883091.789782
1742883091.818628
1742883091.856446
1742883091.881337
1742883091.922169
1742883091.955275
1742883091.990505
1742883092.015807
1742883092.057352
1742883092.084043
1742883092.125640
1742883092.148895
1742883092.187407
1742883092.223605
1742883092.250395
1742883092.284496
1742883092.324425
1742883092.350113
1742883092.391036
1742883092.413621
1742883092.456949
1742883092.483544
1742883092.524786
1742883092.546960
1742883092.590156
1742883092.616986
1742883092.652252
1742883092.684073
1742883092.723773
1742883092.750325
1742883092.788737
1742883092.815093
1742883092.854023
1742883092.891220
1742883092.917371
1742883092.952182
1742883092.988425
1742883093.023771
1742883093.050757
1742883093.084681
1742883093.123158
1742883093.152493
1742883093.191402
1742883093.213957
1742883093.257166
1742883093.283899
1742883093.321868
1742883093.348355
1742883093.393702
1742883093.416929
1742883093.459049
1742883093.480713
1742883093.526337
1742883093.550202
1742883093.589071
1742883093.614598
1742883093.661846
1742883093.683071
1742883093.724498
1742883093.747710
1742883093.795154
1742883093.816808
1742883093.857435
1742883093.881180
1742883093.928436
1742883093.949990
1742883093.994571
1742883094.014509
1742883094.059707
1742883094.083557
1742883094.124230
1742883094.150298
1742883094.193350
1742883094.216223
1742883094.255533
1742883094.286195
1742883094.325282
1742883094.351005
1742883094.392745
1742883094.414796
1742883094.460161
1742883094.483699
1742883094.525456
1742883094.548182
1742883094.594663
1742883094.616936
1742883094.659183
1742883094.681403
1742883094.727923
1742883094.750200
1742883094.789493
1742883094.815819
1742883094.861621
1742883094.883570
1742883094.928055
1742883094.948579
1742883094.995099
1742883095.017083
1742883095.056671
1742883095.083207
1742883095.122429
1742883095.157748
1742883095.184633
1742883095.219589
1742883095.259182
1742883095.284874
1742883095.327091
1742883095.348517
1742883095.393489
1742883095.417157
1742883095.459538
1742883095.481891
1742883095.529261
1742883095.549917
1742883095.596904
1742883095.615327
1742883095.661640
1742883095.683933
1742883095.727110
1742883095.748622
1742883095.794700
1742883095.816627
1742883095.863100
1742883095.882186
1742883095.929136
1742883095.950435
1742883095.990292
1742883096.015937
1742883096.063371
1742883096.083440
1742883096.128437
1742883096.149090
1742883096.193078
1742883096.217807
1742883096.259528
1742883096.282377
1742883096.326846
1742883096.351712
1742883096.394010
1742883096.415767
1742883096.462475
1742883096.484110
1742883096.527162
1742883096.549160
1742883096.594954
1742883096.617632
1742883096.659177
1742883096.682539
1742883096.728708
1742883096.750733
1742883096.796654
1742883096.816082
1742883096.863416
1742883096.883322
1742883096.929325
1742883096.949546
1742883096.997521
1742883097.017001
1742883097.063135
1742883097.082980
1742883097.128551
1742883097.150885
1742883097.193418
1742883097.216353
1742883097.263637
1742883097.283714
1742883097.327896
1742883097.349543
1742883097.397078
1742883097.417020
1742883097.459248
1742883097.483298
1742883097.528718
1742883097.550739
1742883097.593975
1742883097.616708
1742883097.663522
1742883097.684049
1742883097.727956
1742883097.750012
1742883097.796992
1742883097.817554
1742883097.863409
1742883097.883245
1742883097.929275
1742883097.951184
1742883097.998070
1742883098.016752
1742883098.063030
1742883098.084703
1742883098.126720
1742883098.150360
1742883098.194068
1742883098.217883
1742883098.263249
1742883098.283728
1742883098.326111
1742883098.352450
1742883098.393853
1742883098.417079
1742883098.464251
1742883098.484109
1742883098.529395
1742883098.550325
1742883098.597010
1742883098.617983
1742883098.664406
1742883098.683712
1742883098.729737
1742883098.751056
1742883098.794316
1742883098.816902
1742883098.864134
1742883098.884339
1742883098.927535
1742883098.950516
1742883098.996862
1742883099.017992
1742883099.064653
1742883099.083910
1742883099.125816
1742883099.152399
1742883099.193592
1742883099.217825
1742883099.261063
1742883099.286728
1742883099.325751
1742883099.363291
1742883099.384348
1742883099.427740
1742883099.451682
1742883099.498613
1742883099.518040
1742883099.554782
1742883099.592794
1742883099.618478
1742883099.665658
1742883099.684335
1742883099.730045
1742883099.751246
1742883099.798147
1742883099.817720
1742883099.861107
1742883099.884883
1742883099.931158
1742883099.951102
1742883099.994475
1742883100.020588
1742883100.064825
1742883100.084457
1742883100.131483
1742883100.151577
1742883100.198596
1742883100.217992
1742883100.265291
1742883100.284896
1742883100.332092
1742883100.351356
1742883100.398318
1742883100.418207
1742883100.465658
1742883100.484775
1742883100.528643
1742883100.551778
1742883100.598790
1742883100.618054
1742883100.665499
1742883100.684806
1742883100.731653
1742883100.751395
1742883100.797703
1742883100.818592
1742883100.863394
1742883100.884812
1742883100.929959
1742883100.952070
1742883100.997558
1742883101.018243
1742883101.064625
1742883101.085402
1742883101.129548
1742883101.151640
1742883101.195293
1742883101.220321
1742883101.264498
1742883101.285135
1742883101.330587
1742883101.352028
1742883101.398941
1742883101.418547
1742883101.464988
1742883101.485380
1742883101.529288
1742883101.551812
1742883101.595143
1742883101.619372
1742883101.664417
1742883101.685272
1742883101.732262
1742883101.752078
1742883101.799566
1742883101.818658
1742883101.862108
1742883101.888785
1742883101.931946
1742883101.952172
1742883101.999025
1742883102.019265
1742883102.065875
1742883102.085464
1742883102.125373
1742883102.158373
1742883102.197205
1742883102.218902
1742883102.262464
1742883102.288951
1742883102.330304
1742883102.352483
1742883102.399463
1742883102.419425
1742883102.466504
1742883102.485655
1742883102.531999
1742883102.552927
1742883102.597286
1742883102.619111
1742883102.662663
1742883102.686263
1742883102.732353
1742883102.752495
1742883102.795640
1742883102.819830
1742883102.866158
1742883102.886039
1742883102.933346
1742883102.953486
1742883102.996184
1742883103.019269
1742883103.062440
1742883103.086977
1742883103.131177
1742883103.152704
1742883103.198423
1742883103.220489
1742883103.266900
1742883103.286186
1742883103.333468
1742883103.353511
1742883103.397181
1742883103.419350
1742883103.463096
1742883103.487310
1742883103.531777
1742883103.552879
1742883103.596939
1742883103.621185
1742883103.666218
1742883103.686295
1742883103.733216
1742883103.753831
1742883103.797169
1742883103.819661
1742883103.867355
1742883103.887754
1742883103.934135
1742883103.953285
1742883104.000562
1742883104.021382
1742883104.064687
1742883104.086522
1742883104.129337
1742883104.155846
1742883104.194903
1742883104.221378
1742883104.267573
1742883104.288290
1742883104.331164
1742883104.353291
1742883104.397364
1742883104.423483
1742883104.464842
1742883104.486873
1742883104.530544
1742883104.556976
1742883104.600125
1742883104.620130
1742883104.664284
1742883104.688180
1742883104.732958
1742883104.753504
1742883104.800516
1742883104.819669
1742883104.856086
1742883104.889623
1742883104.929541
1742883104.956479
1742883104.996151
1742883105.020448
1742883105.063384
1742883105.092265
1742883105.133333
1742883105.153703
1742883105.196424
1742883105.224114
1742883105.267135
1742883105.287242
1742883105.332176
1742883105.356565
1742883105.399327
1742883105.420543
1742883105.464262
1742883105.491513
1742883105.533647
1742883105.553967
1742883105.598957
1742883105.621762
1742883105.665410
1742883105.687332
1742883105.731870
1742883105.759565
1742883105.800908
1742883105.820664
1742883105.864102
1742883105.891063
1742883105.930627
1742883105.954219
1742883105.997931
1742883106.026260
1742883106.067785
1742883106.087516
1742883106.132310
1742883106.156987
1742883106.196978
1742883106.221529
1742883106.266499
1742883106.290089
1742883106.331554
1742883106.355679
1742883106.396959
1742883106.427888
1742883106.464507
1742883106.488258
1742883106.534750
1742883106.556642
1742883106.601759
1742883106.621103
1742883106.668356
1742883106.690153
1742883106.731740
1742883106.754338
1742883106.798870
1742883106.824314
1742883106.866008
1742883106.887806
1742883106.932994
1742883106.957547
1742883107.000197
1742883107.021340
1742883107.063824
1742883107.094420
1742883107.131239
1742883107.155013
1742883107.198316
1742883107.225747
1742883107.267563
1742883107.288085
1742883107.331367
1742883107.360033
1742883107.400983
1742883107.421456
1742883107.468915
1742883107.490468
1742883107.532728
1742883107.554835
1742883107.598182
1742883107.626724
1742883107.667867
1742883107.698016
1742883107.721622
1742883107.765288
1742883107.794403
1742883107.832014
1742883107.861025
1742883107.892697
1742883107.933703
1742883107.957590
1742883108.001871
1742883108.021890
1742883108.067742
1742883108.092304
1742883108.134524
1742883108.155331
1742883108.199060
1742883108.225547
1742883108.266867
1742883108.288597
1742883108.331875
1742883108.359872
1742883108.401806
1742883108.421950
1742883108.465517
1742883108.493662
1742883108.531513
1742883108.555268
1742883108.597548
1742883108.627767
1742883108.666008
1742883108.688642
1742883108.732371
1742883108.761909
1742883108.798663
1742883108.822018
1742883108.869864
1742883108.892759
1742883108.934901
1742883108.955464
1742883108.999175
1742883109.027388
1742883109.066666
1742883109.088820
1742883109.132253
1742883109.162319
1742883109.200295
1742883109.222579
1742883109.266091
1742883109.295321
1742883109.331877
1742883109.355705
1742883109.399549
1742883109.428302
1742883109.465413
1742883109.489045
1742883109.535630
1742883109.559179
1742883109.601050
1742883109.622387
1742883109.665878
1742883109.694066
1742883109.731890
1742883109.755865
1742883109.799328
1742883109.826784
1742883109.868580
1742883109.889311
1742883109.936531
1742883109.960062
1742883110.001028
1742883110.022909
1742883110.067559
1742883110.094169
1742883110.135014
1742883110.156431
1742883110.203366
1742883110.226682
1742883110.268692
1742883110.289909
1742883110.335527
1742883110.360879
1742883110.402109
1742883110.422956
1742883110.467650
1742883110.494404
1742883110.535488
1742883110.556390
1742883110.603695
1742883110.626181
1742883110.666242
1742883110.689669
1742883110.735918
1742883110.760700
1742883110.798823
1742883110.823054
1742883110.870106
1742883110.894062
1742883110.935955
1742883110.956480
1742883111.001854
1742883111.027336
1742883111.065306
1742883111.091074
1742883111.135871
1742883111.160950
1742883111.196315
1742883111.229145
1742883111.264043
1742883111.299116
1742883111.328729
1742883111.359244
1742883111.400255
1742883111.429553
1742883111.466548
1742883111.489982
1742883111.536070
1742883111.560832
1742883111.599843
1742883111.623391
1742883111.667617
1742883111.696557
1742883111.735052
1742883111.756919
1742883111.804361
1742883111.826965
1742883111.868402
1742883111.890454
1742883111.932670
1742883111.964196
1742883111.999900
1742883112.025175
1742883112.067533
1742883112.096942
1742883112.129956
1742883112.162272
1742883112.198847
1742883112.232712
1742883112.261926
1742883112.295767
1742883112.331443
1742883112.367502
1742883112.397415
1742883112.426065
1742883112.467416
1742883112.496274
1742883112.535430
1742883112.557488
1742883112.602993
1742883112.628960
1742883112.668303
1742883112.690811
1742883112.736800
1742883112.762238
1742883112.802309
1742883112.824339
1742883112.870893
1742883112.894770
1742883112.936071
1742883112.957780
1742883113.000683
1742883113.031630
1742883113.067636
1742883113.091231
1742883113.136970
1742883113.162009
1742883113.202923
1742883113.224374
1742883113.270977
1742883113.294549
1742883113.335758
1742883113.357811
1742883113.404176
1742883113.428716
1742883113.470175
1742883113.491153
1742883113.538489
1742883113.562085
1742883113.603367
1742883113.624751
1742883113.667368
1742883113.696913
1742883113.736411
1742883113.758239
1742883113.801144
1742883113.830428
1742883113.869397
1742883113.893248
1742883113.934832
1742883113.964306
1742883114.000834
1742883114.027650
1742883114.065281
1742883114.095925
1742883114.137061
1742883114.158227
1742883114.203887
1742883114.229790
1742883114.269724
1742883114.291988
1742883114.335127
1742883114.365001
1742883114.400676
1742883114.428961
1742883114.466965
1742883114.496944
1742883114.536603
1742883114.558723
1742883114.601225
1742883114.632541
1742883114.666209
1742883114.692087
1742883114.734880
1742883114.764519
1742883114.800769
1742883114.825303
1742883114.867767
1742883114.897690
1742883114.935065
1742883114.958536
1742883115.001313
1742883115.033183
1742883115.065136
1742883115.093391
1742883115.134855
1742883115.166138
1742883115.198785
1742883115.230162
1742883115.268406
1742883115.297950
1742883115.335668
1742883115.359106
1742883115.401249
1742883115.433815
1742883115.465795
1742883115.494383
1742883115.533193
1742883115.566430
1742883115.598353
1742883115.629991
1742883115.669349
1742883115.695976
1742883115.736912
1742883115.758977
1742883115.799251
1742883115.833228
1742883115.867978
1742883115.892475
1742883115.934910
1742883115.965524
1742883116.001177
1742883116.035760
1742883116.059281
1742883116.104459
1742883116.128989
1742883116.170028
1742883116.198219
1742883116.234958
1742883116.264366
1742883116.301638
1742883116.335627
1742883116.364596
1742883116.400831
1742883116.435125
1742883116.468378
1742883116.497009
1742883116.533940
1742883116.567545
1742883116.600913
1742883116.626920
1742883116.669026
1742883116.698610
1742883116.733984
1742883116.761592
1742883116.801162
1742883116.831853
1742883116.868790
1742883116.893147
1742883116.938008
1742883116.963900
1742883117.004934
1742883117.026381
1742883117.068737
1742883117.099851
1742883117.131379
1742883117.164049
1742883117.201322
1742883117.234201
1742883117.269563
1742883117.295094
1742883117.336186
1742883117.366406
1742883117.402659
1742883117.428584
1742883117.469153
1742883117.500666
1742883117.535438
1742883117.560890
1742883117.601949
1742883117.633847
1742883117.666131
1742883117.694120
1742883117.732895
1742883117.768250
1742883117.800918
1742883117.826634
1742883117.865481
1742883117.902709
1742883117.932559
1742883117.961328
1742883118.000838
1742883118.036029
1742883118.066804
1742883118.098114
1742883118.135426
1742883118.168172
1742883118.201906
1742883118.230057
1742883118.270469
1742883118.298484
1742883118.337292
1742883118.360321
1742883118.396916
1742883118.433619
1742883118.468864
1742883118.493877
1742883118.534473
1742883118.569028
1742883118.603136
1742883118.627156
1742883118.666374
1742883118.702224
1742883118.736181
1742883118.760744
1742883118.801633
1742883118.834429
1742883118.868346
1742883118.895571
1742883118.933905
1742883118.968963
1742883119.001434
1742883119.031100
1742883119.070821
1742883119.099221
1742883119.136217
1742883119.164011
1742883119.203056
1742883119.232258
1742883119.271224
1742883119.294177
1742883119.334633
1742883119.368200
1742883119.403441
1742883119.427556
1742883119.471362
1742883119.499754
1742883119.534173
1742883119.561320
1742883119.602400
1742883119.635165
1742883119.670481
1742883119.694410
1742883119.733527
1742883119.766590
1742883119.800559
1742883119.829535
1742883119.870904
1742883119.899485
1742883119.933420
1742883119.965589
1742883120.005173
1742883120.033150
1742883120.066992
1742883120.099232
1742883120.138061
1742883120.166951
1742883120.202144
1742883120.233228
1742883120.269419
1742883120.300732
1742883120.336281
1742883120.363299
1742883120.405101
1742883120.433711
1742883120.469687
1742883120.495020
1742883120.536288
1742883120.568665
1742883120.601796
1742883120.629669
1742883120.671309
1742883120.700623
1742883120.735669
1742883120.764360
1742883120.805284
1742883120.833322
1742883120.868586
1742883120.898623
1742883120.938180
1742883120.966166
1742883121.006647
1742883121.028409
1742883121.070008
1742883121.100865
1742883121.137375
1742883121.162887
1742883121.205381
1742883121.234805
1742883121.270679
1742883121.296103
1742883121.337291
1742883121.371195
1742883121.401483
1742883121.432140
1742883121.473676
1742883121.499380
1742883121.535773
1742883121.562269
1742883121.598819
1742883121.634046
1742883121.669703
1742883121.698877
1742883121.740281
1742883121.766059
1742883121.807039
1742883121.828825
1742883121.870750
1742883121.901669
1742883121.937734
1742883121.962310
1742883122.002818
1742883122.035189
1742883122.068980
1742883122.099769
1742883122.139452
1742883122.168846
1742883122.205541
1742883122.231469
1742883122.273191
1742883122.299959
1742883122.338763
1742883122.365957
1742883122.407374
1742883122.432555
1742883122.473833
1742883122.496005
1742883122.539204
1742883122.568287
1742883122.605625
1742883122.629210
1742883122.672247
1742883122.701526
1742883122.737934
1742883122.762464
1742883122.805027
1742883122.834113
1742883122.873803
1742883122.895799
1742883122.939130
1742883122.968649
1742883123.006014
1742883123.029407
1742883123.074960
1742883123.099312
1742883123.140084
1742883123.162558
1742883123.205237
1742883123.235539
1742883123.273519
1742883123.296096
1742883123.339518
1742883123.369484
1742883123.404772
1742883123.429715
1742883123.474454
1742883123.499396
1742883123.540038
1742883123.562794
1742883123.605086
1742883123.635399
1742883123.672784
1742883123.696506
1742883123.739718
1742883123.768226
1742883123.809561
1742883123.829671
1742883123.875046
1742883123.899439
1742883123.941462
1742883123.963072
1742883124.009167
1742883124.032752
1742883124.073528
1742883124.096555
1742883124.139917
1742883124.168995
1742883124.209910
1742883124.229911
1742883124.275239
1742883124.299469
1742883124.337238
1742883124.375510
1742883124.396947
1742883124.440545
1742883124.467640
1742883124.508827
1742883124.533449
1742883124.572508
1742883124.601570
1742883124.642468
1742883124.666713
1742883124.701665
1742883124.738465
1742883124.769648
1742883124.808179
1742883124.830171
1742883124.872503
1742883124.901952
1742883124.940036
1742883124.963463
1742883125.007559
1742883125.033477
1742883125.071177
1742883125.097124
1742883125.140503
1742883125.166783
1742883125.208204
1742883125.230329
1742883125.274395
1742883125.300476
1742883125.342342
1742883125.363733
1742883125.410713
1742883125.433424
1742883125.473945
1742883125.497082
1742883125.540526
1742883125.567194
1742883125.608760
1742883125.630547
1742883125.672370
1742883125.704225
1742883125.738998
1742883125.765155
1742883125.809972
1742883125.833403
1742883125.873216
1742883125.897376
1742883125.942715
1742883125.966931
1742883126.009388
1742883126.031486
1742883126.077970
1742883126.099477
1742883126.144157
1742883126.164167
1742883126.208591
1742883126.233486
1742883126.269633
1742883126.301916
1742883126.342650
1742883126.367114
1742883126.406380
1742883126.433008
1742883126.470592
1742883126.507605
1742883126.534509
1742883126.574564
1742883126.599603
1742883126.637597
1742883126.673276
1742883126.699887
1742883126.737865
1742883126.775962
1742883126.800360
1742883126.835038
1742883126.869257
1742883126.910777
1742883126.933691
1742883126.969053
1742883127.006284
1742883127.036878
1742883127.076848
1742883127.098036
1742883127.141944
1742883127.167506
1742883127.210675
1742883127.231600
1742883127.275490
1742883127.301280
1742883127.340819
1742883127.365575
1742883127.411527
1742883127.433839
1742883127.477100
1742883127.498323
1742883127.543989
1742883127.566552
1742883127.613180
1742883127.631772
1742883127.679090
1742883127.699516
1742883127.746388
1742883127.765229
1742883127.812222
1742883127.833659
1742883127.880030
1742883127.898778
1742883127.945823
1742883127.967182
1742883128.013055
1742883128.032272
1742883128.079422
1742883128.100650
1742883128.145073
1742883128.165453
1742883128.212745
1742883128.233850
1742883128.280000
1742883128.299216
1742883128.346167
1742883128.366898
1742883128.412815
1742883128.432254
1742883128.479694
1742883128.500173
1742883128.545624
1742883128.565944
1742883128.612836
1742883128.634046
1742883128.678826
1742883128.699245
1742883128.746238
1742883128.767158
1742883128.812347
1742883128.832327
1742883128.879065
1742883128.900575
1742883128.946963
1742883128.966139
1742883129.013142
1742883129.033850
1742883129.078206
1742883129.099283
1742883129.146432
1742883129.167496
1742883129.213233
1742883129.232854
1742883129.279982
1742883129.300705
1742883129.347111
1742883129.366421
1742883129.413811
1742883129.433945
1742883129.480039
1742883129.499896
1742883129.546976
1742883129.567409
1742883129.613675
1742883129.633231
1742883129.680522
1742883129.700789
1742883129.746378
1742883129.766364
1742883129.813838
1742883129.833891
1742883129.880772
1742883129.900031
1742883129.945386
1742883129.967647
1742883130.013328
1742883130.033426
1742883130.079128
1742883130.101079
1742883130.144720
1742883130.166818
1742883130.214047
1742883130.234190
1742883130.280014
1742883130.300158
1742883130.342477
1742883130.368614
1742883130.410247
1742883130.433380
1742883130.476733
1742883130.501692
1742883130.548417
1742883130.566924
1742883130.611742
1742883130.634520
1742883130.680450
1742883130.700232
1742883130.747256
1742883130.767701
1742883130.811269
1742883130.833503
1742883130.878214
1742883130.901173
1742883130.946663
1742883130.966964
1742883131.013112
1742883131.034571
1742883131.080642
1742883131.100237
1742883131.147142
1742883131.167445
1742883131.209786
1742883131.233765
1742883131.277812
1742883131.302288
1742883131.343073
1742883131.367217
1742883131.414071
1742883131.434785
1742883131.481409
1742883131.500683
1742883131.548114
1742883131.567607
1742883131.613844
1742883131.633995
1742883131.679755
1742883131.701536
1742883131.747978
1742883131.767424
1742883131.814497
1742883131.834166
1742883131.877673
1742883131.900620
1742883131.947764
1742883131.967963
1742883132.008691
1742883132.034846
1742883132.081684
1742883132.101303
1742883132.142706
1742883132.168355
1742883132.214829
1742883132.234875
1742883132.272037
1742883132.312659
1742883132.334985
1742883132.382518
1742883132.401216
1742883132.448428
1742883132.467938
1742883132.514445
1742883132.534712
1742883132.581338
1742883132.602040
1742883132.647364
1742883132.676170
1742883132.709300
1742883132.734654
1742883132.781787
1742883132.802149
1742883132.845301
1742883132.872361
1742883132.913506
1742883132.935213
1742883132.978838
1742883133.002597
1742883133.043253
1742883133.068603
1742883133.110737
1742883133.141291
1742883133.169206
1742883133.212805
1742883133.235602
1742883133.281062
1742883133.301936
1742883133.347584
1742883133.368694
1742883133.414075
1742883133.435197
1742883133.482270
1742883133.501813
1742883133.546793
1742883133.568883
1742883133.615467
1742883133.635495
1742883133.680850
1742883133.702392
1742883133.748946
1742883133.768687
1742883133.815575
1742883133.835216
1742883133.879005
1742883133.902109
1742883133.948571
1742883133.968944
1742883134.015469
1742883134.035984
1742883134.078687
1742883134.102434
1742883134.145794
1742883134.172487
1742883134.213521
1742883134.235577
1742883134.281973
1742883134.302392
1742883134.348582
1742883134.368777
1742883134.412276
1742883134.439945
1742883134.481397
1742883134.502287
1742883134.545962
1742883134.569974
1742883134.615903
1742883134.635744
1742883134.681633
1742883134.702519
1742883134.749469
1742883134.768949
1742883134.813602
1742883134.836065
1742883134.877249
1742883134.902344
1742883134.949265
1742883134.969453
1742883135.016071
1742883135.035521
1742883135.082097
1742883135.102841
1742883135.148063
1742883135.169037
1742883135.212502
1742883135.237032
1742883135.283231
1742883135.302449
1742883135.346680
1742883135.369522
1742883135.416341
1742883135.435830
1742883135.480973
1742883135.503235
1742883135.542481
1742883135.568952
1742883135.615046
1742883135.636734
1742883135.683021
1742883135.702547
1742883135.749041
1742883135.770607
1742883135.812818
1742883135.835946
1742883135.880184
1742883135.903505
1742883135.949961
1742883135.969485
1742883136.013344
1742883136.038062
1742883136.083775
1742883136.103055
1742883136.150740
1742883136.170681
1742883136.212749
1742883136.236526
1742883136.280040
1742883136.305653
1742883136.347306
1742883136.369734
1742883136.416750
1742883136.437619
1742883136.480956
1742883136.503199
1742883136.546910
1742883136.573078
1742883136.613819
1742883136.636614
1742883136.679870
1742883136.707766
1742883136.747541
1742883136.769813
1742883136.813960
1742883136.840401
1742883136.882611
1742883136.903277
1742883136.948974
1742883136.972022
1742883137.004916
1742883137.048108
1742883137.071282
1742883137.114455
1742883137.136589
1742883137.181864
1742883137.204714
1742883137.242555
1742883137.277458
1742883137.310811
1742883137.346539
1742883137.370154
1742883137.417289
1742883137.439124
1742883137.481285
1742883137.503537
1742883137.548603
1742883137.572402
1742883137.614715
1742883137.636896
1742883137.680383
1742883137.707219
1742883137.750901
1742883137.770313
1742883137.813913
1742883137.840898
1742883137.883832
1742883137.903791
1742883137.948453
1742883137.972783
1742883138.015443
1742883138.037078
1742883138.080584
1742883138.106298
1742883138.148925
1742883138.170610
1742883138.215354
1742883138.240239
1742883138.283588
1742883138.303987
1742883138.346660
1742883138.374811
1742883138.416450
1742883138.437310
1742883138.481059
1742883138.508647
1742883138.550168
1742883138.570872
1742883138.618393
1742883138.640363
1742883138.682756
1742883138.704330
1742883138.747789
1742883138.777066
1742883138.815916
1742883138.837576
1742883138.881342
1742883138.909438
1742883138.949209
1742883138.970886
1742883139.014508
1742883139.040865
1742883139.083926
1742883139.104322
1742883139.151784
1742883139.173359
1742883139.216257
1742883139.237711
1742883139.281263
1742883139.309681
1742883139.350650
1742883139.371148
1742883139.414848
1742883139.442063
1742883139.484204
1742883139.504497
1742883139.547023
1742883139.576555
1742883139.617506
1742883139.637925
1742883139.681501
1742883139.709390
1742883139.748342
1742883139.771235
1742883139.814509
1742883139.842545
1742883139.884376
1742883139.904643
1742883139.947731
1742883139.975519
1742883140.017403
1742883140.038073
1742883140.081993
1742883140.108633
1742883140.150464
1742883140.171632
1742883140.218995
1742883140.241288
1742883140.284883
1742883140.304980
1742883140.348512
1742883140.377122
1742883140.414189
1742883140.440837
1742883140.483320
1742883140.508452
1742883140.550816
1742883140.573319
1742883140.617290
1742883140.641828
1742883140.684132
1742883140.705961
1742883140.749942
1742883140.776614
1742883140.818410
1742883140.838707
1742883140.882744
1742883140.909137
1742883140.950640
1742883140.975374
1742883141.016916
1742883141.041369
1742883141.072061
1742883141.119610
1742883141.142700
1742883141.184628
1742883141.209963
1742883141.241391
1742883141.283272
1742883141.309602
1742883141.351275
1742883141.372201
1742883141.419756
1742883141.441137
1742883141.485785
1742883141.505579
1742883141.552810
1742883141.574106
1742883141.618046
1742883141.638896
1742883141.685213
1742883141.709600
1742883141.750856
1742883141.772323
1742883141.817058
1742883141.842148
1742883141.883847
1742883141.905695
1742883141.949768
1742883141.978495
1742883142.016299
1742883142.039292
1742883142.083798
1742883142.108076
1742883142.152356
1742883142.172600
1742883142.220085
1742883142.241773
1742883142.284394
1742883142.306029
1742883142.353210
1742883142.376853
1742883142.418780
1742883142.439556
1742883142.486437
1742883142.510801
1742883142.549107
1742883142.577300
1742883142.618106
1742883142.642572
1742883142.684452
1742883142.707117
1742883142.751465
1742883142.777251
1742883142.815548
1742883142.839732
1742883142.887531
1742883142.908675
1742883142.950986
1742883142.972979
1742883143.017710
1742883143.042891
1742883143.084688
1742883143.106261
1742883143.153293
1742883143.175634
1742883143.217292
1742883143.239743
1742883143.285091
1742883143.310798
1742883143.351677
1742883143.373123
1742883143.417358
1742883143.443352
1742883143.485016
1742883143.506488
1742883143.552527
1742883143.577502
1742883143.615252
1742883143.639837
1742883143.685638
1742883143.711095
1742883143.748825
1742883143.773615
1742883143.817260
1742883143.846050
1742883143.882721
1742883143.906586
1742883143.953017
1742883143.977779
1742883144.015728
1742883144.040124
1742883144.087229
1742883144.110363
1742883144.149172
1742883144.173514
1742883144.219262
1742883144.244977
1742883144.283074
1742883144.306860
1742883144.353996
1742883144.378113
1742883144.418654
1742883144.440281
1742883144.487945
1742883144.511362
1742883144.553048
1742883144.573881
1742883144.620206
1742883144.645031
1742883144.686376
1742883144.707400
1742883144.752901
1742883144.778732
1742883144.818346
1742883144.840685
1742883144.886439
1742883144.912039
1742883144.953057
1742883144.973973
1742883145.020451
1742883145.044959
1742883145.084404
1742883145.107372
1742883145.151050
1742883145.180450
1742883145.217256
1742883145.241000
1742883145.287154
1742883145.311889
1742883145.351110
1742883145.374181
1742883145.420254
1742883145.443897
1742883145.482469
1742883145.507604
1742883145.553574
1742883145.578882
1742883145.618293
1742883145.640942
1742883145.687020
1742883145.711410
1742883145.752673
1742883145.774307
1742883145.820535
1742883145.844705
1742883145.884241
1742883145.907567
1742883145.953276
1742883145.979127
1742883146.019734
1742883146.041178
1742883146.088211
1742883146.111879
1742883146.153865
1742883146.174757
1742883146.220166
1742883146.245524
1742883146.285349
1742883146.308569
1742883146.350868
1742883146.381083
1742883146.418176
1742883146.444522
1742883146.482614
1742883146.514385
1742883146.551028
1742883146.578117
1742883146.619518
1742883146.645635
1742883146.687030
1742883146.709658
1742883146.751542
1742883146.781962
1742883146.817213
1742883146.841699
1742883146.886444
1742883146.912327
1742883146.952082
1742883146.974974
1742883147.016965
1742883147.046303
1742883147.084888
1742883147.108272
1742883147.150285
1742883147.183348
1742883147.215542
1742883147.246019
1742883147.284201
1742883147.314358
1742883147.346797
1742883147.381657
1742883147.416861
1742883147.450213
1742883147.475179
1742883147.517964
1742883147.546985
1742883147.584169
1742883147.608558
1742883147.649451
1742883147.683567
1742883147.714456
1742883147.741919
1742883147.784861
1742883147.814169
1742883147.853269
1742883147.875285
1742883147.917541
1742883147.948766
1742883147.985614
1742883148.008822
1742883148.052678
1742883148.081074
1742883148.117974
1742883148.142390
1742883148.187441
1742883148.213479
1742883148.254035
1742883148.275645
1742883148.317670
1742883148.349302
1742883148.385418
1742883148.410052
1742883148.453326
1742883148.480713
1742883148.518022
1742883148.544703
1742883148.583578
1742883148.616820
1742883148.650133
1742883148.680567
1742883148.718709
1742883148.746753
1742883148.787941
1742883148.809532
1742883148.852523
1742883148.882340
1742883148.917547
1742883148.943559
1742883148.985620
1742883149.014690
1742883149.051526
1742883149.076025
1742883149.118365
1742883149.148500
1742883149.184746
1742883149.209366
1742883149.251278
1742883149.280957
1742883149.320388
1742883149.351545
1742883149.381065
1742883149.409427
1742883149.447249
1742883149.481798
1742883149.512699
1742883149.548945
1742883149.576496
1742883149.613688
1742883149.649442
1742883149.684943
1742883149.709962
1742883149.753785
1742883149.781452
1742883149.821446
1742883149.843253
1742883149.885446
1742883149.916399
1742883149.948957
1742883149.981182
1742883150.018285
1742883150.051348
1742883150.085010
1742883150.111104
1742883150.152517
1742883150.182164
1742883150.218564
1742883150.245670
1742883150.286144
1742883150.314490
1742883150.354676
1742883150.377170
1742883150.417217
1742883150.449325
1742883150.482232
1742883150.516966
1742883150.548105
1742883150.587784
1742883150.616640
1742883150.648920
1742883150.684304
1742883150.718196
1742883150.752076
1742883150.780356
1742883150.820888
1742883150.849569
1742883150.881799
1742883150.914915
1742883150.951122
1742883150.984447
1742883151.018170
1742883151.043645
1742883151.082857
1742883151.114975
1742883151.151780
1742883151.177029
1742883151.216198
1742883151.251330
1742883151.284711
1742883151.310598
1742883151.349799
1742883151.382312
1742883151.415693
1742883151.448004
1742883151.488131
1742883151.514982
1742883151.549671
1742883151.577446
1742883151.612005
1742883151.652572
1742883151.687442
1742883151.710817
1742883151.754861
1742883151.782429
1742883151.818374
1742883151.844737
1742883151.885648
1742883151.919217
1742883151.952060
1742883151.978571
1742883152.019874
1742883152.049818
1742883152.084424
1742883152.112879
1742883152.154885
1742883152.182865
1742883152.217277
1742883152.246569
1742883152.288178
1742883152.317114
1742883152.351654
1742883152.380395
1742883152.421589
1742883152.449949
1742883152.485242
1742883152.515839
1742883152.555643
1742883152.583753
1742883152.618788
1742883152.650734
1742883152.686257
1742883152.721407
1742883152.750952
1742883152.786773
1742883152.812288
1742883152.854203
1742883152.883990
1742883152.916097
1742883152.952288
1742883152.987526
1742883153.017092
1742883153.045883
1742883153.086488
1742883153.117236
1742883153.152057
1742883153.178342
1742883153.219089
1742883153.253059
1742883153.285398
1742883153.313236
1742883153.355186
1742883153.384143
1742883153.419367
1742883153.446705
1742883153.487615
1742883153.517852
1742883153.552308
1742883153.579884
1742883153.621242
1742883153.650452
1742883153.686178
1742883153.712005
1742883153.752644
1742883153.787059
1742883153.817961
1742883153.849668
1742883153.886117
1742883153.917925
1742883153.953495
1742883153.978678
1742883154.020039
1742883154.051093
1742883154.087691
1742883154.111965
1742883154.153603
1742883154.185513
1742883154.220925
1742883154.245407
1742883154.286879
1742883154.318700
1742883154.355326
1742883154.378835
1742883154.419628
1742883154.451336
1742883154.485537
1742883154.515955
1742883154.557267
1742883154.582202
1742883154.622240
1742883154.645764
1742883154.689310
1742883154.716566
1742883154.757022
1742883154.779480
1742883154.819553
1742883154.856416
1742883154.883689
1742883154.923574
1742883154.948385
1742883154.989927
1742883155.017165
1742883155.052338
1742883155.084925
1742883155.122561
1742883155.152077
1742883155.179969
1742883155.222922
1742883155.250306
1742883155.290178
1742883155.312526
1742883155.359753
1742883155.381296
1742883155.418373
1742883155.446678
1742883155.490108
1742883155.516051
1742883155.554183
1742883155.579368
1742883155.622642
1742883155.651032
1742883155.690965
1742883155.712572
1742883155.757785
1742883155.782378
1742883155.822593
1742883155.846181
1742883155.890859
1742883155.915130
1742883155.952959
1742883155.980139
1742883156.021116
1742883156.051208
1742883156.090964
1742883156.112844
1742883156.158847
1742883156.181408
1742883156.222196
1742883156.246880
1742883156.289783
1742883156.318986
1742883156.359501
1742883156.379755
1742883156.424927
1742883156.449099
1742883156.487371
1742883156.515579
1742883156.557311
1742883156.583749
1742883156.622609
1742883156.646603
1742883156.692791
1742883156.715913
1742883156.756862
1742883156.779763
1742883156.825941
1742883156.849365
1742883156.887189
1742883156.914954
1742883156.956512
1742883156.985124
1742883157.025764
1742883157.046807
1742883157.090481
1742883157.116701
1742883157.159304
1742883157.180056
1742883157.224817
1742883157.249889
1742883157.291161
1742883157.313434
1742883157.358443
1742883157.382880
1742883157.425423
1742883157.446844
1742883157.489894
1742883157.518604
1742883157.558703
1742883157.580320
1742883157.624658
1742883157.650412
1742883157.688869
1742883157.721563
1742883157.747300
1742883157.790516
1742883157.817213
1742883157.855023
1742883157.886523
1742883157.915507
1742883157.957887
1742883157.983921
1742883158.021201
1742883158.047266
1742883158.091903
1742883158.116687
1742883158.158490
1742883158.180500
1742883158.225256
1742883158.250194
1742883158.291779
1742883158.314009
1742883158.357317
1742883158.383389
1742883158.424016
1742883158.447617
1742883158.494799
1742883158.516636
1742883158.556301
1742883158.584487
1742883158.625248
1742883158.650901
1742883158.692873
1742883158.714274
1742883158.758547
1742883158.782889
1742883158.825857
1742883158.848235
1742883158.892588
1742883158.916996
1742883158.960608
1742883158.982067
1742883159.028949
1742883159.049937
1742883159.093098
1742883159.115042
1742883159.161421
1742883159.183704
1742883159.228699
1742883159.248243
1742883159.294615
1742883159.317036
1742883159.359594
1742883159.381432
1742883159.428860
1742883159.449647
1742883159.487654
1742883159.514618
1742883159.560312
1742883159.583213
1742883159.628906
1742883159.648016
1742883159.690704
1742883159.716979
1742883159.755963
1742883159.785100
1742883159.815184
1742883159.860409
1742883159.883601
1742883159.914868
1742883159.956259
1742883159.986703
1742883160.022684
1742883160.048114
1742883160.094318
1742883160.115577
1742883160.162559
1742883160.181533
1742883160.228487
1742883160.249424
1742883160.295992
1742883160.315083
1742883160.356925
1742883160.386590
1742883160.424394
1742883160.448629
1742883160.494767
1742883160.516718
1742883160.562881
1742883160.581851
1742883160.625950
1742883160.650498
1742883160.696852
1742883160.715390
1742883160.757398
1742883160.784061
1742883160.828941
1742883160.848632
1742883160.890546
1742883160.917387
1742883160.960882
1742883160.982041
1742883161.023361
1742883161.054676
1742883161.090526
1742883161.115270
1742883161.156279
1742883161.188417
1742883161.224082
1742883161.248717
1742883161.289278
1742883161.319500
1742883161.360924
1742883161.382092
1742883161.424039
1742883161.451124
1742883161.490102
1742883161.515435
1742883161.554620
1742883161.590127
1742883161.621988
1742883161.648906
1742883161.692343
1742883161.717312
1742883161.756801
1742883161.782227
1742883161.827257
1742883161.850271
1742883161.892773
1742883161.915859
1742883161.962591
1742883161.982590
1742883162.029969
1742883162.049361
1742883162.095829
1742883162.116313
1742883162.163574
1742883162.182784
1742883162.230108
1742883162.249636
1742883162.295963
1742883162.316336
1742883162.363555
1742883162.383397
1742883162.428792
1742883162.449657
1742883162.496027
1742883162.517206
1742883162.564556
1742883162.583278
1742883162.622722
1742883162.657000
1742883162.687485
1742883162.716298
1742883162.763816
1742883162.783630
1742883162.826948
1742883162.849769
1742883162.896790
1742883162.917707
1742883162.953816
1742883162.993039
1742883163.017811
1742883163.064081
1742883163.083276
1742883163.126593
1742883163.151555
1742883163.192588
1742883163.216709
1742883163.263326
1742883163.284274
1742883163.330949
1742883163.350140
1742883163.397306
1742883163.417331
1742883163.461213
1742883163.483588
1742883163.527140
1742883163.551435
1742883163.597385
1742883163.617009
1742883163.663690
1742883163.684549
1742883163.730505
1742883163.750381
1742883163.796029
1742883163.818129
1742883163.864844
1742883163.883819
1742883163.930101
1742883163.951430
1742883163.997696
1742883164.017355
1742883164.064517
1742883164.084010
1742883164.130444
1742883164.150629
1742883164.197222
1742883164.217896
1742883164.262773
1742883164.283947
1742883164.329107
1742883164.351319
1742883164.397668
1742883164.417532
1742883164.460943
1742883164.484894
1742883164.531623
1742883164.550868
1742883164.597819
1742883164.617716
1742883164.663692
1742883164.684322
1742883164.727915
1742883164.751821
1742883164.797614
1742883164.817766
1742883164.864610
1742883164.884797
1742883164.921129
1742883164.950825
1742883164.996004
1742883165.018295
1742883165.065409
1742883165.084703
1742883165.131259
1742883165.151644
1742883165.190931
1742883165.217985
1742883165.264104
1742883165.285255
1742883165.331440
1742883165.351308
1742883165.395862
1742883165.418603
1742883165.463407
1742883165.484685
1742883165.528727
1742883165.552018
1742883165.596637
1742883165.618206
1742883165.665500
1742883165.685007
1742883165.728860
1742883165.751589
1742883165.799088
1742883165.818461
1742883165.859082
1742883165.885311
1742883165.928853
1742883165.952429
1742883165.997845
1742883166.021991
1742883166.064569
1742883166.085020
1742883166.128730
1742883166.155262
1742883166.195215
1742883166.221710
1742883166.260764
1742883166.285538
1742883166.329849
1742883166.352504
1742883166.391633
1742883166.421830
1742883166.465756
1742883166.485710
1742883166.522251
1742883166.556348
1742883166.597985
1742883166.619155
1742883166.656966
1742883166.688289
1742883166.729473
1742883166.752685
1742883166.790723
1742883166.823345
1742883166.863199
1742883166.886056
1742883166.923950
