1742987437.814838
1742987437.914391
1742987437.948436
1742987437.982039
1742987438.015333
1742987438.048134
1742987438.081422
1742987438.114594
1742987438.147982
1742987438.181471
1742987438.220288
1742987438.248639
1742987438.281035
1742987438.323131
1742987438.354459
1742987438.393175
1742987438.422575
1742987438.452239
1742987438.484965
1742987438.520601
1742987438.553455
1742987438.591811
1742987438.622045
1742987438.660434
1742987438.693114
1742987438.729491
1742987438.761250
1742987438.796442
1742987438.828131
1742987438.862640
1742987438.894037
1742987438.928877
1742987438.963428
1742987438.995791
1742987439.028442
1742987439.063242
1742987439.094819
1742987439.129675
1742987439.163117
1742987439.196093
1742987439.226680
1742987439.259936
1742987439.283741
1742987439.315573
1742987439.361096
1742987439.393973
1742987439.415368
1742987439.448572
1742987439.491420
1742987439.519680
1742987439.560988
1742987439.581802
1742987439.628652
1742987439.649222
1742987439.692230
1742987439.715148
1742987439.757280
1742987439.787219
1742987439.828007
1742987439.848590
1742987439.894675
1742987439.917511
1742987439.956529
1742987439.982075
1742987440.020686
1742987440.061040
1742987440.083464
1742987440.115516
1742987440.153253
1742987440.190023
1742987440.219938
1742987440.248814
1742987440.286016
1742987440.321402
1742987440.351584
1742987440.382324
1742987440.417885
1742987440.452720
1742987440.486262
1742987440.515682
1742987440.551254
1742987440.585015
1742987440.619801
1742987440.649051
1742987440.685022
1742987440.723146
1742987440.752604
1742987440.782523
1742987440.819984
1742987440.859886
1742987440.884710
1742987440.915935
1742987440.950271
1742987440.992431
1742987441.015973
1742987441.049287
1742987441.083889
1742987441.120955
1742987441.153950
1742987441.182595
1742987441.217606
1742987441.259517
1742987441.283016
1742987441.315990
1742987441.353843
1742987441.387243
1742987441.423154
1742987441.449397
1742987441.489786
1742987441.521128
1742987441.549478
1742987441.587330
1742987441.623595
1742987441.654486
1742987441.683005
1742987441.723468
1742987441.754505
1742987441.795520
1742987441.816296
1742987441.859999
1742987441.885521
1742987441.924485
1742987441.949672
1742987441.996444
1742987442.017223
1742987442.063377
1742987442.083225
1742987442.128101
1742987442.151836
1742987442.194823
1742987442.216571
1742987442.263495
1742987442.284365
1742987442.331364
1742987442.350165
1742987442.396014
1742987442.418694
1742987442.461920
1742987442.483588
1742987442.530457
1742987442.551869
1742987442.587247
1742987442.625412
1742987442.652181
1742987442.690827
1742987442.716842
1742987442.763703
1742987442.785281
1742987442.831112
1742987442.850492
1742987442.888632
1742987442.929286
1742987442.952034
1742987442.985610
1742987443.022826
1742987443.062683
1742987443.085619
1742987443.121601
1742987443.157043
1742987443.190123
1742987443.228639
1742987443.250467
1742987443.292880
1742987443.319032
1742987443.361048
1742987443.383956
1742987443.422591
1742987443.454027
1742987443.489888
1742987443.517218
1742987443.555465
1742987443.587961
1742987443.623409
1742987443.650735
1742987443.687118
1742987443.723356
1742987443.752512
1742987443.788727
1742987443.821175
1742987443.863466
1742987443.885926
1742987443.920862
1742987443.958351
1742987443.990441
1742987444.029736
1742987444.050993
1742987444.097550
1742987444.118304
1742987444.164781
1742987444.184495
1742987444.231503
1742987444.251679
1742987444.296121
1742987444.317920
1742987444.365270
1742987444.384953
1742987444.428854
1742987444.451350
1742987444.498044
1742987444.518202
1742987444.564844
1742987444.584715
1742987444.631865
1742987444.651907
1742987444.695165
1742987444.718162
1742987444.763649
1742987444.785965
1742987444.832850
1742987444.851504
1742987444.896718
1742987444.919381
1742987444.965529
1742987444.985217
1742987445.024608
1742987445.060175
1742987445.086329
1742987445.121116
1742987445.160297
1742987445.185884
1742987445.228041
1742987445.251677
1742987445.295238
1742987445.319539
1742987445.365679
1742987445.385007
1742987445.431157
1742987445.452500
1742987445.498983
1742987445.518506
1742987445.565189
1742987445.585755
1742987445.628969
1742987445.651901
1742987445.693993
1742987445.720075
1742987445.764274
1742987445.785177
1742987445.828442
1742987445.853325
1742987445.896845
1742987445.918629
1742987445.964575
1742987445.986264
1742987446.032009
1742987446.052147
1742987446.096521
1742987446.119321
1742987446.164338
1742987446.185495
1742987446.231469
1742987446.252794
1742987446.298857
1742987446.318861
1742987446.364727
1742987446.386282
1742987446.432748
1742987446.452313
1742987446.499215
1742987446.519387
1742987446.566536
1742987446.585693
1742987446.632971
1742987446.652583
1742987446.699059
1742987446.719272
1742987446.756544
1742987446.792465
1742987446.823208
1742987446.852628
1742987446.898294
1742987446.920149
1742987446.966336
1742987446.986111
1742987447.033224
1742987447.053060
1742987447.096398
1742987447.119406
1742987447.161396
1742987447.187239
1742987447.233101
1742987447.252752
1742987447.299365
1742987447.319615
1742987447.366128
1742987447.386207
1742987447.433599
1742987447.453061
1742987447.496483
1742987447.519565
1742987447.562968
1742987447.587145
1742987447.633496
1742987447.654728
1742987447.696763
1742987447.720168
1742987447.753194
1742987447.800090
1742987447.820347
1742987447.864874
1742987447.887881
1742987447.929950
1742987447.953493
1742987448.000863
1742987448.020615
1742987448.062658
1742987448.086768
1742987448.130754
1742987448.153735
1742987448.195597
1742987448.220482
1742987448.264637
1742987448.289895
1742987448.324073
1742987448.362229
1742987448.393348
1742987448.431537
1742987448.453340
1742987448.498495
1742987448.520596
1742987448.564278
1742987448.586710
1742987448.633482
1742987448.653787
1742987448.698384
1742987448.720110
1742987448.767366
1742987448.787237
1742987448.834382
1742987448.853631
1742987448.900562
1742987448.920673
1742987448.967020
1742987448.986977
1742987449.034036
1742987449.053971
1742987449.101095
1742987449.120423
1742987449.165331
1742987449.187534
1742987449.233941
1742987449.253799
1742987449.299328
1742987449.321029
1742987449.368246
1742987449.387182
1742987449.432885
1742987449.454323
1742987449.500384
1742987449.520670
1742987449.567244
1742987449.587617
1742987449.627109
1742987449.654879
1742987449.698371
1742987449.721733
1742987449.766054
1742987449.787667
1742987449.834027
1742987449.855024
1742987449.900957
1742987449.920936
1742987449.965832
1742987449.989239
1742987450.031869
1742987450.054155
1742987450.101020
1742987450.121896
1742987450.165148
1742987450.187507
1742987450.233430
1742987450.255145
1742987450.301363
1742987450.320974
1742987450.368214
1742987450.389186
1742987450.431910
1742987450.454783
1742987450.498520
1742987450.522413
1742987450.566619
1742987450.587711
1742987450.633856
1742987450.655491
1742987450.699013
1742987450.721192
1742987450.768006
1742987450.789593
1742987450.836150
1742987450.854615
1742987450.891590
1742987450.927604
1742987450.958260
1742987450.987964
1742987451.031868
1742987451.059016
1742987451.101145
1742987451.121301
1742987451.167245
1742987451.189498
1742987451.234334
1742987451.254697
1742987451.301760
1742987451.323210
1742987451.365812
1742987451.388274
1742987451.431352
1742987451.460833
1742987451.497199
1742987451.522160
1742987451.568769
1742987451.590113
1742987451.632650
1742987451.655668
1742987451.699297
1742987451.728121
1742987451.766790
1742987451.788725
1742987451.833124
1742987451.859361
1742987451.900949
1742987451.922066
1742987451.964549
1742987451.993723
1742987452.034728
1742987452.055100
1742987452.100716
1742987452.123834
1742987452.166993
1742987452.188474
1742987452.235605
1742987452.257877
1742987452.299351
1742987452.321985
1742987452.368875
1742987452.390958
1742987452.436746
1742987452.455388
1742987452.503517
1742987452.524077
1742987452.570424
1742987452.588941
1742987452.634609
1742987452.657862
1742987452.699973
1742987452.722406
1742987452.769310
1742987452.791618
1742987452.835740
1742987452.855481
1742987452.898774
1742987452.927824
1742987452.968126
1742987452.988943
1742987453.032420
1742987453.061235
1742987453.101253
1742987453.122186
1742987453.165835
1742987453.195454
1742987453.234328
1742987453.255608
1742987453.302730
1742987453.325005
1742987453.368059
1742987453.389118
1742987453.436246
1742987453.458394
1742987453.502927
1742987453.522493
1742987453.565780
1742987453.594473
1742987453.633834
1742987453.655800
1742987453.703368
1742987453.723135
1742987453.766531
1742987453.791559
1742987453.831287
1742987453.864679
1742987453.900014
1742987453.922811
1742987453.966032
1742987453.995113
1742987454.032232
1742987454.056035
1742987454.103194
1742987454.125628
1742987454.169531
1742987454.189338
1742987454.237124
1742987454.259031
1742987454.302938
1742987454.322832
1742987454.369373
1742987454.393271
1742987454.436077
1742987454.456269
1742987454.499679
1742987454.529413
1742987454.568503
1742987454.589599
1742987454.632874
1742987454.662785
1742987454.700060
1742987454.723229
1742987454.766673
1742987454.795460
1742987454.834180
1742987454.856801
1742987454.903249
1742987454.926774
1742987454.968247
1742987454.990311
1742987455.033466
1742987455.061706
1742987455.099720
1742987455.123388
1742987455.165115
1742987455.198862
1742987455.232506
1742987455.257270
1742987455.299855
1742987455.329306
1742987455.366758
1742987455.390369
1742987455.432491
1742987455.464767
1742987455.500804
1742987455.526501
1742987455.568586
1742987455.594267
1742987455.635239
1742987455.658518
1742987455.699958
1742987455.730550
1742987455.766495
1742987455.794873
1742987455.832350
1742987455.865843
1742987455.900193
1742987455.923812
1742987455.971186
1742987455.993751
1742987456.035078
1742987456.066545
1742987456.090309
1742987456.133048
1742987456.162193
1742987456.200033
1742987456.231978
1742987456.260393
1742987456.301610
1742987456.329899
1742987456.368535
1742987456.390676
1742987456.435077
1742987456.461391
1742987456.502281
1742987456.524003
1742987456.571203
1742987456.594528
1742987456.635964
1742987456.657318
1742987456.697533
1742987456.730621
1742987456.769167
1742987456.790742
1742987456.837870
1742987456.858863
1742987456.903040
1742987456.924137
1742987456.970575
1742987456.995255
1742987457.033541
1742987457.057998
1742987457.102748
1742987457.128135
1742987457.169378
1742987457.191065
1742987457.237039
1742987457.260751
1742987457.302688
1742987457.324629
1742987457.369257
1742987457.395720
1742987457.433844
1742987457.458043
1742987457.503654
1742987457.529470
1742987457.567713
1742987457.591782
1742987457.636373
1742987457.661455
1742987457.702939
1742987457.724931
1742987457.769675
1742987457.796578
1742987457.835448
1742987457.858298
1742987457.900348
1742987457.932435
1742987457.967897
1742987457.991389
1742987458.036653
1742987458.061429
1742987458.098828
1742987458.126849
1742987458.169825
1742987458.195938
1742987458.233901
1742987458.260094
1742987458.301657
1742987458.331387
1742987458.369149
1742987458.392768
1742987458.435143
1742987458.464754
1742987458.503920
1742987458.525104
1742987458.570558
1742987458.596371
1742987458.635910
1742987458.658545
1742987458.704832
1742987458.729505
1742987458.769785
1742987458.791709
1742987458.837343
1742987458.862500
1742987458.900448
1742987458.925867
1742987458.967550
1742987458.999056
1742987459.035435
1742987459.059180
1742987459.101061
1742987459.131472
1742987459.169547
1742987459.192075
1742987459.237616
1742987459.263018
1742987459.301548
1742987459.326800
1742987459.370204
1742987459.398152
1742987459.434511
1742987459.460664
1742987459.503736
1742987459.530540
1742987459.570553
1742987459.592525
1742987459.638044
1742987459.662977
1742987459.703061
1742987459.726243
1742987459.768905
1742987459.798879
1742987459.834824
1742987459.861872
1742987459.899954
1742987459.935384
1742987459.965137
1742987459.994627
1742987460.034164
1742987460.066764
1742987460.101303
1742987460.125912
1742987460.171387
1742987460.197061
1742987460.237368
1742987460.259380
1742987460.302299
1742987460.334629
1742987460.366323
1742987460.394673
1742987460.436703
1742987460.465366
1742987460.502473
1742987460.526402
1742987460.569039
1742987460.600389
1742987460.635661
1742987460.661878
1742987460.697909
1742987460.737097
1742987460.765469
1742987460.797451
1742987460.833535
1742987460.869660
1742987460.899248
1742987460.929768
1742987460.969212
1742987460.998608
1742987461.035290
1742987461.059817
1742987461.102073
1742987461.134649
1742987461.163988
1742987461.197429
1742987461.235012
1742987461.266995
1742987461.299104
1742987461.330289
1742987461.370588
1742987461.399491
1742987461.436193
1742987461.460475
1742987461.502972
1742987461.531659
1742987461.568688
1742987461.593853
1742987461.635901
1742987461.667583
1742987461.699636
1742987461.731370
1742987461.769421
1742987461.800993
1742987461.833570
1742987461.864748
1742987461.901250
1742987461.935717
1742987461.967117
1742987461.994570
1742987462.036476
1742987462.066171
1742987462.101251
1742987462.127025
1742987462.168771
1742987462.201728
1742987462.236843
1742987462.260033
1742987462.304013
1742987462.333342
1742987462.367668
1742987462.394399
1742987462.437837
1742987462.465158
1742987462.505195
1742987462.526966
1742987462.568547
1742987462.602435
1742987462.631876
1742987462.665098
1742987462.701822
1742987462.735228
1742987462.768506
1742987462.793861
1742987462.835773
1742987462.870372
1742987462.899347
1742987462.930107
1742987462.969461
1742987463.001653
1742987463.034794
1742987463.060937
1742987463.105384
1742987463.131658
1742987463.172542
1742987463.193959
1742987463.236461
1742987463.266839
1742987463.299569
1742987463.331924
1742987463.369685
1742987463.402035
1742987463.437687
1742987463.462259
1742987463.503826
1742987463.532729
1742987463.572294
1742987463.596259
1742987463.636834
1742987463.668892
1742987463.702514
1742987463.732160
1742987463.771530
1742987463.799269
1742987463.839340
1742987463.861836
1742987463.903015
1742987463.936648
1742987463.969351
1742987463.994234
1742987464.036207
1742987464.066031
1742987464.101813
1742987464.127743
1742987464.169669
1742987464.199371
1742987464.238264
1742987464.261264
1742987464.302972
1742987464.337885
1742987464.366583
1742987464.404820
1742987464.427855
1742987464.470284
1742987464.502052
1742987464.536832
1742987464.569602
1742987464.599669
1742987464.637171
1742987464.665965
1742987464.706477
1742987464.728269
1742987464.768268
1742987464.803657
1742987464.833093
1742987464.865866
1742987464.903178
1742987464.937655
1742987464.967494
1742987464.996270
1742987465.037862
1742987465.067104
1742987465.103400
1742987465.128284
1742987465.166874
1742987465.203061
1742987465.235670
1742987465.263606
1742987465.304580
1742987465.333731
1742987465.368664
1742987465.398100
1742987465.439049
1742987465.466033
1742987465.504972
1742987465.528984
1742987465.566124
1742987465.605672
1742987465.635006
1742987465.666316
1742987465.702797
1742987465.738285
1742987465.768216
1742987465.802063
1742987465.834267
1742987465.869612
1742987465.905519
1742987465.929771
1742987465.970545
1742987465.999651
1742987466.039493
1742987466.062036
1742987466.103094
1742987466.137581
1742987466.167762
1742987466.196709
1742987466.238345
1742987466.267936
1742987466.301817
1742987466.331933
1742987466.368254
1742987466.404562
1742987466.433854
1742987466.466525
1742987466.504316
1742987466.538097
1742987466.567088
1742987466.601327
1742987466.637452
1742987466.667398
1742987466.702424
1742987466.730139
1742987466.770274
1742987466.803861
1742987466.836391
1742987466.863269
1742987466.903724
1742987466.935236
1742987466.970321
1742987466.998912
1742987467.036822
1742987467.073088
1742987467.101914
1742987467.133846
1742987467.172653
1742987467.202353
1742987467.238083
1742987467.262807
1742987467.304212
1742987467.338053
1742987467.370065
1742987467.397746
1742987467.439675
1742987467.467714
1742987467.503269
1742987467.533660
1742987467.571195
1742987467.602797
1742987467.638697
1742987467.666385
1742987467.703918
1742987467.736973
1742987467.773499
1742987467.798839
1742987467.840191
1742987467.867845
1742987467.905033
1742987467.932166
1742987467.973764
1742987468.001739
1742987468.037623
1742987468.063245
1742987468.105353
1742987468.135876
1742987468.170482
1742987468.198413
1742987468.237168
1742987468.273164
1742987468.302605
1742987468.333809
1742987468.371077
1742987468.404379
1742987468.439986
1742987468.463410
1742987468.505820
1742987468.535373
1742987468.572955
1742987468.596980
1742987468.638252
1742987468.671246
1742987468.707052
1742987468.730380
1742987468.772394
1742987468.800969
1742987468.841345
1742987468.863570
1742987468.903268
1742987468.938631
1742987468.969601
1742987468.998785
1742987469.040622
1742987469.068610
1742987469.108802
1742987469.130029
1742987469.172148
1742987469.203818
1742987469.240757
1742987469.264667
1742987469.305766
1742987469.336370
1742987469.373011
1742987469.400019
1742987469.438096
1742987469.469947
1742987469.507744
1742987469.531127
1742987469.572540
1742987469.602372
1742987469.642146
1742987469.663951
1742987469.707046
1742987469.734695
1742987469.775759
1742987469.797285
1742987469.840090
1742987469.870095
1742987469.908211
1742987469.930949
1742987469.974480
1742987470.001487
1742987470.038988
1742987470.064724
1742987470.106064
1742987470.136473
1742987470.174241
1742987470.197626
1742987470.240463
1742987470.268208
1742987470.305075
1742987470.334620
1742987470.373014
1742987470.406310
1742987470.436032
1742987470.468834
1742987470.508502
1742987470.533949
1742987470.575633
1742987470.597754
1742987470.643057
1742987470.667436
1742987470.709211
1742987470.731041
1742987470.776644
1742987470.800491
1742987470.842544
1742987470.864253
1742987470.910109
1742987470.934229
1742987470.975871
1742987470.997590
1742987471.042382
1742987471.067605
1742987471.109532
1742987471.131008
1742987471.177019
1742987471.200636
1742987471.241461
1742987471.264368
1742987471.310613
1742987471.334056
1742987471.375704
1742987471.397854
1742987471.443066
1742987471.467257
1742987471.505988
1742987471.535480
1742987471.575476
1742987471.601223
1742987471.642677
1742987471.664840
1742987471.711091
1742987471.734308
1742987471.772662
1742987471.802569
1742987471.839960
1742987471.871583
1742987471.904984
1742987471.936190
1742987471.973099
1742987472.005338
1742987472.040155
1742987472.064749
1742987472.111402
1742987472.134314
1742987472.175258
1742987472.198051
1742987472.242309
1742987472.268316
1742987472.306567
1742987472.332673
1742987472.378781
1742987472.400983
1742987472.442623
1742987472.465257
1742987472.508339
1742987472.535540
1742987472.576917
1742987472.599120
1742987472.643886
1742987472.667986
1742987472.711149
1742987472.737929
1742987472.765392
1742987472.809916
1742987472.835710
1742987472.877665
1742987472.901346
1742987472.937204
1742987472.972315
1742987473.007216
1742987473.034911
1742987473.071255
1742987473.105978
1742987473.143592
1742987473.169292
1742987473.203900
1742987473.239693
1742987473.276349
1742987473.302600
1742987473.337438
1742987473.375206
1742987473.401903
1742987473.442176
1742987473.465754
1742987473.512756
1742987473.534310
1742987473.576317
1742987473.599215
1742987473.644680
1742987473.668170
1742987473.707813
1742987473.733558
1742987473.779909
1742987473.801357
1742987473.841718
1742987473.868224
1742987473.907041
1742987473.935822
1742987473.974245
1742987474.001512
1742987474.041987
1742987474.068310
1742987474.110016
1742987474.132575
1742987474.178823
1742987474.201473
1742987474.239863
1742987474.267648
1742987474.306699
1742987474.343339
1742987474.369174
1742987474.406320
1742987474.439936
1742987474.472541
1742987474.512979
1742987474.533034
1742987474.579429
1742987474.601673
1742987474.641614
1742987474.668111
1742987474.710114
1742987474.735942
1742987474.775288
1742987474.800487
1742987474.846805
1742987474.868173
1742987474.913536
1742987474.933314
1742987474.980661
1742987475.000638
1742987475.046134
1742987475.066454
1742987475.112945
1742987475.134701
1742987475.178639
1742987475.199933
1742987475.246830
1742987475.268056
1742987475.314602
1742987475.333376
1742987475.380048
1742987475.401518
1742987475.445274
1742987475.466745
1742987475.513550
1742987475.534733
1742987475.579200
1742987475.600167
1742987475.646727
1742987475.668312
1742987475.711558
1742987475.733733
1742987475.780468
1742987475.801723
1742987475.847424
1742987475.867160
1742987475.913909
1742987475.935100
1742987475.980663
1742987476.000716
1742987476.047802
1742987476.068396
1742987476.114231
1742987476.133846
1742987476.180489
1742987476.201903
1742987476.243124
1742987476.267199
1742987476.314612
1742987476.334565
1742987476.380157
1742987476.400651
1742987476.448141
1742987476.468062
1742987476.514861
1742987476.534038
1742987476.581048
1742987476.601697
1742987476.647974
1742987476.667676
1742987476.714241
1742987476.735309
1742987476.778640
1742987476.801088
1742987476.847556
1742987476.868672
1742987476.911910
1742987476.934425
1742987476.981731
1742987477.001961
1742987477.045734
1742987477.067687
1742987477.115281
1742987477.134796
1742987477.176662
1742987477.200815
1742987477.247091
1742987477.268360
1742987477.313923
1742987477.334202
1742987477.381581
1742987477.401370
1742987477.444410
1742987477.467926
1742987477.512800
1742987477.535481
1742987477.581460
1742987477.601148
1742987477.647513
1742987477.669116
1742987477.715848
1742987477.734662
1742987477.778478
1742987477.803060
1742987477.843670
1742987477.869164
1742987477.914441
1742987477.935842
1742987477.975772
1742987478.002288
1742987478.046779
1742987478.069309
1742987478.115327
1742987478.135103
1742987478.180299
1742987478.202450
1742987478.248456
1742987478.268196
1742987478.315063
1742987478.335456
1742987478.378890
1742987478.401691
1742987478.448566
1742987478.469086
1742987478.516006
1742987478.535035
1742987478.581734
1742987478.602413
1742987478.648914
1742987478.668388
1742987478.715171
1742987478.735547
1742987478.772455
1742987478.806591
1742987478.845362
1742987478.871161
1742987478.912353
1742987478.935057
1742987478.978308
1742987479.002564
1742987479.049734
1742987479.068550
1742987479.113886
1742987479.136041
1742987479.181147
1742987479.202023
1742987479.248394
1742987479.269204
1742987479.313467
1742987479.335389
1742987479.381785
1742987479.402710
1742987479.449987
1742987479.468872
1742987479.512395
1742987479.536209
1742987479.581300
1742987479.602336
1742987479.649185
1742987479.669201
1742987479.716254
1742987479.735734
1742987479.781808
1742987479.802942
1742987479.845558
1742987479.869414
1742987479.916130
1742987479.936121
1742987479.983103
1742987480.002543
1742987480.049073
1742987480.069484
1742987480.115411
1742987480.135880
1742987480.179809
1742987480.203220
1742987480.246792
1742987480.269142
1742987480.316471
1742987480.336102
1742987480.383204
1742987480.402605
1742987480.448785
1742987480.469730
1742987480.515389
1742987480.535962
1742987480.582036
1742987480.603098
1742987480.649742
1742987480.669351
1742987480.712163
1742987480.742713
1742987480.777782
1742987480.803333
1742987480.848793
1742987480.869686
1742987480.903504
1742987480.937769
1742987480.972446
1742987481.014039
1742987481.036506
1742987481.083249
1742987481.103224
1742987481.147016
1742987481.170312
1742987481.216357
1742987481.236974
1742987481.277284
1742987481.303514
1742987481.349844
1742987481.370080
1742987481.411408
1742987481.436664
1742987481.482934
1742987481.503390
1742987481.545117
1742987481.570165
1742987481.616926
1742987481.637319
1742987481.677568
1742987481.704180
1742987481.749920
1742987481.771024
1742987481.817315
1742987481.836817
1742987481.883417
1742987481.904133
1742987481.950205
1742987481.970382
1742987482.016873
1742987482.037684
1742987482.079405
1742987482.104312
1742987482.147842
1742987482.171363
1742987482.210215
1742987482.239665
1742987482.282103
1742987482.304312
1742987482.341130
1742987482.378272
1742987482.412940
1742987482.440296
1742987482.471015
1742987482.513651
1742987482.541767
1742987482.582407
1742987482.603610
1742987482.649623
1742987482.671059
1742987482.717042
1742987482.737193
1742987482.784192
1742987482.804842
1742987482.851227
1742987482.870516
1742987482.917606
1742987482.938506
1742987482.979439
1742987483.004064
1742987483.048555
1742987483.071775
1742987483.117673
1742987483.137231
1742987483.180054
1742987483.210860
1742987483.247247
1742987483.270878
1742987483.317577
1742987483.338902
1742987483.383461
1742987483.404197
1742987483.447692
1742987483.474443
1742987483.516373
1742987483.537519
1742987483.584726
1742987483.605622
1742987483.647534
1742987483.671011
1742987483.717840
1742987483.739648
1742987483.782217
1742987483.804242
1742987483.847707
1742987483.875564
1742987483.917492
1742987483.937654
1742987483.980020
1742987484.007059
1742987484.049071
1742987484.071122
1742987484.118163
1742987484.139936
1742987484.183844
1742987484.204449
1742987484.248139
1742987484.274234
1742987484.317188
1742987484.337798
1742987484.384993
1742987484.406881
1742987484.451460
1742987484.471244
1742987484.518430
1742987484.540113
1742987484.581332
1742987484.604796
1742987484.648314
1742987484.676050
1742987484.717420
1742987484.738100
1742987484.784586
1742987484.807274
1742987484.848999
1742987484.871625
1742987484.918893
1742987484.940713
1742987484.982324
1742987485.005149
1742987485.051232
1742987485.073873
1742987485.116544
1742987485.138332
1742987485.183504
1742987485.207329
1742987485.250611
1742987485.271565
1742987485.317799
1742987485.341308
1742987485.383465
1742987485.405054
1742987485.449048
1742987485.474660
1742987485.516683
1742987485.538323
1742987485.581757
1742987485.607910
1742987485.650136
1742987485.671940
1742987485.717248
1742987485.740723
1742987485.783646
1742987485.805460
1742987485.850015
1742987485.874983
1742987485.918664
1742987485.938834
1742987485.984760
1742987486.008362
1742987486.052259
1742987486.072542
1742987486.118593
1742987486.141905
1742987486.185059
1742987486.205497
1742987486.250527
1742987486.275294
1742987486.319143
1742987486.338905
1742987486.384359
1742987486.408204
1742987486.449703
1742987486.472440
1742987486.518142
1742987486.541994
1742987486.585107
1742987486.605615
1742987486.649114
1742987486.678627
1742987486.715167
1742987486.741558
1742987486.783989
1742987486.809324
1742987486.851041
1742987486.872754
1742987486.916966
1742987486.942413
1742987486.984627
1742987487.005956
1742987487.052112
1742987487.076053
1742987487.118180
1742987487.139232
1742987487.181820
1742987487.214441
1742987487.249245
1742987487.272662
1742987487.319723
1742987487.343042
1742987487.385436
1742987487.405917
1742987487.449039
1742987487.478948
1742987487.517875
1742987487.539856
1742987487.583633
1742987487.610316
1742987487.651119
1742987487.672917
1742987487.716127
1742987487.745363
1742987487.781823
1742987487.810368
1742987487.849486
1742987487.878858
1742987487.918166
1742987487.940024
1742987487.984792
1742987488.009579
1742987488.050294
1742987488.073639
1742987488.119688
1742987488.143667
1742987488.185182
1742987488.206309
1742987488.252114
1742987488.277378
1742987488.318968
1742987488.339773
1742987488.384010
1742987488.410471
1742987488.450422
1742987488.472794
1742987488.520385
1742987488.543136
1742987488.585316
1742987488.606564
1742987488.649914
1742987488.678928
1742987488.716537
1742987488.740393
1742987488.785205
1742987488.810864
1742987488.852813
1742987488.873425
1742987488.920000
1742987488.943941
1742987488.985896
1742987489.006813
1742987489.050097
1742987489.079939
1742987489.118575
1742987489.140195
1742987489.184020
1742987489.212703
1742987489.252873
1742987489.273621
1742987489.318641
1742987489.344703
1742987489.382977
1742987489.418973
1742987489.440430
1742987489.484775
1742987489.514065
1742987489.552149
1742987489.578670
1742987489.611488
1742987489.651661
1742987489.678820
1742987489.719477
1742987489.740574
1742987489.785077
1742987489.813263
1742987489.850201
1742987489.874176
1742987489.919719
1742987489.945574
1742987489.982822
1742987490.009656
1742987490.048385
1742987490.083316
1742987490.117885
1742987490.141858
1742987490.187218
1742987490.212004
1742987490.251959
1742987490.274579
1742987490.320077
1742987490.345578
1742987490.384385
1742987490.410546
1742987490.451154
1742987490.481201
1742987490.517656
1742987490.542812
1742987490.584981
1742987490.614926
1742987490.651674
1742987490.674334
1742987490.719675
1742987490.745565
1742987490.783422
1742987490.807759
1742987490.854352
1742987490.878598
1742987490.917601
1742987490.941130
1742987490.977602
1742987491.009156
1742987491.051217
1742987491.074420
1742987491.119457
1742987491.145550
1742987491.186420
1742987491.207871
1742987491.254416
1742987491.279291
1742987491.318915
1742987491.341186
1742987491.385021
1742987491.414408
1742987491.451711
1742987491.475002
1742987491.521405
1742987491.545549
1742987491.585116
1742987491.608377
1742987491.654526
1742987491.678910
1742987491.719087
1742987491.741881
1742987491.787162
1742987491.813042
1742987491.853111
1742987491.875169
1742987491.919539
1742987491.946824
1742987491.986880
1742987492.008411
1742987492.054070
1742987492.079580
1742987492.119185
1742987492.142303
1742987492.184084
1742987492.214423
1742987492.250831
1742987492.276122
1742987492.318305
1742987492.349849
1742987492.384442
1742987492.408641
1742987492.450743
1742987492.481956
1742987492.518546
1742987492.542127
1742987492.585233
1742987492.614925
1742987492.652720
1742987492.675489
1742987492.719815
1742987492.747551
1742987492.787150
1742987492.808809
1742987492.851962
1742987492.881463
1742987492.919407
1742987492.942322
1742987492.987641
1742987493.011239
1742987493.048848
1742987493.078511
1742987493.116289
1742987493.151977
1742987493.183214
1742987493.209964
1742987493.252418
1742987493.281259
1742987493.317441
1742987493.342444
1742987493.385674
1742987493.414535
1742987493.452247
1742987493.475876
1742987493.519169
1742987493.548174
1742987493.584541
1742987493.611057
1742987493.652338
1742987493.681500
1742987493.720202
1742987493.743072
1742987493.785829
1742987493.815050
1742987493.851903
1742987493.877537
1742987493.919383
1742987493.948604
1742987493.985666
1742987494.010784
1742987494.053272
1742987494.081633
1742987494.120484
1742987494.142917
1742987494.185990
1742987494.216305
1742987494.252490
1742987494.275996
1742987494.318307
1742987494.348273
1742987494.384074
1742987494.411515
1742987494.451841
1742987494.484380
1742987494.517721
1742987494.543254
1742987494.584878
1742987494.616486
1742987494.650969
1742987494.677478
1742987494.715933
1742987494.751888
1742987494.779873
1742987494.815635
1742987494.849986
1742987494.885747
1742987494.917545
1742987494.943597
1742987494.986144
1742987495.015646
1742987495.054104
1742987495.076413
1742987495.118536
1742987495.151257
1742987495.183899
1742987495.211840
1742987495.253760
1742987495.281819
1742987495.321323
1742987495.343183
1742987495.384573
1742987495.414558
1742987495.455187
1742987495.476609
1742987495.518842
1742987495.549440
1742987495.584564
1742987495.610137
1742987495.652589
1742987495.683116
1742987495.719583
1742987495.743929
1742987495.783088
1742987495.817805
1742987495.851942
1742987495.879223
1742987495.919510
1742987495.951340
1742987495.984974
1742987496.012822
1742987496.052858
1742987496.085289
1742987496.120344
1742987496.144789
1742987496.184066
1742987496.216917
1742987496.251841
1742987496.281010
1742987496.321367
1742987496.350210
1742987496.383143
1742987496.414953
1742987496.450285
1742987496.480681
1742987496.521220
1742987496.543896
1742987496.585323
1742987496.617615
1742987496.652464
1742987496.678325
1742987496.717253
1742987496.749907
1742987496.784944
1742987496.813664
1742987496.853894
1742987496.883191
1742987496.919058
1742987496.945866
1742987496.986765
1742987497.016656
1742987497.052028
1742987497.080086
1742987497.120408
1742987497.149982
1742987497.183561
1742987497.214996
1742987497.254633
1742987497.278668
1742987497.320031
1742987497.347436
1742987497.388488
1742987497.415761
1742987497.452147
1742987497.479833
1742987497.519958
1742987497.549976
1742987497.583719
1742987497.615704
1742987497.654314
1742987497.683408
1742987497.717658
1742987497.754166
1742987497.777956
1742987497.817411
1742987497.852698
1742987497.887182
1742987497.916964
1742987497.949742
1742987497.987469
1742987498.016901
1742987498.052178
1742987498.082823
1742987498.120670
1742987498.151298
1742987498.184901
1742987498.215350
1742987498.255702
1742987498.282921
1742987498.320127
1742987498.345012
1742987498.385653
1742987498.419629
1742987498.454491
1742987498.479210
1742987498.519046
1742987498.554253
1742987498.584472
1742987498.614421
1742987498.653526
1742987498.683267
1742987498.721192
1742987498.746420
1742987498.786232
1742987498.820408
1742987498.854972
1742987498.880065
1742987498.921040
1742987498.950582
1742987498.986752
1742987499.014904
1742987499.054405
1742987499.086177
1742987499.121788
1742987499.145475
1742987499.186963
1742987499.217601
1742987499.252865
1742987499.279980
1742987499.321680
1742987499.352042
1742987499.388151
1742987499.412107
1742987499.453781
1742987499.486024
1742987499.521653
1742987499.547373
1742987499.588589
1742987499.615890
1742987499.655897
1742987499.678997
1742987499.720090
1742987499.753565
1742987499.788797
1742987499.812270
1742987499.852820
1742987499.888098
1742987499.917837
1742987499.951643
1742987499.986867
1742987500.022514
1742987500.053198
1742987500.084151
1742987500.119014
1742987500.154792
1742987500.185719
1742987500.215981
1742987500.256898
1742987500.282723
1742987500.323655
1742987500.345609
1742987500.387459
1742987500.420036
1742987500.454985
1742987500.480124
1742987500.522038
1742987500.551616
1742987500.589836
1742987500.612745
1742987500.653849
1742987500.685212
1742987500.720201
1742987500.750608
1742987500.788489
1742987500.818795
1742987500.855661
1742987500.881285
1742987500.923115
1742987500.952366
1742987500.988317
1742987501.015146
1742987501.056348
1742987501.083999
1742987501.123787
1742987501.146201
1742987501.190302
1742987501.215727
1742987501.256875
1742987501.279356
1742987501.321700
1742987501.354087
1742987501.389126
1742987501.412948
1742987501.451848
1742987501.487076
1742987501.523170
1742987501.546058
1742987501.590387
1742987501.615766
1742987501.654039
1742987501.680862
1742987501.719477
1742987501.756630
1742987501.784186
1742987501.819455
1742987501.854636
1742987501.888519
1742987501.920782
1742987501.950851
1742987501.990984
1742987502.015715
1742987502.053703
1742987502.085325
1742987502.122831
1742987502.151284
1742987502.192290
1742987502.213313
1742987502.255878
1742987502.286470
1742987502.321360
1742987502.347481
1742987502.388392
1742987502.417795
1742987502.455336
1742987502.480658
1742987502.523071
1742987502.550888
1742987502.592062
1742987502.613514
1742987502.656459
1742987502.684401
1742987502.724464
1742987502.747265
1742987502.792283
1742987502.815942
1742987502.853921
1742987502.883158
1742987502.924993
1742987502.950711
1742987502.988471
1742987503.017813
1742987503.056749
1742987503.084628
1742987503.126250
1742987503.147099
1742987503.193092
1742987503.216715
1742987503.260279
1742987503.280449
1742987503.325508
1742987503.350683
1742987503.387831
1742987503.417299
1742987503.459765
1742987503.483896
1742987503.524970
1742987503.547249
1742987503.593561
1742987503.617088
1742987503.658894
1742987503.681152
1742987503.724396
1742987503.751388
1742987503.792008
1742987503.815562
1742987503.858218
1742987503.884274
1742987503.925526
1742987503.948694
1742987503.987809
1742987504.026747
1742987504.050505
1742987504.091841
1742987504.116619
1742987504.155446
1742987504.189622
1742987504.214589
1742987504.258200
1742987504.284350
1742987504.326143
1742987504.347537
1742987504.392730
1742987504.416857
1742987504.460732
1742987504.480992
1742987504.525490
1742987504.550587
1742987504.591251
1742987504.614397
1742987504.661676
1742987504.683090
1742987504.726311
1742987504.747790
1742987504.793853
1742987504.817358
1742987504.860667
1742987504.881100
1742987504.926335
1742987504.950630
1742987504.988895
1742987505.016086
1742987505.054922
1742987505.090933
1742987505.118596
1742987505.153939
1742987505.188776
1742987505.224217
1742987505.252334
1742987505.288803
1742987505.319705
1742987505.356884
1742987505.385743
1742987505.419254
1742987505.454981
1742987505.491222
1742987505.517753
1742987505.550002
1742987505.592356
1742987505.617394
1742987505.656025
1742987505.681586
1742987505.728229
1742987505.750257
1742987505.791709
1742987505.814822
1742987505.861286
1742987505.883997
1742987505.924921
1742987505.948949
1742987505.995352
1742987506.016799
1742987506.059544
1742987506.092126
1742987506.115297
1742987506.160723
1742987506.184054
1742987506.223044
1742987506.258915
1742987506.284338
1742987506.327171
1742987506.351057
1742987506.389824
1742987506.415530
1742987506.459052
1742987506.484875
1742987506.523349
1742987506.549590
1742987506.594475
1742987506.617692
1742987506.659888
1742987506.682191
1742987506.728211
1742987506.751081
1742987506.791811
1742987506.815618
1742987506.861292
1742987506.884136
1742987506.929541
1742987506.949154
1742987506.996116
1742987507.017720
1742987507.062936
1742987507.082433
1742987507.128830
1742987507.151141
1742987507.190163
1742987507.217058
1742987507.263449
1742987507.284034
1742987507.328136
1742987507.349292
1742987507.395811
1742987507.417697
1742987507.457210
1742987507.482786
1742987507.529906
1742987507.550748
1742987507.596460
1742987507.616032
1742987507.663476
1742987507.684082
1742987507.728457
1742987507.749585
1742987507.796591
1742987507.817595
1742987507.863788
1742987507.882850
1742987507.929824
1742987507.950898
1742987507.993713
1742987508.016350
1742987508.062129
1742987508.084639
1742987508.130438
1742987508.149763
1742987508.196274
1742987508.217916
1742987508.262955
1742987508.283016
1742987508.330181
1742987508.351065
1742987508.396252
1742987508.416446
1742987508.462387
1742987508.484401
1742987508.526240
1742987508.549741
1742987508.596911
1742987508.617517
1742987508.663281
1742987508.683375
1742987508.729927
1742987508.750998
1742987508.796525
1742987508.816802
1742987508.864045
1742987508.884149
1742987508.930899
1742987508.950032
1742987508.996713
1742987509.018077
1742987509.064881
1742987509.083724
1742987509.130682
1742987509.151117
1742987509.197761
1742987509.217053
1742987509.263962
1742987509.284579
1742987509.330824
1742987509.350431
1742987509.396460
1742987509.418065
1742987509.464373
1742987509.483732
1742987509.528952
1742987509.551323
1742987509.594674
1742987509.617099
1742987509.664265
1742987509.684243
1742987509.731000
1742987509.750515
1742987509.797576
1742987509.818170
1742987509.861741
1742987509.883801
1742987509.931211
1742987509.950828
1742987509.997895
1742987510.017308
1742987510.064349
1742987510.084722
1742987510.131203
1742987510.150743
1742987510.197641
1742987510.218033
1742987510.261202
1742987510.284044
1742987510.331229
1742987510.351644
1742987510.398467
1742987510.417600
1742987510.460166
1742987510.485689
1742987510.531563
1742987510.550929
1742987510.597854
1742987510.618147
1742987510.664688
1742987510.684372
1742987510.730816
1742987510.752130
1742987510.797653
1742987510.817757
1742987510.861071
1742987510.886369
1742987510.921867
1742987510.952621
1742987510.993651
1742987511.019828
1742987511.061021
1742987511.084670
1742987511.131585
1742987511.151761
1742987511.195174
1742987511.218102
1742987511.264420
1742987511.285367
1742987511.325628
1742987511.351267
1742987511.398009
1742987511.418708
1742987511.464185
1742987511.484791
1742987511.530984
1742987511.552054
1742987511.597172
1742987511.618094
1742987511.664508
1742987511.685355
1742987511.731653
1742987511.751571
1742987511.798646
1742987511.818383
1742987511.865228
1742987511.884844
1742987511.928086
1742987511.952618
1742987511.998612
1742987512.018407
1742987512.061343
1742987512.085617
1742987512.129711
1742987512.152064
1742987512.196234
1742987512.219122
1742987512.263967
1742987512.285436
1742987512.328768
1742987512.352315
1742987512.395887
1742987512.418503
1742987512.464698
1742987512.485545
1742987512.531970
1742987512.552062
1742987512.599081
1742987512.618870
1742987512.662234
1742987512.685167
1742987512.732484
1742987512.752280
1742987512.793643
1742987512.818878
1742987512.862488
1742987512.886047
1742987512.932081
1742987512.952104
1742987512.996244
1742987513.019433
1742987513.065074
1742987513.086054
1742987513.132743
1742987513.152698
1742987513.198629
1742987513.219238
1742987513.265809
1742987513.286348
1742987513.332987
1742987513.352428
1742987513.397755
1742987513.419520
1742987513.465532
1742987513.485789
1742987513.532394
1742987513.552822
1742987513.596181
1742987513.619331
1742987513.665495
1742987513.686420
1742987513.731383
1742987513.752457
1742987513.796269
1742987513.822387
1742987513.866074
1742987513.885925
1742987513.931636
1742987513.953124
1742987513.996181
1742987514.019308
1742987514.066376
1742987514.086549
1742987514.132991
1742987514.152710
1742987514.195935
1742987514.219914
1742987514.262938
1742987514.286282
1742987514.333567
1742987514.353408
1742987514.397437
1742987514.430199
1742987514.452836
1742987514.498632
1742987514.520517
1742987514.563064
1742987514.588916
1742987514.621734
1742987514.664227
1742987514.687736
1742987514.732210
1742987514.752968
1742987514.796874
1742987514.820721
1742987514.864317
1742987514.887166
1742987514.931156
1742987514.954688
1742987514.998139
1742987515.020178
1742987515.063827
1742987515.088523
1742987515.130630
1742987515.153735
1742987515.199642
1742987515.221101
1742987515.266791
1742987515.286621
1742987515.332875
1742987515.354502
1742987515.397429
1742987515.420097
1742987515.466947
1742987515.487631
1742987515.533314
1742987515.553347
1742987515.597795
1742987515.621410
1742987515.665022
1742987515.686684
1742987515.732401
1742987515.754710
1742987515.799832
1742987515.820156
1742987515.867833
1742987515.888546
1742987515.932508
1742987515.954223
1742987515.996741
1742987516.024588
1742987516.067304
1742987516.087062
1742987516.133697
1742987516.155657
1742987516.199650
1742987516.221933
1742987516.265061
1742987516.291676
1742987516.333746
1742987516.354061
1742987516.396371
1742987516.426519
1742987516.464362
1742987516.487418
1742987516.530639
1742987516.558995
1742987516.598573
1742987516.620551
1742987516.665109
1742987516.688929
1742987516.732707
1742987516.753965
1742987516.799342
1742987516.822193
1742987516.864743
1742987516.887192
1742987516.934821
1742987516.955814
1742987516.999043
1742987517.020898
1742987517.065973
1742987517.089226
1742987517.135638
1742987517.154132
1742987517.199783
1742987517.222713
1742987517.268444
1742987517.287668
1742987517.330477
1742987517.359247
1742987517.399463
1742987517.421009
1742987517.467551
1742987517.490283
1742987517.532634
1742987517.554361
1742987517.599659
1742987517.623444
1742987517.665517
1742987517.687690
1742987517.735698
1742987517.755795
1742987517.796873
1742987517.821590
1742987517.864695
1742987517.894240
1742987517.931025
1742987517.954606
1742987518.000589
1742987518.023669
1742987518.066003
1742987518.087873
1742987518.134466
1742987518.157045
1742987518.200622
1742987518.221329
1742987518.268366
1742987518.290625
1742987518.335201
1742987518.354658
1742987518.397149
1742987518.425146
1742987518.466278
1742987518.489456
1742987518.532415
1742987518.561256
1742987518.599255
1742987518.623090
1742987518.665065
1742987518.695889
1742987518.732406
1742987518.755264
1742987518.797385
1742987518.825635
1742987518.867540
1742987518.888293
1742987518.934937
1742987518.958298
1742987519.002179
1742987519.021876
1742987519.067602
1742987519.091537
1742987519.133197
1742987519.155214
1742987519.201682
1742987519.225970
1742987519.267416
1742987519.288843
1742987519.334583
1742987519.359008
1742987519.399987
1742987519.421974
1742987519.465245
1742987519.494747
1742987519.532356
1742987519.557636
1742987519.598618
1742987519.629323
1742987519.666134
1742987519.690983
1742987519.733748
1742987519.759627
1742987519.799714
1742987519.822975
1742987519.866751
1742987519.893957
1742987519.934737
1742987519.956249
1742987519.998487
1742987520.031890
1742987520.060094
1742987520.097144
1742987520.125751
1742987520.168402
1742987520.192563
1742987520.230008
1742987520.259779
1742987520.301084
1742987520.326348
1742987520.361549
1742987520.395746
1742987520.432282
1742987520.462871
1742987520.490871
1742987520.533190
1742987520.560607
1742987520.598038
1742987520.623002
1742987520.667927
1742987520.692213
1742987520.735452
1742987520.755849
1742987520.800238
1742987520.827019
1742987520.868550
1742987520.889316
1742987520.936643
1742987520.960480
1742987521.002941
1742987521.022746
1742987521.066119
1742987521.096246
1742987521.133282
1742987521.156398
1742987521.202121
1742987521.227151
1742987521.265641
1742987521.290464
1742987521.337061
1742987521.360267
1742987521.401493
1742987521.422941
1742987521.467492
1742987521.494331
1742987521.532509
1742987521.558057
1742987521.602842
1742987521.627498
1742987521.665761
1742987521.692365
1742987521.734889
1742987521.760824
1742987521.802444
1742987521.823066
1742987521.867730
1742987521.895079
1742987521.934105
1742987521.956515
1742987522.003630
1742987522.026933
1742987522.068752
1742987522.089865
1742987522.134777
1742987522.160774
1742987522.200185
1742987522.223565
1742987522.267507
1742987522.295550
1742987522.333801
1742987522.356815
1742987522.403510
1742987522.427958
1742987522.468110
1742987522.490094
1742987522.532930
1742987522.562302
1742987522.602805
1742987522.623375
1742987522.668254
1742987522.694900
1742987522.732450
1742987522.768728
1742987522.790472
1742987522.835962
1742987522.861521
1742987522.900332
1742987522.930693
1742987522.963312
1742987522.998359
1742987523.033930
1742987523.064500
1742987523.095552
1742987523.132122
1742987523.164875
1742987523.200865
1742987523.226885
1742987523.268046
1742987523.296934
1742987523.335740
1742987523.357283
1742987523.403223
1742987523.428649
1742987523.468364
1742987523.490574
1742987523.534715
1742987523.563468
1742987523.600883
1742987523.623991
1742987523.668899
1742987523.695742
1742987523.735082
1742987523.757391
1742987523.803088
1742987523.829099
1742987523.868339
1742987523.890909
1742987523.936354
1742987523.962138
1742987524.002985
1742987524.024424
1742987524.070399
1742987524.095250
1742987524.133991
1742987524.157723
1742987524.202505
1742987524.228684
1742987524.267448
1742987524.290883
1742987524.336615
1742987524.362386
1742987524.403908
1742987524.424300
1742987524.469659
1742987524.495844
1742987524.535443
1742987524.557649
1742987524.599796
1742987524.629468
1742987524.668684
1742987524.691029
1742987524.736994
1742987524.761139
1742987524.799773
1742987524.824423
1742987524.870678
1742987524.893741
1742987524.932013
1742987524.957976
1742987525.003930
1742987525.028758
1742987525.070068
1742987525.091283
1742987525.138148
1742987525.160939
1742987525.198630
1742987525.224773
1742987525.267603
1742987525.296881
1742987525.337120
1742987525.358381
1742987525.401251
1742987525.430862
1742987525.467722
1742987525.491349
1742987525.537394
1742987525.562375
1742987525.601940
1742987525.624740
1742987525.667971
1742987525.696094
1742987525.736401
1742987525.758225
1742987525.802660
1742987525.829431
1742987525.869722
1742987525.891714
1742987525.935002
1742987525.964027
1742987525.999893
1742987526.025229
1742987526.067515
1742987526.098026
1742987526.133615
1742987526.159270
1742987526.203453
1742987526.230206
1742987526.271577
1742987526.291950
1742987526.338041
1742987526.362845
1742987526.404052
1742987526.425349
1742987526.470001
1742987526.494512
1742987526.536220
1742987526.558740
1742987526.601195
1742987526.631210
1742987526.669672
1742987526.692088
1742987526.734419
1742987526.766377
1742987526.799485
1742987526.825982
1742987526.869499
1742987526.898804
1742987526.935575
1742987526.959265
1742987527.001658
1742987527.034154
1742987527.068581
1742987527.093583
1742987527.135264
1742987527.164021
1742987527.201857
1742987527.226541
1742987527.268972
1742987527.297741
1742987527.336680
1742987527.359173
1742987527.402599
1742987527.432516
1742987527.468258
1742987527.493005
1742987527.536824
1742987527.563470
1742987527.604479
1742987527.625928
1742987527.670375
1742987527.697168
1742987527.733925
1742987527.759424
1742987527.801644
1742987527.835764
1742987527.866767
1742987527.894288
1742987527.932978
1742987527.968326
1742987527.997069
1742987528.029942
1742987528.070331
1742987528.097547
1742987528.137967
1742987528.159580
1742987528.201308
1742987528.235008
1742987528.269027
1742987528.295401
1742987528.335589
1742987528.367662
1742987528.401010
1742987528.426574
1742987528.469340
1742987528.498704
1742987528.530366
1742987528.563513
1742987528.604188
1742987528.631501
1742987528.669713
1742987528.693339
1742987528.735630
1742987528.767654
1742987528.801826
1742987528.828566
1742987528.869084
1742987528.902093
1742987528.933781
1742987528.964123
1742987529.004147
1742987529.031362
1742987529.071953
1742987529.093415
1742987529.138581
1742987529.163464
1742987529.204676
1742987529.226874
1742987529.266436
1742987529.298975
1742987529.337560
1742987529.360141
1742987529.401894
1742987529.436824
1742987529.465949
1742987529.494117
1742987529.533695
1742987529.565273
1742987529.602397
1742987529.627063
1742987529.671632
1742987529.698636
1742987529.735674
1742987529.760547
1742987529.799646
1742987529.834924
1742987529.870072
1742987529.894037
1742987529.938961
1742987529.964435
1742987530.003843
1742987530.028684
1742987530.068797
1742987530.102674
1742987530.134190
1742987530.163984
1742987530.203788
1742987530.233284
1742987530.268832
1742987530.298166
1742987530.338057
1742987530.365736
1742987530.403143
1742987530.431364
1742987530.470364
1742987530.500762
1742987530.536364
1742987530.561081
1742987530.600950
1742987530.636599
1742987530.666551
1742987530.696890
1742987530.735274
1742987530.770449
1742987530.801130
1742987530.828704
1742987530.868720
1742987530.902805
1742987530.934683
1742987530.962875
1742987531.003945
1742987531.033455
1742987531.068490
1742987531.103921
1742987531.127696
1742987531.170813
1742987531.201345
1742987531.237357
1742987531.267145
1742987531.302616
1742987531.332663
1742987531.367844
1742987531.403606
1742987531.431032
1742987531.471242
1742987531.500621
1742987531.536336
1742987531.564407
1742987531.603160
1742987531.634166
1742987531.669795
1742987531.694731
1742987531.736716
1742987531.767784
1742987531.802729
1742987531.828185
1742987531.869834
1742987531.903817
1742987531.933141
1742987531.965386
1742987532.004140
1742987532.034692
1742987532.070306
1742987532.097724
1742987532.138386
1742987532.167671
1742987532.203941
1742987532.232239
1742987532.272523
1742987532.300944
1742987532.334605
1742987532.364968
1742987532.403529
1742987532.437673
1742987532.466549
1742987532.499089
1742987532.536600
1742987532.566267
1742987532.605509
1742987532.628739
1742987532.671584
1742987532.700902
1742987532.739492
1742987532.762126
1742987532.803874
1742987532.835028
1742987532.870238
1742987532.898670
1742987532.939285
1742987532.966672
1742987533.005335
1742987533.030195
1742987533.072748
1742987533.099978
1742987533.138247
1742987533.164118
1742987533.204727
1742987533.234072
1742987533.270312
1742987533.296630
1742987533.338505
1742987533.365913
1742987533.407094
1742987533.428755
1742987533.470547
1742987533.504708
1742987533.536995
1742987533.564038
1742987533.606127
1742987533.633182
1742987533.672840
1742987533.695438
1742987533.737890
1742987533.771161
1742987533.800245
1742987533.833033
1742987533.873419
1742987533.899252
1742987533.940317
1742987533.962517
1742987534.007045
1742987534.032307
1742987534.073380
1742987534.096801
1742987534.140481
1742987534.165041
1742987534.202931
1742987534.235011
1742987534.269942
1742987534.302514
1742987534.339632
1742987534.364868
1742987534.406229
1742987534.433919
1742987534.470542
1742987534.496167
1742987534.541188
1742987534.565999
1742987534.607724
1742987534.629305
1742987534.672128
1742987534.702892
1742987534.738386
1742987534.763480
1742987534.808141
1742987534.832519
1742987534.873932
1742987534.895965
1742987534.937767
1742987534.970227
1742987535.005433
1742987535.030714
1742987535.072279
1742987535.104477
1742987535.139859
1742987535.162892
1742987535.209364
1742987535.232736
1742987535.275783
1742987535.296272
1742987535.341992
1742987535.366077
1742987535.408566
1742987535.429718
1742987535.472387
1742987535.504970
1742987535.536021
1742987535.567246
1742987535.603737
1742987535.638077
1742987535.669179
1742987535.696689
1742987535.739232
1742987535.767892
1742987535.808030
1742987535.829806
1742987535.873120
1742987535.899479
1742987535.942224
1742987535.963144
1742987536.008760
1742987536.033035
1742987536.075658
1742987536.096754
1742987536.139351
1742987536.172355
1742987536.201850
1742987536.234968
1742987536.273054
1742987536.300530
1742987536.342498
1742987536.363526
1742987536.406499
1742987536.434169
1742987536.475404
1742987536.496957
1742987536.542440
1742987536.566694
1742987536.607910
1742987536.630229
1742987536.676777
1742987536.699530
1742987536.738053
1742987536.764058
1742987536.809045
1742987536.833116
1742987536.874089
1742987536.897161
1742987536.942452
1742987536.966554
1742987537.004547
1742987537.033896
1742987537.075104
1742987537.100268
1742987537.138890
1742987537.165115
1742987537.207714
1742987537.234025
1742987537.272489
1742987537.298267
1742987537.342995
1742987537.366403
1742987537.406907
1742987537.430692
1742987537.474189
1742987537.500969
1742987537.535534
1742987537.566997
1742987537.607954
1742987537.633886
1742987537.672202
1742987537.697479
1742987537.744009
1742987537.766467
1742987537.809671
1742987537.830767
1742987537.877826
1742987537.899907
1742987537.938692
1742987537.964564
1742987538.009160
1742987538.033689
1742987538.075683
1742987538.097651
1742987538.141608
1742987538.167775
1742987538.211207
1742987538.231196
1742987538.271502
1742987538.306565
1742987538.336174
1742987538.371745
1742987538.402287
1742987538.444238
1742987538.468710
1742987538.502953
1742987538.537896
1742987538.572529
1742987538.605437
1742987538.633993
1742987538.675753
1742987538.700650
1742987538.736599
1742987538.765068
1742987538.810104
1742987538.833556
1742987538.872587
1742987538.898099
1742987538.945450
1742987538.966184
1742987539.011946
1742987539.031615
1742987539.078374
1742987539.100001
1742987539.146142
1742987539.164980
1742987539.211646
1742987539.233557
1742987539.272257
1742987539.300565
1742987539.338637
1742987539.374575
1742987539.401282
1742987539.440963
1742987539.465265
1742987539.512245
1742987539.533377
1742987539.575363
1742987539.601025
1742987539.632228
1742987539.668899
1742987539.704352
1742987539.734766
1742987539.765463
1742987539.811853
1742987539.833592
1742987539.873143
1742987539.898772
1742987539.943999
1742987539.967208
1742987540.010654
1742987540.032084
1742987540.079409
1742987540.100367
1742987540.143862
1742987540.165689
1742987540.209251
1742987540.234227
1742987540.272951
1742987540.300588
1742987540.342388
1742987540.368381
1742987540.408381
1742987540.432438
1742987540.479408
1742987540.500477
1742987540.546577
1742987540.566104
1742987540.612810
1742987540.633913
1742987540.678044
1742987540.699161
1742987540.745060
1742987540.767058
1742987540.812460
1742987540.832612
1742987540.874868
1742987540.899425
1742987540.937424
1742987540.966100
1742987541.013280
1742987541.033752
1742987541.079627
1742987541.099440
1742987541.146015
1742987541.167512
1742987541.213912
1742987541.232969
1742987541.279528
1742987541.300880
1742987541.347268
1742987541.366389
1742987541.413349
1742987541.434258
1742987541.480762
1742987541.499717
1742987541.546288
1742987541.567367
1742987541.613666
1742987541.633064
1742987541.679610
1742987541.700840
1742987541.746677
1742987541.766619
1742987541.813884
1742987541.833686
1742987541.880342
1742987541.899763
1742987541.946743
1742987541.967150
1742987542.011287
1742987542.033121
1742987542.076035
1742987542.101725
1742987542.143757
1742987542.166481
1742987542.213580
1742987542.234279
1742987542.277425
1742987542.300033
1742987542.343341
1742987542.367791
1742987542.409548
1742987542.433622
1742987542.479980
1742987542.501328
1742987542.547950
1742987542.567007
1742987542.614043
1742987542.634325
1742987542.680030
1742987542.700244
1742987542.747476
1742987542.767499
1742987542.813118
1742987542.833519
1742987542.877154
1742987542.901057
1742987542.946478
1742987542.966877
1742987543.013468
1742987543.034447
1742987543.080955
1742987543.100351
1742987543.147598
1742987543.167628
1742987543.214393
1742987543.233832
1742987543.280363
1742987543.301061
1742987543.344462
1742987543.367425
1742987543.413590
1742987543.434740
1742987543.477518
1742987543.500810
1742987543.547391
1742987543.568269
1742987543.614167
1742987543.634237
1742987543.676926
1742987543.703773
1742987543.746736
1742987543.767417
1742987543.810830
1742987543.835651
1742987543.881408
1742987543.900754
1742987543.943971
1742987543.970209
1742987544.011626
1742987544.034085
1742987544.076397
1742987544.103997
1742987544.145487
1742987544.167545
1742987544.210966
1742987544.237038
1742987544.277825
1742987544.301253
1742987544.348328
1742987544.367965
1742987544.414829
1742987544.434699
1742987544.481201
1742987544.501804
1742987544.549183
1742987544.567995
1742987544.614328
1742987544.635248
1742987544.681481
1742987544.701176
1742987544.745481
1742987544.768838
1742987544.812601
1742987544.834592
1742987544.882022
1742987544.901508
1742987544.947083
1742987544.967924
1742987545.015349
1742987545.034814
1742987545.077235
1742987545.101488
1742987545.144595
1742987545.171214
1742987545.213369
1742987545.234921
1742987545.281931
1742987545.301839
1742987545.348903
1742987545.368330
1742987545.413097
1742987545.435435
1742987545.482177
1742987545.501678
1742987545.544805
1742987545.568903
1742987545.615697
1742987545.635006
1742987545.681409
1742987545.702060
1742987545.747301
1742987545.768454
1742987545.811274
1742987545.836992
1742987545.879709
1742987545.901734
1742987545.949095
1742987545.968995
1742987546.012183
1742987546.035099
1742987546.081609
1742987546.102020
1742987546.145264
1742987546.168442
1742987546.215607
1742987546.235792
1742987546.279700
1742987546.301991
1742987546.349175
1742987546.369130
1742987546.413349
1742987546.435236
1742987546.482604
1742987546.502516
1742987546.549492
1742987546.568848
1742987546.615981
1742987546.636455
1742987546.679139
1742987546.702060
1742987546.747068
1742987546.769253
1742987546.815222
1742987546.835541
1742987546.879016
1742987546.903183
1742987546.946347
1742987546.968946
1742987547.015810
1742987547.036460
1742987547.082995
1742987547.102467
1742987547.148694
1742987547.169896
1742987547.214882
1742987547.235791
1742987547.282021
1742987547.303252
1742987547.348127
1742987547.369450
1742987547.415995
1742987547.436965
1742987547.483220
1742987547.502698
1742987547.549708
1742987547.570141
1742987547.613759
1742987547.635968
1742987547.678844
1742987547.708772
1742987547.748739
1742987547.780872
1742987547.802783
1742987547.845032
1742987547.875883
1742987547.911793
1742987547.939915
1742987547.976160
1742987548.004415
1742987548.050889
1742987548.071104
1742987548.112596
1742987548.136401
1742987548.179686
1742987548.207884
1742987548.237463
1742987548.280487
1742987548.306648
1742987548.348638
1742987548.369750
1742987548.416680
1742987548.437707
1742987548.480302
1742987548.503490
1742987548.549187
1742987548.571470
1742987548.611205
1742987548.638039
1742987548.680025
1742987548.706425
1742987548.748895
1742987548.769913
1742987548.815657
1742987548.836745
1742987548.872883
1742987548.904940
1742987548.950906
1742987548.971773
1742987549.013973
1742987549.036765
1742987549.083104
1742987549.104189
1742987549.149918
1742987549.170057
1742987549.215221
1742987549.238601
1742987549.282483
1742987549.304154
1742987549.348596
1742987549.372911
1742987549.415083
1742987549.437103
1742987549.484024
1742987549.505581
1742987549.548620
1742987549.570286
1742987549.617248
1742987549.638611
1742987549.681633
1742987549.703779
1742987549.750489
1742987549.773028
1742987549.815040
1742987549.836908
1742987549.883678
1742987549.906382
1742987549.948884
1742987549.970389
1742987550.017898
1742987550.039561
1742987550.084926
1742987550.103844
1742987550.151450
1742987550.172971
1742987550.215859
1742987550.237276
1742987550.283244
1742987550.306587
1742987550.350095
1742987550.370628
1742987550.417452
1742987550.440763
1742987550.483340
1742987550.504607
1742987550.545313
1742987550.579563
1742987550.608044
1742987550.644873
1742987550.674070
1742987550.717985
1742987550.741155
1742987550.775114
1742987550.815469
1742987550.840356
1742987550.884110
1742987550.904179
1742987550.947895
1742987550.974075
1742987551.017142
1742987551.037224
1742987551.073155
1742987551.110414
1742987551.147719
1742987551.171212
1742987551.217425
1742987551.240017
1742987551.282415
1742987551.304484
1742987551.350908
1742987551.374295
1742987551.418215
1742987551.437834
1742987551.484444
1742987551.507832
1742987551.549719
1742987551.571558
1742987551.614735
1742987551.643923
1742987551.683354
1742987551.704627
1742987551.750050
1742987551.775038
1742987551.816903
1742987551.837935
1742987551.885665
1742987551.907962
1742987551.950513
1742987551.971556
1742987552.017853
1742987552.042105
1742987552.082988
1742987552.105086
1742987552.147944
1742987552.177516
1742987552.217093
1742987552.238474
1742987552.283535
1742987552.308355
1742987552.347764
1742987552.375579
1742987552.416669
1742987552.443003
1742987552.483734
1742987552.505495
1742987552.552831
1742987552.575589
1742987552.617430
1742987552.638422
1742987552.682213
1742987552.711647
1742987552.748800
1742987552.771756
1742987552.815171
1742987552.842682
1742987552.884249
1742987552.905151
1742987552.952102
1742987552.975414
1742987553.016107
1742987553.038211
1742987553.082018
1742987553.111458
1742987553.148321
1742987553.172170
1742987553.217425
1742987553.242953
1742987553.285085
1742987553.305495
1742987553.349582
1742987553.377981
1742987553.414897
1742987553.441716
1742987553.483341
1742987553.510419
1742987553.547629
1742987553.573624
1742987553.616389
1742987553.644269
1742987553.681510
1742987553.705663
1742987553.749372
1742987553.777756
1742987553.818206
1742987553.838919
1742987553.882952
1742987553.911326
1742987553.951089
1742987553.972392
1742987554.019337
1742987554.043078
1742987554.084514
1742987554.105751
1742987554.150630
1742987554.177450
1742987554.218333
1742987554.239158
1742987554.283922
1742987554.306587
1742987554.348956
1742987554.375139
1742987554.417895
1742987554.443848
1742987554.484129
1742987554.508111
1742987554.550432
1742987554.579293
1742987554.614976
1742987554.640397
1742987554.683856
1742987554.712125
1742987554.749771
1742987554.772831
1742987554.818490
1742987554.843877
1742987554.881318
1742987554.906639
1742987554.951938
1742987554.977495
1742987555.015039
1742987555.039729
1742987555.083751
1742987555.113065
1742987555.145393
1742987555.173092
1742987555.218239
1742987555.244143
1742987555.284821
1742987555.306917
1742987555.351221
1742987555.378154
1742987555.415442
1742987555.442639
1742987555.484221
1742987555.513785
1742987555.550443
1742987555.573571
1742987555.618269
1742987555.645071
1742987555.684644
1742987555.706533
1742987555.751187
1742987555.778470
1742987555.817111
1742987555.840297
1742987555.885581
1742987555.911791
1742987555.950833
1742987555.973401
1742987556.019199
1742987556.044682
1742987556.083162
1742987556.118588
1742987556.140200
1742987556.186322
1742987556.211134
1742987556.250789
1742987556.279680
1742987556.311414
1742987556.350006
1742987556.380507
1742987556.417935
1742987556.440460
1742987556.486524
1742987556.511438
1742987556.550674
1742987556.573835
1742987556.619812
1742987556.644344
1742987556.683655
1742987556.707121
1742987556.751175
1742987556.780378
1742987556.816534
1742987556.840569
1742987556.885770
1742987556.911337
1742987556.949883
1742987556.975114
1742987557.017449
1742987557.046828
1742987557.084781
1742987557.108216
1742987557.150463
1742987557.180906
1742987557.216760
1742987557.243646
1742987557.280833
1742987557.317149
1742987557.348890
1742987557.378978
1742987557.416611
1742987557.447758
1742987557.483664
1742987557.509322
1742987557.551143
1742987557.580849
1742987557.617732
1742987557.641390
1742987557.687302
1742987557.712221
1742987557.753011
1742987557.774261
1742987557.817032
1742987557.847137
1742987557.884533
1742987557.907483
1742987557.954046
1742987557.978554
1742987558.017743
1742987558.041074
1742987558.083546
1742987558.114363
1742987558.150338
1742987558.175504
1742987558.215330
1742987558.250660
1742987558.281610
1742987558.312679
1742987558.350655
1742987558.383608
1742987558.414507
1742987558.447210
1742987558.481853
1742987558.517215
1742987558.548359
1742987558.579481
1742987558.618268
1742987558.646147
1742987558.686882
1742987558.708163
1742987558.750728
1742987558.783198
1742987558.815726
1742987558.841962
1742987558.883639
1742987558.915466
1742987558.947481
1742987558.977380
1742987559.014986
1742987559.050377
1742987559.084357
1742987559.108246
1742987559.150861
1742987559.183375
1742987559.215564
1742987559.243381
1742987559.281684
1742987559.318271
1742987559.348394
1742987559.380107
1742987559.418650
1742987559.448426
1742987559.484951
1742987559.512315
1742987559.551757
1742987559.582135
1742987559.618353
1742987559.642999
1742987559.686752
1742987559.713927
1742987559.753610
1742987559.775417
1742987559.817985
1742987559.849206
1742987559.884250
1742987559.910459
1742987559.948687
1742987559.984704
1742987560.017211
1742987560.042577
1742987560.084788
1742987560.115836
1742987560.150628
1742987560.175679
1742987560.214509
1742987560.251165
1742987560.281551
1742987560.312193
1742987560.352506
1742987560.381854
1742987560.419437
1742987560.442843
1742987560.485139
1742987560.515423
1742987560.551792
1742987560.578444
1742987560.618718
1742987560.650503
1742987560.683089
1742987560.713839
1742987560.750281
1742987560.784402
1742987560.818695
1742987560.846226
1742987560.887012
1742987560.913520
1742987560.953025
1742987560.978430
1742987561.018493
1742987561.050813
1742987561.085562
1742987561.111041
1742987561.151923
1742987561.183552
1742987561.216957
1742987561.244327
1742987561.284358
1742987561.319032
1742987561.349123
1742987561.379543
1742987561.419420
1742987561.448708
1742987561.486042
1742987561.509963
1742987561.552903
1742987561.582761
1742987561.618233
1742987561.644962
1742987561.685682
1742987561.714426
1742987561.753362
1742987561.776629
1742987561.816115
1742987561.848765
1742987561.887707
1742987561.910375
1742987561.950465
1742987561.984907
1742987562.019939
1742987562.044290
1742987562.085466
1742987562.119336
1742987562.148733
1742987562.182278
1742987562.217692
1742987562.250257
1742987562.284877
1742987562.313860
1742987562.352305
1742987562.384194
1742987562.420531
1742987562.445317
1742987562.485710
1742987562.518054
1742987562.552966
1742987562.576320
1742987562.620114
1742987562.650565
1742987562.685061
1742987562.711206
1742987562.750605
1742987562.785170
1742987562.814803
1742987562.847819
1742987562.886535
1742987562.915569
1742987562.948953
1742987562.981098
1742987563.018324
1742987563.052400
1742987563.083677
1742987563.113572
1742987563.152026
1742987563.187099
1742987563.216735
1742987563.247532
1742987563.285171
1742987563.319732
1742987563.351037
1742987563.380631
1742987563.419784
1742987563.452459
1742987563.481522
1742987563.516948
1742987563.549731
1742987563.585664
1742987563.618189
1742987563.648320
1742987563.688605
1742987563.715556
1742987563.750881
1742987563.782173
1742987563.819245
1742987563.851357
1742987563.886385
1742987563.910642
1742987563.950682
1742987563.984681
1742987564.019892
1742987564.043786
1742987564.085999
1742987564.116698
1742987564.150737
1742987564.181652
1742987564.220640
1742987564.250725
1742987564.286539
1742987564.312750
1742987564.353191
1742987564.384082
1742987564.419876
1742987564.453959
1742987564.477721
1742987564.519227
1742987564.552053
1742987564.587834
1742987564.616664
1742987564.649352
1742987564.684479
1742987564.719812
1742987564.749969
1742987564.781257
1742987564.821120
1742987564.851041
1742987564.886955
1742987564.912253
1742987564.951302
1742987564.987754
1742987565.017274
1742987565.048267
1742987565.088921
1742987565.115044
1742987565.154225
1742987565.179991
1742987565.221208
1742987565.249897
1742987565.285277
1742987565.316041
1742987565.354328
1742987565.383750
1742987565.419106
1742987565.449304
1742987565.490506
1742987565.514017
1742987565.554379
1742987565.578761
1742987565.618805
1742987565.652625
1742987565.686735
1742987565.711533
1742987565.751477
1742987565.787181
1742987565.816988
1742987565.847301
1742987565.888571
1742987565.917739
1742987565.953170
1742987565.978168
1742987566.019853
1742987566.050793
1742987566.086558
1742987566.111519
1742987566.152195
1742987566.188068
1742987566.217746
1742987566.245939
1742987566.288015
1742987566.317705
1742987566.352498
1742987566.379724
1742987566.423154
1742987566.448931
1742987566.487910
1742987566.512964
1742987566.553068
1742987566.587198
1742987566.621837
1742987566.646869
1742987566.688151
1742987566.718281
1742987566.756515
1742987566.778580
1742987566.823678
1742987566.848617
1742987566.886245
1742987566.912801
1742987566.956804
1742987566.981861
1742987567.022877
1742987567.045427
1742987567.090148
1742987567.115449
1742987567.152203
1742987567.180451
1742987567.219212
1742987567.255754
1742987567.283317
1742987567.316523
1742987567.357720
1742987567.382152
1742987567.423267
1742987567.445669
1742987567.490056
1742987567.515540
1742987567.553435
1742987567.582593
1742987567.624115
1742987567.649494
1742987567.690439
1742987567.712417
1742987567.758333
1742987567.782438
1742987567.823980
1742987567.846103
1742987567.889766
1742987567.916734
1742987567.957232
1742987567.979178
1742987568.024844
1742987568.048952
1742987568.090548
1742987568.113541
1742987568.158646
1742987568.182270
1742987568.220728
1742987568.247861
1742987568.286110
1742987568.321824
1742987568.351730
1742987568.386317
1742987568.419210
1742987568.455968
1742987568.484104
1742987568.517995
1742987568.554961
1742987568.586278
1742987568.617826
1742987568.650950
1742987568.685814
1742987568.721606
1742987568.754922
1742987568.779638
1742987568.825428
1742987568.849298
1742987568.887362
1742987568.913263
1742987568.958430
1742987568.982445
1742987569.020057
1742987569.047598
1742987569.086099
1742987569.122006
1742987569.150113
1742987569.185237
1742987569.222490
1742987569.249706
1742987569.288223
1742987569.313435
1742987569.359567
1742987569.382740
1742987569.421472
1742987569.447496
1742987569.493800
1742987569.515957
1742987569.559551
1742987569.580179
1742987569.626406
1742987569.649453
1742987569.689970
1742987569.716249
1742987569.758723
1742987569.782879
1742987569.824862
1742987569.847338
1742987569.890484
1742987569.917075
1742987569.958718
1742987569.980187
1742987570.023073
1742987570.050482
1742987570.093280
1742987570.113608
1742987570.159909
1742987570.182895
1742987570.222091
1742987570.248640
1742987570.294828
1742987570.315486
1742987570.357551
1742987570.381028
1742987570.427027
1742987570.449665
1742987570.489206
1742987570.515503
1742987570.556061
1742987570.583693
1742987570.622061
1742987570.649057
1742987570.691475
1742987570.717294
1742987570.759015
1742987570.780796
1742987570.826004
1742987570.849833
1742987570.888967
1742987570.914479
1742987570.950688
1742987570.986089
1742987571.026825
1742987571.047480
1742987571.093835
1742987571.116409
1742987571.161384
1742987571.180911
1742987571.227821
1742987571.249847
1742987571.293741
1742987571.314341
1742987571.359700
1742987571.383327
1742987571.422520
1742987571.449472
1742987571.488677
1742987571.521267
1742987571.558882
1742987571.581237
1742987571.626905
1742987571.649831
1742987571.693596
1742987571.714683
1742987571.760185
1742987571.783240
1742987571.826299
1742987571.847898
1742987571.894941
1742987571.916118
1742987571.954731
1742987571.982549
1742987572.029034
1742987572.049338
1742987572.095365
1742987572.114658
1742987572.159108
1742987572.183143
1742987572.226733
1742987572.248156
1742987572.295380
1742987572.316221
1742987572.359210
1742987572.381507
1742987572.428622
1742987572.449974
1742987572.491645
1742987572.515377
1742987572.560773
1742987572.583763
1742987572.626114
1742987572.648677
1742987572.694572
1742987572.716899
1742987572.756232
1742987572.790966
1742987572.815305
1742987572.861840
1742987572.883410
1742987572.928899
1742987572.950412
1742987572.993735
1742987573.015869
1742987573.063142
1742987573.083283
1742987573.121805
1742987573.150488
1742987573.196391
1742987573.216387
1742987573.254864
1742987573.287135
1742987573.328029
1742987573.350443
1742987573.390972
1742987573.416845
1742987573.461899
1742987573.483657
1742987573.525958
1742987573.549950
1742987573.596808
1742987573.616646
1742987573.659472
1742987573.683353
1742987573.729422
1742987573.750663
1742987573.788678
1742987573.817162
1742987573.863196
1742987573.883547
1742987573.925917
1742987573.949666
1742987573.996849
1742987574.016978
1742987574.055642
1742987574.084175
1742987574.129082
1742987574.150543
1742987574.193086
1742987574.216876
1742987574.261507
1742987574.284047
1742987574.325623
1742987574.350039
1742987574.395260
1742987574.417226
1742987574.459444
1742987574.483736
1742987574.528943
1742987574.550570
1742987574.596707
1742987574.616294
1742987574.659890
1742987574.686170
1742987574.728203
1742987574.749639
1742987574.796452
1742987574.817243
1742987574.858212
1742987574.883669
1742987574.930086
1742987574.950206
1742987574.991063
1742987575.017019
1742987575.063966
1742987575.083058
1742987575.120586
1742987575.158631
1742987575.184054
1742987575.230689
1742987575.249704
1742987575.295336
1742987575.316990
1742987575.362931
1742987575.382985
1742987575.428768
1742987575.450408
1742987575.496672
1742987575.516433
1742987575.562878
1742987575.583387
1742987575.626597
1742987575.650026
1742987575.696178
1742987575.717247
1742987575.763322
1742987575.783449
1742987575.830018
1742987575.850646
1742987575.897159
1742987575.916717
1742987575.963206
1742987575.984119
1742987576.030563
1742987576.050164
1742987576.097008
1742987576.117195
1742987576.162078
1742987576.183467
1742987576.227143
1742987576.251134
1742987576.297209
1742987576.316890
1742987576.360773
1742987576.384357
1742987576.430650
1742987576.450465
1742987576.493703
1742987576.517849
1742987576.563966
1742987576.583758
1742987576.626786
1742987576.651490
1742987576.695571
1742987576.717006
1742987576.763246
1742987576.784350
1742987576.830057
1742987576.850421
1742987576.896629
1742987576.917654
1742987576.960669
1742987576.983765
1742987577.026381
1742987577.051380
1742987577.097700
1742987577.117311
1742987577.161072
1742987577.184559
1742987577.231267
1742987577.250519
1742987577.297784
1742987577.317659
1742987577.364745
1742987577.384002
1742987577.431135
1742987577.450906
1742987577.498395
1742987577.517569
1742987577.564704
1742987577.584408
1742987577.627875
1742987577.650691
1742987577.697566
1742987577.717650
1742987577.764607
1742987577.784125
1742987577.831228
1742987577.851338
1742987577.897874
1742987577.917568
1742987577.964721
1742987577.984570
1742987578.030999
1742987578.051015
1742987578.097856
1742987578.117953
1742987578.162895
1742987578.184353
1742987578.227408
1742987578.251443
1742987578.298709
1742987578.317953
1742987578.361187
1742987578.386184
1742987578.428793
1742987578.451534
1742987578.497998
1742987578.518401
1742987578.560907
1742987578.584841
1742987578.630635
1742987578.651806
1742987578.696892
1742987578.718347
1742987578.762565
1742987578.785739
1742987578.831573
1742987578.851601
1742987578.897493
1742987578.918746
1742987578.962370
1742987578.984842
1742987579.031465
1742987579.052217
1742987579.095460
1742987579.118126
1742987579.159848
1742987579.191404
1742987579.229301
1742987579.251624
1742987579.298214
1742987579.319078
1742987579.364733
1742987579.385014
1742987579.431527
1742987579.452656
1742987579.498261
1742987579.518464
1742987579.565360
1742987579.586014
1742987579.629470
1742987579.652196
1742987579.698440
1742987579.719492
1742987579.764627
1742987579.785219
1742987579.828798
1742987579.853103
1742987579.899908
1742987579.918794
1742987579.961572
1742987579.988239
1742987580.030245
1742987580.052056
1742987580.098939
1742987580.119694
1742987580.164632
1742987580.185566
1742987580.231866
1742987580.253460
1742987580.297471
1742987580.318820
1742987580.365548
1742987580.386745
1742987580.431008
1742987580.452469
1742987580.499777
1742987580.520358
1742987580.562103
1742987580.586602
1742987580.632676
1742987580.654011
1742987580.699711
1742987580.719522
1742987580.765637
1742987580.787556
1742987580.830511
1742987580.853666
1742987580.896205
1742987580.924232
1742987580.964883
1742987580.985849
1742987581.030763
1742987581.053330
1742987581.096218
1742987581.131001
1742987581.152654
1742987581.197318
1742987581.220189
1742987581.263603
1742987581.288462
1742987581.319992
1742987581.365274
1742987581.387823
1742987581.434522
1742987581.452934
1742987581.494857
1742987581.521468
1742987581.564650
1742987581.586045
1742987581.633083
1742987581.655023
1742987581.699522
1742987581.719424
1742987581.762778
1742987581.789762
1742987581.832978
1742987581.852830
1742987581.895920
1742987581.923492
1742987581.966950
1742987581.986297
1742987582.029263
1742987582.057026
1742987582.099044
1742987582.119669
1742987582.161083
1742987582.189323
1742987582.220239
1742987582.263445
1742987582.288433
1742987582.330253
1742987582.352978
1742987582.400947
1742987582.421804
1742987582.464944
1742987582.486446
1742987582.530159
1742987582.555283
1742987582.599175
1742987582.619793
1742987582.663772
1742987582.691159
1742987582.732058
1742987582.753241
1742987582.799887
1742987582.823024
1742987582.864996
1742987582.886782
1742987582.932425
1742987582.956016
1742987582.998228
1742987583.020100
1742987583.066845
1742987583.089379
1742987583.133163
1742987583.153385
1742987583.198460
1742987583.223108
1742987583.264997
1742987583.286774
1742987583.333042
1742987583.356223
1742987583.398269
1742987583.420115
1742987583.463544
1742987583.490212
1742987583.532613
1742987583.553552
1742987583.597216
1742987583.623376
1742987583.660984
1742987583.690407
1742987583.732105
1742987583.753683
1742987583.797381
1742987583.825446
1742987583.866582
1742987583.887130
1742987583.931481
1742987583.957101
1742987584.001472
1742987584.020600
1742987584.065361
1742987584.090851
1742987584.131642
1742987584.153811
1742987584.199325
1742987584.224256
1742987584.267670
1742987584.287270
1742987584.333421
1742987584.357828
1742987584.399734
1742987584.420706
1742987584.465249
1742987584.491092
1742987584.528912
1742987584.554072
1742987584.597545
1742987584.626741
1742987584.664112
1742987584.687554
1742987584.731334
1742987584.759541
1742987584.800344
1742987584.820964
1742987584.864295
1742987584.894795
1742987584.930195
1742987584.955263
1742987585.002147
1742987585.024328
1742987585.067353
1742987585.087827
1742987585.129986
1742987585.161798
1742987585.197050
1742987585.221050
1742987585.263973
1742987585.292952
1742987585.329576
1742987585.354487
1742987585.398212
1742987585.426073
1742987585.462975
1742987585.487791
1742987585.530010
1742987585.563887
1742987585.593533
1742987585.621807
1742987585.664964
1742987585.694470
1742987585.730381
1742987585.754648
1742987585.798554
1742987585.827574
1742987585.867079
1742987585.888102
1742987585.930975
1742987585.963472
1742987585.999044
1742987586.021673
1742987586.066131
1742987586.092808
1742987586.132236
1742987586.155055
1742987586.198399
1742987586.227765
1742987586.264967
1742987586.288437
1742987586.334258
1742987586.358563
1742987586.400442
1742987586.421732
1742987586.466421
1742987586.492379
1742987586.532350
1742987586.555110
1742987586.599042
1742987586.627311
1742987586.664821
1742987586.688485
1742987586.731447
1742987586.760199
1742987586.798226
1742987586.822073
1742987586.868917
1742987586.892320
1742987586.932976
1742987586.955458
1742987586.999372
1742987587.028127
1742987587.065273
1742987587.088707
1742987587.134645
1742987587.159424
1742987587.200920
1742987587.222125
1742987587.268567
1742987587.291388
1742987587.331884
1742987587.355341
1742987587.400671
1742987587.426222
1742987587.466078
1742987587.488814
1742987587.533004
1742987587.559924
1742987587.600999
1742987587.622274
1742987587.666835
1742987587.693221
1742987587.729387
1742987587.759143
1742987587.798936
1742987587.829094
1742987587.866081
1742987587.889120
1742987587.931668
1742987587.962234
1742987587.998906
1742987588.022470
1742987588.066985
1742987588.093700
1742987588.133960
1742987588.155941
1742987588.201381
1742987588.227616
1742987588.266558
1742987588.289328
1742987588.330308
1742987588.364660
1742987588.397301
1742987588.422720
1742987588.467808
1742987588.493643
1742987588.534412
1742987588.556236
1742987588.600900
1742987588.627450
1742987588.664941
1742987588.689662
1742987588.735130
1742987588.760580
1742987588.799059
1742987588.822880
1742987588.868234
1742987588.894203
1742987588.934198
1742987588.956306
1742987589.001846
1742987589.027908
1742987589.068665
1742987589.089718
1742987589.134523
1742987589.159835
1742987589.198216
1742987589.223090
1742987589.268432
1742987589.294676
1742987589.332947
1742987589.356423
1742987589.402044
1742987589.427947
1742987589.466933
1742987589.489842
1742987589.535554
1742987589.562548
1742987589.601697
1742987589.629998
1742987589.661936
1742987589.698818
1742987589.728807
1742987589.769066
1742987589.790333
1742987589.836546
1742987589.861321
1742987589.901311
1742987589.923667
1742987589.969513
1742987589.994756
1742987590.033132
1742987590.056794
1742987590.103117
1742987590.126689
1742987590.163730
1742987590.192638
1742987590.229766
1742987590.266004
1742987590.299863
1742987590.323703
1742987590.366950
1742987590.396564
1742987590.431330
1742987590.460676
1742987590.497767
1742987590.533268
1742987590.566086
1742987590.591667
1742987590.634155
1742987590.663462
1742987590.702136
1742987590.724226
1742987590.767022
1742987590.797453
1742987590.832959
1742987590.862547
1742987590.899989
1742987590.929695
1742987590.967008
1742987590.992876
1742987591.031413
1742987591.065617
1742987591.098750
1742987591.124113
1742987591.165329
1742987591.196272
1742987591.232436
1742987591.257370
1742987591.299945
1742987591.328313
1742987591.368883
1742987591.390814
1742987591.433905
1742987591.463755
1742987591.500016
1742987591.524390
1742987591.567243
1742987591.595827
1742987591.637236
1742987591.657786
1742987591.700162
1742987591.729479
1742987591.768231
1742987591.791100
1742987591.832936
1742987591.864436
1742987591.898937
1742987591.924473
1742987591.969622
1742987591.995113
1742987592.035668
1742987592.057804
1742987592.100711
1742987592.130698
1742987592.165647
1742987592.191418
1742987592.233381
1742987592.263206
1742987592.302312
1742987592.324606
1742987592.366954
1742987592.397880
1742987592.433322
1742987592.458169
1742987592.501655
1742987592.528925
1742987592.568903
1742987592.591433
1742987592.634542
1742987592.663606
1742987592.703554
1742987592.724899
1742987592.765960
1742987592.798033
1742987592.834783
1742987592.859035
1742987592.897123
1742987592.934896
1742987592.965812
1742987592.992490
1742987593.034203
1742987593.065661
1742987593.102373
1742987593.125184
1742987593.168398
1742987593.196605
1742987593.235875
1742987593.258687
1742987593.301299
1742987593.330566
1742987593.368368
1742987593.391860
1742987593.434131
1742987593.463971
1742987593.502397
1742987593.525241
1742987593.567978
1742987593.597647
1742987593.633763
1742987593.658766
1742987593.703374
1742987593.729681
1742987593.770227
1742987593.792003
1742987593.834375
1742987593.863167
1742987593.901256
1742987593.925366
1742987593.967466
1742987593.996848
1742987594.033558
1742987594.058697
1742987594.100412
1742987594.133405
1742987594.164612
1742987594.193495
1742987594.233129
1742987594.266150
1742987594.299333
1742987594.325632
1742987594.368270
1742987594.398720
1742987594.433289
1742987594.458885
1742987594.501365
1742987594.530536
1742987594.569965
1742987594.592409
1742987594.633743
1742987594.668891
1742987594.699464
1742987594.729813
1742987594.769541
1742987594.798436
1742987594.831774
1742987594.864397
1742987594.900482
1742987594.936183
1742987594.967062
1742987594.996803
1742987595.036470
1742987595.066088
1742987595.100893
1742987595.126133
1742987595.163291
1742987595.201274
1742987595.233649
1742987595.259335
1742987595.300444
1742987595.335346
1742987595.365443
1742987595.392684
1742987595.434072
1742987595.465081
1742987595.497577
1742987595.526308
1742987595.565794
1742987595.598896
1742987595.633397
1742987595.659799
1742987595.699735
1742987595.735190
1742987595.764203
1742987595.797451
1742987595.834458
1742987595.867972
1742987595.900037
1742987595.926764
1742987595.968259
1742987596.000031
1742987596.035924
1742987596.059944
1742987596.102980
1742987596.133357
1742987596.168305
1742987596.193108
1742987596.234012
1742987596.268829
1742987596.299869
1742987596.326496
1742987596.367034
1742987596.401900
1742987596.432018
1742987596.460044
1742987596.500673
1742987596.535354
1742987596.565901
1742987596.593137
1742987596.633842
1742987596.668527
1742987596.700091
1742987596.726795
1742987596.768573
1742987596.799584
1742987596.834705
1742987596.860230
1742987596.901643
1742987596.936039
1742987596.967091
1742987596.995492
1742987597.036936
1742987597.065139
1742987597.104846
1742987597.127336
1742987597.168335
1742987597.201632
1742987597.235862
1742987597.260495
1742987597.301938
1742987597.331042
1742987597.370933
1742987597.393770
1742987597.434504
1742987597.467117
1742987597.502413
1742987597.527093
1742987597.570353
1742987597.598025
1742987597.636685
1742987597.660350
1742987597.701735
1742987597.734566
1742987597.768450
1742987597.800526
1742987597.827308
1742987597.868313
1742987597.904172
1742987597.934606
1742987597.969424
1742987597.995026
1742987598.036673
1742987598.067064
1742987598.103108
1742987598.127579
1742987598.168696
1742987598.199458
1742987598.235697
1742987598.260853
1742987598.303150
1742987598.332942
1742987598.360936
1742987598.403479
1742987598.432611
1742987598.470626
1742987598.494211
1742987598.535111
1742987598.568243
1742987598.603708
1742987598.627583
1742987598.669472
1742987598.700455
1742987598.736365
1742987598.761178
1742987598.802816
1742987598.835342
1742987598.870220
1742987598.894414
1742987598.935803
1742987598.968262
1742987599.004798
1742987599.027840
1742987599.071162
1742987599.101178
1742987599.138802
1742987599.161391
1742987599.203873
1742987599.234448
1742987599.272687
1742987599.294885
1742987599.337815
1742987599.367872
1742987599.404970
1742987599.430122
1742987599.471612
1742987599.499833
1742987599.539325
1742987599.561605
1742987599.604083
1742987599.634919
1742987599.671603
1742987599.694960
1742987599.736817
1742987599.766859
1742987599.807331
1742987599.828155
1742987599.873754
1742987599.898227
1742987599.939513
1742987599.961583
1742987600.007055
1742987600.031639
1742987600.072339
1742987600.094932
1742987600.140615
1742987600.164244
1742987600.202139
1742987600.228420
1742987600.274532
1742987600.297976
1742987600.339803
1742987600.361741
1742987600.406264
1742987600.431693
1742987600.469177
1742987600.495157
1742987600.538021
1742987600.567166
1742987600.604867
1742987600.628626
1742987600.674914
1742987600.697723
1742987600.735867
1742987600.761909
1742987600.807905
1742987600.831592
1742987600.872173
1742987600.895751
1742987600.934062
1742987600.965868
1742987601.005505
1742987601.028919
1742987601.071141
1742987601.099855
1742987601.138554
1742987601.162144
1742987601.202221
1742987601.232837
1742987601.273622
1742987601.295337
1742987601.333473
1742987601.369327
1742987601.400583
1742987601.428912
1742987601.467991
1742987601.500033
1742987601.529039
1742987601.566763
1742987601.603022
1742987601.633898
1742987601.662511
1742987601.700195
1742987601.739980
1742987601.763823
1742987601.796015
1742987601.833633
1742987601.868614
1742987601.902363
1742987601.929278
1742987601.966502
1742987602.003038
1742987602.035743
1742987602.062724
1742987602.101702
1742987602.136235
1742987602.164762
1742987602.195932
1742987602.240060
1742987602.265275
1742987602.307195
1742987602.329282
1742987602.371155
1742987602.400453
1742987602.439706
1742987602.462571
1742987602.508398
1742987602.531046
1742987602.570502
1742987602.596206
1742987602.639165
1742987602.667853
1742987602.708659
1742987602.729535
1742987602.770700
1742987602.802074
1742987602.834665
1742987602.863021
1742987602.903939
1742987602.934252
1742987602.973929
1742987602.996197
1742987603.036420
1742987603.070636
1742987603.103538
1742987603.129955
1742987603.171967
1742987603.201300
1742987603.242202
1742987603.263200
1742987603.304853
1742987603.334960
1742987603.372922
1742987603.396436
1742987603.438824
1742987603.467006
1742987603.508279
1742987603.529960
1742987603.575234
1742987603.598823
1742987603.640880
1742987603.663410
1742987603.707319
1742987603.732455
1742987603.771264
1742987603.796806
1742987603.838706
1742987603.868364
1742987603.907620
1742987603.930393
1742987603.968594
1742987604.004012
1742987604.034195
1742987604.063472
1742987604.101628
1742987604.137384
1742987604.167686
1742987604.196963
1742987604.239613
1742987604.266112
1742987604.304632
1742987604.330391
1742987604.375668
1742987604.399204
1742987604.439857
1742987604.463758
1742987604.502843
1742987604.536544
1742987604.575288
1742987604.597197
1742987604.642849
1742987604.665519
1742987604.711830
1742987604.730856
1742987604.775784
1742987604.799308
1742987604.842623
1742987604.864276
1742987604.910593
1742987604.932155
1742987604.979003
1742987604.997698
1742987605.042985
1742987605.065767
1742987605.109370
1742987605.131062
1742987605.176516
1742987605.198982
1742987605.245181
1742987605.264338
1742987605.309571
1742987605.332656
1742987605.378650
1742987605.398023
1742987605.442117
1742987605.466294
1742987605.509408
1742987605.531243
1742987605.577694
1742987605.598938
1742987605.644935
1742987605.664589
1742987605.710679
1742987605.732707
1742987605.778904
1742987605.798244
1742987605.838151
1742987605.869835
1742987605.910517
1742987605.931551
1742987605.975458
1742987605.999468
1742987606.043396
1742987606.066244
1742987606.106837
1742987606.133350
1742987606.167776
1742987606.208552
1742987606.233399
1742987606.277593
1742987606.299857
1742987606.335101
1742987606.373271
1742987606.401373
1742987606.441896
1742987606.465483
1742987606.508811
1742987606.534010
1742987606.571873
1742987606.600425
1742987606.637561
1742987606.676911
1742987606.700104
1742987606.737440
1742987606.771567
1742987606.806430
1742987606.840474
1742987606.865610
1742987606.910751
1742987606.933179
1742987606.977671
1742987606.999000
1742987607.044060
1742987607.066269
