1742717011.619332
1742717011.719293
1742717011.752845
1742717011.786744
1742717011.819083
1742717011.852432
1742717011.885636
1742717011.919068
1742717011.952328
1742717011.985671
1742717012.022963
1742717012.052842
1742717012.086197
1742717012.128895
1742717012.164682
1742717012.197193
1742717012.231450
1742717012.261907
1742717012.296722
1742717012.330688
1742717012.363665
1742717012.398098
1742717012.431657
1742717012.463867
1742717012.500127
1742717012.534746
1742717012.565767
1742717012.601656
1742717012.632339
1742717012.668244
1742717012.699050
1742717012.733893
1742717012.765613
1742717012.797934
1742717012.834251
1742717012.864295
1742717012.900461
1742717012.932730
1742717012.966647
1742717013.001019
1742717013.033793
1742717013.065655
1742717013.089526
1742717013.119989
1742717013.166266
1742717013.196485
1742717013.219966
1742717013.252913
1742717013.298714
1742717013.320476
1742717013.363117
1742717013.386207
1742717013.429396
1742717013.456217
1742717013.494559
1742717013.519637
1742717013.562523
1742717013.591423
1742717013.630331
1742717013.653070
1742717013.696500
1742717013.724118
1742717013.765258
1742717013.786379
1742717013.832857
1742717013.854281
1742717013.896461
1742717013.919921
1742717013.964331
1742717013.990767
1742717014.030120
1742717014.053290
1742717014.099561
1742717014.123065
1742717014.162979
1742717014.186614
1742717014.229714
1742717014.257270
1742717014.295653
1742717014.320148
1742717014.362632
1742717014.391769
1742717014.429294
1742717014.453456
1742717014.495694
1742717014.523687
1742717014.560831
1742717014.586843
1742717014.629276
1742717014.657242
1742717014.694755
1742717014.720268
1742717014.762483
1742717014.791765
1742717014.828548
1742717014.853558
1742717014.889069
1742717014.929010
1742717014.956780
1742717014.987008
1742717015.026251
1742717015.061493
1742717015.091777
1742717015.120427
1742717015.161543
1742717015.191468
1742717015.230283
1742717015.253789
1742717015.295123
1742717015.325991
1742717015.362039
1742717015.387179
1742717015.429483
1742717015.457462
1742717015.498460
1742717015.520559
1742717015.562748
1742717015.592218
1742717015.631624
1742717015.654080
1742717015.696400
1742717015.726520
1742717015.762898
1742717015.787384
1742717015.829710
1742717015.858649
1742717015.899401
1742717015.920784
1742717015.963421
1742717015.992499
1742717016.032336
1742717016.054292
1742717016.096542
1742717016.125042
1742717016.164638
1742717016.187654
1742717016.228569
1742717016.260505
1742717016.296042
1742717016.320904
1742717016.364889
1742717016.392500
1742717016.433878
1742717016.454519
1742717016.498917
1742717016.524698
1742717016.565293
1742717016.588001
1742717016.633353
1742717016.659046
1742717016.696182
1742717016.721305
1742717016.763810
1742717016.792927
1742717016.833987
1742717016.854854
1742717016.897335
1742717016.926873
1742717016.965747
1742717016.988058
1742717017.032483
1742717017.058661
1742717017.096696
1742717017.121686
1742717017.166652
1742717017.188418
1742717017.230064
1742717017.255088
1742717017.300742
1742717017.325762
1742717017.366715
1742717017.388393
1742717017.430549
1742717017.460751
1742717017.498360
1742717017.521834
1742717017.564261
1742717017.593965
1742717017.632577
1742717017.655308
1742717017.697233
1742717017.726997
1742717017.767518
1742717017.788601
1742717017.831494
1742717017.861431
1742717017.897812
1742717017.924930
1742717017.965689
1742717017.993427
1742717018.033039
1742717018.055576
1742717018.098060
1742717018.126778
1742717018.165230
1742717018.189897
1742717018.230830
1742717018.263864
1742717018.296314
1742717018.325087
1742717018.365534
1742717018.394181
1742717018.430142
1742717018.457358
1742717018.498573
1742717018.526630
1742717018.567115
1742717018.589028
1742717018.632466
1742717018.662313
1742717018.694999
1742717018.722836
1742717018.761914
1742717018.796920
1742717018.830478
1742717018.856566
1742717018.895927
1742717018.927949
1742717018.963641
1742717018.991225
1742717019.032496
1742717019.061261
1742717019.097794
1742717019.124414
1742717019.164234
1742717019.196184
1742717019.228202
1742717019.260617
1742717019.299942
1742717019.327161
1742717019.366453
1742717019.391428
1742717019.430335
1742717019.462320
1742717019.495682
1742717019.526034
1742717019.562963
1742717019.597970
1742717019.627995
1742717019.663399
1742717019.696442
1742717019.729964
1742717019.764742
1742717019.793217
1742717019.829514
1742717019.864972
1742717019.897889
1742717019.926550
1742717019.965461
1742717019.994394
1742717020.033931
1742717020.057184
1742717020.098590
1742717020.128153
1742717020.166631
1742717020.190934
1742717020.232431
1742717020.262854
1742717020.298051
1742717020.326531
1742717020.364633
1742717020.400228
1742717020.429171
1742717020.461810
1742717020.499292
1742717020.529098
1742717020.564441
1742717020.594581
1742717020.631726
1742717020.666621
1742717020.697354
1742717020.728372
1742717020.763995
1742717020.799131
1742717020.830271
1742717020.860883
1742717020.901131
1742717020.928458
1742717020.963564
1742717020.995904
1742717021.031783
1742717021.062962
1742717021.097365
1742717021.126223
1742717021.164225
1742717021.200026
1742717021.228321
1742717021.263320
1742717021.296052
1742717021.331240
1742717021.366585
1742717021.391934
1742717021.433423
1742717021.463471
1742717021.499955
1742717021.534754
1742717021.557322
1742717021.599078
1742717021.631028
1742717021.667246
1742717021.696918
1742717021.729307
1742717021.764786
1742717021.799562
1742717021.830689
1742717021.860941
1742717021.901018
1742717021.930273
1742717021.965645
1742717021.993125
1742717022.032292
1742717022.065551
1742717022.096483
1742717022.127653
1742717022.168818
1742717022.195930
1742717022.231227
1742717022.259130
1742717022.300581
1742717022.330160
1742717022.366227
1742717022.391206
1742717022.435081
1742717022.462371
1742717022.502472
1742717022.524175
1742717022.568683
1742717022.595248
1742717022.636823
1742717022.657687
1742717022.700109
1742717022.730615
1742717022.765728
1742717022.794607
1742717022.835626
1742717022.861593
1742717022.900494
1742717022.926376
1742717022.969296
1742717022.994537
1742717023.035677
1742717023.058011
1742717023.101392
1742717023.127412
1742717023.167601
1742717023.192040
1742717023.233668
1742717023.265952
1742717023.300931
1742717023.325156
1742717023.368128
1742717023.398144
1742717023.434502
1742717023.459639
1742717023.502285
1742717023.529108
1742717023.569683
1742717023.591948
1742717023.636991
1742717023.661847
1742717023.699884
1742717023.727863
1742717023.768341
1742717023.797869
1742717023.835536
1742717023.858372
1742717023.900807
1742717023.930651
1742717023.970296
1742717023.991614
1742717024.035053
1742717024.063946
1742717024.104472
1742717024.125112
1742717024.170472
1742717024.195123
1742717024.237625
1742717024.258460
1742717024.305054
1742717024.325316
1742717024.368622
1742717024.392391
1742717024.437248
1742717024.461709
1742717024.503547
1742717024.525162
1742717024.568200
1742717024.598585
1742717024.631406
1742717024.662820
1742717024.702900
1742717024.728626
1742717024.766336
1742717024.796150
1742717024.836570
1742717024.861800
1742717024.902754
1742717024.925559
1742717024.971832
1742717024.994833
1742717025.036458
1742717025.059971
1742717025.099104
1742717025.134061
1742717025.167947
1742717025.195986
1742717025.237333
1742717025.261889
1742717025.303915
1742717025.325893
1742717025.369286
1742717025.396391
1742717025.437711
1742717025.460060
1742717025.506264
1742717025.528405
1742717025.566844
1742717025.597200
1742717025.634812
1742717025.663877
1742717025.702981
1742717025.727481
1742717025.768977
1742717025.796117
1742717025.836817
1742717025.859266
1742717025.906188
1742717025.928425
1742717025.967196
1742717025.992902
1742717026.038597
1742717026.061838
1742717026.099696
1742717026.130081
1742717026.168463
1742717026.198916
1742717026.236976
1742717026.259893
1742717026.304270
1742717026.329023
1742717026.367377
1742717026.395563
1742717026.434636
1742717026.468268
1742717026.498053
1742717026.526403
1742717026.563475
1742717026.598152
1742717026.636158
1742717026.659544
1742717026.703738
1742717026.729665
1742717026.772098
1742717026.793020
1742717026.834722
1742717026.866985
1742717026.899557
1742717026.930771
1742717026.969356
1742717026.996516
1742717027.037237
1742717027.061172
1742717027.101205
1742717027.135826
1742717027.162718
1742717027.203485
1742717027.228963
1742717027.270343
1742717027.296342
1742717027.337504
1742717027.362452
1742717027.401050
1742717027.435851
1742717027.462677
1742717027.504822
1742717027.529296
1742717027.567894
1742717027.598341
1742717027.634242
1742717027.670934
1742717027.696653
1742717027.734318
1742717027.764481
1742717027.803019
1742717027.830128
1742717027.865681
1742717027.900422
1742717027.936145
1742717027.963259
1742717027.996170
1742717028.036786
1742717028.063126
1742717028.102172
1742717028.127524
1742717028.173811
1742717028.195755
1742717028.236365
1742717028.260525
1742717028.307231
1742717028.329029
1742717028.375169
1742717028.393869
1742717028.437757
1742717028.462824
1742717028.506412
1742717028.527102
1742717028.573350
1742717028.595600
1742717028.638777
1742717028.660748
1742717028.708042
1742717028.728899
1742717028.772173
1742717028.794125
1742717028.839486
1742717028.862762
1742717028.904723
1742717028.927899
1742717028.974390
1742717028.995943
1742717029.037604
1742717029.062139
1742717029.109186
1742717029.128678
1742717029.169931
1742717029.195941
1742717029.237247
1742717029.264025
1742717029.303568
1742717029.329828
1742717029.368932
1742717029.397465
1742717029.438555
1742717029.461708
1742717029.508514
1742717029.529708
1742717029.569742
1742717029.596585
1742717029.636398
1742717029.664201
1742717029.704598
1742717029.729337
1742717029.774796
1742717029.796258
1742717029.836644
1742717029.872008
1742717029.894859
1742717029.941313
1742717029.962715
1742717030.008147
1742717030.029585
1742717030.067522
1742717030.100285
1742717030.140528
1742717030.162652
1742717030.203269
1742717030.229635
1742717030.275032
1742717030.296217
1742717030.337189
1742717030.362902
1742717030.407899
1742717030.429791
1742717030.470503
1742717030.496389
1742717030.537992
1742717030.564244
1742717030.599232
1742717030.636137
1742717030.663600
1742717030.703975
1742717030.728991
1742717030.775999
1742717030.796065
1742717030.838424
1742717030.862305
1742717030.906702
1742717030.930624
1742717030.972015
1742717030.995713
1742717031.040750
1742717031.063257
1742717031.109845
1742717031.129044
1742717031.173440
1742717031.196755
1742717031.241682
1742717031.262634
1742717031.306031
1742717031.330161
1742717031.376652
1742717031.395918
1742717031.442882
1742717031.463560
1742717031.507071
1742717031.529321
1742717031.576162
1742717031.596597
1742717031.643058
1742717031.662652
1742717031.705894
1742717031.730683
1742717031.775333
1742717031.795881
1742717031.842873
1742717031.863077
1742717031.908167
1742717031.929147
1742717031.972327
1742717031.996703
1742717032.043354
1742717032.062584
1742717032.109359
1742717032.129562
1742717032.172366
1742717032.195795
1742717032.236419
1742717032.267879
1742717032.306551
1742717032.329348
1742717032.376484
1742717032.396387
1742717032.440217
1742717032.462673
1742717032.509024
1742717032.530234
1742717032.576888
1742717032.596200
1742717032.639697
1742717032.663457
1742717032.706792
1742717032.729632
1742717032.775647
1742717032.796937
1742717032.841935
1742717032.863397
1742717032.907878
1742717032.930345
1742717032.977173
1742717032.996764
1742717033.043968
1742717033.063230
1742717033.110851
1742717033.130412
1742717033.175195
1742717033.197478
1742717033.244158
1742717033.263457
1742717033.311017
1742717033.330416
1742717033.375482
1742717033.397072
1742717033.440103
1742717033.465345
1742717033.508307
1742717033.530376
1742717033.575651
1742717033.597098
1742717033.643882
1742717033.663666
1742717033.707006
1742717033.730592
1742717033.776202
1742717033.796939
1742717033.844012
1742717033.863697
1742717033.910522
1742717033.930269
1742717033.977178
1742717033.997084
1742717034.040134
1742717034.063697
1742717034.107327
1742717034.132692
1742717034.175814
1742717034.196895
1742717034.240211
1742717034.264814
1742717034.310590
1742717034.330297
1742717034.377080
1742717034.397334
1742717034.444164
1742717034.463715
1742717034.507223
1742717034.532704
1742717034.574184
1742717034.597548
1742717034.642576
1742717034.664225
1742717034.711195
1742717034.730620
1742717034.775988
1742717034.797690
1742717034.842930
1742717034.864367
1742717034.909134
1742717034.931082
1742717034.974097
1742717034.997956
1742717035.041785
1742717035.064681
1742717035.109971
1742717035.131095
1742717035.177912
1742717035.197987
1742717035.241246
1742717035.264967
1742717035.311673
1742717035.331507
1742717035.378189
1742717035.398146
1742717035.441613
1742717035.464814
1742717035.508488
1742717035.532008
1742717035.577989
1742717035.598274
1742717035.645023
1742717035.665474
1742717035.708884
1742717035.732032
1742717035.773635
1742717035.798301
1742717035.844003
1742717035.865270
1742717035.910203
1742717035.931312
1742717035.978035
1742717035.998373
1742717036.044834
1742717036.064493
1742717036.110772
1742717036.131960
1742717036.177999
1742717036.197794
1742717036.243766
1742717036.265416
1742717036.310508
1742717036.331347
1742717036.378265
1742717036.398656
1742717036.442106
1742717036.464526
1742717036.511047
1742717036.531979
1742717036.574643
1742717036.598268
1742717036.644149
1742717036.665471
1742717036.711240
1742717036.731441
1742717036.776905
1742717036.799099
1742717036.843357
1742717036.865094
1742717036.909299
1742717036.933740
1742717036.977340
1742717036.998536
1742717037.044855
1742717037.066196
1742717037.112458
1742717037.131775
1742717037.179114
1742717037.199734
1742717037.243679
1742717037.265260
1742717037.310656
1742717037.333231
1742717037.376352
1742717037.399784
1742717037.444121
1742717037.466506
1742717037.509924
1742717037.532655
1742717037.577966
1742717037.600537
1742717037.642842
1742717037.666981
1742717037.711312
1742717037.733383
1742717037.776412
1742717037.799141
1742717037.842614
1742717037.868541
1742717037.910664
1742717037.932094
1742717037.979259
1742717038.000755
1742717038.045950
1742717038.065510
1742717038.111678
1742717038.133686
1742717038.177129
1742717038.210306
1742717038.232400
1742717038.279885
1742717038.301180
1742717038.346266
1742717038.368170
1742717038.411716
1742717038.433121
1742717038.480408
1742717038.501433
1742717038.542272
1742717038.567858
1742717038.609841
1742717038.636237
1742717038.675537
1742717038.701175
1742717038.743082
1742717038.771914
1742717038.805926
1742717038.839557
1742717038.876249
1742717038.904678
1742717038.940074
1742717038.970672
1742717039.012675
1742717039.035432
1742717039.075993
1742717039.101931
1742717039.144480
1742717039.170593
1742717039.204251
1742717039.242528
1742717039.271400
1742717039.313164
1742717039.334151
1742717039.377201
1742717039.401798
1742717039.440894
1742717039.468836
1742717039.510742
1742717039.538413
1742717039.578698
1742717039.602360
1742717039.644052
1742717039.672611
1742717039.712498
1742717039.735170
1742717039.775492
1742717039.803374
1742717039.845238
1742717039.867300
1742717039.911819
1742717039.936039
1742717039.979063
1742717039.999815
1742717040.046306
1742717040.069160
1742717040.111429
1742717040.133321
1742717040.180484
1742717040.203322
1742717040.245472
1742717040.266654
1742717040.309706
1742717040.339090
1742717040.379835
1742717040.400078
1742717040.443166
1742717040.469767
1742717040.513695
1742717040.533254
1742717040.577227
1742717040.604603
1742717040.646200
1742717040.666727
1742717040.714282
1742717040.735913
1742717040.779371
1742717040.800076
1742717040.847347
1742717040.869358
1742717040.912146
1742717040.933506
1742717040.976876
1742717041.004836
1742717041.047208
1742717041.067259
1742717041.114334
1742717041.137307
1742717041.176362
1742717041.201701
1742717041.241635
1742717041.274920
1742717041.308153
1742717041.337540
1742717041.378332
1742717041.404925
1742717041.446452
1742717041.467680
1742717041.511394
1742717041.540009
1742717041.577460
1742717041.603489
1742717041.644586
1742717041.672916
1742717041.712582
1742717041.734455
1742717041.777985
1742717041.805701
1742717041.847318
1742717041.867536
1742717041.914157
1742717041.938129
1742717041.979491
1742717042.000663
1742717042.047454
1742717042.068859
1742717042.113629
1742717042.134246
1742717042.181453
1742717042.204479
1742717042.244975
1742717042.267707
1742717042.311436
1742717042.339952
1742717042.380169
1742717042.401115
1742717042.448276
1742717042.471434
1742717042.512940
1742717042.534415
1742717042.580836
1742717042.605069
1742717042.646612
1742717042.667884
1742717042.713610
1742717042.738958
1742717042.780538
1742717042.801137
1742717042.845290
1742717042.873078
1742717042.913067
1742717042.935041
1742717042.980112
1742717043.005478
1742717043.046284
1742717043.069416
1742717043.113816
1742717043.139148
1742717043.181261
1742717043.202060
1742717043.246978
1742717043.272386
1742717043.313440
1742717043.337951
1742717043.379378
1742717043.407356
1742717043.445683
1742717043.472056
1742717043.513122
1742717043.540503
1742717043.578350
1742717043.606270
1742717043.643488
1742717043.677976
1742717043.707731
1742717043.743284
1742717043.772843
1742717043.813430
1742717043.840088
1742717043.875456
1742717043.908598
1742717043.944796
1742717043.975492
1742717044.006443
1742717044.042446
1742717044.077581
1742717044.108554
1742717044.139205
1742717044.177158
1742717044.208637
1742717044.244305
1742717044.270954
1742717044.313520
1742717044.338547
1742717044.380568
1742717044.402218
1742717044.447075
1742717044.472539
1742717044.510233
1742717044.539986
1742717044.574681
1742717044.611278
1742717044.641164
1742717044.672983
1742717044.709951
1742717044.744886
1742717044.773797
1742717044.802676
1742717044.848272
1742717044.873013
1742717044.914330
1742717044.935391
1742717044.982681
1742717045.004935
1742717045.047080
1742717045.068876
1742717045.115048
1742717045.140028
1742717045.178952
1742717045.202564
1742717045.247903
1742717045.273334
1742717045.314174
1742717045.335882
1742717045.382096
1742717045.406397
1742717045.445097
1742717045.469309
1742717045.513650
1742717045.540341
1742717045.578151
1742717045.605980
1742717045.646793
1742717045.675695
1742717045.712100
1742717045.739354
1742717045.776962
1742717045.810111
1742717045.845272
1742717045.870849
1742717045.913106
1742717045.942384
1742717045.978973
1742717046.003287
1742717046.048508
1742717046.074104
1742717046.114363
1742717046.136252
1742717046.182511
1742717046.206368
1742717046.245355
1742717046.270305
1742717046.311873
1742717046.342055
1742717046.381165
1742717046.402835
1742717046.449213
1742717046.473758
1742717046.514780
1742717046.546720
1742717046.569602
1742717046.616655
1742717046.640451
1742717046.681732
1742717046.707462
1742717046.744411
1742717046.776303
1742717046.810831
1742717046.846075
1742717046.872430
1742717046.912541
1742717046.941843
1742717046.982239
1742717047.003505
1742717047.048007
1742717047.074018
1742717047.113724
1742717047.139125
1742717047.176937
1742717047.212123
1742717047.245607
1742717047.274802
1742717047.313764
1742717047.338147
1742717047.373285
1742717047.408781
1742717047.444880
1742717047.479970
1742717047.510704
1742717047.543614
1742717047.578043
1742717047.609370
1742717047.648744
1742717047.673357
1742717047.711998
1742717047.746682
1742717047.778847
1742717047.808506
1742717047.847650
1742717047.875871
1742717047.916356
1742717047.937820
1742717047.981347
1742717048.009366
1742717048.047905
1742717048.070420
1742717048.113621
1742717048.143047
1742717048.178323
1742717048.206682
1742717048.248015
1742717048.275551
1742717048.313416
1742717048.340939
1742717048.380674
1742717048.409637
1742717048.449586
1742717048.471095
1742717048.512990
1742717048.545343
1742717048.577506
1742717048.606663
1742717048.646874
1742717048.677116
1742717048.712781
1742717048.741527
1742717048.780471
1742717048.809214
1742717048.847619
1742717048.872489
1742717048.914198
1742717048.942448
1742717048.982995
1742717049.004575
1742717049.047134
1742717049.076597
1742717049.113370
1742717049.138088
1742717049.180543
1742717049.210160
1742717049.246827
1742717049.271744
1742717049.314355
1742717049.343851
1742717049.379317
1742717049.408073
1742717049.447926
1742717049.477755
1742717049.510077
1742717049.545846
1742717049.576394
1742717049.612133
1742717049.644742
1742717049.678898
1742717049.710953
1742717049.747795
1742717049.777089
1742717049.812863
1742717049.842303
1742717049.882448
1742717049.910043
1742717049.943261
1742717049.979039
1742717050.010367
1742717050.046656
1742717050.073366
1742717050.112500
1742717050.146911
1742717050.175852
1742717050.210613
1742717050.246118
1742717050.281457
1742717050.310506
1742717050.342947
1742717050.380970
1742717050.411035
1742717050.447463
1742717050.474409
1742717050.513800
1742717050.546133
1742717050.580191
1742717050.606451
1742717050.647542
1742717050.676871
1742717050.713513
1742717050.740129
1742717050.780627
1742717050.810206
1742717050.845782
1742717050.874605
1742717050.915951
1742717050.943030
1742717050.981246
1742717051.007367
1742717051.047521
1742717051.080069
1742717051.114185
1742717051.142161
1742717051.179770
1742717051.213912
1742717051.248239
1742717051.274930
1742717051.315623
1742717051.344036
1742717051.382225
1742717051.410332
1742717051.446700
1742717051.480681
1742717051.513943
1742717051.543221
1742717051.580377
1742717051.614026
1742717051.649087
1742717051.675386
1742717051.717145
1742717051.743810
1742717051.780678
1742717051.810433
1742717051.846351
1742717051.880750
1742717051.914894
1742717051.942296
1742717051.982816
1742717052.011497
1742717052.045400
1742717052.077021
1742717052.115452
1742717052.144507
1742717052.177476
1742717052.210112
1742717052.246722
1742717052.280917
1742717052.315779
1742717052.341104
1742717052.381234
1742717052.411072
1742717052.449914
1742717052.474079
1742717052.514982
1742717052.544496
1742717052.580307
1742717052.610192
1742717052.649698
1742717052.677408
1742717052.716921
1742717052.739497
1742717052.780201
1742717052.814879
1742717052.848102
1742717052.873273
1742717052.915137
1742717052.945057
1742717052.979208
1742717053.010257
1742717053.050087
1742717053.078406
1742717053.112222
1742717053.145384
1742717053.179197
1742717053.213864
1742717053.245762
1742717053.278038
1742717053.316169
1742717053.346226
1742717053.381342
1742717053.410151
1742717053.450759
1742717053.477698
1742717053.517801
1742717053.542738
1742717053.580408
1742717053.615897
1742717053.645240
1742717053.680597
1742717053.712837
1742717053.749936
1742717053.779329
1742717053.814856
1742717053.844140
1742717053.883570
1742717053.913594
1742717053.944858
1742717053.980418
1742717054.015495
1742717054.046250
1742717054.077980
1742717054.113091
1742717054.147868
1742717054.180112
1742717054.210245
1742717054.250811
1742717054.279539
1742717054.315211
1742717054.342761
1742717054.382499
1742717054.413215
1742717054.448865
1742717054.475762
1742717054.516832
1742717054.546131
1742717054.584170
1742717054.607154
1742717054.647815
1742717054.679883
1742717054.715655
1742717054.741022
1742717054.782586
1742717054.814394
1742717054.846289
1742717054.882760
1742717054.907227
1742717054.949111
1742717054.981964
1742717055.017347
1742717055.047003
1742717055.082830
1742717055.110679
1742717055.151418
1742717055.178645
1742717055.214776
1742717055.246115
1742717055.286551
1742717055.310731
1742717055.352185
1742717055.376527
1742717055.417047
1742717055.446038
1742717055.482196
1742717055.511931
1742717055.551073
1742717055.581311
1742717055.615371
1742717055.646777
1742717055.683615
1742717055.713442
1742717055.749880
1742717055.779119
1742717055.819135
1742717055.845327
1742717055.882900
1742717055.913011
1742717055.950982
1742717055.981342
1742717056.012811
1742717056.049433
1742717056.081461
1742717056.116648
1742717056.141946
1742717056.183574
1742717056.213646
1742717056.251893
1742717056.274572
1742717056.317488
1742717056.347046
1742717056.387501
1742717056.407844
1742717056.451673
1742717056.478583
1742717056.518576
1742717056.541635
1742717056.578785
1742717056.617620
1742717056.645478
1742717056.680338
1742717056.716263
1742717056.747759
1742717056.780485
1742717056.812942
1742717056.852292
1742717056.879042
1742717056.915333
1742717056.946759
1742717056.982827
1742717057.014768
1742717057.048724
1742717057.081047
1742717057.116402
1742717057.150280
1742717057.181986
1742717057.212114
1742717057.252968
1742717057.278024
1742717057.315769
1742717057.346752
1742717057.383395
1742717057.417742
1742717057.449764
1742717057.478428
1742717057.518904
1742717057.545890
1742717057.585214
1742717057.609694
1742717057.651347
1742717057.679283
1742717057.717788
1742717057.745992
1742717057.783476
1742717057.817212
1742717057.849166
1742717057.881149
1742717057.917007
1742717057.952400
1742717057.978978
1742717058.020531
1742717058.043689
1742717058.082296
1742717058.117305
1742717058.143551
1742717058.181857
1742717058.221104
1742717058.244816
1742717058.284270
1742717058.312998
1742717058.353784
1742717058.378653
1742717058.415648
1742717058.448108
1742717058.484441
1742717058.515580
1742717058.546970
1742717058.583534
1742717058.617100
1742717058.648954
1742717058.680460
1742717058.716035
1742717058.752747
1742717058.778871
1742717058.815270
1742717058.844172
1742717058.888018
1742717058.911600
1742717058.951681
1742717058.978288
1742717059.019106
1742717059.044354
1742717059.087510
1742717059.110937
1742717059.149293
1742717059.185338
1742717059.211350
1742717059.253444
1742717059.279532
1742717059.320417
1742717059.344469
1742717059.383696
1742717059.419794
1742717059.446011
1742717059.486130
1742717059.511936
1742717059.551923
1742717059.581423
1742717059.619719
1742717059.645377
1742717059.684610
1742717059.713507
1742717059.750975
1742717059.780226
1742717059.821095
1742717059.846118
1742717059.887489
1742717059.911359
1742717059.954427
1742717059.978681
1742717060.019561
1742717060.045271
1742717060.087066
1742717060.112767
1742717060.146747
1742717060.184822
1742717060.215579
1742717060.255015
1742717060.276522
1742717060.320890
1742717060.344323
1742717060.388843
1742717060.410118
1742717060.456146
1742717060.478617
1742717060.517622
1742717060.546961
1742717060.586503
1742717060.612341
1742717060.651563
1742717060.676848
1742717060.722612
1742717060.745203
1742717060.784130
1742717060.813833
1742717060.851212
1742717060.883757
1742717060.918814
1742717060.945631
1742717060.984664
1742717061.018511
1742717061.046158
1742717061.087621
1742717061.111849
1742717061.156315
1742717061.178843
1742717061.217762
1742717061.249472
1742717061.289170
1742717061.312587
1742717061.354236
1742717061.378729
1742717061.418310
1742717061.446790
1742717061.486704
1742717061.512404
1742717061.552144
1742717061.584422
1742717061.615965
1742717061.651353
1742717061.683097
1742717061.723619
1742717061.744365
1742717061.791129
1742717061.812284
1742717061.857464
1742717061.877755
1742717061.924917
1742717061.945550
1742717061.986019
1742717062.011804
1742717062.057597
1742717062.077354
1742717062.116482
1742717062.144177
1742717062.181463
1742717062.215528
1742717062.247278
1742717062.282227
1742717062.318801
1742717062.349304
1742717062.390284
1742717062.411194
1742717062.456923
1742717062.479131
1742717062.523362
1742717062.544587
1742717062.590329
1742717062.612461
1742717062.659135
1742717062.677975
1742717062.725326
1742717062.745444
1742717062.791563
1742717062.811352
1742717062.858437
1742717062.879244
1742717062.924916
1742717062.944812
1742717062.991883
1742717063.012120
1742717063.058346
1742717063.078151
1742717063.123178
1742717063.146065
1742717063.192230
1742717063.215543
1742717063.244575
1742717063.291380
1742717063.313042
1742717063.359935
1742717063.378919
1742717063.424596
1742717063.445154
1742717063.492530
1742717063.512659
1742717063.555292
1742717063.578248
1742717063.618197
1742717063.650679
1742717063.683096
1742717063.720694
1742717063.746243
1742717063.792236
1742717063.811685
1742717063.856551
1742717063.879384
1742717063.921475
1742717063.945368
1742717063.992337
1742717064.012657
1742717064.058413
1742717064.078743
1742717064.117878
1742717064.153710
1742717064.184767
1742717064.213676
1742717064.255309
1742717064.280666
1742717064.322472
1742717064.345621
1742717064.393146
1742717064.412748
1742717064.459418
1742717064.478954
1742717064.524904
1742717064.545863
1742717064.591904
1742717064.612483
1742717064.656149
1742717064.681121
1742717064.722954
1742717064.745528
1742717064.793072
1742717064.812484
1742717064.857915
1742717064.878922
1742717064.925942
1742717064.946212
1742717064.992788
1742717065.012252
1742717065.055304
1742717065.081236
1742717065.122696
1742717065.145968
1742717065.192586
1742717065.213194
1742717065.258379
1742717065.279187
1742717065.322301
1742717065.347613
1742717065.383517
1742717065.413234
1742717065.460161
1742717065.479279
1742717065.524578
1742717065.546191
1742717065.587994
1742717065.618362
1742717065.658325
1742717065.679712
1742717065.726768
1742717065.746453
1742717065.789967
1742717065.812915
1742717065.859042
1742717065.880209
1742717065.926382
1742717065.946291
1742717065.992935
1742717066.013298
1742717066.056836
1742717066.079749
1742717066.124841
1742717066.147077
1742717066.188952
1742717066.213274
1742717066.259242
1742717066.279978
1742717066.325630
1742717066.346276
1742717066.393749
1742717066.413186
1742717066.460561
1742717066.479710
1742717066.525767
1742717066.546850
1742717066.587396
1742717066.613414
1742717066.656680
1742717066.680297
1742717066.724113
1742717066.746899
1742717066.791894
1742717066.813585
1742717066.857325
1742717066.880136
1742717066.922573
1742717066.948073
1742717066.991152
1742717067.013118
1742717067.056211
1742717067.080453
1742717067.120241
1742717067.146783
1742717067.191738
1742717067.213912
1742717067.256157
1742717067.280582
1742717067.326527
1742717067.347127
1742717067.392489
1742717067.413676
1742717067.460085
1742717067.480570
1742717067.526032
1742717067.547090
1742717067.589504
1742717067.620157
1742717067.657462
1742717067.680962
1742717067.728004
1742717067.747441
1742717067.790885
1742717067.814067
1742717067.857447
1742717067.883822
1742717067.926358
1742717067.947360
1742717067.993076
1742717068.014298
1742717068.058680
1742717068.080440
1742717068.126448
1742717068.147824
1742717068.194404
1742717068.214005
1742717068.257757
1742717068.281060
1742717068.327383
1742717068.347222
1742717068.393826
1742717068.414386
1742717068.457741
1742717068.480854
1742717068.526253
1742717068.547886
1742717068.591830
1742717068.614850
1742717068.661174
1742717068.681621
1742717068.725208
1742717068.747860
1742717068.793639
1742717068.815040
1742717068.860294
1742717068.880902
1742717068.925508
1742717068.948144
1742717068.994709
1742717069.014157
1742717069.061469
1742717069.081875
1742717069.126466
1742717069.147551
1742717069.191028
1742717069.215390
1742717069.261340
1742717069.281100
1742717069.327429
1742717069.348732
1742717069.395113
1742717069.414454
1742717069.461289
1742717069.482153
1742717069.523939
1742717069.548269
1742717069.591991
1742717069.616431
1742717069.660476
1742717069.681545
1742717069.728476
1742717069.749244
1742717069.792179
1742717069.816350
1742717069.858583
1742717069.885971
1742717069.928526
1742717069.948623
1742717069.994666
1742717070.015082
1742717070.058436
1742717070.083489
1742717070.123405
1742717070.157090
1742717070.185329
1742717070.217692
1742717070.257022
1742717070.286643
1742717070.326245
1742717070.348204
1742717070.395906
1742717070.416560
1742717070.460147
1742717070.481635
1742717070.526486
1742717070.550116
1742717070.594845
1742717070.615123
1742717070.661720
1742717070.683118
1742717070.726166
1742717070.749004
1742717070.792525
1742717070.818075
1742717070.857971
1742717070.881986
1742717070.928535
1742717070.950425
1742717070.993330
1742717071.015165
1742717071.062243
1742717071.083832
1742717071.127821
1742717071.148654
1742717071.195714
1742717071.217147
1742717071.260757
1742717071.282192
1742717071.325262
1742717071.353332
1742717071.394901
1742717071.415348
1742717071.462517
1742717071.484544
1742717071.522185
1742717071.561673
1742717071.582292
1742717071.629781
1742717071.651207
1742717071.692703
1742717071.721796
1742717071.755282
1742717071.788515
1742717071.827842
1742717071.851480
1742717071.895279
1742717071.916105
1742717071.962309
1742717071.984860
1742717072.026473
1742717072.052183
1742717072.095072
1742717072.118373
1742717072.155551
1742717072.184873
1742717072.227369
1742717072.252463
1742717072.285647
1742717072.326948
1742717072.351997
1742717072.395911
1742717072.416162
1742717072.453822
1742717072.488451
1742717072.519831
1742717072.550734
1742717072.588099
1742717072.628680
1742717072.652916
1742717072.688884
1742717072.723809
1742717072.758986
1742717072.787091
1742717072.820337
1742717072.856537
1742717072.890920
1742717072.922583
1742717072.950431
1742717072.993729
1742717073.019042
1742717073.063389
1742717073.082930
1742717073.129625
1742717073.152706
1742717073.196470
1742717073.216253
1742717073.260831
1742717073.285721
1742717073.329509
1742717073.349656
1742717073.393218
1742717073.420682
1742717073.462653
1742717073.483085
1742717073.527962
1742717073.553359
1742717073.595055
1742717073.616924
1742717073.663537
1742717073.686820
1742717073.729007
1742717073.752063
1742717073.794199
1742717073.820862
1742717073.863134
1742717073.884267
1742717073.930506
1742717073.953473
1742717073.995521
1742717074.018029
1742717074.063964
1742717074.087461
1742717074.129825
1742717074.150164
1742717074.196246
1742717074.220977
1742717074.262510
1742717074.283478
1742717074.326911
1742717074.354293
1742717074.395307
1742717074.416867
1742717074.463845
1742717074.486671
1742717074.527132
1742717074.550091
1742717074.595834
1742717074.620817
1742717074.661473
1742717074.683607
1742717074.726401
1742717074.755631
1742717074.796603
1742717074.817045
1742717074.864099
1742717074.887353
1742717074.928986
1742717074.950581
1742717074.994935
1742717075.021307
1742717075.063470
1742717075.083830
1742717075.130996
1742717075.154177
1742717075.196068
1742717075.217433
1742717075.260419
1742717075.290033
1742717075.325996
1742717075.351080
1742717075.395836
1742717075.421568
1742717075.462809
1742717075.484193
1742717075.531275
1742717075.554028
1742717075.595225
1742717075.617395
1742717075.663524
1742717075.688530
1742717075.726185
1742717075.750731
1742717075.797412
1742717075.820132
1742717075.862455
1742717075.884128
1742717075.930887
1742717075.955007
1742717075.992745
1742717076.017760
1742717076.064280
1742717076.088726
1742717076.128159
1742717076.150860
1742717076.197297
1742717076.221219
1742717076.263272
1742717076.284374
1742717076.331461
1742717076.354396
1742717076.396395
1742717076.417768
1742717076.464332
1742717076.488780
1742717076.525234
1742717076.555466
1742717076.592537
1742717076.628564
1742717076.657248
1742717076.687832
1742717076.729047
1742717076.756617
1742717076.794052
1742717076.818018
1742717076.863732
1742717076.888718
1742717076.926515
1742717076.951234
1742717076.996635
1742717077.022385
1742717077.062958
1742717077.084689
1742717077.131825
1742717077.154933
1742717077.196830
1742717077.218113
1742717077.265544
1742717077.287338
1742717077.327191
1742717077.351612
1742717077.397739
1742717077.422562
1742717077.458930
1742717077.485080
1742717077.531117
1742717077.555830
1742717077.594250
1742717077.618345
1742717077.665716
1742717077.688010
1742717077.727895
1742717077.752009
1742717077.798712
1742717077.822259
1742717077.859622
1742717077.887245
1742717077.928789
1742717077.957157
1742717077.996490
1742717078.018896
1742717078.064009
1742717078.089608
1742717078.131095
1742717078.152251
1742717078.197718
1742717078.223662
1742717078.264503
1742717078.285392
1742717078.330206
1742717078.355891
1742717078.394297
1742717078.418729
1742717078.464528
1742717078.488272
1742717078.525691
1742717078.552112
1742717078.595790
1742717078.623549
1742717078.664979
1742717078.685499
1742717078.731604
1742717078.755328
1742717078.793435
1742717078.818936
1742717078.864856
1742717078.889391
1742717078.928178
1742717078.953218
1742717078.995393
1742717079.024199
1742717079.064217
1742717079.085802
1742717079.132307
1742717079.154673
1742717079.195914
1742717079.219053
1742717079.265466
1742717079.289104
1742717079.326664
1742717079.352624
1742717079.399073
1742717079.421479
1742717079.463046
1742717079.485872
1742717079.532439
1742717079.555533
1742717079.593839
1742717079.619829
1742717079.660406
1742717079.692315
1742717079.728397
1742717079.753239
1742717079.794731
1742717079.825765
1742717079.860488
1742717079.895937
1742717079.919657
1742717079.963096
1742717079.993952
1742717080.027878
1742717080.059795
1742717080.093969
1742717080.123617
1742717080.165296
1742717080.190436
1742717080.227976
1742717080.257794
1742717080.297511
1742717080.325268
1742717080.356559
1742717080.393351
1742717080.428059
1742717080.459440
1742717080.486899
1742717080.529302
1742717080.557484
1742717080.597811
1742717080.619928
1742717080.662821
1742717080.691857
1742717080.728537
1742717080.753536
1742717080.795455
1742717080.826141
1742717080.863638
1742717080.886653
1742717080.929360
1742717080.957120
1742717080.997281
1742717081.020335
1742717081.063814
1742717081.091338
1742717081.131690
1742717081.153410
1742717081.196334
1742717081.225644
1742717081.264435
1742717081.286835
1742717081.328222
1742717081.359501
1742717081.397286
1742717081.420158
1742717081.462888
1742717081.493163
1742717081.526812
1742717081.557900
1742717081.597630
1742717081.626331
1742717081.663385
1742717081.689365
1742717081.728407
1742717081.761321
1742717081.793555
1742717081.825287
1742717081.861854
1742717081.896986
1742717081.928257
1742717081.955861
1742717081.995123
1742717082.029260
1742717082.062459
1742717082.092020
1742717082.130766
1742717082.160167
1742717082.196131
1742717082.225267
1742717082.263668
1742717082.294315
1742717082.327178
1742717082.357463
1742717082.397316
1742717082.425069
1742717082.464398
1742717082.487579
1742717082.530618
1742717082.559765
1742717082.597427
1742717082.621131
1742717082.663421
1742717082.693819
1742717082.726295
1742717082.761153
1742717082.792520
1742717082.829876
1742717082.859748
1742717082.892015
1742717082.931777
1742717082.960709
1742717082.993004
1742717083.027187
1742717083.058969
1742717083.097274
1742717083.126179
1742717083.159217
1742717083.195698
1742717083.229555
1742717083.263043
1742717083.288923
1742717083.328759
1742717083.364625
1742717083.394965
1742717083.426084
1742717083.461741
1742717083.492267
1742717083.526527
1742717083.554855
1742717083.592250
1742717083.627998
1742717083.658462
1742717083.688224
1742717083.725255
1742717083.760458
1742717083.791823
1742717083.821756
1742717083.858943
1742717083.895096
1742717083.929235
1742717083.959188
1742717083.999108
1742717084.028118
1742717084.061391
1742717084.092871
1742717084.129024
1742717084.164676
1742717084.195054
1742717084.228167
1742717084.263192
1742717084.297511
1742717084.328105
1742717084.360345
1742717084.394735
1742717084.426523
1742717084.463818
1742717084.488964
1742717084.531057
1742717084.560495
1742717084.594179
1742717084.622699
1742717084.664070
1742717084.693789
1742717084.726704
1742717084.759972
1742717084.797952
1742717084.827636
1742717084.863199
1742717084.890345
1742717084.931052
1742717084.961258
1742717084.996348
1742717085.026558
1742717085.062502
1742717085.096532
1742717085.130417
1742717085.156103
1742717085.196731
1742717085.230000
1742717085.265992
1742717085.288840
1742717085.328436
1742717085.361542
1742717085.396360
1742717085.425003
1742717085.461639
1742717085.495062
1742717085.528645
1742717085.559718
1742717085.598075
1742717085.630685
1742717085.663190
1742717085.692412
1742717085.732746
1742717085.762100
1742717085.796562
1742717085.824889
1742717085.864883
1742717085.895297
1742717085.928333
1742717085.960572
1742717085.998681
1742717086.028254
1742717086.063157
1742717086.093366
1742717086.133132
1742717086.161004
1742717086.196707
1742717086.227337
1742717086.267738
1742717086.293250
1742717086.329342
1742717086.363358
1742717086.398089
1742717086.428752
1742717086.464025
1742717086.493890
1742717086.528970
1742717086.559863
1742717086.593320
1742717086.632994
1742717086.660772
1742717086.701349
1742717086.726865
1742717086.767448
1742717086.792800
1742717086.831400
1742717086.864572
1742717086.895495
1742717086.929969
1742717086.966180
1742717086.994831
1742717087.030997
1742717087.062309
1742717087.098203
1742717087.132510
1742717087.160715
1742717087.201858
1742717087.226813
1742717087.268225
1742717087.290479
1742717087.331409
1742717087.365063
1742717087.396183
1742717087.428937
1742717087.464579
1742717087.498106
1742717087.533305
1742717087.561719
1742717087.598219
1742717087.630286
1742717087.667157
1742717087.694536
1742717087.732898
1742717087.765544
1742717087.800090
1742717087.827217
1742717087.867771
1742717087.894060
1742717087.931691
1742717087.963127
1742717087.997784
1742717088.029931
1742717088.066418
1742717088.095676
1742717088.131555
1742717088.165125
1742717088.201162
1742717088.236901
1742717088.257399
1742717088.301075
1742717088.328285
1742717088.368947
1742717088.394204
1742717088.433411
1742717088.459661
1742717088.498248
1742717088.531389
1742717088.557834
1742717088.601489
1742717088.627065
1742717088.666828
1742717088.690690
1742717088.733335
1742717088.763843
1742717088.799776
1742717088.825480
1742717088.866894
1742717088.896382
1742717088.933687
1742717088.958680
1742717088.997967
1742717089.034608
1742717089.060729
1742717089.097356
1742717089.128381
1742717089.167484
1742717089.196238
1742717089.228895
1742717089.264720
1742717089.299688
1742717089.331029
1742717089.360656
1742717089.402219
1742717089.427461
1742717089.467772
1742717089.492335
1742717089.533573
1742717089.565490
1742717089.598011
1742717089.629198
1742717089.666150
1742717089.697527
1742717089.735116
1742717089.758160
1742717089.797746
1742717089.835937
1742717089.860904
1742717089.902238
1742717089.927009
1742717089.968055
1742717089.995242
1742717090.034239
1742717090.060938
1742717090.099212
1742717090.133839
1742717090.160978
1742717090.202886
1742717090.227849
1742717090.268805
1742717090.293032
1742717090.334709
1742717090.361804
1742717090.402914
1742717090.424846
1742717090.469176
1742717090.494856
1742717090.535200
1742717090.558407
1742717090.604647
1742717090.627416
1742717090.668440
1742717090.691622
1742717090.736208
1742717090.761487
1742717090.800131
1742717090.828426
1742717090.869354
1742717090.895078
1742717090.935181
1742717090.958717
1742717091.004681
1742717091.027654
1742717091.071231
1742717091.091767
1742717091.136304
1742717091.161428
1742717091.200042
1742717091.226368
1742717091.265818
1742717091.300764
1742717091.331032
1742717091.363056
1742717091.400137
1742717091.433706
1742717091.468071
1742717091.493070
1742717091.536380
1742717091.561418
1742717091.600047
1742717091.629801
1742717091.669385
1742717091.695326
1742717091.733122
1742717091.763920
1742717091.798953
1742717091.834632
1742717091.863035
1742717091.899466
1742717091.930248
1742717091.971753
1742717091.994709
1742717092.036346
1742717092.061255
1742717092.103248
1742717092.129057
1742717092.169703
1742717092.194599
1742717092.237315
1742717092.261519
1742717092.302904
1742717092.327883
1742717092.370698
1742717092.394851
1742717092.432655
1742717092.463377
1742717092.503386
1742717092.528210
1742717092.564395
1742717092.599216
1742717092.635362
1742717092.662012
1742717092.696733
1742717092.733032
1742717092.768541
1742717092.795618
1742717092.830402
1742717092.870218
1742717092.894752
1742717092.932594
1742717092.963897
1742717093.000373
1742717093.033994
1742717093.066957
1742717093.097343
1742717093.131658
1742717093.170482
1742717093.194849
1742717093.232113
1742717093.266510
1742717093.299213
1742717093.336362
1742717093.359589
1742717093.405122
1742717093.428345
1742717093.465349
1742717093.497277
1742717093.535323
1742717093.562379
1742717093.601243
1742717093.628012
1742717093.667376
1742717093.700976
1742717093.729417
1742717093.762715
1742717093.803028
1742717093.829388
1742717093.871520
1742717093.893299
1742717093.939724
1742717093.961874
1742717094.005594
1742717094.026765
1742717094.072904
1742717094.094761
1742717094.133600
1742717094.167665
1742717094.195308
1742717094.240773
1742717094.261764
1742717094.307307
1742717094.327393
1742717094.373733
1742717094.395354
1742717094.436792
1742717094.461192
1742717094.508196
1742717094.527037
1742717094.568584
1742717094.594859
1742717094.640003
1742717094.661407
1742717094.699734
1742717094.729530
1742717094.773773
1742717094.794756
1742717094.834664
1742717094.861908
1742717094.908048
1742717094.928210
1742717094.971007
1742717094.994532
1742717095.040947
1742717095.061833
1742717095.102562
1742717095.128527
1742717095.167408
1742717095.202728
1742717095.227697
1742717095.273948
1742717095.295007
1742717095.341205
1742717095.360796
1742717095.407687
1742717095.428004
1742717095.472969
1742717095.494140
1742717095.541259
1742717095.561079
1742717095.608185
1742717095.627593
1742717095.674208
1742717095.695331
1742717095.738842
1742717095.761276
1742717095.806481
1742717095.828981
1742717095.874676
1742717095.894396
1742717095.941346
1742717095.961832
1742717096.008188
1742717096.027784
1742717096.074603
1742717096.095152
1742717096.138595
1742717096.161104
1742717096.208222
1742717096.228509
1742717096.271256
1742717096.294514
1742717096.340656
1742717096.362241
1742717096.407748
1742717096.428122
1742717096.474185
1742717096.495617
1742717096.539801
1742717096.563245
1742717096.594554
1742717096.640495
1742717096.662265
1742717096.708839
1742717096.728587
1742717096.772816
1742717096.794870
1742717096.838479
1742717096.862592
1742717096.904480
1742717096.928348
1742717096.974377
1742717096.995727
1742717097.037844
1742717097.062018
1742717097.105407
1742717097.130035
1742717097.167648
1742717097.199954
1742717097.240657
1742717097.262546
1742717097.300525
1742717097.329037
1742717097.375366
1742717097.395872
1742717097.434730
1742717097.465157
1742717097.506603
1742717097.529129
1742717097.570730
1742717097.595881
1742717097.637328
1742717097.664498
1742717097.705059
1742717097.729175
1742717097.776042
1742717097.795958
1742717097.834839
1742717097.868129
1742717097.905204
1742717097.930123
1742717097.970465
1742717097.995936
1742717098.041858
1742717098.063030
1742717098.103276
1742717098.129824
1742717098.174757
1742717098.196420
1742717098.242313
1742717098.262287
1742717098.308242
1742717098.329372
1742717098.375588
1742717098.396068
1742717098.442276
1742717098.463021
1742717098.508506
1742717098.529085
1742717098.575485
1742717098.595968
1742717098.634707
1742717098.666280
1742717098.707873
1742717098.729563
1742717098.770970
1742717098.796110
1742717098.839532
1742717098.865530
1742717098.901404
1742717098.934789
1742717098.974893
1742717098.996396
1742717099.041148
1742717099.062897
1742717099.110160
1742717099.129815
1742717099.170540
1742717099.196410
1742717099.243231
1742717099.262924
1742717099.306626
1742717099.329538
1742717099.376938
1742717099.396234
1742717099.434800
1742717099.468960
1742717099.506845
1742717099.530782
1742717099.568839
1742717099.602751
1742717099.639479
1742717099.665053
1742717099.703508
1742717099.731160
1742717099.777794
1742717099.796798
1742717099.839173
1742717099.863314
1742717099.909842
1742717099.930282
1742717099.976756
1742717099.996593
1742717100.043818
1742717100.063702
1742717100.109855
1742717100.130237
1742717100.176324
1742717100.196972
1742717100.242321
1742717100.263738
1742717100.308644
1742717100.330623
1742717100.372265
1742717100.397023
1742717100.438447
1742717100.472629
1742717100.497190
1742717100.537388
1742717100.570826
1742717100.607546
1742717100.631040
1742717100.674276
1742717100.699964
1742717100.743192
1742717100.763639
1742717100.809193
1742717100.830571
1742717100.874235
1742717100.897336
1742717100.943949
1742717100.963811
1742717101.008883
1742717101.030586
1742717101.074093
1742717101.098059
1742717101.140608
1742717101.164817
1742717101.208003
1742717101.235541
1742717101.276097
1742717101.297278
1742717101.342601
1742717101.364346
1742717101.407950
1742717101.431913
1742717101.474457
1742717101.502108
1742717101.542576
1742717101.564966
1742717101.608419
1742717101.634466
1742717101.676207
1742717101.697913
1742717101.741020
1742717101.767554
1742717101.809950
1742717101.831084
1742717101.875532
1742717101.900263
1742717101.941335
1742717101.965526
1742717102.010419
1742717102.031943
1742717102.077516
1742717102.098000
1742717102.144045
1742717102.165992
1742717102.209192
1742717102.232662
1742717102.274999
1742717102.301665
1742717102.342816
1742717102.366645
1742717102.408109
1742717102.437070
1742717102.474677
1742717102.498724
1742717102.541774
1742717102.566121
1742717102.609182
1742717102.630995
1742717102.674345
1742717102.699232
1742717102.742229
1742717102.764179
1742717102.810992
1742717102.832798
1742717102.875543
1742717102.897754
1742717102.945006
1742717102.966354
1742717103.009473
1742717103.031055
1742717103.077408
1742717103.099634
1742717103.144938
1742717103.164550
1742717103.211729
1742717103.233245
1742717103.275275
1742717103.298037
1742717103.341173
1742717103.369606
1742717103.411322
1742717103.431235
1742717103.478774
1742717103.500095
1742717103.542994
1742717103.564721
1742717103.611623
1742717103.634057
1742717103.677726
1742717103.698050
1742717103.745989
1742717103.767121
1742717103.810713
1742717103.831642
1742717103.878422
1742717103.900897
1742717103.943291
1742717103.966611
1742717104.011916
1742717104.034513
1742717104.077368
1742717104.100522
1742717104.142230
1742717104.171268
1742717104.212093
1742717104.233336
1742717104.275705
1742717104.304816
1742717104.343201
1742717104.367943
1742717104.409111
1742717104.437647
1742717104.478247
1742717104.498775
1742717104.542279
1742717104.569777
1742717104.611640
1742717104.631877
1742717104.678147
1742717104.701149
1742717104.735233
1742717104.767409
1742717104.805273
1742717104.841872
1742717104.869334
1742717104.911119
1742717104.932075
1742717104.975515
1742717105.004795
1742717105.042585
1742717105.071082
1742717105.102255
1742717105.142833
1742717105.170986
1742717105.212392
1742717105.232147
1742717105.277814
1742717105.301226
1742717105.345728
1742717105.365614
1742717105.412664
1742717105.434907
1742717105.477700
1742717105.498832
1742717105.543255
1742717105.568179
1742717105.611476
1742717105.632300
1742717105.678735
1742717105.702341
1742717105.745250
1742717105.765736
1742717105.808947
1742717105.838552
1742717105.875793
1742717105.899215
1742717105.945986
1742717105.969224
1742717106.011778
1742717106.032732
1742717106.076321
1742717106.105288
1742717106.144453
1742717106.167312
1742717106.207598
1742717106.239886
1742717106.276574
1742717106.302316
1742717106.344064
1742717106.370531
1742717106.412514
1742717106.432850
1742717106.477130
1742717106.502484
1742717106.544364
1742717106.566455
1742717106.609829
1742717106.637310
1742717106.678709
1742717106.699557
1742717106.746703
1742717106.770296
1742717106.812199
1742717106.832893
1742717106.879768
1742717106.903743
1742717106.944521
1742717106.966608
1742717107.009343
1742717107.039355
1742717107.075826
1742717107.101785
1742717107.142952
1742717107.173211
1742717107.209947
1742717107.234374
1742717107.278620
1742717107.303990
1742717107.345560
1742717107.366634
1742717107.408340
1742717107.433855
1742717107.467512
1742717107.506068
1742717107.539112
1742717107.579168
1742717107.604161
1742717107.639456
1742717107.673653
1742717107.709803
1742717107.739765
1742717107.771423
1742717107.810074
1742717107.839431
1742717107.879788
1742717107.900375
1742717107.944647
1742717107.973233
1742717108.010617
1742717108.038114
1742717108.075516
1742717108.109137
1742717108.143100
1742717108.171554
1742717108.209388
1742717108.239893
1742717108.276065
1742717108.306557
1742717108.342098
1742717108.376680
1742717108.406745
1742717108.441190
1742717108.473675
1742717108.509245
1742717108.536580
1742717108.568662
1742717108.605069
1742717108.642944
1742717108.672626
1742717108.704302
1742717108.742751
1742717108.773518
1742717108.809690
1742717108.834195
1742717108.879604
1742717108.904834
1742717108.942269
1742717108.971925
1742717109.009067
1742717109.040298
1742717109.076902
1742717109.102845
1742717109.145211
1742717109.173583
1742717109.210701
1742717109.234368
1742717109.280369
1742717109.305583
1742717109.346422
1742717109.367477
1742717109.415203
1742717109.435809
1742717109.476710
1742717109.501538
1742717109.546691
1742717109.572330
1742717109.613906
1742717109.634534
1742717109.680076
1742717109.704881
1742717109.742990
1742717109.770219
1742717109.811567
1742717109.840703
1742717109.878983
1742717109.903456
1742717109.944335
1742717109.974406
1742717110.010729
1742717110.039501
1742717110.076255
1742717110.108339
1742717110.145465
1742717110.170493
1742717110.212018
1742717110.241219
1742717110.277142
1742717110.305522
1742717110.345386
1742717110.375038
1742717110.411737
1742717110.439105
1742717110.477896
1742717110.506978
1742717110.545096
1742717110.570780
1742717110.613019
1742717110.639751
1742717110.678395
1742717110.701584
1742717110.747537
1742717110.771900
1742717110.810228
1742717110.835850
1742717110.877359
1742717110.906362
1742717110.945945
1742717110.968440
1742717111.014344
1742717111.039630
1742717111.078713
1742717111.102188
1742717111.145048
1742717111.174307
1742717111.213006
1742717111.235303
1742717111.280995
1742717111.303279
1742717111.344472
1742717111.369528
1742717111.411766
1742717111.440319
1742717111.480984
1742717111.501930
1742717111.548085
1742717111.572810
1742717111.612777
1742717111.635316
1742717111.681797
1742717111.704720
1742717111.744293
1742717111.768773
1742717111.811652
1742717111.841600
1742717111.878595
1742717111.903025
1742717111.945723
1742717111.973924
1742717112.013517
1742717112.037655
1742717112.075900
1742717112.111199
1742717112.140185
1742717112.175915
1742717112.208554
1742717112.244714
1742717112.278338
1742717112.305251
1742717112.345995
1742717112.375170
1742717112.411046
1742717112.440177
1742717112.478854
1742717112.507579
1742717112.548500
1742717112.569268
1742717112.612349
1742717112.641232
1742717112.678179
1742717112.702881
1742717112.747289
1742717112.773933
1742717112.814065
1742717112.835822
1742717112.880760
1742717112.905837
1742717112.944220
1742717112.970111
1742717113.012884
1742717113.042462
1742717113.077653
1742717113.105779
1742717113.143981
1742717113.178602
1742717113.207747
1742717113.245244
1742717113.269541
1742717113.312062
1742717113.343695
1742717113.376232
1742717113.409608
1742717113.443899
1742717113.473188
1742717113.514919
1742717113.541305
1742717113.577104
1742717113.608367
1742717113.644603
1742717113.678539
1742717113.705366
1742717113.746179
1742717113.773702
1742717113.815054
1742717113.836439
1742717113.879440
1742717113.909716
1742717113.945160
1742717113.972854
1742717114.013651
1742717114.036708
1742717114.072369
1742717114.104048
1742717114.136209
1742717114.169502
1742717114.203006
1742717114.241451
1742717114.277808
1742717114.312500
1742717114.343622
1742717114.374716
1742717114.413722
1742717114.440982
1742717114.482710
1742717114.503749
1742717114.545396
1742717114.578592
1742717114.613748
1742717114.637846
1742717114.676281
1742717114.711778
1742717114.743326
1742717114.774613
1742717114.810649
1742717114.844895
1742717114.879584
1742717114.904165
1742717114.946479
1742717114.975828
1742717115.011294
1742717115.039286
1742717115.081407
1742717115.108808
1742717115.146134
1742717115.173255
1742717115.213192
1742717115.244823
1742717115.277542
1742717115.308382
1742717115.345099
1742717115.376937
1742717115.413316
1742717115.438464
1742717115.478332
1742717115.509950
1742717115.546703
1742717115.571621
1742717115.615028
1742717115.642006
1742717115.679597
1742717115.705183
1742717115.746986
1742717115.775700
1742717115.814508
1742717115.839305
1742717115.880120
1742717115.911212
1742717115.944882
1742717115.975407
1742717116.011326
1742717116.045680
1742717116.080088
1742717116.108873
1742717116.145708
1742717116.180262
1742717116.211820
1742717116.244777
1742717116.277598
1742717116.310427
1742717116.347932
1742717116.376191
1742717116.413949
1742717116.444616
1742717116.478016
1742717116.511202
1742717116.541091
1742717116.577234
1742717116.608643
1742717116.643800
1742717116.677254
1742717116.712486
1742717116.746639
1742717116.774614
1742717116.814973
1742717116.842568
1742717116.882169
1742717116.904695
1742717116.946809
1742717116.976137
1742717117.012732
1742717117.040583
1742717117.081151
1742717117.111070
1742717117.144829
1742717117.178568
1742717117.209465
1742717117.245856
1742717117.279683
1742717117.308732
1742717117.346753
1742717117.378393
1742717117.413089
1742717117.440081
1742717117.479047
1742717117.511851
1742717117.546039
1742717117.572471
1742717117.612908
1742717117.645884
1742717117.681773
1742717117.705119
1742717117.745907
1742717117.777481
1742717117.812926
1742717117.842824
1742717117.882253
1742717117.911461
1742717117.946363
1742717117.976033
1742717118.015557
1742717118.045220
1742717118.080778
1742717118.109766
1742717118.146417
1742717118.181765
1742717118.212695
1742717118.242495
1742717118.281809
1742717118.311491
1742717118.347007
1742717118.377522
1742717118.413163
1742717118.446164
1742717118.481847
1742717118.510084
1742717118.549776
1742717118.578947
1742717118.614357
1742717118.641155
1742717118.679315
1742717118.715419
1742717118.744075
1742717118.777523
1742717118.813989
1742717118.843324
1742717118.880132
1742717118.908918
1742717118.948927
1742717118.977794
1742717119.011259
1742717119.040874
1742717119.077693
1742717119.112677
1742717119.148387
1742717119.176132
1742717119.216357
1742717119.244974
1742717119.280053
1742717119.310441
1742717119.345370
1742717119.380502
1742717119.412425
1742717119.442506
1742717119.483398
1742717119.511122
1742717119.546743
1742717119.575932
1742717119.615524
1742717119.646034
1742717119.681606
1742717119.708783
1742717119.748531
1742717119.777914
1742717119.813395
1742717119.843918
1742717119.882311
1742717119.912831
1742717119.949128
1742717119.976976
1742717120.017663
1742717120.043081
1742717120.084242
1742717120.109194
1742717120.151794
1742717120.176436
1742717120.217261
1742717120.241828
1742717120.282863
1742717120.311792
1742717120.348150
1742717120.377700
1742717120.416200
1742717120.445671
1742717120.482948
1742717120.511366
1742717120.551144
1742717120.576495
1742717120.617679
1742717120.642869
1742717120.683988
1742717120.710968
1742717120.751676
1742717120.773075
1742717120.815558
1742717120.844458
1742717120.885021
1742717120.906384
1742717120.951410
1742717120.976624
1742717121.014689
1742717121.041007
1742717121.085127
1742717121.109618
1742717121.151440
1742717121.173155
1742717121.216525
1742717121.244137
1742717121.284745
1742717121.306899
1742717121.350785
1742717121.376649
1742717121.414633
1742717121.441623
1742717121.478730
1742717121.518787
1742717121.543441
1742717121.581265
1742717121.606797
1742717121.651124
1742717121.676980
1742717121.717590
1742717121.743394
1742717121.777881
1742717121.816676
1742717121.845523
1742717121.884374
1742717121.907441
1742717121.953101
1742717121.976586
1742717122.017939
1742717122.041111
1742717122.082720
1742717122.112975
1742717122.153477
1742717122.173757
1742717122.218374
1742717122.243622
1742717122.284594
1742717122.309395
1742717122.348124
1742717122.382121
1742717122.414068
1742717122.448256
1742717122.478989
1742717122.517839
1742717122.544822
1742717122.581388
1742717122.612184
1742717122.651452
1742717122.677642
1742717122.712083
1742717122.748479
1742717122.780231
1742717122.817683
1742717122.840744
1742717122.884249
1742717122.910006
1742717122.948417
1742717122.978514
1742717123.019946
1742717123.041008
1742717123.080069
1742717123.112730
1742717123.148841
1742717123.184307
1742717123.210989
1742717123.249108
1742717123.278821
1742717123.319109
1742717123.344441
1742717123.379163
1742717123.415423
1742717123.447638
1742717123.483627
1742717123.508200
1742717123.553947
1742717123.577038
1742717123.618590
1742717123.641191
1742717123.686144
1742717123.710923
1742717123.749382
1742717123.776116
1742717123.819980
1742717123.844036
1742717123.884842
1742717123.909026
1742717123.954228
1742717123.977388
1742717124.016699
1742717124.043143
1742717124.083770
1742717124.113608
1742717124.155440
1742717124.174920
1742717124.218966
1742717124.245038
1742717124.281773
1742717124.315444
1742717124.347926
1742717124.380993
1742717124.420455
1742717124.442849
1742717124.488134
1742717124.511014
1742717124.553637
1742717124.575742
1742717124.616917
1742717124.651833
1742717124.678473
1742717124.714744
1742717124.747176
1742717124.787719
1742717124.810771
1742717124.849091
1742717124.879514
1742717124.916981
1742717124.948605
1742717124.978609
1742717125.017729
1742717125.044964
1742717125.085542
1742717125.108802
1742717125.154021
1742717125.177754
1742717125.219404
1742717125.242137
1742717125.286064
1742717125.311060
1742717125.355241
1742717125.375462
1742717125.420817
1742717125.444368
1742717125.481757
1742717125.512146
1742717125.552804
1742717125.577720
1742717125.617029
1742717125.643538
1742717125.689725
1742717125.710593
1742717125.754402
1742717125.775675
1742717125.818714
1742717125.845143
1742717125.882703
1742717125.911330
1742717125.953554
1742717125.977778
1742717126.017531
1742717126.042559
1742717126.088474
1742717126.110959
1742717126.156073
1742717126.176107
1742717126.222434
1742717126.244516
1742717126.285094
1742717126.311180
1742717126.353505
1742717126.379030
1742717126.422047
1742717126.443173
1742717126.490143
1742717126.510995
1742717126.555578
1742717126.576446
1742717126.623680
1742717126.644343
1742717126.690834
1742717126.709642
1742717126.755853
1742717126.777553
1742717126.821015
1742717126.842867
1742717126.888996
1742717126.910779
1742717126.956399
1742717126.976303
1742717127.023299
1742717127.043737
1742717127.090863
1742717127.109887
1742717127.157184
1742717127.176842
1742717127.223379
1742717127.243302
1742717127.290336
1742717127.310694
1742717127.354051
1742717127.376614
1742717127.422055
1742717127.444826
1742717127.490854
1742717127.510033
1742717127.557294
1742717127.576912
1742717127.623946
1742717127.643395
1742717127.689819
1742717127.710952
1742717127.757022
1742717127.776738
1742717127.824107
1742717127.843875
1742717127.891175
1742717127.910125
1742717127.957671
1742717127.977482
1742717128.024323
1742717128.043667
1742717128.090866
1742717128.110914
1742717128.155277
1742717128.177293
1742717128.222239
1742717128.244978
1742717128.288890
1742717128.310656
1742717128.357750
1742717128.377610
1742717128.420702
1742717128.443989
1742717128.490980
1742717128.511260
1742717128.556517
1742717128.577177
1742717128.624075
1742717128.644969
1742717128.688267
1742717128.710503
1742717128.757653
1742717128.778043
1742717128.823372
1742717128.843805
1742717128.890576
1742717128.911467
1742717128.950409
1742717128.978262
1742717129.023820
1742717129.044734
1742717129.088388
1742717129.110836
1742717129.156752
1742717129.178219
1742717129.221068
1742717129.244325
1742717129.291486
1742717129.311358
1742717129.358360
1742717129.377777
1742717129.424599
1742717129.445144
1742717129.490711
1742717129.511101
1742717129.557386
1742717129.578475
1742717129.624848
1742717129.644441
1742717129.687814
1742717129.712479
1742717129.755721
1742717129.777860
1742717129.823697
1742717129.845569
1742717129.892075
1742717129.912235
1742717129.944124
1742717129.987570
1742717130.014817
1742717130.058961
1742717130.078670
1742717130.121784
1742717130.145229
1742717130.191181
1742717130.211925
1742717130.258550
1742717130.278415
1742717130.324598
1742717130.345689
1742717130.388106
1742717130.411999
1742717130.459294
1742717130.478627
1742717130.523398
1742717130.545174
1742717130.591741
1742717130.612100
1742717130.657059
1742717130.678559
1742717130.725589
1742717130.745552
1742717130.787243
1742717130.811658
1742717130.854617
1742717130.879077
1742717130.917696
1742717130.945564
1742717130.991094
1742717131.012521
1742717131.052414
1742717131.079766
1742717131.125407
1742717131.145725
1742717131.183559
1742717131.218833
1742717131.253186
1742717131.286878
1742717131.312105
1742717131.355638
1742717131.381083
1742717131.418261
1742717131.445680
1742717131.488383
1742717131.513142
1742717131.559305
1742717131.578656
1742717131.621070
1742717131.647373
1742717131.689103
1742717131.712044
1742717131.758874
1742717131.779031
1742717131.825283
1742717131.845547
1742717131.889899
1742717131.912754
1742717131.956350
1742717131.979051
1742717132.023763
1742717132.046058
1742717132.091712
1742717132.112411
1742717132.156127
1742717132.179364
1742717132.222854
1742717132.246045
1742717132.291875
1742717132.312662
1742717132.360246
1742717132.379151
1742717132.422438
1742717132.447001
1742717132.492503
1742717132.512713
1742717132.559496
1742717132.579606
1742717132.624890
1742717132.646094
1742717132.690002
1742717132.715922
1742717132.758083
1742717132.779708
1742717132.824718
1742717132.846503
1742717132.889777
1742717132.913392
1742717132.958115
1742717132.980158
1742717133.023716
1742717133.047254
1742717133.091252
1742717133.113340
1742717133.158406
1742717133.180271
1742717133.224955
1742717133.247263
1742717133.290786
1742717133.313890
1742717133.360671
1742717133.380605
1742717133.424823
1742717133.447038
1742717133.488422
1742717133.520525
1742717133.556319
1742717133.581081
1742717133.627961
1742717133.647507
1742717133.689084
1742717133.714081
1742717133.760663
1742717133.781069
1742717133.824361
1742717133.847951
1742717133.890497
1742717133.915174
1742717133.959767
1742717133.980233
1742717134.023788
1742717134.048700
1742717134.089595
1742717134.114681
1742717134.157817
1742717134.184510
1742717134.226501
1742717134.248295
1742717134.293727
1742717134.314807
1742717134.361194
1742717134.381667
1742717134.424589
1742717134.449621
1742717134.491672
1742717134.515422
1742717134.560248
1742717134.582809
1742717134.627817
1742717134.647913
1742717134.691715
1742717134.719155
1742717134.760488
1742717134.780584
1742717134.823782
1742717134.850567
1742717134.892247
1742717134.913743
1742717134.958067
1742717134.981572
1742717135.027811
1742717135.046868
1742717135.090698
1742717135.114855
1742717135.161215
1742717135.180435
1742717135.227159
1742717135.249022
1742717135.294022
1742717135.313729
1742717135.356823
1742717135.382853
1742717135.424366
1742717135.448324
1742717135.493054
1742717135.515735
1742717135.558052
1742717135.580694
1742717135.623627
1742717135.651418
1742717135.692794
1742717135.713838
1742717135.760352
1742717135.782421
1742717135.828199
1742717135.847386
1742717135.891753
1742717135.916041
1742717135.960876
1742717135.980728
1742717136.024188
1742717136.051148
1742717136.093388
1742717136.114417
1742717136.159580
1742717136.182853
1742717136.222475
1742717136.250083
1742717136.292431
1742717136.316433
1742717136.360445
1742717136.381135
1742717136.424618
1742717136.452905
1742717136.494273
1742717136.514803
1742717136.561682
1742717136.583901
1742717136.626421
1742717136.648033
1742717136.691358
1742717136.720394
1742717136.760541
1742717136.781488
1742717136.827569
1742717136.850765
1742717136.892565
1742717136.914579
1742717136.960986
1742717136.983516
1742717137.022626
1742717137.048778
1742717137.096007
1742717137.116221
1742717137.157272
1742717137.181746
1742717137.224748
1742717137.254007
1742717137.291308
1742717137.315937
1742717137.359301
1742717137.386144
1742717137.428391
1742717137.448180
1742717137.494381
1742717137.517660
1742717137.559856
1742717137.581759
1742717137.625553
1742717137.651876
1742717137.693673
1742717137.715069
1742717137.761999
1742717137.784233
1742717137.826272
1742717137.848325
1742717137.894448
1742717137.917571
1742717137.961495
1742717137.981807
1742717138.024924
1742717138.054630
1742717138.091726
1742717138.115784
1742717138.159913
1742717138.184899
1742717138.229292
1742717138.258997
1742717138.282154
1742717138.326914
1742717138.350072
1742717138.386172
1742717138.420557
1742717138.460508
1742717138.484665
1742717138.527066
1742717138.554786
1742717138.592039
1742717138.619809
1742717138.660279
1742717138.686917
1742717138.725134
1742717138.752583
1742717138.795280
1742717138.819138
1742717138.859443
1742717138.884546
1742717138.928622
1742717138.953575
1742717138.989272
1742717139.021082
1742717139.058820
1742717139.088120
1742717139.118874
1742717139.160631
1742717139.185148
1742717139.227656
1742717139.249330
1742717139.294081
1742717139.319112
1742717139.360422
1742717139.383306
1742717139.427703
1742717139.451609
1742717139.493941
1742717139.516118
1742717139.562531
1742717139.586424
1742717139.628841
1742717139.649284
1742717139.693205
1742717139.720408
1742717139.762627
1742717139.782635
1742717139.825703
1742717139.853801
1742717139.894719
1742717139.916210
1742717139.959036
1742717139.989267
1742717140.026898
1742717140.050019
1742717140.095097
1742717140.120124
1742717140.161848
1742717140.183767
1742717140.228980
1742717140.253571
1742717140.295815
1742717140.316661
1742717140.364189
1742717140.385632
1742717140.427514
1742717140.452921
1742717140.494771
1742717140.520281
1742717140.562687
1742717140.584561
1742717140.629153
1742717140.653993
1742717140.695232
1742717140.717263
1742717140.762070
1742717140.787785
1742717140.828824
1742717140.849869
1742717140.896276
1742717140.920189
1742717140.961432
1742717140.983130
1742717141.028063
1742717141.053762
1742717141.095397
1742717141.116562
1742717141.163366
1742717141.187279
1742717141.227604
1742717141.250617
1742717141.295003
1742717141.321552
1742717141.362111
1742717141.383863
1742717141.428340
1742717141.454800
1742717141.489546
1742717141.520085
1742717141.560984
1742717141.589324
1742717141.627623
1742717141.650894
1742717141.694356
1742717141.723183
1742717141.760746
1742717141.783762
1742717141.830248
1742717141.853491
1742717141.895111
1742717141.917025
1742717141.963612
1742717141.988168
1742717142.026330
1742717142.052289
1742717142.094124
1742717142.122876
1742717142.163205
1742717142.184124
1742717142.229621
1742717142.254058
1742717142.291965
1742717142.320026
1742717142.361842
1742717142.389522
1742717142.425738
1742717142.454558
1742717142.492424
1742717142.525979
1742717142.561052
1742717142.589118
1742717142.623249
1742717142.663518
1742717142.688715
1742717142.728276
1742717142.755363
1742717142.793436
1742717142.824726
1742717142.854352
1742717142.893535
1742717142.922931
1742717142.961048
1742717142.984409
1742717143.030145
1742717143.053662
1742717143.095536
1742717143.117695
1742717143.164353
1742717143.187774
1742717143.225440
1742717143.253385
1742717143.295148
1742717143.324125
1742717143.358457
1742717143.388439
1742717143.428411
1742717143.456919
1742717143.496425
1742717143.519136
1742717143.561639
1742717143.590984
1742717143.626763
1742717143.653780
1742717143.695292
1742717143.723645
1742717143.762783
1742717143.784803
1742717143.831103
1742717143.854077
1742717143.892644
1742717143.918132
1742717143.964177
1742717143.988943
1742717144.028392
1742717144.051762
1742717144.094754
1742717144.124415
1742717144.160769
1742717144.187333
1742717144.230092
1742717144.256279
1742717144.297233
1742717144.318524
1742717144.361498
1742717144.391815
1742717144.426122
1742717144.455584
1742717144.492183
1742717144.526045
1742717144.560953
1742717144.589731
1742717144.628222
1742717144.658204
1742717144.694154
1742717144.723946
1742717144.762418
1742717144.791941
1742717144.825753
1742717144.855769
1742717144.895153
1742717144.925478
1742717144.961234
1742717144.990051
1742717145.028826
1742717145.058021
1742717145.096347
1742717145.120523
1742717145.159669
1742717145.191358
1742717145.227312
1742717145.257350
1742717145.293793
1742717145.325392
1742717145.361308
1742717145.390548
1742717145.425703
1742717145.461714
1742717145.492886
1742717145.524923
1742717145.558929
1742717145.595916
1742717145.625841
1742717145.661418
1742717145.688004
1742717145.729702
1742717145.758902
1742717145.793571
1742717145.824659
1742717145.860983
1742717145.893714
1742717145.925083
1742717145.960902
1742717145.992580
1742717146.028302
1742717146.057754
1742717146.093762
1742717146.128843
1742717146.161375
1742717146.190419
1742717146.229571
1742717146.257441
1742717146.298534
1742717146.321466
1742717146.361090
1742717146.395673
1742717146.426335
1742717146.459952
1742717146.492998
1742717146.525600
1742717146.557249
1742717146.589909
1742717146.619565
1742717146.662154
1742717146.696337
1742717146.726890
1742717146.761787
1742717146.795863
1742717146.824943
1742717146.861634
1742717146.895754
1742717146.925138
1742717146.961189
1742717146.996418
1742717147.026567
1742717147.058997
1742717147.094199
1742717147.127960
1742717147.163641
1742717147.190879
1742717147.228063
1742717147.263241
1742717147.293080
1742717147.326518
1742717147.361235
1742717147.397009
1742717147.427568
1742717147.461413
1742717147.491988
1742717147.530584
1742717147.559940
1742717147.591352
1742717147.628630
1742717147.657898
1742717147.695930
1742717147.725049
1742717147.762497
1742717147.794617
1742717147.829009
1742717147.858520
1742717147.894997
1742717147.929138
1742717147.958655
1742717147.995266
1742717148.024502
1742717148.062459
1742717148.096585
1742717148.122873
1742717148.163822
1742717148.192264
1742717148.231007
1742717148.258226
1742717148.294501
1742717148.327566
1742717148.360685
1742717148.396252
1742717148.424935
1742717148.462598
1742717148.494581
1742717148.528181
1742717148.558574
1742717148.595815
1742717148.631150
1742717148.658707
1742717148.696226
1742717148.729859
1742717148.760761
1742717148.795319
1742717148.825239
1742717148.865256
1742717148.892320
1742717148.930799
1742717148.956955
1742717148.998138
1742717149.024895
1742717149.060134
1742717149.091049
1742717149.131937
1742717149.158567
1742717149.188018
1742717149.229401
1742717149.258649
1742717149.297881
1742717149.320525
1742717149.359233
1742717149.396585
1742717149.425436
1742717149.453836
1742717149.494951
1742717149.526608
1742717149.561750
1742717149.587523
1742717149.628012
1742717149.661723
1742717149.694666
1742717149.720609
1742717149.760486
1742717149.795352
1742717149.827296
1742717149.854153
1742717149.894171
1742717149.928448
1742717149.961688
1742717149.987527
1742717150.027429
1742717150.059420
1742717150.093042
1742717150.124333
1742717150.161286
1742717150.195552
1742717150.230158
1742717150.254599
1742717150.295906
1742717150.330549
1742717150.360987
1742717150.391293
1742717150.428319
1742717150.461162
1742717150.496424
1742717150.523088
1742717150.564780
1742717150.592695
1742717150.632699
1742717150.656088
1742717150.697825
1742717150.726434
1742717150.761926
1742717150.795610
1742717150.828216
1742717150.863538
1742717150.897990
1742717150.926198
1742717150.965567
1742717150.994582
1742717151.029782
1742717151.059307
1742717151.095551
1742717151.131391
1742717151.160233
1742717151.192888
1742717151.227614
1742717151.263555
1742717151.294132
1742717151.321977
1742717151.362211
1742717151.397188
1742717151.427941
1742717151.455540
1742717151.496783
1742717151.527388
1742717151.562945
1742717151.588294
1742717151.629263
1742717151.661510
1742717151.696681
1742717151.721792
1742717151.763052
1742717151.794772
1742717151.830077
1742717151.855164
1742717151.896739
1742717151.927797
1742717151.964325
1742717151.988555
1742717152.032430
1742717152.060290
1742717152.096467
1742717152.122382
1742717152.164563
1742717152.192640
1742717152.233306
1742717152.255348
1742717152.297040
1742717152.327078
1742717152.366952
1742717152.388800
1742717152.430483
1742717152.462235
1742717152.498526
1742717152.524090
1742717152.565021
1742717152.594808
1742717152.632470
1742717152.658426
1742717152.700007
1742717152.726089
1742717152.762865
1742717152.793538
1742717152.832887
1742717152.862105
1742717152.899842
1742717152.922689
1742717152.965590
1742717152.994784
1742717153.033776
1742717153.055865
1742717153.098733
1742717153.129238
1742717153.165871
1742717153.189422
1742717153.232357
1742717153.262266
1742717153.298422
1742717153.322578
1742717153.365022
1742717153.395214
1742717153.432172
1742717153.455874
1742717153.498731
1742717153.528537
1742717153.565428
1742717153.589317
1742717153.634409
1742717153.659300
1742717153.701304
1742717153.722679
1742717153.769051
1742717153.792782
1742717153.833798
1742717153.856213
1742717153.899303
1742717153.927847
1742717153.967500
1742717153.989706
1742717154.033853
1742717154.060466
1742717154.100851
1742717154.123099
1742717154.165918
1742717154.195711
1742717154.231852
1742717154.261010
1742717154.299231
1742717154.329786
1742717154.367093
1742717154.391980
1742717154.432573
1742717154.462057
1742717154.502293
1742717154.523332
1742717154.567696
1742717154.592827
1742717154.630042
1742717154.664922
1742717154.694274
1742717154.734682
1742717154.760793
1742717154.802055
1742717154.824381
1742717154.866797
1742717154.894093
1742717154.932098
1742717154.957034
1742717155.000996
1742717155.026320
1742717155.067197
1742717155.093974
1742717155.128186
1742717155.164280
1742717155.198741
1742717155.228849
1742717155.257959
1742717155.302145
1742717155.326118
1742717155.366227
1742717155.390307
1742717155.431581
1742717155.463210
1742717155.499304
1742717155.523509
1742717155.566569
1742717155.594931
1742717155.633123
1742717155.657862
1742717155.703702
1742717155.726395
1742717155.767615
1742717155.790259
1742717155.836304
1742717155.859850
1742717155.898180
1742717155.924171
1742717155.969361
1742717155.993359
1742717156.031432
1742717156.058050
1742717156.103006
1742717156.126728
1742717156.164947
1742717156.191907
1742717156.237567
1742717156.259469
1742717156.301647
1742717156.324213
1742717156.370701
1742717156.393350
1742717156.435317
1742717156.457982
1742717156.504521
1742717156.526474
1742717156.565441
1742717156.595719
1742717156.628161
1742717156.670399
1742717156.693573
1742717156.735704
1742717156.759022
1742717156.801335
1742717156.827514
1742717156.865612
1742717156.896076
1742717156.937375
1742717156.960360
1742717157.000169
1742717157.026990
1742717157.070142
1742717157.093636
1742717157.128905
1742717157.162765
1742717157.203443
1742717157.226824
1742717157.262576
1742717157.299138
1742717157.329332
1742717157.367494
1742717157.391191
1742717157.438248
1742717157.460102
1742717157.502340
1742717157.524525
1742717157.571035
1742717157.593547
1742717157.637783
1742717157.658039
1742717157.701501
1742717157.727352
1742717157.770397
1742717157.791419
1742717157.838212
1742717157.859749
1742717157.903445
1742717157.924839
1742717157.969979
1742717157.993492
1742717158.038403
1742717158.058299
1742717158.104932
1742717158.126559
1742717158.172940
1742717158.191677
1742717158.238664
1742717158.260448
1742717158.299239
1742717158.327112
1742717158.370814
1742717158.393705
1742717158.434840
1742717158.458685
1742717158.504649
1742717158.526825
1742717158.568013
1742717158.592061
1742717158.638592
1742717158.660487
1742717158.699492
1742717158.726075
1742717158.773410
1742717158.793291
1742717158.840126
1742717158.858931
1742717158.905525
1742717158.927153
1742717158.965817
1742717158.996975
1742717159.036531
1742717159.061901
1742717159.102170
1742717159.125748
1742717159.172953
1742717159.193727
1742717159.239582
1742717159.259102
1742717159.306376
1742717159.326960
1742717159.371437
1742717159.392491
1742717159.439809
1742717159.460169
1742717159.506389
1742717159.525908
1742717159.573147
1742717159.593682
1742717159.639867
1742717159.659295
1742717159.705960
1742717159.727311
1742717159.773020
1742717159.792827
1742717159.839702
1742717159.860323
1742717159.906274
1742717159.926107
1742717159.971639
1742717159.994068
1742717160.035943
1742717160.059512
1742717160.105350
1742717160.127745
1742717160.168133
1742717160.193301
1742717160.240305
1742717160.260642
1742717160.305357
1742717160.326775
1742717160.373653
1742717160.394257
1742717160.440504
1742717160.460116
1742717160.507165
1742717160.527271
1742717160.573501
1742717160.593589
1742717160.638965
1742717160.661214
1742717160.707474
1742717160.726955
1742717160.772812
1742717160.794645
1742717160.839651
1742717160.860298
1742717160.906881
1742717160.927832
1742717160.973665
1742717160.993404
1742717161.037169
1742717161.061385
1742717161.107615
1742717161.126291
1742717161.173624
1742717161.193683
1742717161.239718
1742717161.260063
1742717161.302071
1742717161.328201
1742717161.374624
1742717161.393385
1742717161.440180
1742717161.460376
1742717161.503196
1742717161.526707
1742717161.570674
1742717161.594303
1742717161.635191
1742717161.660282
1742717161.707262
1742717161.727445
1742717161.773370
1742717161.793631
1742717161.839401
1742717161.861058
1742717161.904975
1742717161.927093
1742717161.971329
1742717161.994708
1742717162.041339
1742717162.060452
1742717162.103429
1742717162.128481
1742717162.170392
1742717162.193755
1742717162.238321
1742717162.261344
1742717162.307565
1742717162.327351
1742717162.374730
1742717162.394399
1742717162.440319
1742717162.460718
1742717162.507517
1742717162.528029
1742717162.573220
1742717162.594596
1742717162.641727
1742717162.660913
1742717162.704986
1742717162.727872
1742717162.773397
1742717162.794898
1742717162.839824
1742717162.861384
1742717162.904411
1742717162.929533
1742717162.972107
1742717162.994740
1742717163.041474
1742717163.061526
1742717163.105234
1742717163.128079
1742717163.174235
1742717163.195006
1742717163.241901
1742717163.261890
1742717163.294567
1742717163.340927
1742717163.361622
1742717163.400284
1742717163.438407
1742717163.461105
1742717163.506974
1742717163.528378
1742717163.573203
1742717163.594482
1742717163.640019
1742717163.661781
1742717163.704096
1742717163.727816
1742717163.773933
1742717163.795131
1742717163.840832
1742717163.861297
1742717163.907862
1742717163.928482
1742717163.975521
1742717163.994795
1742717164.039099
1742717164.062003
1742717164.107487
1742717164.128283
1742717164.171704
1742717164.195342
1742717164.239254
1742717164.261849
1742717164.305258
1742717164.328935
1742717164.374446
1742717164.395207
1742717164.442238
1742717164.462017
1742717164.505970
1742717164.528516
1742717164.572933
1742717164.595659
1742717164.635417
1742717164.662165
1742717164.709106
1742717164.728994
1742717164.772739
1742717164.796047
1742717164.841232
1742717164.862424
1742717164.904893
1742717164.929021
1742717164.972694
1742717164.999043
1742717165.042211
1742717165.062164
1742717165.106893
1742717165.129413
1742717165.175232
1742717165.195321
1742717165.242363
1742717165.262652
1742717165.306258
1742717165.328814
1742717165.375572
1742717165.396000
1742717165.440508
1742717165.462098
1742717165.506763
1742717165.529285
1742717165.573264
1742717165.595483
1742717165.638797
1742717165.664269
1742717165.707395
1742717165.728752
1742717165.775043
1742717165.796268
1742717165.840999
1742717165.862319
1742717165.905255
1742717165.931261
1742717165.972622
1742717165.995786
1742717166.043026
1742717166.062959
1742717166.104304
1742717166.129822
1742717166.173232
1742717166.196570
1742717166.242398
1742717166.262683
1742717166.306453
1742717166.330156
1742717166.374890
1742717166.396427
1742717166.440103
1742717166.464428
1742717166.508394
1742717166.529501
1742717166.572881
1742717166.597665
1742717166.643076
1742717166.662862
1742717166.709165
1742717166.730627
1742717166.773989
1742717166.797861
1742717166.841092
1742717166.865295
1742717166.908115
1742717166.931203
1742717166.975549
1742717166.997960
1742717167.043917
1742717167.063247
1742717167.102836
1742717167.136082
1742717167.172033
1742717167.196607
1742717167.241412
1742717167.263956
1742717167.309397
1742717167.329987
1742717167.373445
1742717167.399378
1742717167.442741
1742717167.463050
1742717167.501773
1742717167.532032
1742717167.565454
1742717167.601679
1742717167.636672
1742717167.671488
1742717167.704841
1742717167.730073
1742717167.776632
1742717167.798689
1742717167.843733
1742717167.863317
1742717167.911070
1742717167.932237
1742717167.974397
1742717167.996894
1742717168.044287
1742717168.065644
1742717168.109046
1742717168.130104
1742717168.177627
1742717168.199152
1742717168.242487
1742717168.263784
1742717168.311590
1742717168.332315
1742717168.375062
1742717168.398603
1742717168.444048
1742717168.466120
1742717168.505117
1742717168.533014
1742717168.573827
1742717168.601964
1742717168.644112
1742717168.664079
1742717168.709561
1742717168.732798
1742717168.776584
1742717168.797730
1742717168.841387
1742717168.866867
1742717168.910276
1742717168.932014
1742717168.977370
1742717168.999871
1742717169.043909
1742717169.064058
1742717169.109577
1742717169.132757
1742717169.175451
1742717169.197214
1742717169.244633
1742717169.265722
1742717169.309367
1742717169.330619
1742717169.374326
1742717169.397386
1742717169.440840
1742717169.463895
1742717169.506438
1742717169.533099
1742717169.571604
1742717169.597354
1742717169.640121
1742717169.668565
1742717169.710044
1742717169.730738
1742717169.776388
1742717169.800154
1742717169.843083
1742717169.864160
1742717169.908352
1742717169.933813
1742717169.975779
1742717169.997599
1742717170.042466
1742717170.067203
1742717170.111596
1742717170.131155
1742717170.174238
1742717170.200094
1742717170.244656
1742717170.264498
1742717170.308731
1742717170.334338
1742717170.378233
1742717170.398056
1742717170.444999
1742717170.467525
1742717170.511715
1742717170.531358
1742717170.578538
1742717170.600390
1742717170.645025
1742717170.665123
1742717170.711946
1742717170.735232
1742717170.777520
1742717170.799450
1742717170.843729
1742717170.868584
1742717170.910841
1742717170.933568
1742717170.975560
1742717171.004339
1742717171.042861
1742717171.067892
1742717171.110093
1742717171.135725
1742717171.177760
1742717171.198660
1742717171.243426
1742717171.269341
1742717171.312208
1742717171.331724
1742717171.376007
1742717171.401572
1742717171.443842
1742717171.465089
1742717171.508965
1742717171.535624
1742717171.577263
1742717171.606159
1742717171.631728
1742717171.675178
1742717171.704357
1742717171.742657
1742717171.769487
1742717171.802300
1742717171.840907
1742717171.870242
1742717171.908135
1742717171.931987
1742717171.975633
1742717172.003199
1742717172.044523
1742717172.065330
1742717172.112476
1742717172.135840
1742717172.177352
1742717172.198750
1742717172.245838
1742717172.268813
1742717172.311132
1742717172.332233
1742717172.376208
1742717172.403269
1742717172.445558
1742717172.465603
1742717172.509102
1742717172.537570
1742717172.575446
1742717172.599729
1742717172.644572
1742717172.669022
1742717172.710505
1742717172.732772
1742717172.777338
1742717172.802953
1742717172.844658
1742717172.866112
1742717172.911132
1742717172.935766
1742717172.977064
1742717173.000402
1742717173.043808
1742717173.071800
1742717173.110060
1742717173.135570
1742717173.177482
1742717173.202385
1742717173.244282
1742717173.266168
1742717173.313012
1742717173.336672
1742717173.378364
1742717173.399231
1742717173.441768
1742717173.470662
1742717173.509867
1742717173.532506
1742717173.573020
1742717173.605467
1742717173.641012
1742717173.665811
1742717173.708146
1742717173.737553
1742717173.774326
1742717173.799200
1742717173.841701
1742717173.871007
1742717173.910797
1742717173.932654
1742717173.977741
1742717174.001510
1742717174.045214
1742717174.066051
1742717174.107334
1742717174.138488
1742717174.173875
1742717174.199491
1742717174.241419
1742717174.270613
1742717174.307672
1742717174.332912
1742717174.373442
1742717174.405707
1742717174.441362
1742717174.466297
1742717174.505185
1742717174.542745
1742717174.571075
1742717174.599616
1742717174.637836
1742717174.673845
1742717174.704142
1742717174.732874
1742717174.771317
1742717174.802949
1742717174.838321
1742717174.866312
1742717174.900702
1742717174.943239
1742717174.969253
1742717174.999781
1742717175.037808
1742717175.075817
1742717175.101617
1742717175.133204
1742717175.171095
1742717175.206300
1742717175.239220
1742717175.266635
1742717175.305052
1742717175.342769
1742717175.370957
1742717175.400001
1742717175.442051
1742717175.471298
1742717175.511084
1742717175.533355
1742717175.578554
1742717175.603171
1742717175.644949
1742717175.666884
1742717175.711993
1742717175.737799
1742717175.775348
1742717175.800305
1742717175.843116
1742717175.871717
1742717175.909753
1742717175.933653
1742717175.970709
1742717176.005268
1742717176.045015
1742717176.066970
1742717176.109299
1742717176.138740
1742717176.175482
1742717176.200412
1742717176.243798
1742717176.270726
1742717176.308237
1742717176.333877
1742717176.377412
1742717176.404124
1742717176.442092
1742717176.467260
1742717176.513154
1742717176.534369
1742717176.571587
1742717176.601228
1742717176.645635
1742717176.671716
1742717176.710719
1742717176.734190
1742717176.780545
1742717176.805362
1742717176.844393
1742717176.867499
1742717176.913179
1742717176.938603
1742717176.977884
1742717177.001043
1742717177.043772
1742717177.073036
1742717177.111820
1742717177.134542
1742717177.177148
1742717177.206530
1742717177.245092
1742717177.267795
1742717177.310375
1742717177.339804
1742717177.378400
1742717177.401241
1742717177.443217
1742717177.472275
1742717177.510416
1742717177.534349
1742717177.576291
1742717177.607027
1742717177.644783
1742717177.668088
1742717177.710478
1742717177.740394
1742717177.776989
1742717177.801325
1742717177.843344
1742717177.873555
1742717177.909806
1742717177.934626
1742717177.976739
1742717178.006044
1742717178.043617
1742717178.067962
1742717178.110270
1742717178.138757
1742717178.179089
1742717178.201563
1742717178.244340
1742717178.272845
1742717178.312650
1742717178.334828
1742717178.377168
1742717178.405888
1742717178.445715
1742717178.468158
1742717178.510221
1742717178.539987
1742717178.579068
1742717178.601651
1742717178.643679
1742717178.673270
1742717178.711962
1742717178.734970
1742717178.777335
1742717178.806661
1742717178.843946
1742717178.868430
1742717178.910689
1742717178.940004
1742717178.977336
1742717179.001954
1742717179.044706
1742717179.073843
1742717179.110814
1742717179.135294
1742717179.177073
1742717179.207619
1742717179.244028
1742717179.268695
1742717179.310948
1742717179.340927
1742717179.378564
1742717179.402207
1742717179.444319
1742717179.473638
1742717179.510658
1742717179.535553
1742717179.577466
1742717179.607215
1742717179.644982
1742717179.668901
1742717179.711081
1742717179.740571
1742717179.779284
1742717179.802323
1742717179.844160
1742717179.872961
1742717179.911575
1742717179.944191
1742717179.969425
1742717180.009482
1742717180.039624
1742717180.078406
1742717180.106048
1742717180.135831
1742717180.176707
1742717180.209323
1742717180.244367
1742717180.269223
1742717180.309447
1742717180.342433
1742717180.378583
1742717180.402763
1742717180.443604
1742717180.475293
1742717180.508741
1742717180.536098
1742717180.576433
1742717180.610257
1742717180.643692
1742717180.669474
1742717180.710630
1742717180.741123
1742717180.778254
1742717180.802924
1742717180.844419
1742717180.874017
1742717180.913374
1742717180.936454
1742717180.976548
1742717181.005815
1742717181.036974
