1742372911.806575
1742372911.905640
1742372911.939910
1742372911.973030
1742372912.006721
1742372912.040013
1742372912.072702
1742372912.106013
1742372912.139292
1742372912.173107
1742372912.205502
1742372912.239106
1742372912.272817
1742372912.311482
1742372912.349121
1742372912.377492
1742372912.412062
1742372912.446817
1742372912.482008
1742372912.514409
1742372912.548802
1742372912.581030
1742372912.616565
1742372912.650352
1742372912.686918
1742372912.721405
1742372912.753101
1742372912.788212
1742372912.818699
1742372912.854739
1742372912.887786
1742372912.920077
1742372912.954547
1742372912.987247
1742372913.021263
1742372913.053747
1742372913.085281
1742372913.121746
1742372913.152385
1742372913.187328
1742372913.220373
1742372913.251064
1742372913.275009
1742372913.307138
1742372913.349117
1742372913.384910
1742372913.407146
1742372913.441221
1742372913.479287
1742372913.515245
1742372913.544739
1742372913.573242
1742372913.615961
1742372913.644802
1742372913.684508
1742372913.706557
1742372913.749820
1742372913.777640
1742372913.818002
1742372913.839973
1742372913.884090
1742372913.911160
1742372913.948632
1742372913.973561
1742372914.016627
1742372914.044430
1742372914.082763
1742372914.106967
1742372914.152943
1742372914.176513
1742372914.218064
1742372914.240272
1742372914.281990
1742372914.312023
1742372914.351224
1742372914.373791
1742372914.413601
1742372914.446633
1742372914.482733
1742372914.507134
1742372914.548967
1742372914.576856
1742372914.615750
1742372914.640598
1742372914.680137
1742372914.712989
1742372914.751719
1742372914.774130
1742372914.818170
1742372914.843550
1742372914.882330
1742372914.907340
1742372914.946846
1742372914.979342
1742372915.018038
1742372915.040780
1742372915.079122
1742372915.112130
1742372915.151588
1742372915.173855
1742372915.216347
1742372915.245291
1742372915.285337
1742372915.307234
1742372915.352788
1742372915.376450
1742372915.419464
1742372915.440751
1742372915.485685
1742372915.510069
1742372915.549510
1742372915.574378
1742372915.620990
1742372915.641628
1742372915.682441
1742372915.707717
1742372915.753151
1742372915.775869
1742372915.818632
1742372915.840844
1742372915.882965
1742372915.912582
1742372915.951127
1742372915.974321
1742372916.017352
1742372916.045643
1742372916.084306
1742372916.107683
1742372916.150886
1742372916.179032
1742372916.220330
1742372916.241209
1742372916.287331
1742372916.310016
1742372916.346102
1742372916.375031
1742372916.419139
1742372916.443822
1742372916.481242
1742372916.508853
1742372916.551980
1742372916.577648
1742372916.618782
1742372916.641614
1742372916.687726
1742372916.710646
1742372916.755537
1742372916.775147
1742372916.821780
1742372916.843821
1742372916.882974
1742372916.909825
1742372916.954116
1742372916.977536
1742372917.016932
1742372917.043614
1742372917.084750
1742372917.111157
1742372917.153329
1742372917.175430
1742372917.220051
1742372917.244223
1742372917.284807
1742372917.309584
1742372917.348585
1742372917.380570
1742372917.417528
1742372917.443980
1742372917.484750
1742372917.511266
1742372917.550375
1742372917.577625
1742372917.616305
1742372917.651212
1742372917.678420
1742372917.720091
1742372917.743136
1742372917.782059
1742372917.820257
1742372917.842415
1742372917.886149
1742372917.911055
1742372917.952678
1742372917.975796
1742372918.021020
1742372918.044688
1742372918.085127
1742372918.108995
1742372918.155760
1742372918.177447
1742372918.222632
1742372918.242562
1742372918.288995
1742372918.310998
1742372918.354632
1742372918.375814
1742372918.422236
1742372918.444150
1742372918.481752
1742372918.514082
1742372918.550206
1742372918.585747
1742372918.611989
1742372918.647558
1742372918.684909
1742372918.712338
1742372918.756893
1742372918.776213
1742372918.823275
1742372918.844487
1742372918.890780
1742372918.909782
1742372918.956513
1742372918.977639
1742372919.023275
1742372919.043124
1742372919.089470
1742372919.111102
1742372919.157982
1742372919.176562
1742372919.223500
1742372919.244675
1742372919.289865
1742372919.309765
1742372919.357386
1742372919.377518
1742372919.423712
1742372919.443329
1742372919.486518
1742372919.511764
1742372919.551628
1742372919.577847
1742372919.621318
1742372919.644815
1742372919.690673
1742372919.710338
1742372919.757355
1742372919.778179
1742372919.820896
1742372919.844461
1742372919.890985
1742372919.911430
1742372919.957277
1742372919.977197
1742372920.024324
1742372920.044574
1742372920.089935
1742372920.110645
1742372920.157978
1742372920.177658
1742372920.224630
1742372920.244135
1742372920.290619
1742372920.311859
1742372920.357151
1742372920.377460
1742372920.422026
1742372920.445286
1742372920.491677
1742372920.510751
1742372920.555527
1742372920.578367
1742372920.624195
1742372920.644026
1742372920.691036
1742372920.711375
1742372920.756801
1742372920.777417
1742372920.824089
1742372920.845129
1742372920.891356
1742372920.910987
1742372920.957358
1742372920.978476
1742372921.025036
1742372921.044116
1742372921.087916
1742372921.112507
1742372921.158727
1742372921.177698
1742372921.224443
1742372921.244839
1742372921.291840
1742372921.310926
1742372921.358035
1742372921.378071
1742372921.425337
1742372921.444444
1742372921.489139
1742372921.512074
1742372921.556803
1742372921.577877
1742372921.615294
1742372921.656125
1742372921.678684
1742372921.725294
1742372921.744525
1742372921.791954
1742372921.811418
1742372921.855109
1742372921.879966
1742372921.921360
1742372921.944778
1742372921.991261
1742372922.011847
1742372922.052579
1742372922.078141
1742372922.124892
1742372922.144897
1742372922.185214
1742372922.212282
1742372922.258206
1742372922.277959
1742372922.318117
1742372922.345285
1742372922.390618
1742372922.411092
1742372922.448121
1742372922.480821
1742372922.522994
1742372922.544761
1742372922.578290
1742372922.613922
1742372922.650109
1742372922.680588
1742372922.711066
1742372922.748786
1742372922.782642
1742372922.818480
1742372922.844566
1742372922.881488
1742372922.917625
1742372922.944814
1742372922.977954
1742372923.019440
1742372923.045968
1742372923.090155
1742372923.111454
1742372923.157757
1742372923.178287
1742372923.224681
1742372923.244824
1742372923.291812
1742372923.311784
1742372923.355591
1742372923.378164
1742372923.423850
1742372923.445568
1742372923.491894
1742372923.511888
1742372923.558056
1742372923.578531
1742372923.622138
1742372923.645214
1742372923.685679
1742372923.712649
1742372923.755914
1742372923.778473
1742372923.816245
1742372923.857232
1742372923.878807
1742372923.912122
1742372923.958578
1742372923.978761
1742372924.025113
1742372924.045349
1742372924.089676
1742372924.112481
1742372924.159145
1742372924.178872
1742372924.221437
1742372924.245878
1742372924.293584
1742372924.312241
1742372924.353613
1742372924.381326
1742372924.423143
1742372924.445508
1742372924.490991
1742372924.512421
1742372924.555667
1742372924.578768
1742372924.622681
1742372924.645956
1742372924.691086
1742372924.712262
1742372924.757465
1742372924.779174
1742372924.822059
1742372924.845579
1742372924.893076
1742372924.912918
1742372924.956503
1742372924.979325
1742372925.025611
1742372925.046149
1742372925.091889
1742372925.112664
1742372925.158409
1742372925.179650
1742372925.226623
1742372925.246076
1742372925.292424
1742372925.313346
1742372925.357389
1742372925.379341
1742372925.422380
1742372925.447464
1742372925.490114
1742372925.512907
1742372925.558027
1742372925.579799
1742372925.622840
1742372925.646222
1742372925.692501
1742372925.713393
1742372925.759631
1742372925.779598
1742372925.825776
1742372925.846661
1742372925.886967
1742372925.912952
1742372925.958951
1742372925.980522
1742372926.023402
1742372926.046189
1742372926.088165
1742372926.113926
1742372926.160028
1742372926.179511
1742372926.217642
1742372926.252028
1742372926.291418
1742372926.312862
1742372926.354574
1742372926.384827
1742372926.425079
1742372926.446525
1742372926.488011
1742372926.514112
1742372926.560132
1742372926.579881
1742372926.625489
1742372926.647766
1742372926.692648
1742372926.713311
1742372926.759029
1742372926.781173
1742372926.828158
1742372926.846724
1742372926.890852
1742372926.914567
1742372926.960602
1742372926.980466
1742372927.015754
1742372927.057134
1742372927.081855
1742372927.127327
1742372927.146842
1742372927.190477
1742372927.214613
1742372927.259733
1742372927.280526
1742372927.325415
1742372927.348595
1742372927.394115
1742372927.413658
1742372927.461199
1742372927.480719
1742372927.524499
1742372927.547091
1742372927.594448
1742372927.615531
1742372927.658560
1742372927.680496
1742372927.724497
1742372927.749602
1742372927.791255
1742372927.814048
1742372927.857932
1742372927.883870
1742372927.922832
1742372927.947372
1742372927.994779
1742372928.015925
1742372928.058993
1742372928.080760
1742372928.124053
1742372928.151637
1742372928.194537
1742372928.214053
1742372928.259774
1742372928.283188
1742372928.325640
1742372928.347611
1742372928.391486
1742372928.418353
1742372928.460793
1742372928.481153
1742372928.528093
1742372928.550363
1742372928.592724
1742372928.614368
1742372928.660771
1742372928.683766
1742372928.728211
1742372928.747781
1742372928.791779
1742372928.818911
1742372928.861090
1742372928.881183
1742372928.927970
1742372928.951088
1742372928.993347
1742372929.014528
1742372929.059538
1742372929.083968
1742372929.127206
1742372929.148118
1742372929.192007
1742372929.220578
1742372929.260278
1742372929.281694
1742372929.324908
1742372929.353511
1742372929.394536
1742372929.415110
1742372929.460570
1742372929.483397
1742372929.522970
1742372929.551183
1742372929.592407
1742372929.619558
1742372929.660944
1742372929.681949
1742372929.724257
1742372929.753615
1742372929.794407
1742372929.814932
1742372929.862536
1742372929.884021
1742372929.928089
1742372929.948396
1742372929.994803
1742372930.018093
1742372930.059378
1742372930.081698
1742372930.127789
1742372930.151563
1742372930.195552
1742372930.219410
1742372930.257574
1742372930.285152
1742372930.326547
1742372930.350965
1742372930.384738
1742372930.426666
1742372930.451852
1742372930.493401
1742372930.515349
1742372930.559079
1742372930.584903
1742372930.628806
1742372930.648876
1742372930.693244
1742372930.719076
1742372930.762764
1742372930.782177
1742372930.829202
1742372930.851105
1742372930.894522
1742372930.915435
1742372930.962426
1742372930.985164
1742372931.026663
1742372931.048746
1742372931.090264
1742372931.124024
1742372931.156410
1742372931.183460
1742372931.226644
1742372931.253452
1742372931.285531
1742372931.326773
1742372931.355686
1742372931.382384
1742372931.429515
1742372931.452083
1742372931.493763
1742372931.515763
1742372931.562877
1742372931.585687
1742372931.625289
1742372931.649123
1742372931.692614
1742372931.720257
1742372931.761984
1742372931.782433
1742372931.825642
1742372931.855375
1742372931.883615
1742372931.924505
1742372931.952326
1742372931.992785
1742372932.015766
1742372932.059373
1742372932.086994
1742372932.128803
1742372932.149276
1742372932.193342
1742372932.220336
1742372932.261742
1742372932.282683
1742372932.329888
1742372932.352323
1742372932.394122
1742372932.416219
1742372932.461570
1742372932.485807
1742372932.528691
1742372932.549525
1742372932.596690
1742372932.619609
1742372932.660655
1742372932.683044
1742372932.730296
1742372932.752913
1742372932.795154
1742372932.816393
1742372932.861387
1742372932.887269
1742372932.929154
1742372932.949846
1742372932.994380
1742372933.020903
1742372933.057217
1742372933.087550
1742372933.128442
1742372933.153750
1742372933.195258
1742372933.216947
1742372933.263707
1742372933.286518
1742372933.329715
1742372933.349973
1742372933.394931
1742372933.421115
1742372933.461946
1742372933.483788
1742372933.529416
1742372933.552928
1742372933.594659
1742372933.617491
1742372933.662083
1742372933.687668
1742372933.725529
1742372933.754512
1742372933.792518
1742372933.825281
1742372933.860788
1742372933.887035
1742372933.927698
1742372933.957244
1742372933.993431
1742372934.017184
1742372934.063267
1742372934.088316
1742372934.129300
1742372934.150365
1742372934.195171
1742372934.221353
1742372934.259780
1742372934.283692
1742372934.329322
1742372934.353912
1742372934.395650
1742372934.417273
1742372934.462118
1742372934.488387
1742372934.529636
1742372934.550618
1742372934.596567
1742372934.621661
1742372934.660413
1742372934.684174
1742372934.729599
1742372934.755518
1742372934.793731
1742372934.818606
1742372934.862445
1742372934.889171
1742372934.928361
1742372934.951044
1742372934.995797
1742372935.021677
1742372935.061919
1742372935.084324
1742372935.129809
1742372935.153247
1742372935.194666
1742372935.217548
1742372935.263290
1742372935.288772
1742372935.327927
1742372935.350896
1742372935.396746
1742372935.422086
1742372935.462974
1742372935.484770
1742372935.531464
1742372935.555314
1742372935.595709
1742372935.617811
1742372935.654139
1742372935.687010
1742372935.725811
1742372935.752950
1742372935.795583
1742372935.822488
1742372935.862148
1742372935.886790
1742372935.928816
1742372935.957424
1742372935.995550
1742372936.021975
1742372936.061539
1742372936.091157
1742372936.127594
1742372936.152384
1742372936.194450
1742372936.223057
1742372936.261867
1742372936.284677
1742372936.330977
1742372936.355511
1742372936.394596
1742372936.418268
1742372936.464267
1742372936.488727
1742372936.528776
1742372936.551721
1742372936.597841
1742372936.623283
1742372936.661587
1742372936.685228
1742372936.728241
1742372936.757742
1742372936.795367
1742372936.818306
1742372936.860980
1742372936.891470
1742372936.925434
1742372936.953610
1742372936.995804
1742372937.024768
1742372937.061064
1742372937.085236
1742372937.130801
1742372937.155943
1742372937.196466
1742372937.218538
1742372937.264723
1742372937.289420
1742372937.329065
1742372937.352135
1742372937.395069
1742372937.426916
1742372937.462536
1742372937.485636
1742372937.527254
1742372937.561445
1742372937.592932
1742372937.623013
1742372937.662751
1742372937.691255
1742372937.727827
1742372937.754702
1742372937.793748
1742372937.826158
1742372937.860402
1742372937.889188
1742372937.928307
1742372937.957941
1742372937.996175
1742372938.019749
1742372938.061876
1742372938.092738
1742372938.128502
1742372938.152833
1742372938.197214
1742372938.223865
1742372938.261118
1742372938.286971
1742372938.329536
1742372938.357848
1742372938.389992
1742372938.418914
1742372938.460523
1742372938.492682
1742372938.528527
1742372938.558825
1742372938.590715
1742372938.627399
1742372938.657570
1742372938.694481
1742372938.720998
1742372938.761199
1742372938.790472
1742372938.831505
1742372938.852909
1742372938.894771
1742372938.927929
1742372938.960021
1742372938.988818
1742372939.028747
1742372939.059581
1742372939.092753
1742372939.124189
1742372939.160759
1742372939.194453
1742372939.227605
1742372939.257825
1742372939.294508
1742372939.326858
1742372939.360009
1742372939.391327
1742372939.427768
1742372939.460242
1742372939.495458
1742372939.524378
1742372939.560866
1742372939.595764
1742372939.628649
1742372939.655941
1742372939.695276
1742372939.725905
1742372939.763311
1742372939.790707
1742372939.829813
1742372939.860472
1742372939.892761
1742372939.928809
1742372939.958369
1742372939.997704
1742372940.021723
1742372940.063800
1742372940.090050
1742372940.130300
1742372940.159080
1742372940.191506
1742372940.227691
1742372940.259935
1742372940.293656
1742372940.324498
1742372940.363763
1742372940.392274
1742372940.431297
1742372940.453567
1742372940.496078
1742372940.527243
1742372940.560911
1742372940.587354
1742372940.631263
1742372940.658074
1742372940.695477
1742372940.720603
1742372940.759074
1742372940.795246
1742372940.829485
1742372940.854375
1742372940.893081
1742372940.926096
1742372940.964087
1742372940.988085
1742372941.029947
1742372941.060160
1742372941.093583
1742372941.125379
1742372941.162811
1742372941.194705
1742372941.228538
1742372941.256551
1742372941.296848
1742372941.326620
1742372941.359782
1742372941.391644
1742372941.430187
1742372941.460257
1742372941.493067
1742372941.524927
1742372941.563543
1742372941.589338
1742372941.627236
1742372941.658683
1742372941.696978
1742372941.726767
1742372941.763513
1742372941.791001
1742372941.831849
1742372941.859894
1742372941.894769
1742372941.924968
1742372941.960773
1742372941.994640
1742372942.028316
1742372942.058916
1742372942.096659
1742372942.126394
1742372942.159686
1742372942.192240
1742372942.229996
1742372942.263677
1742372942.295515
1742372942.323869
1742372942.360704
1742372942.396583
1742372942.425450
1742372942.458965
1742372942.496803
1742372942.526386
1742372942.564606
1742372942.591538
1742372942.631311
1742372942.659336
1742372942.696079
1742372942.726289
1742372942.762091
1742372942.797138
1742372942.828066
1742372942.860619
1742372942.896292
1742372942.931347
1742372942.962746
1742372942.991992
1742372943.032055
1742372943.060931
1742372943.094232
1742372943.124569
1742372943.165520
1742372943.193985
1742372943.229063
1742372943.256305
1742372943.296296
1742372943.330665
1742372943.361838
1742372943.392779
1742372943.433119
1742372943.460962
1742372943.496755
1742372943.523865
1742372943.564613
1742372943.593803
1742372943.627851
1742372943.660151
1742372943.699111
1742372943.728417
1742372943.764711
1742372943.793245
1742372943.830161
1742372943.863289
1742372943.898435
1742372943.926102
1742372943.965079
1742372943.995137
1742372944.031178
1742372944.059436
1742372944.097898
1742372944.130453
1742372944.162413
1742372944.195848
1742372944.228971
1742372944.265259
1742372944.293847
1742372944.326903
1742372944.361492
1742372944.397692
1742372944.427188
1742372944.461864
1742372944.492132
1742372944.532689
1742372944.561899
1742372944.594738
1742372944.629048
1742372944.665461
1742372944.695129
1742372944.724425
1742372944.764139
1742372944.793719
1742372944.833813
1742372944.855493
1742372944.897744
1742372944.928466
1742372944.967010
1742372944.989037
1742372945.031170
1742372945.063909
1742372945.098302
1742372945.123910
1742372945.166218
1742372945.195457
1742372945.227904
1742372945.259475
1742372945.300761
1742372945.326028
1742372945.363659
1742372945.391730
1742372945.433214
1742372945.460377
1742372945.500460
1742372945.522802
1742372945.566879
1742372945.592755
1742372945.632530
1742372945.656981
1742372945.700813
1742372945.726638
1742372945.767802
1742372945.790076
1742372945.834002
1742372945.859539
1742372945.898910
1742372945.927775
1742372945.965225
1742372945.995532
1742372946.035738
1742372946.057236
1742372946.099409
1742372946.129966
1742372946.165539
1742372946.192050
1742372946.234379
1742372946.259427
1742372946.299413
1742372946.323205
1742372946.365943
1742372946.398671
1742372946.432063
1742372946.459128
1742372946.500139
1742372946.526676
1742372946.568114
1742372946.591276
1742372946.630300
1742372946.665482
1742372946.696445
1742372946.731916
1742372946.756862
1742372946.800602
1742372946.827417
1742372946.867292
1742372946.893576
1742372946.934936
1742372946.957915
1742372947.000224
1742372947.027677
1742372947.061496
1742372947.097158
1742372947.131998
1742372947.167446
1742372947.190044
1742372947.233288
1742372947.260493
1742372947.301334
1742372947.323663
1742372947.366703
1742372947.393520
1742372947.434142
1742372947.456935
1742372947.500245
1742372947.526994
1742372947.564770
1742372947.593464
1742372947.635759
1742372947.660337
1742372947.702484
1742372947.723673
1742372947.766923
1742372947.793789
1742372947.833787
1742372947.858812
1742372947.897780
1742372947.930217
1742372947.967236
1742372947.992782
1742372948.034160
1742372948.060855
1742372948.102685
1742372948.124025
1742372948.169974
1742372948.193494
1742372948.236477
1742372948.257413
1742372948.303477
1742372948.326647
1742372948.369655
1742372948.390900
1742372948.436134
1742372948.460505
1742372948.500958
1742372948.525826
1742372948.564141
1742372948.599900
1742372948.628461
1742372948.662441
1742372948.700080
1742372948.727202
1742372948.765758
1742372948.792504
1742372948.831031
1742372948.867581
1742372948.894369
1742372948.930259
1742372948.964487
1742372948.997659
1742372949.030482
1742372949.061969
1742372949.102646
1742372949.127367
1742372949.169882
1742372949.191318
1742372949.236599
1742372949.260269
1742372949.302047
1742372949.326332
1742372949.365183
1742372949.401363
1742372949.428370
1742372949.466034
1742372949.496010
1742372949.536991
1742372949.560567
1742372949.599631
1742372949.629929
1742372949.669446
1742372949.694966
1742372949.736005
1742372949.759835
1742372949.802443
1742372949.828167
1742372949.865466
1742372949.897267
1742372949.935442
1742372949.961989
1742372949.996576
1742372950.031773
1742372950.064749
1742372950.102025
1742372950.125321
1742372950.171145
1742372950.193765
1742372950.236006
1742372950.259243
1742372950.305779
1742372950.327010
1742372950.369293
1742372950.392137
1742372950.438417
1742372950.460482
1742372950.501988
1742372950.525268
1742372950.572643
1742372950.593443
1742372950.638452
1742372950.659023
1742372950.706005
1742372950.727132
1742372950.773467
1742372950.792426
1742372950.839236
1742372950.860618
1742372950.899645
1742372950.927472
1742372950.969750
1742372950.994045
1742372951.033690
1742372951.060533
1742372951.099517
1742372951.134264
1742372951.164683
1742372951.196239
1742372951.237298
1742372951.260992
1742372951.300539
1742372951.325765
1742372951.372574
1742372951.394215
1742372951.429509
1742372951.463679
1742372951.499681
1742372951.536385
1742372951.560867
1742372951.601417
1742372951.627342
1742372951.664406
1742372951.705287
1742372951.725848
1742372951.773550
1742372951.793786
1742372951.839640
1742372951.859717
1742372951.907107
1742372951.927418
1742372951.971644
1742372951.993272
1742372952.039693
1742372952.060742
1742372952.100850
1742372952.126842
1742372952.172312
1742372952.194355
1742372952.240582
1742372952.259717
1742372952.298196
1742372952.337445
1742372952.360852
1742372952.392463
1742372952.439100
1742372952.459827
1742372952.506022
1742372952.525935
1742372952.573543
1742372952.592991
1742372952.638856
1742372952.659603
1742372952.706144
1742372952.726644
1742372952.773439
1742372952.792973
1742372952.839975
1742372952.860470
1742372952.899189
1742372952.926448
1742372952.963180
1742372953.003799
1742372953.026860
1742372953.067774
1742372953.094223
1742372953.140322
1742372953.161247
1742372953.198870
1742372953.231720
1742372953.271616
1742372953.294696
1742372953.331611
1742372953.367137
1742372953.398898
1742372953.440176
1742372953.460526
1742372953.507181
1742372953.527144
1742372953.573884
1742372953.593568
1742372953.640764
1742372953.660302
1742372953.707791
1742372953.727044
1742372953.772701
1742372953.794310
1742372953.841375
1742372953.860346
1742372953.907171
1742372953.927442
1742372953.973310
1742372953.993733
1742372954.039844
1742372954.061256
1742372954.107905
1742372954.127317
1742372954.172967
1742372954.194552
1742372954.241145
1742372954.260487
1742372954.307679
1742372954.327779
1742372954.374307
1742372954.393874
1742372954.441067
1742372954.460867
1742372954.507468
1742372954.527223
1742372954.574634
1742372954.594183
1742372954.641242
1742372954.660629
1742372954.707828
1742372954.727844
1742372954.774781
1742372954.794059
1742372954.840926
1742372954.861365
1742372954.906434
1742372954.927696
1742372954.975038
1742372954.994252
1742372955.041159
1742372955.069535
1742372955.094331
1742372955.140762
1742372955.161675
1742372955.205369
1742372955.228641
1742372955.271977
1742372955.294851
1742372955.340600
1742372955.361912
1742372955.403590
1742372955.428472
1742372955.471910
1742372955.495316
1742372955.537652
1742372955.561613
1742372955.609221
1742372955.628124
1742372955.673162
1742372955.694760
1742372955.741891
1742372955.761788
1742372955.805296
1742372955.828144
1742372955.873771
1742372955.895160
1742372955.941016
1742372955.961748
1742372956.008065
1742372956.028528
1742372956.070797
1742372956.095256
1742372956.139965
1742372956.162781
1742372956.199384
1742372956.235474
1742372956.269248
1742372956.299697
1742372956.328945
1742372956.374380
1742372956.395215
1742372956.439264
1742372956.461746
1742372956.508874
1742372956.528747
1742372956.570370
1742372956.595330
1742372956.640513
1742372956.662138
1742372956.705163
1742372956.728611
1742372956.775762
1742372956.795396
1742372956.842545
1742372956.861802
1742372956.908458
1742372956.928822
1742372956.974945
1742372956.995349
1742372957.042240
1742372957.061999
1742372957.105582
1742372957.128813
1742372957.174557
1742372957.195585
1742372957.242546
1742372957.262054
1742372957.308618
1742372957.329250
1742372957.372859
1742372957.395415
1742372957.442259
1742372957.462761
1742372957.506910
1742372957.528758
1742372957.574683
1742372957.595897
1742372957.638788
1742372957.662581
1742372957.708310
1742372957.729363
1742372957.773980
1742372957.795919
1742372957.842566
1742372957.863012
1742372957.908796
1742372957.929114
1742372957.975792
1742372957.996700
1742372958.039906
1742372958.063481
1742372958.107374
1742372958.130435
1742372958.172143
1742372958.196288
1742372958.241332
1742372958.263396
1742372958.306742
1742372958.329450
1742372958.376584
1742372958.396592
1742372958.440693
1742372958.462673
1742372958.508149
1742372958.530153
1742372958.574103
1742372958.596144
1742372958.642869
1742372958.663415
1742372958.708173
1742372958.729314
1742372958.775960
1742372958.797354
1742372958.843917
1742372958.862921
1742372958.906484
1742372958.933182
1742372958.975525
1742372958.996182
1742372959.039795
1742372959.068310
1742372959.108819
1742372959.129684
1742372959.177111
1742372959.197507
1742372959.243589
1742372959.263127
1742372959.310359
1742372959.331507
1742372959.376670
1742372959.396439
1742372959.440316
1742372959.466368
1742372959.505665
1742372959.531317
1742372959.574825
1742372959.597949
1742372959.642580
1742372959.663283
1742372959.707294
1742372959.731405
1742372959.774662
1742372959.796934
1742372959.844395
1742372959.865177
1742372959.907767
1742372959.932328
1742372959.974176
1742372960.002550
1742372960.043249
1742372960.063609
1742372960.107088
1742372960.134924
1742372960.175864
1742372960.197053
1742372960.243921
1742372960.265305
1742372960.310696
1742372960.330266
1742372960.377285
1742372960.398973
1742372960.440929
1742372960.463507
1742372960.506955
1742372960.534234
1742372960.577300
1742372960.596937
1742372960.643187
1742372960.665451
1742372960.710018
1742372960.730521
1742372960.777562
1742372960.798604
1742372960.842718
1742372960.864250
1742372960.911324
1742372960.932285
1742372960.975691
1742372960.997259
1742372961.043505
1742372961.065683
1742372961.107843
1742372961.131235
1742372961.177050
1742372961.197467
1742372961.241537
1742372961.265403
1742372961.308821
1742372961.333346
1742372961.376670
1742372961.397805
1742372961.441992
1742372961.465740
1742372961.508756
1742372961.531135
1742372961.577421
1742372961.600476
1742372961.642477
1742372961.664390
1742372961.707990
1742372961.735890
1742372961.777908
1742372961.797970
1742372961.844802
1742372961.865819
1742372961.909092
1742372961.931186
1742372961.974603
1742372962.001621
1742372962.044775
1742372962.064461
1742372962.108515
1742372962.134549
1742372962.176161
1742372962.199876
1742372962.241855
1742372962.269158
1742372962.311162
1742372962.331912
1742372962.375378
1742372962.402709
1742372962.444022
1742372962.464893
1742372962.508625
1742372962.534581
1742372962.576226
1742372962.598357
1742372962.643409
1742372962.666979
1742372962.709567
1742372962.731664
1742372962.778196
1742372962.800608
1742372962.844578
1742372962.864743
1742372962.907757
1742372962.935922
1742372962.977577
1742372962.998018
1742372963.044367
1742372963.066919
1742372963.110034
1742372963.131684
1742372963.175238
1742372963.204283
1742372963.244104
1742372963.265079
1742372963.311845
1742372963.335093
1742372963.378306
1742372963.407738
1742372963.431947
1742372963.477079
1742372963.502943
1742372963.544926
1742372963.569329
1742372963.610003
1742372963.633948
1742372963.678382
1742372963.702960
1742372963.744153
1742372963.766852
1742372963.810397
1742372963.837667
1742372963.873794
1742372963.902742
1742372963.943722
1742372963.970846
1742372964.006585
1742372964.037796
1742372964.078742
1742372964.102803
1742372964.138446
1742372964.172902
1742372964.208801
1742372964.239080
1742372964.269760
1742372964.310976
1742372964.336033
1742372964.377907
1742372964.399533
1742372964.443230
1742372964.470075
1742372964.511646
1742372964.532666
1742372964.577316
1742372964.603575
1742372964.641340
1742372964.669490
1742372964.709067
1742372964.739757
1742372964.775091
1742372964.802935
1742372964.843643
1742372964.871170
1742372964.908741
1742372964.935749
1742372964.977569
1742372965.003761
1742372965.042210
1742372965.068077
1742372965.110185
1742372965.138908
1742372965.175441
1742372965.201171
1742372965.243762
1742372965.269894
1742372965.312169
1742372965.332896
1742372965.379823
1742372965.403765
1742372965.442157
1742372965.468521
1742372965.509416
1742372965.538267
1742372965.578172
1742372965.601343
1742372965.643531
1742372965.672546
1742372965.708799
1742372965.737671
1742372965.774242
1742372965.809924
1742372965.839933
1742372965.872763
1742372965.907510
1742372965.942773
1742372965.971985
1742372966.007808
1742372966.038670
1742372966.076822
1742372966.106554
1742372966.139414
1742372966.174502
1742372966.209663
1742372966.239778
1742372966.272939
1742372966.307552
1742372966.341727
1742372966.376408
1742372966.403526
1742372966.443423
1742372966.473330
1742372966.510962
1742372966.537389
1742372966.577509
1742372966.606927
1742372966.644026
1742372966.671278
1742372966.708519
1742372966.742533
1742372966.774724
1742372966.804919
1742372966.843902
1742372966.873503
1742372966.909239
1742372966.938812
1742372966.975181
1742372967.009469
1742372967.042246
1742372967.071373
1742372967.108788
1742372967.143624
1742372967.174143
1742372967.206909
1742372967.241501
1742372967.276572
1742372967.304917
1742372967.340956
1742372967.374062
1742372967.408482
1742372967.443197
1742372967.471518
1742372967.509522
1742372967.538923
1742372967.579094
1742372967.600983
1742372967.646763
1742372967.671906
1742372967.712789
1742372967.734472
1742372967.779159
1742372967.805249
1742372967.846670
1742372967.869360
1742372967.908916
1742372967.944224
1742372967.973519
1742372968.009215
1742372968.038625
1742372968.078873
1742372968.107504
1742372968.140901
1742372968.173922
1742372968.209782
1742372968.243552
1742372968.270357
1742372968.310207
1742372968.342560
1742372968.373497
1742372968.405437
1742372968.443600
1742372968.473822
1742372968.511970
1742372968.534565
1742372968.580409
1742372968.605707
1742372968.646073
1742372968.667563
1742372968.714131
1742372968.738722
1742372968.776316
1742372968.801368
1742372968.844706
1742372968.873989
1742372968.911870
1742372968.934603
1742372968.977733
1742372969.007567
1742372969.044274
1742372969.068946
1742372969.111386
1742372969.140687
1742372969.172809
1742372969.208508
1742372969.240916
1742372969.276329
1742372969.309142
1742372969.338072
1742372969.375890
1742372969.407083
1742372969.443707
1742372969.470956
1742372969.508891
1742372969.543733
1742372969.574320
1742372969.608929
1742372969.641391
1742372969.677355
1742372969.708465
1742372969.741395
1742372969.770887
1742372969.806732
1742372969.839866
1742372969.875612
1742372969.907951
1742372969.945740
1742372969.975261
1742372970.006894
1742372970.043108
1742372970.077995
1742372970.108749
1742372970.141424
1742372970.173220
1742372970.213550
1742372970.240463
1742372970.277168
1742372970.306547
1742372970.347011
1742372970.373443
1742372970.409673
1742372970.440009
1742372970.478487
1742372970.509086
1742372970.540067
1742372970.577353
1742372970.608103
1742372970.643814
1742372970.673760
1742372970.711846
1742372970.741504
1742372970.777247
1742372970.806659
1742372970.843146
1742372970.877930
1742372970.906585
1742372970.944640
1742372970.973318
1742372971.010494
1742372971.045071
1742372971.073788
1742372971.110043
1742372971.144339
1742372971.177728
1742372971.207004
1742372971.244118
1742372971.278488
1742372971.310375
1742372971.340347
1742372971.376435
1742372971.411510
1742372971.443433
1742372971.473911
1742372971.512699
1742372971.542817
1742372971.577668
1742372971.607183
1742372971.645138
1742372971.678092
1742372971.712187
1742372971.745958
1742372971.769644
1742372971.811764
1742372971.845057
1742372971.879062
1742372971.909031
1742372971.946114
1742372971.974082
1742372972.014362
1742372972.039770
1742372972.080209
1742372972.106827
1742372972.144574
1742372972.179625
1742372972.205953
1742372972.246727
1742372972.275067
1742372972.311806
1742372972.339160
1742372972.380212
1742372972.409538
1742372972.441598
1742372972.473966
1742372972.507674
1742372972.544089
1742372972.578110
1742372972.605434
1742372972.644798
1742372972.674807
1742372972.711147
1742372972.738483
1742372972.779035
1742372972.808864
1742372972.845409
1742372972.870055
1742372972.908720
1742372972.940876
1742372972.981472
1742372973.003134
1742372973.044416
1742372973.076756
1742372973.109208
1742372973.140993
1742372973.179291
1742372973.208622
1742372973.247844
1742372973.270054
1742372973.314485
1742372973.340586
1742372973.381239
1742372973.403430
1742372973.443500
1742372973.476351
1742372973.509751
1742372973.541033
1742372973.579066
1742372973.611611
1742372973.645969
1742372973.672375
1742372973.713008
1742372973.742174
1742372973.775326
1742372973.811087
1742372973.841449
1742372973.878193
1742372973.912755
1742372973.941939
1742372973.978095
1742372974.013146
1742372974.042098
1742372974.076792
1742372974.108469
1742372974.147343
1742372974.177042
1742372974.207810
1742372974.245567
1742372974.278796
1742372974.313106
1742372974.337997
1742372974.379800
1742372974.408936
1742372974.446090
1742372974.471839
1742372974.513077
1742372974.542021
1742372974.581491
1742372974.604580
1742372974.646789
1742372974.677106
1742372974.712383
1742372974.737946
1742372974.779135
1742372974.812268
1742372974.843514
1742372974.871744
1742372974.912595
1742372974.942762
1742372974.976241
1742372975.007841
1742372975.046427
1742372975.080203
1742372975.109841
1742372975.142417
1742372975.177927
1742372975.212955
1742372975.243850
1742372975.275140
1742372975.312427
1742372975.344388
1742372975.379397
1742372975.404433
1742372975.445428
1742372975.478347
1742372975.514372
1742372975.537482
1742372975.579010
1742372975.613752
1742372975.643042
1742372975.674069
1742372975.710776
1742372975.745587
1742372975.779201
1742372975.804328
1742372975.845077
1742372975.880715
1742372975.910239
1742372975.939691
1742372975.981351
1742372976.010555
1742372976.046053
1742372976.071700
1742372976.112099
1742372976.147733
1742372976.177162
1742372976.209207
1742372976.246463
1742372976.278055
1742372976.313139
1742372976.340384
1742372976.379914
1742372976.408892
1742372976.445707
1742372976.474398
1742372976.511516
1742372976.547216
1742372976.578522
1742372976.608500
1742372976.645253
1742372976.680691
1742372976.709588
1742372976.742665
1742372976.778680
1742372976.814597
1742372976.844761
1742372976.875869
1742372976.914559
1742372976.944177
1742372976.981871
1742372977.005244
1742372977.046242
1742372977.080870
1742372977.111409
1742372977.142066
1742372977.182943
1742372977.209628
1742372977.248087
1742372977.271780
1742372977.313399
1742372977.348843
1742372977.378138
1742372977.407209
1742372977.449244
1742372977.476407
1742372977.517236
1742372977.538455
1742372977.583516
1742372977.608695
1742372977.648053
1742372977.672127
1742372977.714185
1742372977.744749
1742372977.780892
1742372977.807299
1742372977.850275
1742372977.875446
1742372977.916755
1742372977.938792
1742372977.983977
1742372978.008759
1742372978.047545
1742372978.076300
1742372978.115778
1742372978.145013
1742372978.183436
1742372978.207368
1742372978.246289
1742372978.280933
1742372978.315849
1742372978.341818
1742372978.383955
1742372978.408190
1742372978.449614
1742372978.473546
1742372978.512320
1742372978.548161
1742372978.581013
1742372978.608225
1742372978.648831
1742372978.679461
1742372978.715060
1742372978.741073
1742372978.782271
1742372978.811921
1742372978.849847
1742372978.872719
1742372978.915525
1742372978.945935
1742372978.983145
1742372979.006001
1742372979.045870
1742372979.083475
1742372979.110220
1742372979.145736
1742372979.180633
1742372979.215440
1742372979.244990
1742372979.277322
1742372979.316341
1742372979.343120
1742372979.385148
1742372979.406273
1742372979.449800
1742372979.476810
1742372979.517009
1742372979.540185
1742372979.583275
1742372979.607474
1742372979.650411
1742372979.674762
1742372979.716674
1742372979.743634
1742372979.784147
1742372979.807543
1742372979.850282
1742372979.876328
1742372979.914369
1742372979.944546
1742372979.982887
1742372980.009864
1742372980.047868
1742372980.080782
1742372980.106785
1742372980.149854
1742372980.177619
1742372980.218741
1742372980.243381
1742372980.285274
1742372980.308305
1742372980.347503
1742372980.380039
1742372980.412078
1742372980.447254
1742372980.483525
1742372980.510470
1742372980.546289
1742372980.580797
1742372980.615678
1742372980.645760
1742372980.677555
1742372980.717329
1742372980.743163
1742372980.784715
1742372980.808992
1742372980.852848
1742372980.876480
1742372980.914511
1742372980.945218
1742372980.980930
1742372981.016484
1742372981.041900
1742372981.083684
1742372981.108933
1742372981.148266
1742372981.183631
1742372981.207975
1742372981.252818
1742372981.276385
1742372981.318315
1742372981.340903
1742372981.385683
1742372981.409892
1742372981.451541
1742372981.475060
1742372981.521536
1742372981.542689
1742372981.586328
1742372981.608449
1742372981.647601
1742372981.684060
1742372981.711057
1742372981.751318
1742372981.776428
1742372981.814570
1742372981.848084
1742372981.878793
1742372981.918828
1742372981.943335
1742372981.985219
1742372982.008424
1742372982.054000
1742372982.075583
1742372982.121181
1742372982.141214
1742372982.188423
1742372982.209745
1742372982.248811
1742372982.276834
1742372982.318093
1742372982.344297
1742372982.386832
1742372982.408786
1742372982.454760
1742372982.476839
1742372982.515680
1742372982.543189
1742372982.581835
1742372982.617561
1742372982.644464
1742372982.680037
1742372982.716159
1742372982.746403
1742372982.785702
1742372982.808136
1742372982.853911
1742372982.876835
1742372982.913474
1742372982.942128
1742372982.978325
1742372983.020938
1742372983.043381
1742372983.081722
1742372983.112753
1742372983.153840
1742372983.176857
1742372983.217800
1742372983.243401
1742372983.288790
1742372983.310163
1742372983.352035
1742372983.376584
1742372983.416578
1742372983.444814
1742372983.484892
1742372983.509874
1742372983.552965
1742372983.576891
1742372983.619904
1742372983.642483
1742372983.688770
1742372983.710517
1742372983.748701
1742372983.779350
1742372983.820268
1742372983.843539
1742372983.880110
1742372983.915966
1742372983.951237
1742372983.977011
1742372984.012808
1742372984.052393
1742372984.076824
1742372984.121499
1742372984.141903
1742372984.189477
1742372984.209844
1742372984.254986
1742372984.275432
1742372984.322116
1742372984.343812
1742372984.389364
1742372984.408848
1742372984.456185
1742372984.476980
1742372984.522368
1742372984.542159
1742372984.589497
1742372984.610533
1742372984.655825
1742372984.675495
1742372984.723124
1742372984.742577
1742372984.790219
1742372984.809154
1742372984.856165
1742372984.876540
1742372984.922148
1742372984.942438
1742372984.990104
1742372985.009348
1742372985.056185
1742372985.075868
1742372985.122677
1742372985.143399
1742372985.186405
1742372985.209440
1742372985.256043
1742372985.276785
1742372985.322411
1742372985.342634
1742372985.389461
1742372985.409799
1742372985.456776
1742372985.476031
1742372985.523127
1742372985.543124
1742372985.587997
1742372985.609490
1742372985.656249
1742372985.676936
1742372985.721166
1742372985.742915
1742372985.789648
1742372985.810452
1742372985.853922
1742372985.876459
1742372985.923028
1742372985.943650
1742372985.990945
1742372986.009657
1742372986.056686
1742372986.077011
1742372986.122197
1742372986.143197
1742372986.189958
1742372986.210742
1742372986.253833
1742372986.276653
1742372986.322714
1742372986.343842
1742372986.388707
1742372986.409919
1742372986.456678
1742372986.477220
1742372986.523121
1742372986.543263
1742372986.589675
1742372986.611048
1742372986.654408
1742372986.676879
1742372986.723664
1742372986.744171
1742372986.790659
1742372986.810043
1742372986.856588
1742372986.877538
1742372986.923248
1742372986.943393
1742372986.990127
1742372987.010800
1742372987.056667
1742372987.076814
1742372987.120846
1742372987.144207
1742372987.190012
1742372987.210208
1742372987.253758
1742372987.277629
1742372987.324049
1742372987.343799
1742372987.386640
1742372987.411251
1742372987.456523
1742372987.477018
1742372987.522775
1742372987.544254
1742372987.590434
1742372987.610355
1742372987.653540
1742372987.678108
1742372987.722937
1742372987.743638
1742372987.790710
1742372987.810723
1742372987.857002
1742372987.877088
1742372987.923042
1742372987.944348
1742372987.991727
1742372988.010498
1742372988.053609
1742372988.077762
1742372988.121324
1742372988.144158
1742372988.189375
1742372988.211265
1742372988.255488
1742372988.277315
1742372988.323597
1742372988.344784
1742372988.389271
1742372988.418226
1742372988.444083
1742372988.486018
1742372988.520242
1742372988.550749
1742372988.588954
1742372988.611100
1742372988.656376
1742372988.678376
1742372988.725044
1742372988.744376
1742372988.791566
1742372988.811186
1742372988.856009
1742372988.877609
1742372988.924470
1742372988.944582
1742372988.991270
1742372989.011155
1742372989.056932
1742372989.078370
1742372989.123101
1742372989.144446
1742372989.191675
1742372989.211498
1742372989.257295
1742372989.277900
1742372989.321481
1742372989.344912
1742372989.390117
1742372989.411388
1742372989.457112
1742372989.478492
1742372989.525733
1742372989.544818
1742372989.588188
1742372989.611790
1742372989.657432
1742372989.678155
1742372989.724446
1742372989.745243
1742372989.788297
1742372989.811716
1742372989.854858
1742372989.878732
1742372989.924773
1742372989.944879
1742372989.988818
1742372990.012364
1742372990.055848
1742372990.078920
1742372990.123418
1742372990.145954
1742372990.191278
1742372990.211933
1742372990.257377
1742372990.279239
1742372990.322512
1742372990.345966
1742372990.389745
1742372990.412794
1742372990.457076
1742372990.478742
1742372990.523140
1742372990.546301
1742372990.591000
1742372990.612066
1742372990.653735
1742372990.680514
1742372990.726127
1742372990.745414
1742372990.789663
1742372990.812567
1742372990.856489
1742372990.878714
1742372990.924897
1742372990.945809
1742372990.991256
1742372991.011942
1742372991.057813
1742372991.079601
1742372991.122809
1742372991.145525
1742372991.192336
1742372991.213304
1742372991.258012
1742372991.278949
1742372991.325331
1742372991.346618
1742372991.392689
1742372991.412354
1742372991.458391
1742372991.480242
1742372991.522999
1742372991.545677
1742372991.592945
1742372991.613544
1742372991.657071
1742372991.678977
1742372991.724843
1742372991.746925
1742372991.791417
1742372991.812744
1742372991.857730
1742372991.880183
1742372991.926141
1742372991.945867
1742372991.992248
1742372992.014007
1742372992.058801
1742372992.079293
1742372992.124010
1742372992.147526
1742372992.193800
1742372992.212783
1742372992.258907
1742372992.280211
1742372992.324728
1742372992.346156
1742372992.388431
1742372992.419616
1742372992.455011
1742372992.481306
1742372992.525612
1742372992.548258
1742372992.592888
1742372992.613113
1742372992.655605
1742372992.688489
1742372992.720277
1742372992.748206
1742372992.790495
1742372992.813145
1742372992.858355
1742372992.879720
1742372992.926853
1742372992.948688
1742372992.988284
1742372993.013287
1742372993.055649
1742372993.084114
1742372993.125677
1742372993.146356
1742372993.191545
1742372993.215069
1742372993.256679
1742372993.280763
1742372993.326822
1742372993.349062
1742372993.393951
1742372993.413233
1742372993.458771
1742372993.481717
1742372993.525148
1742372993.546512
1742372993.593620
1742372993.615937
1742372993.656049
1742372993.680317
1742372993.723788
1742372993.750782
1742372993.792683
1742372993.813397
1742372993.857551
1742372993.885830
1742372993.926073
1742372993.947051
1742372993.992429
1742372994.016023
1742372994.057494
1742372994.080577
1742372994.123987
1742372994.152152
1742372994.192986
1742372994.213707
1742372994.259641
1742372994.282439
1742372994.321404
1742372994.349863
1742372994.391532
1742372994.418608
1742372994.459060
1742372994.480699
1742372994.524095
1742372994.553656
1742372994.591321
1742372994.616185
1742372994.658707
1742372994.683731
1742372994.727819
1742372994.747400
1742372994.790752
1742372994.817921
1742372994.859487
1742372994.880760
1742372994.926992
1742372994.950675
1742372994.993016
1742372995.014015
1742372995.055677
1742372995.084583
1742372995.127737
1742372995.147397
1742372995.193724
1742372995.217373
1742372995.259224
1742372995.280850
1742372995.324401
1742372995.352334
1742372995.393686
1742372995.414154
1742372995.456543
1742372995.487712
1742372995.526145
1742372995.548510
1742372995.590714
1742372995.621383
1742372995.656514
1742372995.685060
1742372995.720135
1742372995.750015
1742372995.781423
1742372995.825552
1742372995.848866
1742372995.894879
1742372995.918721
1742372995.954574
1742372995.988997
1742372996.024422
1742372996.054602
1742372996.085360
1742372996.125802
1742372996.152071
1742372996.193058
1742372996.214773
1742372996.256344
1742372996.290515
1742372996.323571
1742372996.351516
1742372996.393334
1742372996.419111
1742372996.460347
1742372996.481608
1742372996.528128
1742372996.552267
1742372996.593783
1742372996.615105
1742372996.661650
1742372996.685996
1742372996.727505
1742372996.750552
1742372996.781456
1742372996.827490
1742372996.851730
1742372996.893517
1742372996.919340
1742372996.954637
1742372996.987507
1742372997.026860
1742372997.051562
1742372997.091544
1742372997.118098
1742372997.159989
1742372997.186904
1742372997.219524
1742372997.254654
1742372997.293692
1742372997.319153
1742372997.352920
1742372997.388643
1742372997.424229
1742372997.453601
1742372997.484040
1742372997.525352
1742372997.554674
1742372997.590868
1742372997.616854
1742372997.660151
1742372997.686472
1742372997.724288
1742372997.749667
1742372997.794782
1742372997.819560
1742372997.860242
1742372997.882373
1742372997.929217
1742372997.952818
1742372997.994411
1742372998.015464
1742372998.062024
1742372998.086577
1742372998.126684
1742372998.148958
1742372998.195859
1742372998.219992
1742372998.260300
1742372998.282239
1742372998.329118
1742372998.353394
1742372998.390892
1742372998.415913
1742372998.460593
1742372998.487351
1742372998.525861
1742372998.550813
1742372998.592922
1742372998.621891
1742372998.658086
1742372998.683002
1742372998.727112
1742372998.755566
1742372998.793408
1742372998.815852
1742372998.862398
1742372998.886640
1742372998.928321
1742372998.949354
1742372998.996759
1742372999.018780
1742372999.061326
1742372999.082856
1742372999.128648
1742372999.154060
1742372999.192877
1742372999.216149
1742372999.261241
1742372999.287573
1742372999.327866
1742372999.349597
1742372999.395593
1742372999.420384
1742372999.461804
1742372999.482878
1742372999.528113
1742372999.553777
1742372999.592250
1742372999.617159
1742372999.661983
1742372999.687223
1742372999.724698
1742372999.753650
1742372999.791385
1742372999.825013
1742372999.859492
1742372999.886036
1742372999.926518
1742372999.955935
1742372999.994274
1742373000.018401
1742373000.062171
1742373000.087319
1742373000.125716
1742373000.154834
1742373000.192004
1742373000.225667
1742373000.257816
1742373000.287938
1742373000.327436
1742373000.356838
1742373000.394881
1742373000.417489
1742373000.461372
1742373000.488034
1742373000.528533
1742373000.551982
1742373000.593743
1742373000.623065
1742373000.659448
1742373000.683628
1742373000.729862
1742373000.754553
1742373000.793870
1742373000.816928
1742373000.863005
1742373000.887848
1742373000.928157
1742373000.950710
1742373000.993595
1742373001.023254
1742373001.058963
1742373001.087874
1742373001.125871
1742373001.156772
1742373001.192974
1742373001.220719
1742373001.261533
1742373001.290270
1742373001.326645
1742373001.351701
1742373001.393953
1742373001.422233
1742373001.462048
1742373001.484144
1742373001.528112
1742373001.556310
1742373001.594632
1742373001.617520
1742373001.662340
1742373001.688831
1742373001.727181
1742373001.750694
1742373001.793630
1742373001.823335
1742373001.860808
1742373001.884545
1742373001.926242
1742373001.957786
1742373001.993191
1742373002.018575
1742373002.061975
1742373002.089875
1742373002.125893
1742373002.153938
1742373002.194178
1742373002.224719
1742373002.261252
1742373002.286207
1742373002.324603
1742373002.359692
1742373002.392719
1742373002.422883
1742373002.460964
1742373002.490684
1742373002.528858
1742373002.553767
1742373002.594605
1742373002.624311
1742373002.660909
1742373002.684594
1742373002.726758
1742373002.756620
1742373002.794538
1742373002.817756
1742373002.863032
1742373002.888229
1742373002.929494
1742373002.951428
1742373002.994278
1742373003.023695
1742373003.061667
1742373003.084670
1742373003.127410
1742373003.156633
1742373003.194525
1742373003.217870
1742373003.260789
1742373003.290366
1742373003.328405
1742373003.351554
1742373003.394375
1742373003.425593
1742373003.460155
1742373003.485779
1742373003.528649
1742373003.556628
1742373003.593762
1742373003.620911
1742373003.660497
1742373003.689694
1742373003.726545
1742373003.754273
1742373003.793223
1742373003.826474
1742373003.860502
1742373003.888405
1742373003.927193
1742373003.960843
1742373003.993730
1742373004.021908
1742373004.061421
1742373004.091033
1742373004.126782
1742373004.156268
1742373004.193957
1742373004.225351
1742373004.257996
1742373004.290237
1742373004.327522
1742373004.356994
1742373004.393992
1742373004.423607
1742373004.461016
1742373004.485249
1742373004.527800
1742373004.556952
1742373004.595412
1742373004.624033
1742373004.661697
1742373004.689013
1742373004.729172
1742373004.758707
1742373004.791678
1742373004.823659
1742373004.859769
1742373004.891394
1742373004.927626
1742373004.952771
1742373004.991407
1742373005.027992
1742373005.060985
1742373005.093726
1742373005.119052
1742373005.162829
1742373005.192321
1742373005.226970
1742373005.259902
1742373005.292420
1742373005.323371
1742373005.364023
1742373005.391245
1742373005.426541
1742373005.457419
1742373005.496273
1742373005.524927
1742373005.556840
1742373005.596236
1742373005.623853
1742373005.660105
1742373005.686007
1742373005.729759
1742373005.756634
1742373005.796158
1742373005.819278
1742373005.860533
1742373005.893706
1742373005.927982
1742373005.952887
1742373005.991323
1742373006.029270
1742373006.059859
1742373006.089679
1742373006.129844
1742373006.159331
1742373006.193989
1742373006.224443
1742373006.260846
1742373006.293150
1742373006.328489
1742373006.356660
1742373006.396817
1742373006.424216
1742373006.464520
1742373006.487567
1742373006.528862
1742373006.558723
1742373006.596274
1742373006.622764
1742373006.662858
1742373006.691308
1742373006.728114
1742373006.757393
1742373006.794310
1742373006.829196
1742373006.858804
1742373006.891245
1742373006.926818
1742373006.962756
1742373006.992867
1742373007.023651
1742373007.060458
1742373007.092472
1742373007.124980
1742373007.156139
1742373007.196748
1742373007.225049
1742373007.260667
1742373007.290096
1742373007.328897
1742373007.359270
1742373007.392501
1742373007.424547
1742373007.463768
1742373007.493125
1742373007.529069
1742373007.555903
1742373007.596531
1742373007.626955
1742373007.663155
1742373007.686919
1742373007.727264
1742373007.759390
1742373007.791088
1742373007.824700
1742373007.860718
1742373007.892995
1742373007.927463
1742373007.957803
1742373007.998382
1742373008.025359
1742373008.062427
1742373008.087056
1742373008.127653
1742373008.161988
1742373008.193416
1742373008.222563
1742373008.264225
1742373008.292912
1742373008.330677
1742373008.354030
1742373008.394152
1742373008.428777
1742373008.464040
1742373008.488397
1742373008.530065
1742373008.560173
1742373008.596037
1742373008.625127
1742373008.665350
1742373008.693280
1742373008.729380
1742373008.757638
1742373008.796518
1742373008.826209
1742373008.862746
1742373008.888289
1742373008.929816
1742373008.959506
1742373008.994496
1742373009.021508
1742373009.063511
1742373009.091359
1742373009.128969
1742373009.154821
1742373009.196278
1742373009.229405
1742373009.261635
1742373009.290939
1742373009.332572
1742373009.357804
1742373009.399394
1742373009.420926
1742373009.465813
1742373009.488926
1742373009.530760
1742373009.554783
1742373009.596340
1742373009.629475
1742373009.661760
1742373009.688977
1742373009.730129
1742373009.760413
1742373009.796685
1742373009.822336
1742373009.863824
1742373009.893332
1742373009.932916
1742373009.954610
1742373009.997785
1742373010.025901
1742373010.063686
1742373010.089347
1742373010.132102
1742373010.158809
1742373010.199424
1742373010.222147
1742373010.265865
1742373010.291668
1742373010.333058
1742373010.355087
1742373010.399185
1742373010.425231
1742373010.464917
1742373010.490332
1742373010.529090
1742373010.565177
1742373010.594715
1742373010.625206
1742373010.664936
1742373010.694330
1742373010.732089
1742373010.757489
1742373010.798425
1742373010.828370
1742373010.864086
1742373010.891173
1742373010.931493
1742373010.959887
1742373010.999838
1742373011.021733
1742373011.064385
1742373011.092754
1742373011.131290
1742373011.155155
1742373011.198046
1742373011.228485
1742373011.264401
1742373011.288692
1742373011.331273
1742373011.359922
1742373011.399490
1742373011.421878
1742373011.463853
1742373011.497137
1742373011.526785
1742373011.558316
1742373011.599545
1742373011.624939
1742373011.662943
1742373011.688913
1742373011.730398
1742373011.761578
1742373011.798937
1742373011.822187
1742373011.864229
1742373011.894941
1742373011.933758
1742373011.955425
1742373011.998055
1742373012.029879
1742373012.065282
1742373012.089102
1742373012.131714
1742373012.160556
1742373012.199603
1742373012.222362
1742373012.268097
1742373012.291856
1742373012.330276
1742373012.359337
1742373012.399960
1742373012.426467
1742373012.467448
1742373012.490352
1742373012.532959
1742373012.559312
1742373012.601105
1742373012.623016
1742373012.668418
1742373012.692033
1742373012.728468
1742373012.758248
1742373012.794338
1742373012.832632
1742373012.859719
1742373012.894318
1742373012.927405
1742373012.960499
1742373012.995631
1742373013.025270
1742373013.066278
1742373013.092562
1742373013.134416
1742373013.156412
1742373013.202187
1742373013.225663
1742373013.268848
1742373013.289795
1742373013.332527
1742373013.359362
1742373013.401247
1742373013.432801
1742373013.456386
1742373013.501724
1742373013.525992
1742373013.567869
1742373013.593212
1742373013.634780
1742373013.658521
1742373013.703457
1742373013.726022
1742373013.766574
1742373013.792264
1742373013.828775
1742373013.868191
1742373013.890211
1742373013.936497
1742373013.959398
1742373014.001763
1742373014.023560
1742373014.068499
1742373014.093047
1742373014.133774
1742373014.158203
1742373014.196613
1742373014.230778
1742373014.268113
1742373014.291431
1742373014.337001
1742373014.358964
1742373014.398279
1742373014.426261
1742373014.464908
1742373014.500768
1742373014.527385
1742373014.567837
1742373014.592218
1742373014.637863
1742373014.659751
1742373014.700433
1742373014.726161
1742373014.770089
1742373014.792938
1742373014.834978
1742373014.857651
1742373014.903238
1742373014.926147
1742373014.965440
1742373014.995014
1742373015.036271
1742373015.059483
1742373015.097052
1742373015.132587
1742373015.159652
1742373015.204329
1742373015.224052
1742373015.269454
1742373015.292887
1742373015.334980
1742373015.357520
1742373015.403735
1742373015.426279
1742373015.466691
1742373015.491881
1742373015.538266
1742373015.559433
1742373015.602768
1742373015.624788
1742373015.671278
1742373015.692741
1742373015.732780
1742373015.759669
1742373015.801814
1742373015.826430
1742373015.869081
1742373015.891160
1742373015.938072
1742373015.959892
1742373015.998155
1742373016.028518
1742373016.069173
1742373016.092369
1742373016.138748
1742373016.158260
1742373016.204116
1742373016.226234
1742373016.269392
1742373016.291411
1742373016.338595
1742373016.359484
1742373016.404193
1742373016.424927
1742373016.471002
1742373016.492990
1742373016.537740
1742373016.558763
1742373016.605417
1742373016.626425
1742373016.672089
1742373016.691975
1742373016.738128
1742373016.759883
1742373016.804874
1742373016.824994
1742373016.872100
1742373016.892325
1742373016.939550
1742373016.958779
1742373017.004744
1742373017.026540
1742373017.069853
1742373017.091879
1742373017.139315
1742373017.159044
1742373017.206340
1742373017.225224
1742373017.271961
1742373017.293165
1742373017.339244
1742373017.358566
1742373017.405367
1742373017.426497
1742373017.472401
1742373017.492040
1742373017.538881
1742373017.559866
1742373017.605472
1742373017.625342
1742373017.672123
1742373017.693194
1742373017.738491
1742373017.759124
1742373017.803681
1742373017.826784
1742373017.872925
1742373017.892547
1742373017.939032
1742373017.960127
1742373018.006992
1742373018.025811
1742373018.071114
1742373018.093013
1742373018.138527
1742373018.159169
1742373018.206103
1742373018.226784
1742373018.273044
1742373018.292530
1742373018.339569
1742373018.360041
1742373018.404873
1742373018.425877
1742373018.469610
1742373018.494703
1742373018.537968
1742373018.559214
1742373018.599841
1742373018.634509
1742373018.664871
1742373018.697170
1742373018.736573
1742373018.761703
1742373018.801650
1742373018.826611
1742373018.873540
1742373018.893284
1742373018.939061
1742373018.959639
1742373019.006554
1742373019.027135
1742373019.073137
1742373019.093099
1742373019.140380
1742373019.160095
1742373019.206988
1742373019.226582
1742373019.270039
1742373019.293967
1742373019.340277
1742373019.359805
1742373019.403621
1742373019.427397
1742373019.473682
1742373019.493249
1742373019.539986
1742373019.560512
1742373019.607348
1742373019.626909
1742373019.672978
1742373019.693990
1742373019.740330
1742373019.760238
1742373019.807073
1742373019.827246
1742373019.869808
1742373019.893438
1742373019.940179
1742373019.960111
1742373020.006790
1742373020.026584
1742373020.069901
1742373020.095368
1742373020.139021
1742373020.160029
1742373020.207149
1742373020.227145
1742373020.273558
1742373020.293563
1742373020.339634
1742373020.360657
1742373020.404276
1742373020.427171
1742373020.471601
1742373020.495102
1742373020.540240
1742373020.560272
1742373020.607538
1742373020.627056
1742373020.674420
1742373020.693602
1742373020.739791
1742373020.760859
1742373020.807871
1742373020.827187
1742373020.874474
1742373020.893872
1742373020.940452
1742373020.960341
1742373021.007641
1742373021.027125
1742373021.073226
1742373021.093692
1742373021.141322
1742373021.160504
1742373021.207586
1742373021.227007
1742373021.270491
1742373021.295095
1742373021.338418
1742373021.360516
1742373021.406970
1742373021.427379
1742373021.470995
1742373021.494056
1742373021.541050
1742373021.560816
1742373021.607806
1742373021.627444
1742373021.674905
1742373021.694484
1742373021.739486
1742373021.768019
1742373021.793905
1742373021.840613
1742373021.861192
1742373021.908119
1742373021.927993
1742373021.973281
1742373021.994697
1742373022.040600
1742373022.061597
1742373022.104740
1742373022.128076
1742373022.174981
1742373022.194897
1742373022.239303
1742373022.261591
1742373022.306567
1742373022.328506
1742373022.370870
1742373022.394631
1742373022.440716
1742373022.461622
1742373022.499806
1742373022.535516
1742373022.569514
1742373022.603520
1742373022.628646
1742373022.672024
1742373022.698452
1742373022.739932
1742373022.761672
1742373022.805243
1742373022.831540
1742373022.873496
1742373022.894693
1742373022.938305
1742373022.962462
1742373023.005890
1742373023.028544
1742373023.071992
1742373023.095140
1742373023.138273
1742373023.162428
1742373023.207827
1742373023.229069
1742373023.273140
1742373023.294992
1742373023.338388
1742373023.363209
1742373023.407064
1742373023.428226
1742373023.473745
1742373023.495822
1742373023.540714
1742373023.561620
1742373023.607968
1742373023.629177
1742373023.674434
1742373023.695111
1742373023.739086
1742373023.765253
1742373023.807437
1742373023.828608
1742373023.871614
1742373023.897991
1742373023.941066
1742373023.962087
1742373024.005865
1742373024.033092
1742373024.074204
1742373024.095143
1742373024.141975
1742373024.163059
1742373024.209898
1742373024.228783
1742373024.276490
1742373024.297013
1742373024.339303
1742373024.363583
1742373024.407878
1742373024.430208
1742373024.474242
1742373024.496299
1742373024.541002
1742373024.563831
1742373024.607013
1742373024.630706
1742373024.674307
1742373024.697301
1742373024.740710
1742373024.763615
1742373024.806384
1742373024.833964
1742373024.874811
1742373024.895648
1742373024.942681
1742373024.964893
1742373025.006691
1742373025.029260
1742373025.076098
1742373025.097976
1742373025.140232
1742373025.163030
1742373025.206542
1742373025.233712
1742373025.275333
1742373025.295765
1742373025.343210
1742373025.364932
1742373025.404422
1742373025.429527
1742373025.476803
1742373025.495872
1742373025.539509
1742373025.562851
1742373025.609408
1742373025.631159
1742373025.676309
1742373025.696026
1742373025.743182
1742373025.762832
1742373025.808213
1742373025.829946
1742373025.876398
1742373025.898935
1742373025.941515
1742373025.963019
1742373026.009840
1742373026.032214
1742373026.075129
1742373026.096339
1742373026.140060
1742373026.168077
1742373026.209123
1742373026.229876
1742373026.276142
1742373026.299126
1742373026.342219
1742373026.362935
1742373026.406267
1742373026.435156
1742373026.475810
1742373026.496326
1742373026.540485
1742373026.569208
1742373026.608732
1742373026.629976
1742373026.673701
1742373026.702892
1742373026.742292
1742373026.763223
1742373026.809040
1742373026.832600
1742373026.875546
1742373026.896781
1742373026.939575
1742373026.968836
1742373027.010384
1742373027.029962
1742373027.073609
1742373027.100170
1742373027.143297
1742373027.163215
1742373027.201320
1742373027.237465
1742373027.272950
1742373027.300327
1742373027.340537
1742373027.369813
1742373027.408876
1742373027.430063
1742373027.477017
1742373027.500165
1742373027.542801
1742373027.563568
1742373027.607098
1742373027.635844
1742373027.676923
1742373027.696995
1742373027.742854
1742373027.763799
1742373027.808817
1742373027.830589
1742373027.872993
1742373027.902522
1742373027.940007
1742373027.964018
1742373028.010057
1742373028.033707
1742373028.075881
1742373028.097126
1742373028.144818
1742373028.166668
1742373028.210430
1742373028.230644
1742373028.274344
1742373028.302960
1742373028.343839
1742373028.364023
1742373028.410127
1742373028.433312
1742373028.478024
1742373028.497550
1742373028.540093
1742373028.570906
1742373028.607598
1742373028.631369
1742373028.676491
1742373028.698242
1742373028.742695
1742373028.764952
1742373028.808577
1742373028.830570
1742373028.873730
1742373028.899084
1742373028.940532
1742373028.966718
1742373029.009439
1742373029.030980
1742373029.078533
1742373029.100682
1742373029.144644
1742373029.164294
1742373029.210646
1742373029.235432
1742373029.276812
1742373029.297777
1742373029.341577
1742373029.370819
1742373029.407308
1742373029.431459
1742373029.477875
1742373029.501753
1742373029.542581
1742373029.564909
1742373029.604666
1742373029.640483
1742373029.670362
1742373029.700891
1742373029.742624
1742373029.768954
1742373029.806570
1742373029.831463
1742373029.875724
1742373029.902535
1742373029.940988
1742373029.964756
1742373030.008332
1742373030.036685
1742373030.074028
1742373030.109652
1742373030.131497
1742373030.178233
1742373030.203193
1742373030.242063
1742373030.271293
1742373030.305416
1742373030.338947
1742373030.375512
1742373030.406008
1742373030.437008
1742373030.473355
1742373030.508671
1742373030.538315
1742373030.571332
1742373030.603599
1742373030.635174
1742373030.675883
1742373030.701180
1742373030.742694
1742373030.772134
1742373030.808413
1742373030.835887
1742373030.874063
1742373030.903861
1742373030.942873
1742373030.965979
1742373031.011187
1742373031.035918
1742373031.076786
1742373031.098984
1742373031.143509
1742373031.169944
1742373031.207995
1742373031.234140
1742373031.275258
1742373031.305067
1742373031.339966
1742373031.369382
1742373031.407826
1742373031.439226
1742373031.475947
1742373031.499453
1742373031.544047
1742373031.570188
1742373031.610256
1742373031.632803
1742373031.676476
1742373031.704867
1742373031.742992
1742373031.765902
1742373031.811465
1742373031.836374
1742373031.874660
1742373031.900745
1742373031.943219
1742373031.971967
1742373032.010549
1742373032.032605
1742373032.078417
1742373032.103824
1742373032.142779
1742373032.167275
1742373032.209667
1742373032.237612
1742373032.276752
1742373032.301536
1742373032.343673
1742373032.373169
1742373032.409151
1742373032.436010
1742373032.475472
1742373032.505940
1742373032.541594
1742373032.570456
1742373032.607548
1742373032.640182
1742373032.676343
1742373032.701881
1742373032.743266
1742373032.772624
1742373032.808897
1742373032.833071
1742373032.879169
1742373032.903618
1742373032.941249
1742373032.970141
1742373033.007509
1742373033.039061
1742373033.075358
1742373033.099985
1742373033.146115
1742373033.170674
1742373033.210191
1742373033.232948
1742373033.278606
1742373033.304369
1742373033.343994
1742373033.366480
1742373033.412843
1742373033.436139
1742373033.473102
1742373033.504088
1742373033.539491
1742373033.575425
1742373033.605473
1742373033.634747
1742373033.677287
1742373033.703909
1742373033.744016
1742373033.766778
1742373033.808825
1742373033.838959
1742373033.878673
1742373033.900211
1742373033.943266
1742373033.972989
1742373034.009496
1742373034.036412
1742373034.073828
1742373034.109226
1742373034.140661
1742373034.173472
1742373034.207152
1742373034.242078
1742373034.273731
1742373034.306914
1742373034.341074
1742373034.373984
1742373034.409370
1742373034.436843
1742373034.474388
1742373034.510066
1742373034.541287
1742373034.571306
1742373034.610033
1742373034.640076
1742373034.677053
1742373034.703511
1742373034.740894
1742373034.776478
1742373034.808242
1742373034.837126
1742373034.875494
1742373034.907143
1742373034.943053
1742373034.968856
1742373035.011209
1742373035.039006
1742373035.075784
1742373035.101945
1742373035.143457
1742373035.173463
1742373035.209794
1742373035.236296
1742373035.274641
1742373035.310057
1742373035.342200
1742373035.370841
1742373035.409871
1742373035.440098
1742373035.477420
1742373035.501283
1742373035.543235
1742373035.575139
1742373035.607339
1742373035.636964
1742373035.674910
1742373035.708336
1742373035.739866
1742373035.772294
1742373035.810341
1742373035.841722
1742373035.876173
1742373035.902918
1742373035.941765
1742373035.973618
1742373036.010562
1742373036.034793
1742373036.076894
1742373036.109387
1742373036.141041
1742373036.171965
1742373036.212069
1742373036.238722
1742373036.279501
1742373036.301491
1742373036.344360
1742373036.374257
1742373036.410363
1742373036.437292
1742373036.478033
1742373036.507837
1742373036.543048
1742373036.571324
1742373036.611675
1742373036.640412
1742373036.677666
1742373036.706440
1742373036.743034
1742373036.776385
1742373036.810539
1742373036.839128
1742373036.879029
1742373036.905479
1742373036.945867
1742373036.969468
1742373037.011068
1742373037.043041
1742373037.076512
1742373037.105653
1742373037.143190
1742373037.176644
1742373037.211225
1742373037.237116
1742373037.278846
1742373037.306335
1742373037.346953
1742373037.369309
1742373037.408804
1742373037.441209
1742373037.477747
1742373037.505813
1742373037.543023
1742373037.575348
1742373037.609725
1742373037.638676
1742373037.678950
1742373037.707960
1742373037.744119
1742373037.768715
1742373037.807019
1742373037.841883
1742373037.872806
1742373037.903003
1742373037.943044
1742373037.975523
1742373038.007849
1742373038.039762
1742373038.076657
1742373038.108279
1742373038.141027
1742373038.173480
1742373038.212440
1742373038.240108
1742373038.280837
1742373038.302310
1742373038.342045
1742373038.374269
1742373038.411115
1742373038.446489
1742373038.469162
1742373038.509332
1742373038.543818
1742373038.579029
1742373038.608266
1742373038.644256
1742373038.673846
1742373038.713868
1742373038.740669
1742373038.778804
1742373038.807391
1742373038.845344
1742373038.878180
1742373038.906958
1742373038.946097
1742373038.973965
1742373039.013922
1742373039.036186
1742373039.076698
1742373039.110377
1742373039.144887
1742373039.169372
1742373039.211840
1742373039.241023
1742373039.278924
1742373039.303950
1742373039.344525
1742373039.377383
1742373039.413002
1742373039.439165
1742373039.476729
1742373039.512183
1742373039.544144
1742373039.573227
1742373039.614030
1742373039.641991
1742373039.675978
1742373039.707289
1742373039.747271
1742373039.774179
1742373039.813701
1742373039.836594
1742373039.876336
1742373039.911405
1742373039.946504
1742373039.972390
1742373040.012605
1742373040.041992
1742373040.076929
1742373040.107732
1742373040.144302
1742373040.179226
1742373040.210982
1742373040.240069
1742373040.276651
1742373040.311673
1742373040.345228
1742373040.370150
1742373040.411004
1742373040.446008
1742373040.475506
1742373040.507576
1742373040.543553
1742373040.579340
1742373040.608138
1742373040.641733
1742373040.678621
1742373040.705025
1742373040.746112
1742373040.772775
1742373040.813990
1742373040.843898
1742373040.879224
1742373040.908304
1742373040.944147
1742373040.979329
1742373041.005979
1742373041.043222
1742373041.075908
1742373041.111839
1742373041.144236
1742373041.174047
1742373041.214115
1742373041.243171
1742373041.278067
1742373041.308065
1742373041.347232
1742373041.376319
1742373041.412779
1742373041.441293
1742373041.477970
1742373041.513423
1742373041.544094
1742373041.574630
1742373041.612052
1742373041.643262
1742373041.679468
1742373041.704081
1742373041.740380
1742373041.776609
1742373041.813007
1742373041.837482
1742373041.879428
1742373041.910457
1742373041.945732
1742373041.972942
1742373042.013853
1742373042.043715
1742373042.080390
1742373042.106808
1742373042.149021
1742373042.174057
1742373042.215079
1742373042.238290
1742373042.281010
1742373042.310530
1742373042.345947
1742373042.374183
1742373042.415138
1742373042.441105
1742373042.481632
1742373042.506266
1742373042.544529
1742373042.580187
1742373042.611228
1742373042.642502
1742373042.678188
1742373042.714136
1742373042.744917
1742373042.774718
1742373042.815575
1742373042.841876
1742373042.879162
1742373042.904909
1742373042.941936
1742373042.975678
1742373043.012875
1742373043.037685
1742373043.079838
1742373043.111552
1742373043.146244
1742373043.171070
1742373043.213212
1742373043.242687
1742373043.283113
1742373043.304370
1742373043.350595
1742373043.373411
1742373043.414847
1742373043.437819
1742373043.482079
1742373043.507561
1742373043.548920
1742373043.571038
1742373043.615138
1742373043.642252
1742373043.682289
1742373043.704570
1742373043.750970
1742373043.774584
1742373043.816229
1742373043.838175
1742373043.883453
1742373043.907795
1742373043.949171
1742373043.971460
1742373044.015607
1742373044.042302
1742373044.083781
1742373044.104772
1742373044.149240
1742373044.174681
1742373044.212545
1742373044.239070
1742373044.282844
1742373044.307906
1742373044.349542
1742373044.371621
1742373044.415011
1742373044.443287
1742373044.483836
1742373044.504909
1742373044.549491
1742373044.574989
1742373044.613028
1742373044.640601
1742373044.684186
1742373044.707961
1742373044.742548
1742373044.780428
1742373044.811111
1742373044.852320
1742373044.871828
1742373044.918016
1742373044.941256
1742373044.984213
1742373045.005190
1742373045.049848
1742373045.074799
1742373045.113536
1742373045.139014
1742373045.180448
1742373045.212315
1742373045.248475
1742373045.272034
1742373045.315116
1742373045.343198
1742373045.383150
1742373045.405454
1742373045.451404
1742373045.474828
1742373045.513101
1742373045.540079
1742373045.584417
1742373045.608265
1742373045.649837
1742373045.672144
1742373045.715467
1742373045.742003
1742373045.783554
1742373045.805757
1742373045.850837
1742373045.874938
1742373045.915283
1742373045.939351
1742373045.983892
1742373046.008473
1742373046.047580
1742373046.076449
1742373046.117562
1742373046.141554
1742373046.180807
1742373046.209232
1742373046.247216
1742373046.281580
1742373046.312820
1742373046.344082
1742373046.384298
1742373046.409008
1742373046.447578
1742373046.473633
1742373046.518485
1742373046.541992
1742373046.584005
1742373046.606188
1742373046.650252
1742373046.675593
1742373046.714810
1742373046.753373
1742373046.775231
1742373046.806114
1742373046.853578
1742373046.875598
1742373046.914338
1742373046.949138
1742373046.975973
1742373047.017400
1742373047.043307
1742373047.081425
1742373047.108948
1742373047.147152
1742373047.179346
1742373047.217962
1742373047.240953
1742373047.286805
1742373047.308948
1742373047.348199
1742373047.375851
1742373047.414498
1742373047.447784
1742373047.482034
1742373047.509011
1742373047.551784
1742373047.575857
1742373047.617066
1742373047.642069
1742373047.685511
1742373047.708984
1742373047.750107
1742373047.773684
1742373047.820104
1742373047.842248
1742373047.882413
1742373047.907385
1742373047.953807
1742373047.975631
1742373048.015248
1742373048.041613
1742373048.087436
1742373048.108793
1742373048.154513
1742373048.173851
1742373048.219902
1742373048.242551
1742373048.281608
1742373048.309235
1742373048.351182
1742373048.376525
1742373048.418584
1742373048.440833
1742373048.486639
1742373048.509108
1742373048.548459
1742373048.576017
1742373048.615158
1742373048.645149
1742373048.687096
1742373048.707599
1742373048.754401
1742373048.775964
1742373048.817862
1742373048.842554
1742373048.884865
1742373048.910237
1742373048.949879
1742373048.976251
1742373049.014445
1742373049.048102
1742373049.082136
1742373049.109351
1742373049.148002
1742373049.183199
1742373049.209512
1742373049.250264
1742373049.275764
1742373049.319422
1742373049.342736
1742373049.378612
1742373049.417617
1742373049.443178
1742373049.487044
1742373049.507812
1742373049.555629
1742373049.575101
1742373049.619320
1742373049.641077
1742373049.688708
1742373049.708481
1742373049.753222
1742373049.774714
1742373049.821710
1742373049.842203
1742373049.887747
1742373049.908192
1742373049.954278
1742373049.975941
1742373050.022028
1742373050.041417
1742373050.087654
1742373050.109458
1742373050.155207
1742373050.174980
1742373050.221710
1742373050.242790
1742373050.288373
1742373050.308247
1742373050.355713
1742373050.375491
1742373050.421789
1742373050.441952
1742373050.486595
1742373050.509623
1742373050.552694
1742373050.575262
1742373050.621758
1742373050.642650
1742373050.688751
1742373050.708425
1742373050.755007
1742373050.776407
1742373050.821591
1742373050.842142
1742373050.888981
1742373050.909621
1742373050.955238
1742373050.975188
1742373051.021261
1742373051.043164
1742373051.086240
1742373051.109051
1742373051.155516
1742373051.175589
1742373051.221438
1742373051.242059
1742373051.288721
1742373051.309342
1742373051.352832
1742373051.375636
1742373051.421563
1742373051.443040
1742373051.485630
1742373051.509081
1742373051.555728
1742373051.576298
1742373051.620205
1742373051.642257
1742373051.688643
1742373051.709672
1742373051.755626
1742373051.775627
1742373051.821206
1742373051.843255
1742373051.889352
1742373051.909045
1742373051.956090
1742373051.976033
1742373052.021809
1742373052.042408
1742373052.088762
1742373052.109901
1742373052.156893
1742373052.175989
1742373052.220907
1742373052.243166
1742373052.289637
1742373052.309592
1742373052.355997
1742373052.376593
1742373052.419503
1742373052.442875
1742373052.485797
1742373052.512034
1742373052.556160
1742373052.576043
1742373052.620268
1742373052.645826
1742373052.687031
1742373052.710051
1742373052.756350
1742373052.776736
1742373052.822244
1742373052.843217
1742373052.890110
1742373052.909705
1742373052.956908
1742373052.976755
1742373053.019478
1742373053.045018
1742373053.087382
1742373053.109562
1742373053.156152
1742373053.176354
1742373053.218736
1742373053.242883
1742373053.290058
1742373053.309900
1742373053.357068
1742373053.376259
1742373053.422340
1742373053.443472
1742373053.481672
1742373053.509819
1742373053.555720
1742373053.576558
1742373053.622713
1742373053.643054
1742373053.689860
1742373053.709848
1742373053.757571
1742373053.776549
1742373053.821448
1742373053.843650
1742373053.886685
1742373053.910115
1742373053.957403
1742373053.976943
1742373054.019679
1742373054.043784
1742373054.087719
1742373054.110440
1742373054.151128
1742373054.176959
1742373054.222842
1742373054.244031
1742373054.290117
1742373054.310390
1742373054.356730
1742373054.377047
1742373054.419379
1742373054.443855
1742373054.490515
1742373054.510747
1742373054.554034
1742373054.577207
1742373054.622356
1742373054.644090
1742373054.690821
1742373054.710472
1742373054.753769
1742373054.777584
1742373054.819568
1742373054.844192
1742373054.890458
1742373054.911097
1742373054.954197
1742373054.977067
1742373055.022401
1742373055.044638
1742373055.090329
1742373055.116967
1742373055.143885
1742373055.189855
1742373055.211354
1742373055.257659
1742373055.278560
1742373055.319809
1742373055.344762
1742373055.390810
1742373055.412065
1742373055.453190
1742373055.477963
1742373055.521654
1742373055.545011
1742373055.584738
1742373055.611574
1742373055.655171
1742373055.680599
1742373055.717135
1742373055.747744
1742373055.785857
1742373055.814436
1742373055.844099
1742373055.889900
1742373055.911996
1742373055.954809
1742373055.978029
1742373056.024328
1742373056.045005
1742373056.088964
1742373056.111037
1742373056.157380
1742373056.178712
1742373056.220932
1742373056.245392
1742373056.291201
1742373056.312940
1742373056.358832
1742373056.378011
1742373056.425269
1742373056.445817
1742373056.490819
1742373056.511489
1742373056.557862
1742373056.579242
1742373056.624241
1742373056.645028
1742373056.688283
1742373056.713126
1742373056.755880
1742373056.779411
1742373056.821420
1742373056.849295
1742373056.890834
1742373056.911662
1742373056.954768
1742373056.981184
1742373057.021683
1742373057.045084
1742373057.088642
1742373057.114914
1742373057.158025
1742373057.178431
1742373057.223443
1742373057.246600
1742373057.289047
1742373057.311661
1742373057.359215
1742373057.379820
1742373057.422394
1742373057.445173
1742373057.491983
1742373057.513635
1742373057.556517
1742373057.578636
1742373057.625070
1742373057.646611
1742373057.689945
1742373057.711811
1742373057.755239
1742373057.782533
1742373057.824075
1742373057.845215
1742373057.889187
1742373057.914789
1742373057.956328
1742373057.978510
1742373058.025654
1742373058.047206
1742373058.090670
1742373058.112161
1742373058.159121
1742373058.180844
1742373058.224137
1742373058.246785
1742373058.293233
1742373058.314815
1742373058.357281
1742373058.380629
1742373058.421231
1742373058.452721
1742373058.489260
1742373058.514676
1742373058.556249
1742373058.584226
1742373058.625134
1742373058.646195
1742373058.692433
1742373058.715215
1742373058.759733
1742373058.779201
1742373058.822064
1742373058.852934
1742373058.890038
1742373058.915704
1742373058.957041
1742373058.983834
1742373059.025785
1742373059.046679
1742373059.091779
1742373059.115173
1742373059.157444
1742373059.179300
1742373059.222641
1742373059.250847
1742373059.291465
1742373059.312661
1742373059.358449
1742373059.381980
1742373059.425061
1742373059.445937
1742373059.490163
1742373059.515431
1742373059.557524
1742373059.579351
1742373059.624963
1742373059.648326
1742373059.687771
1742373059.713015
1742373059.756158
1742373059.785075
1742373059.826268
1742373059.846082
1742373059.889996
1742373059.917018
1742373059.958783
1742373059.979488
1742373060.026086
1742373060.048666
1742373060.090709
1742373060.112963
1742373060.156794
1742373060.184776
1742373060.225850
1742373060.246288
1742373060.289626
1742373060.319140
1742373060.356251
1742373060.379752
1742373060.426320
1742373060.450037
1742373060.493522
1742373060.513189
1742373060.560849
1742373060.582586
1742373060.626271
1742373060.646642
1742373060.693355
1742373060.716922
1742373060.758955
1742373060.780517
1742373060.826915
1742373060.850457
1742373060.893633
1742373060.913532
1742373060.960903
1742373060.984256
1742373061.026770
1742373061.048926
1742373061.091221
1742373061.120322
1742373061.157199
1742373061.180682
1742373061.227296
1742373061.250978
1742373061.293305
1742373061.313610
1742373061.359774
1742373061.384287
1742373061.422062
1742373061.447275
1742373061.493426
1742373061.517018
1742373061.559038
1742373061.580306
1742373061.626665
1742373061.649229
1742373061.693153
1742373061.713824
1742373061.759997
1742373061.784351
1742373061.825704
1742373061.847034
1742373061.891665
1742373061.917720
1742373061.959079
1742373061.980601
1742373062.027058
1742373062.050854
1742373062.092452
1742373062.113772
1742373062.160767
1742373062.184701
1742373062.226341
1742373062.247411
1742373062.294527
1742373062.318086
1742373062.358809
1742373062.381239
1742373062.427829
1742373062.451502
1742373062.493421
1742373062.514558
1742373062.559107
1742373062.585886
1742373062.627707
1742373062.647795
1742373062.694604
1742373062.719065
1742373062.757276
1742373062.785783
1742373062.824458
1742373062.853860
1742373062.891256
1742373062.919232
1742373062.956342
1742373062.990530
1742373063.024439
1742373063.052761
1742373063.090154
1742373063.119263
1742373063.160392
1742373063.182464
1742373063.226696
1742373063.252530
1742373063.290349
1742373063.318841
1742373063.359797
1742373063.386088
1742373063.426902
1742373063.458808
1742373063.481666
1742373063.526264
1742373063.552793
1742373063.590720
1742373063.621730
1742373063.648271
1742373063.693055
1742373063.718964
1742373063.756800
1742373063.781621
1742373063.827999
1742373063.851658
1742373063.893254
1742373063.914773
1742373063.961012
1742373063.985833
1742373064.027290
1742373064.048474
1742373064.093598
1742373064.120049
1742373064.159545
1742373064.181764
1742373064.228001
1742373064.253135
1742373064.293485
1742373064.315039
1742373064.361543
1742373064.386539
1742373064.426884
1742373064.448378
1742373064.490454
1742373064.521639
1742373064.557734
1742373064.582167
1742373064.627199
1742373064.653244
1742373064.691796
1742373064.715384
1742373064.760829
1742373064.786620
1742373064.825208
1742373064.850103
1742373064.892265
1742373064.921707
1742373064.959641
1742373064.983560
1742373065.026136
1742373065.052690
1742373065.090893
1742373065.118904
1742373065.156514
1742373065.191539
1742373065.223981
1742373065.250291
1742373065.292331
1742373065.321426
1742373065.359558
1742373065.382571
1742373065.427875
1742373065.453523
1742373065.492139
1742373065.516655
1742373065.559097
1742373065.588400
1742373065.627580
1742373065.649142
1742373065.695498
1742373065.720041
1742373065.759311
1742373065.782566
1742373065.828582
1742373065.852979
1742373065.894191
1742373065.916028
1742373065.961120
1742373065.987593
1742373066.026922
1742373066.049462
1742373066.093409
1742373066.120190
1742373066.159057
1742373066.184082
1742373066.226469
1742373066.255372
1742373066.291734
1742373066.316692
1742373066.359003
1742373066.389418
1742373066.426414
1742373066.450195
1742373066.492360
1742373066.522354
1742373066.559456
1742373066.584481
1742373066.627609
1742373066.654655
1742373066.695271
1742373066.717169
1742373066.759132
1742373066.790400
1742373066.825705
1742373066.854696
1742373066.893348
1742373066.922879
1742373066.956167
1742373066.991503
1742373067.022396
1742373067.058668
1742373067.090804
1742373067.121936
1742373067.158011
1742373067.193021
1742373067.223453
1742373067.252709
1742373067.289422
1742373067.325316
1742373067.357200
1742373067.383650
1742373067.427203
1742373067.454585
1742373067.494085
1742373067.516795
1742373067.560897
1742373067.588244
1742373067.628922
1742373067.650022
1742373067.695190
1742373067.720749
1742373067.761021
1742373067.783506
1742373067.826308
1742373067.855765
1742373067.892609
1742373067.917080
1742373067.959087
1742373067.990181
1742373068.025695
1742373068.050481
1742373068.092213
1742373068.122976
1742373068.158584
1742373068.184508
1742373068.227556
1742373068.254408
1742373068.295441
1742373068.317131
1742373068.359432
1742373068.389283
1742373068.427615
1742373068.450597
1742373068.492962
1742373068.523437
1742373068.559280
1742373068.586259
1742373068.624105
1742373068.657058
1742373068.689694
1742373068.721580
1742373068.762095
1742373068.788690
1742373068.829969
1742373068.851018
1742373068.894834
1742373068.921573
1742373068.963027
1742373068.984806
1742373069.027178
1742373069.057311
1742373069.089059
1742373069.123158
1742373069.158298
1742373069.193807
1742373069.224421
1742373069.255219
1742373069.290188
1742373069.325322
1742373069.358603
1742373069.384155
1742373069.427204
1742373069.456362
1742373069.492858
1742373069.517767
1742373069.559490
1742373069.589803
1742373069.626084
1742373069.652308
1742373069.693214
1742373069.723686
1742373069.760631
1742373069.784518
1742373069.828201
1742373069.856131
1742373069.892870
1742373069.918828
1742373069.959406
1742373069.990246
1742373070.026190
1742373070.052106
1742373070.092549
1742373070.124027
1742373070.159586
1742373070.186391
1742373070.227849
1742373070.257369
1742373070.290545
1742373070.322792
1742373070.361184
1742373070.390876
1742373070.425556
1742373070.456454
1742373070.489948
1742373070.527563
1742373070.558825
1742373070.590723
1742373070.625745
1742373070.659340
1742373070.693172
1742373070.723171
1742373070.759280
1742373070.793670
1742373070.823320
1742373070.858444
1742373070.890355
1742373070.926338
1742373070.960812
1742373070.989995
1742373071.026509
1742373071.060791
1742373071.091942
1742373071.122938
1742373071.161173
1742373071.190784
1742373071.224157
1742373071.256110
1742373071.294924
1742373071.323276
1742373071.360675
1742373071.385226
1742373071.425945
1742373071.460906
1742373071.488164
1742373071.522474
1742373071.557336
1742373071.595983
1742373071.622431
1742373071.656709
1742373071.689748
1742373071.726678
1742373071.760026
1742373071.795367
1742373071.818736
1742373071.859581
1742373071.893205
1742373071.927883
1742373071.958551
1742373071.989978
1742373072.023222
1742373072.062275
1742373072.090103
1742373072.124243
1742373072.159500
1742373072.192101
1742373072.226887
1742373072.254565
1742373072.296439
1742373072.323339
1742373072.360939
1742373072.387842
1742373072.429095
1742373072.455907
1742373072.493215
1742373072.523303
1742373072.559513
1742373072.594224
1742373072.628670
1742373072.654029
1742373072.691875
1742373072.727716
1742373072.758380
1742373072.790062
1742373072.829075
1742373072.858420
1742373072.889100
1742373072.923906
1742373072.958650
1742373072.993586
1742373073.026458
1742373073.058198
1742373073.090389
1742373073.130749
1742373073.158700
1742373073.193583
1742373073.226440
1742373073.262402
1742373073.292683
1742373073.327762
1742373073.357288
1742373073.394986
1742373073.424849
1742373073.460561
1742373073.490786
1742373073.528799
1742373073.559443
1742373073.590871
1742373073.626558
1742373073.661729
1742373073.691705
1742373073.719852
1742373073.764119
1742373073.790484
1742373073.829957
1742373073.853049
1742373073.895274
1742373073.924511
1742373073.964206
1742373073.986374
1742373074.027886
1742373074.057337
1742373074.094660
1742373074.119499
1742373074.162149
1742373074.190064
1742373074.229834
1742373074.252988
1742373074.294275
1742373074.324215
1742373074.362748
1742373074.386397
1742373074.428092
1742373074.457548
1742373074.497061
1742373074.519774
1742373074.560490
1742373074.593752
1742373074.625554
1742373074.653398
1742373074.693730
1742373074.727051
1742373074.761451
1742373074.786651
1742373074.828109
1742373074.858141
1742373074.894716
1742373074.920065
1742373074.962155
1742373074.991405
1742373075.030683
1742373075.053346
1742373075.099821
1742373075.121034
1742373075.165429
1742373075.186673
1742373075.228592
1742373075.258775
1742373075.295176
1742373075.320124
1742373075.365014
1742373075.390753
1742373075.431861
1742373075.453607
1742373075.496127
1742373075.525034
1742373075.565057
1742373075.586946
1742373075.628978
1742373075.659015
1742373075.696930
1742373075.720384
1742373075.764028
1742373075.791043
1742373075.830978
1742373075.853752
1742373075.895539
1742373075.924736
1742373075.960540
1742373075.987450
1742373076.028788
1742373076.057411
1742373076.095934
1742373076.120497
1742373076.162135
1742373076.191473
1742373076.231516
1742373076.253811
1742373076.300244
1742373076.321584
1742373076.363130
1742373076.387332
1742373076.433485
1742373076.456047
1742373076.498109
1742373076.520760
1742373076.563974
1742373076.592369
1742373076.632683
1742373076.654192
1742373076.697539
1742373076.726040
1742373076.764251
1742373076.787812
1742373076.834365
1742373076.856557
1742373076.894768
1742373076.921045
1742373076.967033
1742373076.990479
1742373077.028185
1742373077.054536
1742373077.100565
1742373077.124149
1742373077.162161
1742373077.187802
1742373077.233503
1742373077.255801
1742373077.296140
1742373077.321439
1742373077.364299
1742373077.391657
1742373077.433513
1742373077.454647
1742373077.497268
1742373077.526202
1742373077.567131
1742373077.587966
1742373077.631568
1742373077.659686
1742373077.698149
1742373077.721404
1742373077.764211
1742373077.792565
1742373077.833824
1742373077.854829
1742373077.898049
1742373077.926224
1742373077.967082
1742373077.988202
1742373078.034761
1742373078.056288
1742373078.098709
1742373078.121446
1742373078.163656
1742373078.193582
1742373078.233891
1742373078.254888
1742373078.298374
1742373078.326142
1742373078.367923
1742373078.388395
1742373078.434746
1742373078.457367
1742373078.496475
1742373078.521930
1742373078.565945
1742373078.591512
1742373078.630063
1742373078.655461
1742373078.698500
1742373078.724784
1742373078.766901
1742373078.788626
1742373078.831920
1742373078.858311
1742373078.898966
1742373078.922015
1742373078.965918
1742373078.991410
1742373079.029863
1742373079.055552
1742373079.101051
1742373079.124267
1742373079.163167
1742373079.188807
1742373079.234830
1742373079.257854
1742373079.296450
1742373079.322409
1742373079.365680
1742373079.391650
1742373079.432384
1742373079.455391
1742373079.500545
1742373079.524026
1742373079.563562
1742373079.588977
1742373079.631481
1742373079.658512
1742373079.700410
1742373079.722255
1742373079.765619
1742373079.791568
1742373079.830780
1742373079.855956
1742373079.902754
1742373079.924122
1742373079.970400
1742373079.989301
1742373080.030716
1742373080.061003
1742373080.099880
1742373080.126649
1742373080.157293
1742373080.202982
1742373080.224565
1742373080.269685
1742373080.291153
1742373080.325930
1742373080.363851
1742373080.397627
1742373080.427545
1742373080.458765
1742373080.499589
1742373080.524918
1742373080.562552
1742373080.589920
1742373080.634844
1742373080.658268
1742373080.699459
1742373080.722957
1742373080.769061
1742373080.791445
1742373080.833235
1742373080.856392
1742373080.901905
1742373080.925243
1742373080.966943
1742373080.990139
1742373081.036583
1742373081.058167
1742373081.097323
1742373081.123415
