1763441277.178892
1763441277.278684
1763441277.311838
1763441277.345382
1763441277.379723
1763441277.412271
1763441277.445977
1763441277.478177
1763441277.511634
1763441277.545313
1763441277.578181
1763441277.612298
1763441277.645124
1763441277.678473
1763441277.711715
1763441277.745358
1763441277.779319
1763441277.811982
1763441277.850717
1763441277.892274
1763441277.923110
1763441277.958898
1763441277.988741
1763441278.024688
1763441278.055937
1763441278.091689
1763441278.124334
1763441278.159527
1763441278.192870
1763441278.228031
1763441278.258152
1763441278.295285
1763441278.326474
1763441278.360463
1763441278.391796
1763441278.426959
1763441278.460119
1763441278.494970
1763441278.526100
1763441278.561556
1763441278.593011
1763441278.627945
1763441278.649533
1763441278.679474
1763441278.724701
1763441278.759708
1763441278.779705
1763441278.816716
1763441278.857039
1763441278.879907
1763441278.926652
1763441278.945921
1763441278.989209
1763441279.015103
1763441279.056518
1763441279.079119
1763441279.125471
1763441279.147900
1763441279.190243
1763441279.212463
1763441279.255313
1763441279.281969
1763441279.324445
1763441279.345858
1763441279.389430
1763441279.415315
1763441279.456499
1763441279.479258
1763441279.521982
1763441279.549071
1763441279.589629
1763441279.612775
1763441279.654225
1763441279.682068
1763441279.723873
1763441279.746193
1763441279.787531
1763441279.815347
1763441279.858914
1763441279.879507
1763441279.924052
1763441279.948520
1763441279.989895
1763441280.012488
1763441280.057430
1763441280.082357
1763441280.125109
1763441280.146305
1763441280.190875
1763441280.216432
1763441280.257473
1763441280.279808
1763441280.322204
1763441280.350394
1763441280.391647
1763441280.413199
1763441280.458171
1763441280.482962
1763441280.526795
1763441280.546494
1763441280.592322
1763441280.616106
1763441280.657765
1763441280.679999
1763441280.723300
1763441280.749698
1763441280.792207
1763441280.813359
1763441280.857081
1763441280.883493
1763441280.926034
1763441280.946743
1763441280.988726
1763441281.016591
1763441281.059052
1763441281.080038
1763441281.122574
1763441281.150227
1763441281.192090
1763441281.213470
1763441281.255561
1763441281.284355
1763441281.325835
1763441281.346800
1763441281.389057
1763441281.417531
1763441281.457816
1763441281.480381
1763441281.525621
1763441281.550260
1763441281.592541
1763441281.613771
1763441281.658783
1763441281.683948
1763441281.723146
1763441281.746924
1763441281.789698
1763441281.817364
1763441281.858841
1763441281.880588
1763441281.923435
1763441281.950787
1763441281.992639
1763441282.013909
1763441282.059353
1763441282.083382
1763441282.125769
1763441282.147311
1763441282.194675
1763441282.215840
1763441282.252340
1763441282.280858
1763441282.324135
1763441282.351650
1763441282.381028
1763441282.419391
1763441282.455908
1763441282.487055
1763441282.525067
1763441282.547562
1763441282.593806
1763441282.617693
1763441282.653854
1763441282.683253
1763441282.724019
1763441282.749100
1763441282.792201
1763441282.814798
1763441282.857566
1763441282.887419
1763441282.927061
1763441282.948133
1763441282.993237
1763441283.018945
1763441283.058245
1763441283.081631
1763441283.126557
1763441283.152160
1763441283.190391
1763441283.216113
1763441283.259408
1763441283.286044
1763441283.324344
1763441283.348699
1763441283.394008
1763441283.416740
1763441283.459175
1763441283.481558
1763441283.524172
1763441283.555911
1763441283.591578
1763441283.615039
1763441283.658325
1763441283.687209
1763441283.725166
1763441283.748470
1763441283.793716
1763441283.819651
1763441283.857339
1763441283.882431
1763441283.928197
1763441283.952930
1763441283.990840
1763441284.017892
1763441284.059607
1763441284.087750
1763441284.125683
1763441284.150742
1763441284.192581
1763441284.221486
1763441284.258321
1763441284.283811
1763441284.325867
1763441284.354614
1763441284.390691
1763441284.419273
1763441284.456678
1763441284.489063
1763441284.524742
1763441284.549183
1763441284.595033
1763441284.617062
1763441284.659573
1763441284.682410
1763441284.728209
1763441284.752804
1763441284.790258
1763441284.819056
1763441284.856781
1763441284.891283
1763441284.921885
1763441284.954053
1763441284.990842
1763441285.024344
1763441285.057177
1763441285.083338
1763441285.126449
1763441285.152815
1763441285.191490
1763441285.216221
1763441285.260856
1763441285.286876
1763441285.326083
1763441285.349286
1763441285.394905
1763441285.420547
1763441285.457722
1763441285.486022
1763441285.522927
1763441285.559119
1763441285.589334
1763441285.620501
1763441285.659704
1763441285.689239
1763441285.726622
1763441285.750852
1763441285.793342
1763441285.822680
1763441285.859212
1763441285.882868
1763441285.928328
1763441285.954284
1763441285.992096
1763441286.016480
1763441286.061772
1763441286.087287
1763441286.127583
1763441286.149569
1763441286.195760
1763441286.219611
1763441286.257883
1763441286.284932
1763441286.327848
1763441286.353539
1763441286.393574
1763441286.416636
1763441286.462040
1763441286.486361
1763441286.525478
1763441286.549851
1763441286.594947
1763441286.620861
1763441286.660046
1763441286.683015
1763441286.726235
1763441286.754203
1763441286.793906
1763441286.816435
1763441286.861860
1763441286.887109
1763441286.926635
1763441286.949806
1763441286.994053
1763441287.020497
1763441287.059485
1763441287.091654
1763441287.116658
1763441287.156588
1763441287.192089
1763441287.222777
1763441287.260299
1763441287.283476
1763441287.329248
1763441287.353890
1763441287.393665
1763441287.416794
1763441287.459582
1763441287.489961
1763441287.525719
1763441287.550225
1763441287.594162
1763441287.623304
1763441287.659180
1763441287.684556
1763441287.728198
1763441287.755257
1763441287.795544
1763441287.817148
1763441287.859919
1763441287.889766
1763441287.928663
1763441287.950499
1763441287.993274
1763441288.023070
1763441288.060926
1763441288.084090
1763441288.127766
1763441288.154695
1763441288.194438
1763441288.218153
1763441288.260828
1763441288.291132
1763441288.323263
1763441288.355184
1763441288.391707
1763441288.427038
1763441288.455790
1763441288.485945
1763441288.523751
1763441288.559392
1763441288.590395
1763441288.617749
1763441288.659127
1763441288.689983
1763441288.728373
1763441288.750902
1763441288.793816
1763441288.823219
1763441288.860824
1763441288.884169
1763441288.928558
1763441288.955433
1763441288.993432
1763441289.017450
1763441289.054456
1763441289.094667
1763441289.124195
1763441289.153170
1763441289.191209
1763441289.228070
1763441289.256785
1763441289.289066
1763441289.327230
1763441289.356961
1763441289.393461
1763441289.420297
1763441289.459024
1763441289.491056
1763441289.528392
1763441289.551368
1763441289.594047
1763441289.624148
1763441289.660315
1763441289.684618
1763441289.726720
1763441289.757415
1763441289.793660
1763441289.818293
1763441289.861395
1763441289.887798
1763441289.928423
1763441289.951633
1763441289.995040
1763441290.022454
1763441290.059691
1763441290.085424
1763441290.124213
1763441290.158978
1763441290.191125
1763441290.218423
1763441290.259808
1763441290.290570
1763441290.325296
1763441290.352152
1763441290.390390
1763441290.425893
1763441290.460937
1763441290.484909
1763441290.529102
1763441290.555515
1763441290.593852
1763441290.618652
1763441290.660902
1763441290.691986
1763441290.724934
1763441290.752701
1763441290.789560
1763441290.827853
1763441290.856641
1763441290.889799
1763441290.928118
1763441290.958964
1763441290.993864
1763441291.021224
1763441291.060768
1763441291.095453
1763441291.125652
1763441291.155947
1763441291.196257
1763441291.225402
1763441291.261022
1763441291.287140
1763441291.326605
1763441291.361158
1763441291.390220
1763441291.423566
1763441291.459581
1763441291.493048
1763441291.529506
1763441291.552411
1763441291.594864
1763441291.624465
1763441291.661088
1763441291.687353
1763441291.729417
1763441291.757996
1763441291.786426
1763441291.821248
1763441291.856983
1763441291.896789
1763441291.924054
1763441291.956390
1763441291.992540
1763441292.026126
1763441292.059390
1763441292.088028
1763441292.128408
1763441292.156467
1763441292.193452
1763441292.219675
1763441292.258830
1763441292.291869
1763441292.326315
1763441292.357790
1763441292.393592
1763441292.428564
1763441292.462555
1763441292.486676
1763441292.526013
1763441292.560666
1763441292.596675
1763441292.620146
1763441292.661849
1763441292.692510
1763441292.728638
1763441292.756188
1763441292.797675
1763441292.824456
1763441292.860577
1763441292.891107
1763441292.930390
1763441292.958275
1763441292.993006
1763441293.024174
1763441293.063005
1763441293.088543
1763441293.130527
1763441293.154639
1763441293.196074
1763441293.225350
1763441293.260925
1763441293.289761
1763441293.329311
1763441293.359103
1763441293.393673
1763441293.420594
1763441293.460805
1763441293.491003
1763441293.531123
1763441293.553187
1763441293.596887
1763441293.625484
1763441293.663351
1763441293.686775
1763441293.731065
1763441293.758850
1763441293.793956
1763441293.822426
1763441293.864714
1763441293.891323
1763441293.929351
1763441293.953783
1763441293.996480
1763441294.025559
1763441294.061520
1763441294.088755
1763441294.130589
1763441294.158782
1763441294.198354
1763441294.220158
1763441294.261561
1763441294.294542
1763441294.330563
1763441294.353608
1763441294.395195
1763441294.427386
1763441294.464281
1763441294.487080
1763441294.528771
1763441294.560596
1763441294.596278
1763441294.621178
1763441294.662845
1763441294.691879
1763441294.727880
1763441294.756821
1763441294.797024
1763441294.826789
1763441294.862607
1763441294.889989
1763441294.931283
1763441294.960200
1763441294.996457
1763441295.021961
1763441295.064788
1763441295.090858
1763441295.128390
1763441295.156621
1763441295.197119
1763441295.225777
1763441295.265654
1763441295.287869
1763441295.329779
1763441295.359778
1763441295.396138
1763441295.428954
1763441295.454498
1763441295.496731
1763441295.527316
1763441295.564982
1763441295.592387
1763441295.625572
1763441295.664283
1763441295.694183
1763441295.730911
1763441295.755526
1763441295.798519
1763441295.821104
1763441295.865683
1763441295.888573
1763441295.932484
1763441295.958016
1763441295.995747
1763441296.025975
1763441296.061270
1763441296.099952
1763441296.124739
1763441296.160702
1763441296.192833
1763441296.230491
1763441296.262655
1763441296.289836
1763441296.331620
1763441296.358583
1763441296.396291
1763441296.421567
1763441296.464579
1763441296.492764
1763441296.533254
1763441296.554723
1763441296.600298
1763441296.624926
1763441296.666352
1763441296.688184
1763441296.734948
1763441296.758174
1763441296.800129
1763441296.821527
1763441296.868219
1763441296.891625
1763441296.933885
1763441296.955121
1763441297.000018
1763441297.024816
1763441297.065987
1763441297.088506
1763441297.131474
1763441297.158360
1763441297.200553
1763441297.222739
1763441297.262111
1763441297.300040
1763441297.325540
1763441297.365246
1763441297.392262
1763441297.433482
1763441297.458897
1763441297.497114
1763441297.526153
1763441297.567630
1763441297.592069
1763441297.628058
1763441297.661968
1763441297.696762
1763441297.728377
1763441297.755651
1763441297.795592
1763441297.832701
1763441297.858615
1763441297.894539
1763441297.927789
1763441297.965218
1763441297.992437
1763441298.028251
1763441298.059250
1763441298.096634
1763441298.131393
1763441298.155772
1763441298.199248
1763441298.226016
1763441298.267621
1763441298.289024
1763441298.331486
1763441298.361277
1763441298.398610
1763441298.422183
1763441298.465560
1763441298.492313
1763441298.531301
1763441298.555670
1763441298.601345
1763441298.624660
1763441298.665930
1763441298.688962
1763441298.735166
1763441298.757515
1763441298.800971
1763441298.822363
1763441298.867733
1763441298.891950
1763441298.935190
1763441298.955873
1763441298.998172
1763441299.027903
1763441299.066978
1763441299.089243
1763441299.132481
1763441299.158499
1763441299.197075
1763441299.225140
1763441299.267427
1763441299.292404
1763441299.330907
1763441299.356926
1763441299.399942
1763441299.425617
1763441299.466061
1763441299.489442
1763441299.536079
1763441299.558582
1763441299.601397
1763441299.623033
1763441299.669168
1763441299.692292
1763441299.730563
1763441299.756326
1763441299.802633
1763441299.824323
1763441299.869856
1763441299.889953
1763441299.932498
1763441299.959396
1763441300.000985
1763441300.023358
1763441300.071007
1763441300.091257
1763441300.136477
1763441300.156704
1763441300.201308
1763441300.225839
1763441300.267736
1763441300.290142
1763441300.336682
1763441300.358864
1763441300.397317
1763441300.426600
1763441300.467681
1763441300.493070
1763441300.535079
1763441300.557345
1763441300.603939
1763441300.625373
1763441300.666906
1763441300.690229
1763441300.736725
1763441300.759035
1763441300.798186
1763441300.823707
1763441300.868828
1763441300.892462
1763441300.937669
1763441300.957269
1763441301.003693
1763441301.025524
1763441301.070260
1763441301.090649
1763441301.137927
1763441301.158509
1763441301.204612
1763441301.224028
1763441301.268104
1763441301.292691
1763441301.336841
1763441301.357389
1763441301.402845
1763441301.426044
1763441301.467513
1763441301.490795
1763441301.537540
1763441301.559280
1763441301.602236
1763441301.624448
1763441301.667865
1763441301.692913
1763441301.736287
1763441301.757716
1763441301.803796
1763441301.825890
1763441301.871627
1763441301.891099
1763441301.938683
1763441301.958839
1763441302.003217
1763441302.024481
1763441302.071355
1763441302.092627
1763441302.138219
1763441302.157791
1763441302.202536
1763441302.226436
1763441302.271385
1763441302.291408
1763441302.337801
1763441302.359374
1763441302.404313
1763441302.424899
1763441302.471812
1763441302.492321
1763441302.538252
1763441302.558101
1763441302.604652
1763441302.625930
1763441302.670625
1763441302.691419
1763441302.737531
1763441302.759514
1763441302.806197
1763441302.824951
1763441302.871468
1763441302.892838
1763441302.939453
1763441302.958421
1763441303.004986
1763441303.026323
1763441303.071871
1763441303.091830
1763441303.138525
1763441303.159693
1763441303.202651
1763441303.225636
1763441303.272881
1763441303.292542
1763441303.339511
1763441303.358953
1763441303.395070
1763441303.430364
1763441303.461127
1763441303.501747
1763441303.526450
1763441303.572015
1763441303.593053
1763441303.635644
1763441303.658923
1763441303.704546
1763441303.726632
1763441303.772353
1763441303.792171
1763441303.839440
1763441303.859047
1763441303.905404
1763441303.926307
1763441303.966550
1763441303.993476
1763441304.039255
1763441304.059300
1763441304.100552
1763441304.126051
1763441304.172154
1763441304.192623
1763441304.229932
1763441304.263769
1763441304.304711
1763441304.325495
1763441304.363454
1763441304.396657
1763441304.437586
1763441304.459273
1763441304.498805
1763441304.526512
1763441304.570026
1763441304.593016
1763441304.630269
1763441304.663649
1763441304.704477
1763441304.725967
1763441304.763593
1763441304.796583
1763441304.837602
1763441304.859752
1763441304.896891
1763441304.929719
1763441304.967441
1763441304.993468
1763441305.029225
1763441305.065482
1763441305.100016
1763441305.126998
1763441305.163628
1763441305.199728
1763441305.232022
1763441305.271995
1763441305.292714
1763441305.338227
1763441305.360354
1763441305.401316
1763441305.425981
1763441305.469258
1763441305.493596
1763441305.538726
1763441305.559510
1763441305.606706
1763441305.626347
1763441305.672187
1763441305.692917
1763441305.737573
1763441305.759996
1763441305.806284
1763441305.826382
1763441305.870179
1763441305.893704
1763441305.936786
1763441305.959821
1763441306.002571
1763441306.028405
1763441306.067745
1763441306.093477
1763441306.140110
1763441306.160164
1763441306.206538
1763441306.226712
1763441306.273242
1763441306.293892
1763441306.340526
1763441306.360195
1763441306.403156
1763441306.427221
1763441306.473547
1763441306.493449
1763441306.537584
1763441306.561026
1763441306.605925
1763441306.627029
1763441306.670464
1763441306.694038
1763441306.741327
1763441306.760335
1763441306.804192
1763441306.827796
1763441306.873513
1763441306.893651
1763441306.937933
1763441306.961081
1763441307.007785
1763441307.027163
1763441307.073939
1763441307.094373
1763441307.140798
1763441307.160593
1763441307.204397
1763441307.228052
1763441307.273568
1763441307.294089
1763441307.336140
1763441307.363512
1763441307.406680
1763441307.427478
1763441307.474002
1763441307.494742
1763441307.538663
1763441307.561347
1763441307.602168
1763441307.636791
1763441307.663735
1763441307.702504
1763441307.727848
1763441307.774259
1763441307.794920
1763441307.837749
1763441307.861547
1763441307.904301
1763441307.931984
1763441307.961476
1763441308.003957
1763441308.030366
1763441308.074479
1763441308.094229
1763441308.140333
1763441308.161490
1763441308.207003
1763441308.227513
1763441308.272572
1763441308.295097
1763441308.340314
1763441308.360929
1763441308.407074
1763441308.428510
1763441308.473731
1763441308.494395
1763441308.540000
1763441308.561997
1763441308.606525
1763441308.627913
1763441308.671238
1763441308.696587
1763441308.739416
1763441308.761365
1763441308.804802
1763441308.828973
1763441308.872607
1763441308.894989
1763441308.942127
1763441308.962812
1763441309.008508
1763441309.028114
1763441309.074463
1763441309.096142
1763441309.141998
1763441309.161542
1763441309.205128
1763441309.230173
1763441309.275617
1763441309.295129
1763441309.338474
1763441309.364051
1763441309.408072
1763441309.428467
1763441309.471152
1763441309.499458
1763441309.541853
1763441309.561918
1763441309.608550
1763441309.629734
1763441309.674108
1763441309.695108
1763441309.738876
1763441309.764913
1763441309.806785
1763441309.828415
1763441309.875225
1763441309.897011
1763441309.942349
1763441309.961883
1763441310.005197
1763441310.032897
1763441310.074128
1763441310.095168
1763441310.142192
1763441310.164229
1763441310.206762
1763441310.228832
1763441310.273646
1763441310.297608
1763441310.340476
1763441310.362179
1763441310.408308
1763441310.430027
1763441310.476505
1763441310.495615
1763441310.542506
1763441310.564789
1763441310.602320
1763441310.630241
1763441310.673460
1763441310.697517
1763441310.741787
1763441310.762181
1763441310.806414
1763441310.831163
1763441310.875187
1763441310.895643
1763441310.940631
1763441310.964463
1763441311.007117
1763441311.029105
1763441311.075774
1763441311.098744
1763441311.142812
1763441311.162675
1763441311.206212
1763441311.235404
1763441311.274391
1763441311.296392
1763441311.343421
1763441311.364959
1763441311.407321
1763441311.430923
1763441311.475772
1763441311.498850
1763441311.540986
1763441311.565323
1763441311.608196
1763441311.631741
1763441311.674218
1763441311.696805
1763441311.744398
1763441311.764663
1763441311.809224
1763441311.829598
1763441311.872470
1763441311.900637
1763441311.942728
1763441311.962809
1763441312.005648
1763441312.034535
1763441312.075565
1763441312.104816
1763441312.129497
1763441312.172228
1763441312.204674
1763441312.237035
1763441312.271893
1763441312.299989
1763441312.339783
1763441312.366745
1763441312.408879
1763441312.429763
1763441312.473109
1763441312.500538
1763441312.542435
1763441312.563107
1763441312.609415
1763441312.632957
1763441312.676281
1763441312.696553
1763441312.740143
1763441312.768798
1763441312.806870
1763441312.830416
1763441312.874638
1763441312.899698
1763441312.943063
1763441312.963315
1763441313.006638
1763441313.035699
1763441313.075227
1763441313.096955
1763441313.142981
1763441313.167025
1763441313.210373
1763441313.230291
1763441313.273351
1763441313.302204
1763441313.343808
1763441313.363699
1763441313.410058
1763441313.434167
1763441313.475568
1763441313.498669
1763441313.543458
1763441313.567755
1763441313.609624
1763441313.631519
1763441313.677688
1763441313.700831
1763441313.742772
1763441313.764138
1763441313.808099
1763441313.835350
1763441313.875653
1763441313.897603
1763441313.944837
1763441313.966476
1763441314.010260
1763441314.030823
1763441314.073035
1763441314.104156
1763441314.140191
1763441314.168599
1763441314.205013
1763441314.240020
1763441314.270693
1763441314.303291
1763441314.338021
1763441314.373214
1763441314.403134
1763441314.430744
1763441314.477102
1763441314.500586
1763441314.543798
1763441314.563994
1763441314.610270
1763441314.632772
1763441314.676033
1763441314.697330
1763441314.739916
1763441314.769331
1763441314.806471
1763441314.830663
1763441314.876978
1763441314.900274
1763441314.942332
1763441314.964288
1763441315.007051
1763441315.035730
1763441315.076358
1763441315.097502
1763441315.144582
1763441315.167034
1763441315.209311
1763441315.230913
1763441315.278215
1763441315.300592
1763441315.342263
1763441315.364368
1763441315.410845
1763441315.435683
1763441315.476553
1763441315.497885
1763441315.544395
1763441315.568716
1763441315.610781
1763441315.631287
1763441315.675863
1763441315.703528
1763441315.741397
1763441315.764828
1763441315.811152
1763441315.835556
1763441315.876410
1763441315.898072
1763441315.942348
1763441315.969293
1763441316.006558
1763441316.032027
1763441316.076728
1763441316.103164
1763441316.140924
1763441316.167068
1763441316.208872
1763441316.238478
1763441316.275345
1763441316.299636
1763441316.343734
1763441316.369535
1763441316.411129
1763441316.431802
1763441316.475312
1763441316.503122
1763441316.543523
1763441316.565060
1763441316.611642
1763441316.635855
1763441316.675279
1763441316.698463
1763441316.744401
1763441316.768436
1763441316.810354
1763441316.831854
1763441316.875563
1763441316.903936
1763441316.941042
1763441316.965210
1763441317.009483
1763441317.036426
1763441317.074011
1763441317.099718
1763441317.140662
1763441317.173517
1763441317.207583
1763441317.232591
1763441317.277601
1763441317.303178
1763441317.341153
1763441317.365739
1763441317.410820
1763441317.436939
1763441317.477786
1763441317.498881
1763441317.545734
1763441317.569387
1763441317.609912
1763441317.632455
1763441317.678594
1763441317.703360
1763441317.743659
1763441317.765799
1763441317.809786
1763441317.838813
1763441317.877318
1763441317.899162
1763441317.945382
1763441317.970057
1763441318.009757
1763441318.032547
1763441318.073950
1763441318.106867
1763441318.138536
1763441318.169405
1763441318.208913
1763441318.239430
1763441318.275665
1763441318.300996
1763441318.342975
1763441318.372902
1763441318.409124
1763441318.433058
1763441318.479040
1763441318.503276
1763441318.541629
1763441318.567150
1763441318.611321
1763441318.637121
1763441318.676046
1763441318.699774
1763441318.745444
1763441318.770438
1763441318.810013
1763441318.832962
1763441318.879373
1763441318.902808
1763441318.941317
1763441318.966583
1763441319.012848
1763441319.035966
1763441319.077963
1763441319.099756
1763441319.145737
1763441319.171314
1763441319.211306
1763441319.233330
1763441319.275067
1763441319.305737
1763441319.343768
1763441319.366603
1763441319.411605
1763441319.438638
1763441319.478510
1763441319.499952
1763441319.542769
1763441319.576178
1763441319.607743
1763441319.635592
1763441319.676590
1763441319.705719
1763441319.744397
1763441319.766865
1763441319.812869
1763441319.838125
1763441319.877672
1763441319.900198
1763441319.945711
1763441319.970792
1763441320.010575
1763441320.033634
1763441320.076856
1763441320.104964
1763441320.145539
1763441320.166941
1763441320.210218
1763441320.239137
1763441320.278024
1763441320.300340
1763441320.346805
1763441320.371479
1763441320.411215
1763441320.445055
1763441320.467406
1763441320.509301
1763441320.541798
1763441320.573364
1763441320.609136
1763441320.636720
1763441320.675350
1763441320.706393
1763441320.743452
1763441320.767693
1763441320.810780
1763441320.839649
1763441320.877587
1763441320.900828
1763441320.941709
1763441320.973209
1763441321.009824
1763441321.034246
1763441321.076758
1763441321.105437
1763441321.145186
1763441321.167411
1763441321.210238
1763441321.239673
1763441321.278823
1763441321.300825
1763441321.343475
1763441321.374158
1763441321.410798
1763441321.434969
1763441321.479320
1763441321.504989
1763441321.546314
1763441321.569274
1763441321.608602
1763441321.643166
1763441321.675146
1763441321.704901
1763441321.744905
1763441321.769849
1763441321.811801
1763441321.835234
1763441321.875942
1763441321.909219
1763441321.942639
1763441321.971900
1763441322.012382
1763441322.039641
1763441322.078632
1763441322.101508
1763441322.143486
1763441322.174285
1763441322.210008
1763441322.235244
1763441322.277101
1763441322.307409
1763441322.344201
1763441322.368198
1763441322.410449
1763441322.442349
1763441322.474904
1763441322.503695
1763441322.542723
1763441322.576688
1763441322.611172
1763441322.635042
1763441322.678946
1763441322.704975
1763441322.746454
1763441322.768278
1763441322.810800
1763441322.840983
1763441322.877410
1763441322.902770
1763441322.940698
1763441322.977351
1763441323.010307
1763441323.036432
1763441323.078061
1763441323.106611
1763441323.146154
1763441323.168708
1763441323.210562
1763441323.241511
1763441323.277158
1763441323.304535
1763441323.344238
1763441323.376845
1763441323.412021
1763441323.437521
1763441323.476457
1763441323.508306
1763441323.540878
1763441323.573080
1763441323.612015
1763441323.640336
1763441323.679304
1763441323.702333
1763441323.741035
1763441323.773383
1763441323.810281
1763441323.836570
1763441323.876215
1763441323.909588
1763441323.944234
1763441323.971379
1763441324.007929
1763441324.040771
1763441324.078643
1763441324.103417
1763441324.143122
1763441324.179000
1763441324.209910
1763441324.238002
1763441324.276317
1763441324.311111
1763441324.342804
1763441324.372614
1763441324.409454
1763441324.444164
1763441324.477059
1763441324.503521
1763441324.542473
1763441324.576337
1763441324.612262
1763441324.636190
1763441324.677783
1763441324.707590
1763441324.743092
1763441324.772379
1763441324.812715
1763441324.840843
1763441324.879493
1763441324.902970
1763441324.942043
1763441324.976031
1763441325.011959
1763441325.036281
1763441325.076748
1763441325.111821
1763441325.142065
1763441325.174561
1763441325.209637
1763441325.245114
1763441325.278975
1763441325.303783
1763441325.342660
1763441325.378628
1763441325.409922
1763441325.441128
1763441325.478488
1763441325.511851
1763441325.546788
1763441325.574503
1763441325.613079
1763441325.642736
1763441325.677940
1763441325.706964
1763441325.747178
1763441325.776038
1763441325.812011
1763441325.838484
1763441325.879857
1763441325.907157
1763441325.947671
1763441325.969898
1763441326.011278
1763441326.040885
1763441326.077596
1763441326.103696
1763441326.145653
1763441326.175433
1763441326.211673
1763441326.238021
1763441326.280334
1763441326.306752
1763441326.346658
1763441326.370017
1763441326.413836
1763441326.442182
1763441326.476324
1763441326.503652
1763441326.544071
1763441326.576864
1763441326.612325
1763441326.636766
1763441326.678220
1763441326.707020
1763441326.747147
1763441326.770141
1763441326.811840
1763441326.841611
1763441326.881201
1763441326.903584
1763441326.945089
1763441326.975341
1763441327.011470
1763441327.036749
1763441327.080763
1763441327.107026
1763441327.144539
1763441327.170234
1763441327.211892
1763441327.241366
1763441327.280029
1763441327.303737
1763441327.345202
1763441327.374372
1763441327.413627
1763441327.437199
1763441327.480223
1763441327.508663
1763441327.547433
1763441327.570804
1763441327.613327
1763441327.642645
1763441327.679689
1763441327.704155
1763441327.748661
1763441327.774096
1763441327.814731
1763441327.837342
1763441327.883717
1763441327.906513
1763441327.944437
1763441327.970907
1763441328.013421
1763441328.044270
1763441328.081875
1763441328.104136
1763441328.150424
1763441328.174670
1763441328.216809
1763441328.237487
1763441328.283046
1763441328.307085
1763441328.345503
1763441328.371024
1763441328.413021
1763441328.445291
1763441328.479476
1763441328.504435
1763441328.547477
1763441328.577939
1763441328.612879
1763441328.638000
1763441328.682853
1763441328.707346
1763441328.749848
1763441328.780046
1763441328.804823
1763441328.849692
1763441328.874817
1763441328.915469
1763441328.941396
1763441328.977571
1763441329.011476
1763441329.048285
1763441329.075857
1763441329.109064
1763441329.149176
1763441329.174691
1763441329.216231
1763441329.238314
1763441329.284180
1763441329.307399
1763441329.349413
1763441329.372014
1763441329.412911
1763441329.448831
1763441329.475921
1763441329.508884
1763441329.546320
1763441329.579379
1763441329.614885
1763441329.638607
1763441329.683442
1763441329.707650
1763441329.750513
1763441329.771865
1763441329.817935
1763441329.841549
1763441329.879934
1763441329.907693
1763441329.949336
1763441329.975193
1763441330.016336
1763441330.038817
1763441330.083593
1763441330.108172
1763441330.151268
1763441330.172125
1763441330.218220
1763441330.241873
1763441330.280468
1763441330.307721
1763441330.345719
1763441330.381752
1763441330.409817
1763441330.443374
1763441330.482658
1763441330.508361
1763441330.551560
1763441330.572294
1763441330.614077
1763441330.645757
1763441330.681273
1763441330.707862
1763441330.749096
1763441330.775867
1763441330.814025
1763441330.843000
1763441330.883802
1763441330.909293
1763441330.947907
1763441330.975553
1763441331.016663
1763441331.043360
1763441331.086002
1763441331.106186
1763441331.152646
1763441331.175179
1763441331.214201
1763441331.240997
1763441331.282462
1763441331.310234
1763441331.352337
1763441331.372695
1763441331.416727
1763441331.443150
1763441331.485081
1763441331.506027
1763441331.548791
1763441331.575876
1763441331.614432
1763441331.642102
1763441331.684336
1763441331.708567
1763441331.748074
1763441331.773165
1763441331.814003
1763441331.846357
1763441331.882547
1763441331.906520
1763441331.953957
1763441331.974741
1763441332.016535
1763441332.039697
1763441332.084678
1763441332.108805
1763441332.147716
1763441332.173940
1763441332.219484
1763441332.241965
1763441332.281584
1763441332.307479
1763441332.345425
1763441332.376399
1763441332.409468
1763441332.440419
1763441332.483880
1763441332.509073
1763441332.552970
1763441332.573329
1763441332.615643
1763441332.642836
1763441332.680815
1763441332.707069
1763441332.745353
1763441332.786121
1763441332.808911
1763441332.844431
1763441332.881763
1763441332.912502
1763441332.951150
1763441332.973415
1763441333.018538
1763441333.042409
1763441333.085441
1763441333.106908
1763441333.152752
1763441333.175548
1763441333.221592
1763441333.240323
1763441333.286087
1763441333.308675
1763441333.353904
1763441333.373806
1763441333.407543
1763441333.441595
1763441333.481196
1763441333.509014
1763441333.547776
1763441333.584697
1763441333.610499
1763441333.651600
1763441333.674850
1763441333.721749
1763441333.742366
1763441333.781779
1763441333.809207
1763441333.853167
1763441333.875990
1763441333.915122
1763441333.942799
1763441333.984546
1763441334.009186
1763441334.045960
1763441334.080548
1763441334.116962
1763441334.143345
1763441334.178341
1763441334.214055
1763441334.246756
1763441334.280091
1763441334.308635
1763441334.354771
1763441334.375259
1763441334.421509
1763441334.440974
1763441334.487183
1763441334.509249
1763441334.554405
1763441334.574353
1763441334.621967
1763441334.642022
1763441334.688878
1763441334.707927
1763441334.750539
1763441334.776078
1763441334.815920
1763441334.841729
1763441334.887143
1763441334.909018
1763441334.952245
1763441334.974666
1763441335.020793
1763441335.042780
1763441335.088454
1763441335.108101
1763441335.153965
1763441335.175745
1763441335.220197
1763441335.241425
1763441335.287832
1763441335.308592
1763441335.355290
1763441335.374848
1763441335.421852
1763441335.442417
1763441335.485523
1763441335.508568
1763441335.555545
1763441335.575575
1763441335.621972
1763441335.641732
1763441335.688995
1763441335.708933
1763441335.752754
1763441335.775239
1763441335.821696
1763441335.842965
1763441335.887897
1763441335.908425
1763441335.954200
1763441335.976286
1763441336.021746
1763441336.041721
1763441336.088906
1763441336.108934
1763441336.154719
1763441336.175150
1763441336.222646
1763441336.242492
1763441336.286555
1763441336.308846
1763441336.352440
1763441336.376803
1763441336.420775
1763441336.442143
1763441336.485543
1763441336.510627
1763441336.550294
1763441336.575797
1763441336.621400
1763441336.642965
1763441336.689294
1763441336.708887
1763441336.752054
1763441336.776818
1763441336.821480
1763441336.842182
1763441336.885825
1763441336.910233
1763441336.954120
1763441336.975559
1763441337.020251
1763441337.043357
1763441337.086601
1763441337.122320
1763441337.142710
1763441337.188895
1763441337.210308
1763441337.255792
1763441337.277048
1763441337.319300
1763441337.342955
1763441337.389577
1763441337.409895
1763441337.454230
1763441337.476103
1763441337.521722
1763441337.543448
1763441337.583508
1763441337.610627
1763441337.654814
1763441337.676974
1763441337.717039
1763441337.743940
1763441337.788690
1763441337.810429
1763441337.849968
1763441337.876967
1763441337.923196
1763441337.943287
1763441337.985351
1763441338.009634
1763441338.056243
1763441338.076730
1763441338.114228
1763441338.149265
1763441338.183687
1763441338.212075
1763441338.248289
1763441338.282021
1763441338.321400
1763441338.343965
1763441338.381201
1763441338.416471
1763441338.452945
1763441338.479892
1763441338.514013
1763441338.547749
1763441338.587356
1763441338.610506
1763441338.645128
1763441338.681897
1763441338.712440
1763441338.751892
1763441338.776534
1763441338.823056
1763441338.843367
1763441338.886469
1763441338.910223
1763441338.956849
1763441338.976783
1763441339.019912
1763441339.043894
1763441339.089751
1763441339.110674
1763441339.155993
1763441339.177089
1763441339.220395
1763441339.244189
1763441339.291011
1763441339.310523
1763441339.354020
1763441339.377605
1763441339.421235
1763441339.444384
1763441339.491604
1763441339.510940
1763441339.557794
1763441339.577200
1763441339.624474
1763441339.644184
1763441339.690738
1763441339.710491
1763441339.757569
1763441339.777634
1763441339.822940
1763441339.843874
1763441339.886879
1763441339.911444
1763441339.954216
1763441339.977298
1763441340.020545
1763441340.048122
1763441340.090755
1763441340.110702
1763441340.154796
1763441340.177996
1763441340.224116
1763441340.243991
1763441340.287288
1763441340.311309
1763441340.357861
1763441340.377410
1763441340.424005
1763441340.444876
1763441340.490747
1763441340.510898
1763441340.556414
1763441340.577971
1763441340.623784
1763441340.644182
1763441340.687643
1763441340.712075
1763441340.756200
1763441340.777525
1763441340.820667
1763441340.846800
1763441340.886977
1763441340.911117
1763441340.956881
1763441340.978129
1763441341.024257
1763441341.044406
1763441341.090671
1763441341.111914
1763441341.156931
1763441341.177723
1763441341.221544
1763441341.245663
1763441341.288848
1763441341.311153
1763441341.355469
1763441341.378783
1763441341.423120
1763441341.444430
1763441341.486860
1763441341.511842
1763441341.557752
1763441341.577947
1763441341.620463
1763441341.645704
1763441341.691839
1763441341.711506
1763441341.755033
1763441341.779952
1763441341.823290
1763441341.846025
1763441341.889353
1763441341.913596
1763441341.956754
1763441341.978499
1763441342.024188
1763441342.045115
1763441342.091699
1763441342.111624
1763441342.156779
1763441342.179813
1763441342.224741
1763441342.244912
1763441342.290986
1763441342.313559
1763441342.358627
1763441342.378310
1763441342.425336
1763441342.445455
1763441342.481880
1763441342.512911
1763441342.555926
1763441342.580385
1763441342.626966
1763441342.645456
1763441342.692640
1763441342.713991
1763441342.756218
1763441342.779878
1763441342.822406
1763441342.851064
1763441342.889836
1763441342.912309
1763441342.958453
1763441342.980912
1763441343.023423
1763441343.045365
1763441343.090619
1763441343.114234
1763441343.158203
1763441343.178803
1763441343.225510
1763441343.247825
1763441343.286475
1763441343.312439
1763441343.355132
1763441343.382624
1763441343.425807
1763441343.445550
1763441343.492716
1763441343.514448
1763441343.556701
1763441343.579193
1763441343.625022
1763441343.647986
1763441343.690820
1763441343.712415
1763441343.755853
1763441343.783977
1763441343.826669
1763441343.845854
1763441343.889649
1763441343.918266
1763441343.957386
1763441343.979365
1763441344.025639
1763441344.048142
1763441344.090569
1763441344.112572
1763441344.153990
1763441344.186933
1763441344.221979
1763441344.246045
1763441344.291138
1763441344.315507
1763441344.357284
1763441344.379501
1763441344.425047
1763441344.448739
1763441344.492122
1763441344.512929
1763441344.555269
1763441344.584541
1763441344.625979
1763441344.646287
1763441344.692494
1763441344.715940
1763441344.759659
1763441344.779721
1763441344.823180
1763441344.852464
1763441344.889223
1763441344.913116
1763441344.952399
1763441344.989433
1763441345.018600
1763441345.048103
1763441345.086531
1763441345.122670
1763441345.151982
1763441345.180599
1763441345.226821
1763441345.248844
1763441345.293595
1763441345.313206
1763441345.352880
1763441345.390453
1763441345.419996
1763441345.460087
1763441345.480163
1763441345.525973
1763441345.550542
1763441345.593076
1763441345.617446
1763441345.654434
1763441345.684798
1763441345.726965
1763441345.751287
1763441345.787246
1763441345.820705
1763441345.857161
1763441345.886967
1763441345.917111
1763441345.957704
1763441345.984310
1763441346.025684
1763441346.047568
1763441346.092796
1763441346.118088
1763441346.157914
1763441346.180646
1763441346.226748
1763441346.248512
1763441346.292663
1763441346.313848
1763441346.357360
1763441346.387398
1763441346.425045
1763441346.448633
1763441346.491837
1763441346.518887
1763441346.556469
1763441346.585549
1763441346.624318
1763441346.653487
1763441346.693267
1763441346.716097
1763441346.759155
1763441346.785308
1763441346.823308
1763441346.852004
1763441346.890748
1763441346.921951
1763441346.958055
1763441346.982100
1763441347.025865
1763441347.051964
1763441347.092355
1763441347.115012
1763441347.157462
1763441347.187867
1763441347.224423
1763441347.247834
1763441347.290891
1763441347.320315
1763441347.359282
1763441347.381001
1763441347.428545
1763441347.451332
1763441347.493206
1763441347.514600
1763441347.561362
1763441347.585073
1763441347.627084
1763441347.648140
1763441347.692057
1763441347.720600
1763441347.758268
1763441347.784348
1763441347.826092
1763441347.852011
1763441347.893710
1763441347.915089
1763441347.958356
1763441347.987295
1763441348.024083
1763441348.048243
1763441348.092794
1763441348.119265
1763441348.158978
1763441348.181225
1763441348.226605
1763441348.252125
1763441348.289875
1763441348.314791
1763441348.359099
1763441348.384590
1763441348.426658
1763441348.448088
1763441348.492640
1763441348.519850
1763441348.557092
1763441348.581580
1763441348.627304
1763441348.652795
1763441348.690865
1763441348.715031
1763441348.762391
1763441348.784335
1763441348.826031
1763441348.848322
1763441348.895132
1763441348.918604
1763441348.956952
1763441348.981741
1763441349.026372
1763441349.049369
1763441349.094235
1763441349.115097
1763441349.158086
1763441349.188088
1763441349.224351
1763441349.249372
1763441349.294818
1763441349.318791
1763441349.360054
1763441349.381837
1763441349.426148
1763441349.453032
1763441349.489904
1763441349.519836
1763441349.556515
1763441349.591889
1763441349.621921
1763441349.656963
1763441349.686772
1763441349.726984
1763441349.753408
1763441349.788846
1763441349.822516
1763441349.859615
1763441349.886966
1763441349.919378
1763441349.957673
1763441349.991878
1763441350.022139
1763441350.048856
1763441350.093972
1763441350.119919
1763441350.158616
1763441350.182185
1763441350.227093
1763441350.253928
1763441350.291985
1763441350.315642
1763441350.361157
1763441350.387557
1763441350.428252
1763441350.449106
1763441350.495093
1763441350.519999
1763441350.560062
1763441350.582645
1763441350.628241
1763441350.652906
1763441350.694084
1763441350.716404
1763441350.762428
1763441350.787153
1763441350.826445
1763441350.849534
1763441350.895637
1763441350.920700
1763441350.959868
1763441350.982795
1763441351.027146
1763441351.054284
1763441351.092524
1763441351.116017
1763441351.158958
1763441351.187838
1763441351.227452
1763441351.249395
1763441351.294972
1763441351.320464
1763441351.357939
1763441351.382858
1763441351.429324
1763441351.451994
1763441351.490269
1763441351.516977
1763441351.561631
1763441351.587660
1763441351.627458
1763441351.649845
1763441351.696384
1763441351.719839
1763441351.759952
1763441351.783816
1763441351.828350
1763441351.854471
1763441351.893947
1763441351.918723
1763441351.953530
1763441351.991810
1763441352.023190
1763441352.054570
1763441352.091252
1763441352.123304
1763441352.157404
1763441352.185909
1763441352.227227
1763441352.254701
1763441352.291838
1763441352.316764
1763441352.359216
1763441352.389336
1763441352.427684
1763441352.450091
1763441352.492432
1763441352.523835
1763441352.559522
1763441352.583392
1763441352.625996
1763441352.657444
1763441352.692156
1763441352.717595
1763441352.759498
1763441352.790101
1763441352.828557
1763441352.850364
1763441352.893070
1763441352.924921
1763441352.958376
1763441352.989077
1763441353.024916
1763441353.059803
1763441353.092499
1763441353.121158
1763441353.158424
1763441353.193632
1763441353.223875
1763441353.255204
1763441353.292939
1763441353.323548
1763441353.360017
1763441353.384058
1763441353.429048
1763441353.454290
1763441353.494175
1763441353.517247
1763441353.559665
1763441353.589545
1763441353.627717
1763441353.650679
1763441353.693959
1763441353.723307
1763441353.761399
1763441353.792521
1763441353.817375
1763441353.861557
1763441353.891041
1763441353.927158
1763441353.957353
1763441353.988658
1763441354.027486
1763441354.057099
1763441354.094193
1763441354.119500
1763441354.159150
1763441354.194327
1763441354.224756
1763441354.254421
1763441354.293791
1763441354.324971
1763441354.360822
1763441354.384418
1763441354.427338
1763441354.456818
1763441354.492624
1763441354.518054
1763441354.559662
1763441354.591310
1763441354.626916
1763441354.653110
1763441354.691380
1763441354.724913
1763441354.756852
1763441354.789414
1763441354.828428
1763441354.855988
1763441354.893474
1763441354.921231
1763441354.961480
1763441354.990221
1763441355.026215
1763441355.054211
1763441355.093501
1763441355.127395
1763441355.159194
1763441355.188574
1763441355.229773
1763441355.256247
1763441355.293889
1763441355.318892
1763441355.357682
1763441355.390046
1763441355.427713
1763441355.451992
1763441355.490961
1763441355.528711
1763441355.558587
1763441355.587607
1763441355.627515
1763441355.656904
1763441355.691351
1763441355.722650
1763441355.758129
1763441355.790864
1763441355.828078
1763441355.852371
1763441355.894895
1763441355.924417
1763441355.957277
1763441355.990066
1763441356.024350
1763441356.057164
1763441356.093923
1763441356.119313
1763441356.159791
1763441356.191425
1763441356.228093
1763441356.252162
1763441356.295689
1763441356.323447
1763441356.363398
1763441356.385392
1763441356.424441
1763441356.460000
1763441356.495412
1763441356.519055
1763441356.559807
1763441356.592881
1763441356.627523
1763441356.652841
1763441356.692189
1763441356.723325
1763441356.760347
1763441356.786201
1763441356.825526
1763441356.861510
1763441356.890201
1763441356.927187
1763441356.956873
1763441356.996179
1763441357.025162
1763441357.057252
1763441357.092240
1763441357.125952
1763441357.161680
1763441357.186026
1763441357.227225
1763441357.259440
1763441357.294325
1763441357.319316
1763441357.359331
1763441357.393112
1763441357.428767
1763441357.452574
1763441357.491903
1763441357.524377
1763441357.563836
1763441357.585963
1763441357.628247
1763441357.657505
1763441357.690930
1763441357.724298
1763441357.758849
1763441357.792824
1763441357.827857
1763441357.854984
1763441357.896716
1763441357.924272
1763441357.962061
1763441357.990618
1763441358.029600
1763441358.058758
1763441358.096873
1763441358.119995
1763441358.160158
1763441358.194995
1763441358.224708
1763441358.255441
1763441358.295686
1763441358.324378
1763441358.364397
1763441358.386353
1763441358.428108
1763441358.457638
1763441358.496606
1763441358.520045
1763441358.561648
1763441358.594281
1763441358.629425
1763441358.653830
1763441358.696540
1763441358.725432
1763441358.760592
1763441358.786641
1763441358.827857
1763441358.859188
1763441358.894582
1763441358.920045
1763441358.961493
1763441358.994432
1763441359.029719
1763441359.053639
1763441359.094604
1763441359.128691
1763441359.163298
1763441359.187049
1763441359.227487
1763441359.263633
1763441359.293469
1763441359.324597
1763441359.365261
1763441359.390571
1763441359.431174
1763441359.454474
1763441359.496440
1763441359.526498
1763441359.562481
1763441359.591725
1763441359.626664
1763441359.662869
1763441359.695236
1763441359.723482
1763441359.760982
1763441359.796227
1763441359.829997
1763441359.854896
1763441359.896316
1763441359.927329
1763441359.965072
1763441359.987710
1763441360.030264
1763441360.060989
1763441360.098683
1763441360.120695
1763441360.165056
1763441360.192095
1763441360.231761
1763441360.253920
1763441360.296338
1763441360.327075
1763441360.364225
1763441360.387440
1763441360.430567
1763441360.459473
1763441360.499089
1763441360.520676
1763441360.565227
1763441360.591079
1763441360.632574
1763441360.654322
1763441360.697454
1763441360.726646
1763441360.767349
1763441360.787578
1763441360.830330
1763441360.859686
1763441360.898004
1763441360.920971
1763441360.965830
1763441360.991011
1763441361.031420
1763441361.054374
1763441361.099203
1763441361.124499
1763441361.161207
1763441361.192089
1763441361.228209
1763441361.263415
1763441361.296286
1763441361.324114
1763441361.366029
1763441361.391334
1763441361.429397
1763441361.455539
1763441361.500121
1763441361.524221
1763441361.561859
1763441361.588665
1763441361.631407
1763441361.658405
1763441361.698895
1763441361.721307
1763441361.767202
1763441361.791067
1763441361.834166
1763441361.854833
1763441361.899857
1763441361.924953
1763441361.967248
1763441361.988711
1763441362.035077
1763441362.057821
1763441362.099631
1763441362.133112
1763441362.155125
1763441362.202148
1763441362.224971
1763441362.266463
1763441362.292154
1763441362.326685
1763441362.361384
1763441362.399652
1763441362.425205
1763441362.458632
1763441362.498714
1763441362.525394
1763441362.564429
1763441362.588461
1763441362.633963
1763441362.657886
1763441362.696472
1763441362.724511
1763441362.762448
1763441362.798867
1763441362.826011
1763441362.861783
1763441362.892696
1763441362.930764
1763441362.959770
1763441362.995156
1763441363.029821
1763441363.065329
1763441363.090916
1763441363.131541
1763441363.157296
1763441363.199713
1763441363.226067
1763441363.260771
1763441363.295510
1763441363.330010
1763441363.363240
1763441363.389300
1763441363.424668
1763441363.459829
1763441363.497214
1763441363.522399
1763441363.569343
1763441363.591037
1763441363.631992
1763441363.655672
1763441363.699935
1763441363.725594
1763441363.768755
1763441363.789203
1763441363.835529
1763441363.858373
1763441363.899618
1763441363.922635
1763441363.969054
1763441363.991800
1763441364.033716
1763441364.056817
1763441364.101325
1763441364.125446
1763441364.165864
1763441364.190959
1763441364.233293
1763441364.258911
1763441364.299313
1763441364.322845
1763441364.368549
1763441364.391854
1763441364.434011
1763441364.456105
1763441364.500964
1763441364.525012
1763441364.565881
1763441364.589444
1763441364.636328
1763441364.658555
1763441364.700114
1763441364.722883
1763441364.769393
1763441364.791967
1763441364.834022
1763441364.856433
1763441364.901606
1763441364.925225
1763441364.966881
1763441364.990154
1763441365.037237
1763441365.058587
1763441365.097331
1763441365.128216
1763441365.164005
1763441365.199088
1763441365.230919
1763441365.258685
1763441365.297065
1763441365.332081
1763441365.359200
1763441365.396406
1763441365.425466
1763441365.470994
1763441365.492000
1763441365.530132
1763441365.561618
1763441365.599354
1763441365.627114
1763441365.661561
1763441365.696805
1763441365.729875
1763441365.764242
1763441365.792105
1763441365.830397
1763441365.862778
1763441365.901403
1763441365.923818
1763441365.970435
1763441365.991979
1763441366.037473
1763441366.057142
1763441366.103393
1763441366.125549
1763441366.169222
1763441366.190642
1763441366.236848
1763441366.258958
1763441366.300594
1763441366.324043
1763441366.369757
1763441366.392516
1763441366.437410
1763441366.457328
1763441366.502532
1763441366.525910
1763441366.571289
1763441366.590761
1763441366.637882
1763441366.658930
1763441366.703742
1763441366.724171
1763441366.770983
1763441366.792055
1763441366.836873
1763441366.857626
1763441366.903408
1763441366.925364
1763441366.969890
1763441366.991222
1763441367.038131
1763441367.058960
1763441367.103665
1763441367.124490
1763441367.171095
1763441367.192696
1763441367.231559
1763441367.259619
1763441367.299610
1763441367.333829
1763441367.360274
1763441367.399033
1763441367.426412
1763441367.471300
1763441367.492613
1763441367.528535
1763441367.564283
1763441367.600044
1763441367.626407
1763441367.661855
1763441367.697720
1763441367.733287
1763441367.763693
1763441367.792601
1763441367.830946
1763441367.869671
1763441367.892845
1763441367.933081
1763441367.959785
1763441368.003930
1763441368.026297
1763441368.067658
1763441368.092660
1763441368.139061
1763441368.159291
1763441368.198926
1763441368.226251
1763441368.272225
1763441368.292636
1763441368.334808
1763441368.359302
1763441368.403413
1763441368.426477
1763441368.464941
1763441368.493104
1763441368.535923
1763441368.559574
1763441368.598098
1763441368.629718
1763441368.670560
1763441368.692963
1763441368.729768
1763441368.765130
1763441368.798096
1763441368.827562
1763441368.862839
1763441368.897966
1763441368.937273
1763441368.959820
1763441369.001175
1763441369.026358
1763441369.071682
1763441369.093232
1763441369.133928
1763441369.159217
1763441369.202199
1763441369.228226
1763441369.268968
1763441369.292959
1763441369.336254
1763441369.360699
1763441369.402487
1763441369.426459
1763441369.471153
1763441369.493643
1763441369.530361
1763441369.566264
1763441369.599704
1763441369.631851
1763441369.659978
1763441369.703526
1763441369.726945
1763441369.773197
1763441369.792504
1763441369.836075
1763441369.861444
1763441369.903154
1763441369.925790
1763441369.972759
1763441369.993036
1763441370.040041
1763441370.059321
1763441370.105482
1763441370.126570
1763441370.173155
1763441370.192728
1763441370.238859
1763441370.260184
1763441370.307077
1763441370.326207
1763441370.372605
1763441370.393470
1763441370.439269
1763441370.462977
1763441370.492645
1763441370.536674
1763441370.563281
1763441370.602678
1763441370.628161
1763441370.665458
1763441370.697078
1763441370.739028
1763441370.760251
1763441370.801483
1763441370.826973
1763441370.870225
1763441370.893403
1763441370.935617
1763441370.960511
1763441371.004229
1763441371.027216
1763441371.069701
1763441371.093701
1763441371.139929
1763441371.160379
1763441371.203312
1763441371.227167
1763441371.269109
1763441371.299872
1763441371.330475
1763441371.371855
1763441371.393725
1763441371.438379
1763441371.460299
1763441371.506242
1763441371.527156
1763441371.571997
1763441371.593417
1763441371.640084
1763441371.660441
1763441371.706044
1763441371.726958
1763441371.773655
1763441371.793963
1763441371.840531
1763441371.860241
1763441371.902473
1763441371.930533
1763441371.972701
1763441371.993589
1763441372.037621
1763441372.061519
1763441372.107447
1763441372.126965
1763441372.170671
1763441372.194126
1763441372.241409
1763441372.260452
1763441372.301285
1763441372.334675
1763441372.369542
1763441372.394623
1763441372.441552
1763441372.461480
1763441372.504117
1763441372.527594
1763441372.573462
1763441372.594588
1763441372.641565
1763441372.660836
1763441372.702776
1763441372.734575
1763441372.770139
1763441372.794831
1763441372.838142
1763441372.861558
1763441372.902158
1763441372.928346
1763441372.971283
1763441372.995193
1763441373.041371
1763441373.061012
1763441373.102592
1763441373.135081
1763441373.169444
1763441373.195138
1763441373.237491
1763441373.264674
1763441373.307069
1763441373.327642
1763441373.370862
1763441373.394989
1763441373.438522
1763441373.460875
1763441373.506424
1763441373.528077
1763441373.575074
1763441373.594433
1763441373.637844
1763441373.662704
1763441373.708579
1763441373.727958
1763441373.770822
1763441373.797742
1763441373.836651
1763441373.862808
1763441373.903846
1763441373.932757
1763441373.974095
1763441373.994701
1763441374.040479
1763441374.062937
1763441374.108468
1763441374.128111
1763441374.175283
1763441374.196027
1763441374.240535
1763441374.261443
1763441374.309050
1763441374.329313
1763441374.375355
1763441374.394873
1763441374.435838
1763441374.471187
1763441374.498160
1763441374.533932
1763441374.567859
1763441374.604460
1763441374.633965
1763441374.663385
1763441374.707733
1763441374.730525
1763441374.772703
1763441374.795807
1763441374.843184
1763441374.863898
1763441374.908108
1763441374.929297
1763441374.972230
1763441375.000811
1763441375.041281
1763441375.062800
1763441375.106567
1763441375.134258
1763441375.175182
1763441375.195955
1763441375.243305
1763441375.264802
1763441375.309315
1763441375.328938
1763441375.376213
1763441375.397828
1763441375.441114
1763441375.463083
1763441375.509269
1763441375.531788
1763441375.574645
1763441375.595575
1763441375.642912
1763441375.664386
1763441375.706853
1763441375.729590
1763441375.774912
1763441375.798038
1763441375.842108
1763441375.862238
1763441375.905625
1763441375.931055
1763441375.975826
1763441375.995644
1763441376.041716
1763441376.064600
1763441376.102745
1763441376.132011
1763441376.172603
1763441376.201008
1763441376.241882
1763441376.262471
1763441376.308847
1763441376.332312
1763441376.374122
1763441376.395944
1763441376.439201
1763441376.467864
1763441376.507692
1763441376.529124
1763441376.571119
1763441376.599338
1763441376.642734
1763441376.662569
1763441376.705946
1763441376.731524
1763441376.773914
1763441376.795781
1763441376.841214
1763441376.865686
1763441376.909580
1763441376.929397
1763441376.976105
1763441376.998623
1763441377.040502
1763441377.062669
1763441377.108255
1763441377.132381
1763441377.173101
1763441377.196383
1763441377.241497
1763441377.265794
1763441377.307807
1763441377.329643
1763441377.373611
1763441377.400042
1763441377.443261
1763441377.462898
1763441377.510518
1763441377.532231
1763441377.576216
1763441377.596389
1763441377.643301
1763441377.665799
1763441377.707500
1763441377.729772
1763441377.772390
1763441377.801294
1763441377.842630
1763441377.863037
1763441377.908560
1763441377.933424
1763441377.976553
1763441377.996542
1763441378.043337
1763441378.065886
1763441378.107215
1763441378.130172
1763441378.175157
1763441378.199862
1763441378.242620
1763441378.263355
1763441378.309214
1763441378.333575
1763441378.376907
1763441378.396778
1763441378.440454
1763441378.467028
1763441378.509269
1763441378.530293
1763441378.573224
1763441378.602264
1763441378.639841
1763441378.663625
1763441378.709567
1763441378.733915
1763441378.775699
1763441378.806928
1763441378.830360
1763441378.877203
1763441378.900532
1763441378.942663
1763441378.968294
1763441379.002031
1763441379.037059
1763441379.075666
1763441379.101425
1763441379.136305
1763441379.171261
1763441379.206737
1763441379.238741
1763441379.268018
1763441379.307476
1763441379.337433
1763441379.373895
1763441379.398688
1763441379.440660
1763441379.471026
1763441379.507484
1763441379.530714
1763441379.576532
1763441379.601629
1763441379.643210
1763441379.664158
1763441379.711274
1763441379.733638
1763441379.775176
1763441379.797398
1763441379.840462
1763441379.869451
1763441379.909469
1763441379.930769
1763441379.977767
1763441380.000761
1763441380.042577
1763441380.064208
1763441380.111163
1763441380.134435
1763441380.175901
1763441380.197850
1763441380.245064
1763441380.267806
1763441380.308673
1763441380.333915
1763441380.376007
1763441380.403534
1763441380.443195
1763441380.464740
1763441380.511052
1763441380.535508
1763441380.576938
1763441380.598095
1763441380.644662
1763441380.668674
1763441380.709139
1763441380.733522
1763441380.773692
1763441380.804748
1763441380.842964
1763441380.865973
1763441380.909495
1763441380.932513
1763441380.976732
1763441380.999262
1763441381.043431
1763441381.069117
1763441381.109619
1763441381.133580
1763441381.175005
1763441381.204490
1763441381.241428
1763441381.266535
1763441381.310169
1763441381.335939
1763441381.374232
1763441381.399520
1763441381.443016
1763441381.469678
1763441381.510960
1763441381.531798
1763441381.575437
1763441381.604855
1763441381.643314
1763441381.665249
1763441381.711526
1763441381.736468
1763441381.774443
1763441381.800595
1763441381.842249
1763441381.871063
1763441381.911374
1763441381.932413
1763441381.977953
1763441382.003741
1763441382.042584
1763441382.067971
1763441382.109715
1763441382.139328
1763441382.175654
1763441382.202990
1763441382.240848
1763441382.274993
1763441382.306841
1763441382.336877
1763441382.372829
1763441382.409206
1763441382.439372
1763441382.466999
1763441382.509402
1763441382.536411
1763441382.576898
1763441382.598791
1763441382.643921
1763441382.670154
1763441382.709162
1763441382.732185
1763441382.776777
1763441382.803149
1763441382.840339
1763441382.865677
1763441382.911799
1763441382.936858
1763441382.977907
1763441382.998974
1763441383.043379
1763441383.070739
1763441383.110315
1763441383.132507
1763441383.176573
1763441383.204207
1763441383.243982
1763441383.265810
1763441383.311434
1763441383.336781
1763441383.375341
1763441383.399500
1763441383.446108
1763441383.469160
1763441383.509992
1763441383.532930
1763441383.578160
1763441383.604106
1763441383.643892
1763441383.666296
1763441383.709415
1763441383.739035
1763441383.777533
1763441383.802127
1763441383.840046
1763441383.876048
1763441383.907233
1763441383.937694
1763441383.973168
1763441384.008118
1763441384.039469
1763441384.069838
1763441384.108354
1763441384.138550
1763441384.176311
1763441384.199631
1763441384.246507
1763441384.269436
1763441384.309238
1763441384.333077
1763441384.380109
1763441384.402831
1763441384.440408
1763441384.466336
1763441384.511068
1763441384.537281
1763441384.577861
1763441384.599924
1763441384.642403
1763441384.671262
1763441384.711862
1763441384.733173
1763441384.776309
1763441384.806057
1763441384.842220
1763441384.867580
1763441384.909862
1763441384.938926
1763441384.978623
1763441385.000280
1763441385.046201
1763441385.071395
1763441385.112463
1763441385.133800
1763441385.178120
1763441385.205335
1763441385.246426
1763441385.267213
1763441385.313299
1763441385.338194
1763441385.378869
1763441385.400414
1763441385.442975
1763441385.473307
1763441385.510919
1763441385.533739
1763441385.576394
1763441385.606668
1763441385.641698
1763441385.667470
1763441385.708971
1763441385.740554
1763441385.776870
1763441385.800410
1763441385.843206
1763441385.872172
1763441385.909515
1763441385.934005
1763441385.976366
1763441386.007193
1763441386.044113
1763441386.067458
1763441386.113272
1763441386.138918
1763441386.174124
1763441386.204782
1763441386.244751
1763441386.273916
1763441386.310146
1763441386.334382
1763441386.378198
1763441386.405079
1763441386.446423
1763441386.467478
1763441386.510597
1763441386.542302
1763441386.577945
1763441386.601000
1763441386.643626
1763441386.673937
1763441386.709777
1763441386.734508
1763441386.777190
1763441386.807222
1763441386.843430
1763441386.868721
1763441386.910307
1763441386.942679
1763441386.974471
1763441387.005944
1763441387.042255
1763441387.075123
1763441387.110818
1763441387.145931
1763441387.168034
1763441387.210510
1763441387.243613
1763441387.277931
1763441387.308102
1763441387.341652
1763441387.373745
1763441387.409615
1763441387.444806
1763441387.468312
1763441387.510244
1763441387.543555
1763441387.577421
1763441387.601463
1763441387.644173
1763441387.674425
1763441387.709376
1763441387.734819
1763441387.779277
1763441387.806345
1763441387.844665
1763441387.868368
1763441387.910181
1763441387.942680
1763441387.977412
1763441388.004695
1763441388.045601
1763441388.072997
1763441388.113520
1763441388.135359
1763441388.176413
1763441388.208933
1763441388.241713
1763441388.272942
1763441388.310014
1763441388.342718
1763441388.376981
1763441388.403095
1763441388.442262
1763441388.475864
1763441388.510803
1763441388.535400
1763441388.574224
1763441388.606559
1763441388.643966
1763441388.668912
1763441388.710945
1763441388.740552
1763441388.776993
1763441388.802525
1763441388.842554
1763441388.876298
1763441388.912120
1763441388.935848
1763441388.979707
1763441389.006473
1763441389.046565
1763441389.071193
1763441389.112635
1763441389.141017
1763441389.175418
1763441389.207919
1763441389.244242
1763441389.279046
1763441389.310541
1763441389.339081
1763441389.378927
1763441389.408748
1763441389.444184
1763441389.469924
1763441389.511808
1763441389.541818
1763441389.576793
1763441389.604849
1763441389.645973
1763441389.674600
1763441389.711774
1763441389.736465
1763441389.777742
1763441389.806915
1763441389.847136
1763441389.869220
1763441389.912603
1763441389.942237
1763441389.977184
1763441390.005337
1763441390.045142
1763441390.075022
1763441390.111040
1763441390.137141
1763441390.177821
1763441390.210041
1763441390.245094
1763441390.270067
1763441390.312291
1763441390.342131
1763441390.377417
1763441390.404927
1763441390.447238
1763441390.474494
1763441390.510780
1763441390.538667
1763441390.580269
1763441390.608200
1763441390.642352
1763441390.674094
1763441390.711760
1763441390.743742
1763441390.779036
1763441390.804624
1763441390.845299
1763441390.877563
1763441390.913276
1763441390.937137
1763441390.978403
1763441391.008577
1763441391.043786
1763441391.072321
1763441391.113969
1763441391.140600
1763441391.180673
1763441391.203611
1763441391.244602
1763441391.278359
1763441391.309336
1763441391.340963
1763441391.375880
1763441391.411733
1763441391.443111
1763441391.470837
1763441391.511941
1763441391.543112
1763441391.578177
1763441391.603350
1763441391.645268
1763441391.675944
1763441391.714023
1763441391.736752
1763441391.778149
1763441391.808941
1763441391.848596
1763441391.870023
1763441391.913971
1763441391.941540
1763441391.979539
1763441392.003507
1763441392.044853
1763441392.076140
1763441392.111847
1763441392.136743
1763441392.175825
1763441392.213144
1763441392.241878
1763441392.271817
1763441392.312721
1763441392.342137
1763441392.379660
1763441392.403715
1763441392.442885
1763441392.474477
1763441392.506672
1763441392.537507
1763441392.578549
1763441392.608101
1763441392.648670
1763441392.670455
1763441392.713762
1763441392.741705
1763441392.778403
1763441392.804330
1763441392.845765
1763441392.876034
1763441392.913243
1763441392.937538
1763441392.975972
1763441393.015851
1763441393.041330
1763441393.075109
1763441393.108032
1763441393.145439
1763441393.180311
1763441393.204448
1763441393.249566
1763441393.273937
1763441393.311306
1763441393.341378
1763441393.375761
1763441393.406753
1763441393.443152
1763441393.472473
1763441393.511040
1763441393.549392
1763441393.574481
1763441393.609343
1763441393.645072
1763441393.678564
1763441393.711793
1763441393.738048
1763441393.783508
1763441393.807588
1763441393.849173
1763441393.871145
1763441393.913439
1763441393.943874
1763441393.982670
1763441394.004561
1763441394.047283
1763441394.075899
1763441394.116529
1763441394.137905
1763441394.180819
1763441394.210776
1763441394.250637
1763441394.271359
1763441394.316902
1763441394.341175
1763441394.383341
1763441394.404748
1763441394.449048
1763441394.474572
1763441394.514473
1763441394.538142
1763441394.580837
1763441394.610282
1763441394.650907
1763441394.671606
1763441394.713764
1763441394.744276
1763441394.782244
1763441394.804819
1763441394.848007
1763441394.876584
1763441394.914098
1763441394.938400
1763441394.982038
1763441395.008076
1763441395.049681
1763441395.071657
1763441395.114956
1763441395.141645
1763441395.180162
1763441395.205660
1763441395.248022
1763441395.277115
1763441395.313805
1763441395.339615
1763441395.381968
1763441395.409056
1763441395.447466
1763441395.485163
1763441395.505588
1763441395.547159
1763441395.578660
1763441395.614467
1763441395.642278
1763441395.676535
1763441395.713856
1763441395.744377
1763441395.784560
1763441395.805826
1763441395.852713
1763441395.874952
1763441395.913339
1763441395.940253
1763441395.979146
1763441396.015095
1763441396.042395
1763441396.075469
1763441396.116158
1763441396.141532
1763441396.182609
1763441396.205609
1763441396.252189
1763441396.274366
1763441396.314697
1763441396.340166
1763441396.386488
1763441396.407623
1763441396.448848
1763441396.473924
1763441396.515165
1763441396.542288
1763441396.583980
1763441396.606039
1763441396.652394
1763441396.675215
1763441396.714061
1763441396.740003
1763441396.785248
1763441396.808507
1763441396.852526
1763441396.872802
1763441396.916747
1763441396.942141
1763441396.981458
1763441397.006063
1763441397.048736
1763441397.075732
1763441397.116671
1763441397.139405
1763441397.184222
1763441397.208804
1763441397.250152
1763441397.272950
1763441397.319426
1763441397.341785
1763441397.380930
1763441397.408012
1763441397.450264
1763441397.475593
1763441397.517398
1763441397.540006
1763441397.585641
1763441397.608417
1763441397.649270
1763441397.674714
1763441397.715422
1763441397.743195
1763441397.782264
1763441397.808840
1763441397.850677
1763441397.875727
1763441397.914083
1763441397.944308
1763441397.979646
1763441398.012644
1763441398.052347
1763441398.073387
1763441398.118930
1763441398.142120
1763441398.181052
1763441398.206808
1763441398.252478
1763441398.275298
1763441398.313590
1763441398.340962
1763441398.386610
1763441398.408762
1763441398.454796
1763441398.473643
1763441398.518466
1763441398.542349
1763441398.580785
1763441398.607388
1763441398.653251
1763441398.675489
1763441398.717798
1763441398.740325
1763441398.784799
1763441398.808985
1763441398.855505
1763441398.873803
1763441398.919673
1763441398.942188
1763441398.988320
1763441399.007342
1763441399.053471
1763441399.075494
1763441399.118782
1763441399.140853
1763441399.186442
1763441399.209132
1763441399.254620
1763441399.274310
1763441399.320204
1763441399.342350
1763441399.386956
1763441399.407673
1763441399.454555
1763441399.475050
1763441399.521296
1763441399.540955
1763441399.586205
1763441399.608952
1763441399.654191
1763441399.674440
1763441399.721576
1763441399.742419
1763441399.788541
1763441399.807889
1763441399.854868
1763441399.875603
1763441399.915328
1763441399.941116
1763441399.986389
1763441400.008154
1763441400.055033
1763441400.074787
1763441400.121766
1763441400.142161
1763441400.188305
1763441400.208081
1763441400.255198
1763441400.275224
1763441400.314852
1763441400.341812
1763441400.389230
1763441400.408593
1763441400.455695
1763441400.474796
1763441400.521116
1763441400.542764
1763441400.588106
1763441400.608291
1763441400.655219
1763441400.675595
1763441400.717171
1763441400.741916
1763441400.783312
1763441400.808186
1763441400.844662
1763441400.879642
1763441400.915119
1763441400.949924
1763441400.976965
1763441401.016017
1763441401.042959
1763441401.085809
1763441401.109930
1763441401.148643
1763441401.176464
1763441401.222758
1763441401.242047
1763441401.280864
1763441401.313987
1763441401.354583
1763441401.376271
1763441401.416466
1763441401.442866
1763441401.489389
1763441401.509227
1763441401.552193
1763441401.575645
1763441401.622564
1763441401.642552
1763441401.688586
1763441401.708974
1763441401.755490
1763441401.776657
1763441401.818555
1763441401.842742
1763441401.886319
1763441401.912324
1763441401.947599
1763441401.982884
1763441402.016481
1763441402.048263
1763441402.076490
1763441402.122604
1763441402.142512
1763441402.189629
1763441402.209040
1763441402.254509
1763441402.276316
1763441402.319985
1763441402.342434
1763441402.388594
1763441402.409121
1763441402.453048
1763441402.475615
1763441402.522406
1763441402.542548
1763441402.585923
1763441402.609120
1763441402.654678
1763441402.676621
1763441402.722654
1763441402.742496
1763441402.789388
1763441402.809216
1763441402.852536
1763441402.876060
1763441402.919289
1763441402.943503
1763441402.980376
1763441403.009250
1763441403.052476
1763441403.077665
1763441403.123789
1763441403.142904
1763441403.188697
1763441403.210100
1763441403.252872
1763441403.276033
1763441403.319498
1763441403.344737
1763441403.388222
1763441403.409591
1763441403.453016
1763441403.476927
1763441403.520503
1763441403.543191
1763441403.586342
1763441403.610500
1763441403.655152
1763441403.676528
1763441403.720163
1763441403.743834
1763441403.790291
1763441403.820126
1763441403.843188
1763441403.889808
1763441403.910608
1763441403.953798
1763441403.977545
1763441404.018773
1763441404.043485
1763441404.090974
1763441404.110481
1763441404.147565
1763441404.183984
1763441404.210408
1763441404.252563
1763441404.276531
1763441404.321376
1763441404.343957
1763441404.387440
1763441404.410047
1763441404.453737
1763441404.477073
1763441404.521703
1763441404.543729
1763441404.589570
1763441404.610725
1763441404.657028
1763441404.676966
1763441404.722998
1763441404.744002
1763441404.790785
1763441404.810379
1763441404.853913
1763441404.877569
1763441404.923775
1763441404.943930
1763441404.989505
1763441405.010943
1763441405.057313
1763441405.077253
1763441405.123714
1763441405.144553
1763441405.191228
1763441405.210632
1763441405.256734
1763441405.277861
1763441405.324857
1763441405.344188
1763441405.388026
1763441405.411486
1763441405.457604
1763441405.477420
1763441405.524046
1763441405.544771
1763441405.590777
1763441405.610931
1763441405.652913
1763441405.687008
1763441405.713622
1763441405.753291
1763441405.777635
1763441405.815029
1763441405.850222
1763441405.877569
1763441405.914448
1763441405.949210
1763441405.990376
1763441406.010884
1763441406.056767
1763441406.078467
1763441406.121745
1763441406.144353
1763441406.190374
1763441406.211722
1763441406.257273
1763441406.277677
1763441406.324577
1763441406.345578
1763441406.390827
1763441406.412685
1763441406.455283
1763441406.478895
1763441406.522859
1763441406.544721
1763441406.590003
1763441406.612223
1763441406.656091
1763441406.677938
1763441406.724867
1763441406.745839
1763441406.792004
1763441406.811340
1763441406.854420
1763441406.881240
1763441406.923823
1763441406.944717
1763441406.990394
1763441407.013317
1763441407.055691
1763441407.078786
1763441407.124922
1763441407.146507
1763441407.187838
1763441407.213797
1763441407.255709
1763441407.282288
1763441407.323843
1763441407.344912
1763441407.387114
1763441407.416655
1763441407.456703
1763441407.478222
1763441407.520503
1763441407.547974
1763441407.591588
1763441407.611640
1763441407.657298
1763441407.680368
1763441407.725882
1763441407.745041
1763441407.787737
1763441407.813780
1763441407.856620
1763441407.878428
1763441407.924581
1763441407.947149
1763441407.990036
1763441408.011917
1763441408.057419
1763441408.080893
1763441408.123220
1763441408.145225
1763441408.188768
1763441408.214278
1763441408.258789
1763441408.278745
1763441408.324500
1763441408.347613
1763441408.391088
1763441408.412135
1763441408.455662
1763441408.481140
1763441408.523876
1763441408.545544
1763441408.588602
1763441408.616671
1763441408.658771
1763441408.679008
1763441408.724228
1763441408.748277
1763441408.790497
1763441408.812312
1763441408.858487
1763441408.881490
1763441408.925167
1763441408.945612
1763441408.989047
1763441409.015607
1763441409.055448
1763441409.079097
1763441409.125336
1763441409.147727
1763441409.192334
1763441409.212472
1763441409.259748
1763441409.281731
1763441409.326341
1763441409.346007
1763441409.389561
1763441409.416397
1763441409.458999
1763441409.479349
1763441409.526379
1763441409.548963
1763441409.591908
1763441409.612757
1763441409.658683
1763441409.682286
1763441409.725907
1763441409.746276
1763441409.793273
1763441409.815565
1763441409.859090
1763441409.879536
1763441409.925901
1763441409.948967
1763441409.992417
1763441410.012910
1763441410.055403
1763441410.082587
1763441410.124144
1763441410.146181
1763441410.189790
1763441410.217602
1763441410.258534
1763441410.279820
1763441410.323511
1763441410.351878
1763441410.393141
1763441410.413062
1763441410.456329
1763441410.486013
1763441410.523555
1763441410.546340
1763441410.593641
1763441410.615425
1763441410.656756
1763441410.679820
1763441410.722351
1763441410.750945
1763441410.790545
1763441410.813168
1763441410.856702
1763441410.886160
1763441410.922841
1763441410.946736
1763441410.989842
1763441411.019336
1763441411.059864
1763441411.080090
1763441411.123797
1763441411.152538
1763441411.193016
1763441411.213579
1763441411.260502
1763441411.283554
1763441411.327213
1763441411.346960
1763441411.390550
1763441411.419833
1763441411.459157
1763441411.480352
1763441411.524362
1763441411.551842
1763441411.590543
1763441411.613655
1763441411.657947
1763441411.684100
1763441411.725937
1763441411.747012
1763441411.794312
1763441411.816080
1763441411.857861
1763441411.880532
1763441411.925918
1763441411.950966
1763441411.992407
1763441412.013841
1763441412.059676
1763441412.084016
1763441412.126685
1763441412.158634
1763441412.180776
1763441412.228496
1763441412.251374
1763441412.292394
1763441412.320359
1763441412.352651
1763441412.389333
1763441412.419658
1763441412.457785
1763441412.481044
1763441412.524462
1763441412.553860
1763441412.593490
1763441412.614392
1763441412.660537
1763441412.685676
1763441412.724062
1763441412.747917
1763441412.792081
1763441412.820327
1763441412.858221
1763441412.881396
1763441412.928104
1763441412.952396
1763441412.990496
1763441413.016332
1763441413.060323
1763441413.085919
1763441413.123014
1763441413.150618
1763441413.191409
1763441413.220664
1763441413.258309
1763441413.283346
1763441413.326773
1763441413.352324
1763441413.392834
1763441413.415197
1763441413.456933
1763441413.487256
1763441413.524575
1763441413.550597
1763441413.592636
1763441413.621045
1763441413.659705
1763441413.682455
1763441413.727506
1763441413.752888
1763441413.790586
1763441413.817239
1763441413.858865
1763441413.888621
1763441413.925296
1763441413.949767
1763441413.992261
1763441414.022241
1763441414.058152
1763441414.083486
1763441414.126671
1763441414.153772
1763441414.193075
1763441414.216489
1763441414.259036
1763441414.288941
1763441414.325371
1763441414.352200
1763441414.393126
1763441414.420465
1763441414.459363
1763441414.485307
1763441414.526049
1763441414.555310
1763441414.593166
1763441414.616618
1763441414.658892
1763441414.688574
1763441414.725059
1763441414.749030
1763441414.793561
1763441414.819943
1763441414.857604
1763441414.881984
1763441414.926508
1763441414.950567
1763441414.992714
1763441415.015396
1763441415.059769
1763441415.086220
1763441415.126785
1763441415.148678
1763441415.192755
1763441415.219903
1763441415.261260
1763441415.282078
1763441415.327283
1763441415.352748
1763441415.390736
1763441415.415710
1763441415.461228
1763441415.486391
1763441415.526174
1763441415.549000
1763441415.592503
1763441415.622306
1763441415.657856
1763441415.685516
1763441415.722533
1763441415.758752
1763441415.790706
1763441415.819443
1763441415.856895
1763441415.891389
1763441415.922005
1763441415.953015
1763441415.989859
1763441416.024998
1763441416.055793
1763441416.082858
1763441416.127372
1763441416.152536
1763441416.190660
1763441416.215891
1763441416.261775
1763441416.285242
1763441416.322888
1763441416.349165
1763441416.394951
1763441416.418496
1763441416.460598
1763441416.482664
1763441416.525756
1763441416.554904
1763441416.593947
1763441416.616062
1763441416.660233
1763441416.687126
1763441416.727700
1763441416.749502
1763441416.790893
1763441416.821330
1763441416.860542
1763441416.882941
1763441416.927600
1763441416.953400
1763441416.990582
1763441417.016218
1763441417.059851
1763441417.086071
1763441417.127777
1763441417.149750
1763441417.192619
1763441417.221602
1763441417.259965
1763441417.283045
1763441417.325688
1763441417.352314
1763441417.394251
1763441417.416487
1763441417.458117
1763441417.488337
1763441417.527863
1763441417.549951
1763441417.595410
1763441417.620721
1763441417.661982
1763441417.683437
1763441417.726805
1763441417.755526
1763441417.794112
1763441417.816802
1763441417.859272
1763441417.890200
1763441417.926782
1763441417.950209
1763441417.993348
1763441418.023168
1763441418.060210
1763441418.084888
1763441418.126369
1763441418.156657
1763441418.193064
1763441418.219599
1763441418.255365
1763441418.294393
1763441418.323413
1763441418.358084
1763441418.388565
1763441418.429991
1763441418.454749
1763441418.488503
1763441418.524056
1763441418.559170
1763441418.589908
1763441418.617569
1763441418.659121
1763441418.689903
1763441418.728071
1763441418.750508
1763441418.795131
1763441418.821858
1763441418.862406
1763441418.883940
1763441418.926356
1763441418.955593
1763441418.992597
1763441419.017634
1763441419.060011
1763441419.089165
1763441419.126714
1763441419.150728
1763441419.194365
1763441419.222893
1763441419.259291
1763441419.284661
1763441419.326829
1763441419.356830
1763441419.393298
1763441419.417521
1763441419.459271
1763441419.489057
1763441419.525972
1763441419.551088
1763441419.591642
1763441419.626159
1763441419.657199
1763441419.684901
1763441419.727215
1763441419.755955
1763441419.794424
1763441419.817778
1763441419.859996
1763441419.890848
1763441419.928331
1763441419.951396
1763441419.994235
1763441420.022856
1763441420.062945
1763441420.084729
1763441420.127179
1763441420.155784
1763441420.193570
1763441420.219745
1763441420.261161
1763441420.290506
1763441420.326264
1763441420.354272
1763441420.394256
1763441420.423747
1763441420.459803
1763441420.493317
1763441420.518454
1763441420.563606
1763441420.589020
1763441420.626877
1763441420.659593
1763441420.685063
1763441420.724171
1763441420.755678
1763441420.791626
1763441420.818483
1763441420.861919
1763441420.889470
1763441420.927201
1763441420.952104
1763441420.990870
1763441421.023241
1763441421.061429
1763441421.085054
1763441421.129316
1763441421.154933
1763441421.195579
1763441421.218522
1763441421.258541
1763441421.290543
1763441421.326747
1763441421.351911
1763441421.390185
1763441421.427115
1763441421.456106
1763441421.485840
1763441421.526910
1763441421.557100
1763441421.592644
1763441421.618503
1763441421.659139
1763441421.690053
1763441421.729072
1763441421.752008
1763441421.790552
1763441421.825813
1763441421.858327
1763441421.885684
1763441421.925257
1763441421.959900
1763441421.993641
1763441422.018879
1763441422.058185
1763441422.091918
1763441422.126690
1763441422.153811
1763441422.194094
1763441422.228181
1763441422.261582
1763441422.288292
1763441422.329430
1763441422.357621
1763441422.392218
1763441422.423383
1763441422.460594
1763441422.494216
1763441422.528106
1763441422.555491
1763441422.595991
1763441422.625184
1763441422.662306
1763441422.686392
1763441422.724830
1763441422.757771
1763441422.793202
1763441422.820323
1763441422.861058
1763441422.893375
1763441422.928414
1763441422.952796
1763441422.996944
1763441423.023468
1763441423.061444
1763441423.086021
1763441423.126574
1763441423.160632
1763441423.194850
1763441423.219444
1763441423.260847
1763441423.291917
1763441423.329530
1763441423.352932
1763441423.388635
1763441423.424855
1763441423.456289
1763441423.489549
1763441423.523570
1763441423.563965
1763441423.590791
1763441423.621987
1763441423.660024
1763441423.693436
1763441423.728507
1763441423.753027
1763441423.794038
1763441423.825810
1763441423.864306
1763441423.886378
1763441423.929920
1763441423.958142
1763441423.998873
1763441424.019823
1763441424.061484
1763441424.090314
1763441424.130970
1763441424.153147
1763441424.194260
1763441424.227444
1763441424.263257
1763441424.287920
1763441424.329724
1763441424.358571
1763441424.397487
1763441424.420905
1763441424.463061
1763441424.491275
1763441424.528401
1763441424.554836
1763441424.596811
1763441424.626180
1763441424.662243
1763441424.687522
1763441424.722778
1763441424.763546
1763441424.792841
1763441424.820278
1763441424.862870
1763441424.890981
1763441424.927914
1763441424.953639
1763441424.998656
1763441425.023518
1763441425.062828
1763441425.087099
1763441425.129587
1763441425.157932
1763441425.198504
1763441425.220347
1763441425.265857
1763441425.290110
1763441425.327914
1763441425.353925
1763441425.399901
1763441425.423606
1763441425.463949
1763441425.487258
1763441425.533698
1763441425.557103
1763441425.598586
1763441425.620651
1763441425.663063
1763441425.692066
1763441425.731280
1763441425.754095
1763441425.797515
1763441425.827253
1763441425.865197
1763441425.887475
1763441425.930744
1763441425.958903
1763441425.997203
1763441426.022342
1763441426.065947
1763441426.090856
1763441426.129147
1763441426.157138
1763441426.198721
1763441426.224334
1763441426.265690
1763441426.287842
1763441426.332881
1763441426.357709
1763441426.396169
1763441426.424446
1763441426.462130
1763441426.497274
1763441426.527862
1763441426.557226
1763441426.595811
1763441426.629539
1763441426.661035
1763441426.692193
1763441426.728590
1763441426.764678
1763441426.792044
1763441426.824011
1763441426.866436
1763441426.891001
1763441426.933114
1763441426.954622
1763441426.997278
1763441427.025861
1763441427.067114
1763441427.088088
1763441427.131113
1763441427.158586
1763441427.200065
1763441427.221388
1763441427.266940
1763441427.290886
1763441427.332993
1763441427.354843
1763441427.400791
1763441427.423693
1763441427.464608
1763441427.488086
1763441427.532899
1763441427.557725
1763441427.600497
1763441427.621568
1763441427.665651
1763441427.691553
1763441427.730024
1763441427.755074
1763441427.798331
1763441427.824925
1763441427.863422
1763441427.888586
1763441427.932644
1763441427.958212
1763441427.996552
1763441428.022486
1763441428.069374
1763441428.090670
1763441428.136238
1763441428.155379
1763441428.200437
1763441428.225128
1763441428.267588
1763441428.289152
1763441428.332451
1763441428.359016
1763441428.401460
1763441428.422349
1763441428.468267
1763441428.491500
1763441428.531824
1763441428.557408
1763441428.600574
1763441428.625146
1763441428.663976
1763441428.689521
1763441428.732242
1763441428.759046
1763441428.796622
1763441428.833263
1763441428.855860
1763441428.898977
1763441428.925197
1763441428.966699
1763441428.991820
1763441429.025037
1763441429.066578
1763441429.091210
1763441429.135565
1763441429.155768
1763441429.200528
1763441429.224945
1763441429.266934
1763441429.289194
1763441429.332546
1763441429.358766
1763441429.400919
1763441429.422553
1763441429.470038
1763441429.490541
1763441429.536139
1763441429.555970
1763441429.595247
1763441429.629277
1763441429.662681
1763441429.690653
1763441429.736391
1763441429.758197
1763441429.803954
1763441429.823025
1763441429.869509
1763441429.891532
1763441429.931651
1763441429.956440
1763441430.003628
1763441430.025164
1763441430.065633
1763441430.089801
1763441430.131503
1763441430.159177
1763441430.197922
1763441430.224421
1763441430.269775
1763441430.291902
1763441430.332972
1763441430.357156
1763441430.403149
1763441430.425391
1763441430.468730
1763441430.490298
1763441430.536527
1763441430.558772
1763441430.603728
1763441430.623737
1763441430.669662
1763441430.691933
1763441430.732289
1763441430.758458
1763441430.796268
1763441430.828311
1763441430.867470
1763441430.890359
1763441430.936901
1763441430.958880
1763441430.998359
1763441431.023628
1763441431.069476
1763441431.091938
1763441431.137826
1763441431.157096
1763441431.204178
1763441431.225054
1763441431.268375
1763441431.290410
1763441431.337076
1763441431.357834
1763441431.404588
1763441431.423868
1763441431.470686
1763441431.491781
1763441431.538117
1763441431.557264
1763441431.604485
1763441431.625140
1763441431.671286
1763441431.690833
1763441431.737659
1763441431.758569
1763441431.805643
1763441431.824261
1763441431.869600
1763441431.892086
1763441431.937693
1763441431.957599
1763441432.004318
1763441432.025590
1763441432.069970
1763441432.091090
1763441432.137802
1763441432.158509
1763441432.204744
1763441432.224621
1763441432.270645
1763441432.292382
1763441432.337323
1763441432.358126
1763441432.405179
1763441432.425417
1763441432.468746
1763441432.492428
1763441432.531143
1763441432.565413
1763441432.600540
1763441432.624874
1763441432.671070
1763441432.692110
1763441432.737679
1763441432.758076
1763441432.804755
1763441432.825236
1763441432.869018
1763441432.891319
1763441432.937463
1763441432.958481
1763441433.003714
1763441433.024646
1763441433.071312
1763441433.091463
1763441433.138839
1763441433.158097
1763441433.201410
1763441433.226538
1763441433.271370
1763441433.291574
1763441433.337998
1763441433.358912
1763441433.405690
1763441433.424866
1763441433.471366
1763441433.491722
1763441433.538753
1763441433.558272
1763441433.605304
1763441433.625185
1763441433.672163
1763441433.691743
1763441433.734326
1763441433.759576
1763441433.805886
1763441433.825056
1763441433.865855
1763441433.892820
1763441433.937856
1763441433.958274
1763441434.004953
1763441434.025186
1763441434.068355
1763441434.091733
1763441434.134973
1763441434.159893
1763441434.206171
1763441434.225333
1763441434.269289
1763441434.292548
1763441434.338604
1763441434.358732
1763441434.405811
1763441434.426146
1763441434.473124
1763441434.492281
1763441434.536664
1763441434.560130
1763441434.603827
1763441434.626008
1763441434.673286
1763441434.692710
1763441434.736513
1763441434.759277
1763441434.801953
1763441434.828177
1763441434.871089
1763441434.892346
1763441434.934698
1763441434.959885
1763441435.002836
1763441435.025712
1763441435.070633
1763441435.092446
1763441435.135660
1763441435.158992
1763441435.204927
1763441435.225786
1763441435.272867
1763441435.292453
1763441435.337598
1763441435.360023
1763441435.403265
1763441435.425749
1763441435.471898
1763441435.492720
1763441435.536290
1763441435.559292
1763441435.598895
1763441435.632499
1763441435.666838
1763441435.692491
1763441435.738741
1763441435.759391
1763441435.801496
1763441435.826064
1763441435.869373
1763441435.893191
1763441435.940590
1763441435.959500
1763441436.002887
1763441436.027193
1763441436.072737
1763441436.092992
1763441436.136479
1763441436.160442
1763441436.206827
1763441436.226347
1763441436.272672
1763441436.293266
1763441436.336191
1763441436.359841
1763441436.406839
1763441436.426836
1763441436.470029
1763441436.493421
1763441436.538544
1763441436.560402
1763441436.607766
1763441436.626849
1763441436.674315
1763441436.693817
1763441436.738400
1763441436.760010
1763441436.806185
1763441436.827143
1763441436.872577
1763441436.893436
1763441436.936669
1763441436.960625
1763441437.007429
1763441437.026875
1763441437.071539
1763441437.093876
1763441437.140317
1763441437.167638
1763441437.193546
1763441437.237211
1763441437.263161
1763441437.303385
1763441437.331613
1763441437.361253
1763441437.402777
1763441437.428514
1763441437.472368
1763441437.493777
1763441437.538519
1763441437.560958
1763441437.603870
1763441437.627087
1763441437.674160
1763441437.694380
1763441437.728918
1763441437.760235
1763441437.793788
1763441437.826877
1763441437.860175
1763441437.893636
1763441437.937090
1763441437.961441
1763441438.005874
1763441438.027289
1763441438.070819
1763441438.096142
1763441438.138504
1763441438.160838
1763441438.204104
1763441438.228380
1763441438.271054
1763441438.294425
1763441438.341241
1763441438.362078
1763441438.404330
1763441438.427683
1763441438.472586
1763441438.495123
1763441438.541825
1763441438.561031
1763441438.604127
1763441438.629645
1763441438.672881
1763441438.695612
1763441438.737885
1763441438.764105
1763441438.808490
1763441438.827976
1763441438.874202
1763441438.896099
1763441438.942232
1763441438.961281
1763441439.003504
1763441439.030177
1763441439.072895
1763441439.094519
1763441439.138968
1763441439.162500
1763441439.205126
1763441439.227696
1763441439.273360
1763441439.295896
1763441439.338815
1763441439.361199
1763441439.407154
1763441439.429714
1763441439.475694
1763441439.494846
1763441439.536932
1763441439.563827
1763441439.606558
1763441439.628154
1763441439.670038
1763441439.697328
1763441439.739672
1763441439.761276
1763441439.801797
1763441439.831392
1763441439.868909
1763441439.894651
1763441439.935104
1763441439.964379
1763441440.005906
1763441440.028058
1763441440.065359
1763441440.102809
1763441440.129924
1763441440.161349
1763441440.197162
1763441440.233932
1763441440.263143
1763441440.294813
1763441440.331500
1763441440.366258
1763441440.400170
1763441440.428192
1763441440.466048
1763441440.497078
1763441440.537674
1763441440.561638
1763441440.599105
1763441440.630129
1763441440.668964
1763441440.695124
1763441440.731884
1763441440.768176
1763441440.797363
1763441440.828501
1763441440.864280
1763441440.899658
1763441440.929651
1763441440.961850
1763441440.999632
1763441441.031243
1763441441.068548
1763441441.095205
1763441441.130965
1763441441.167304
1763441441.197829
1763441441.228520
1763441441.262534
1763441441.303004
1763441441.331583
1763441441.362079
1763441441.399544
1763441441.431699
1763441441.469697
1763441441.495387
1763441441.538042
1763441441.564636
1763441441.606620
1763441441.628889
1763441441.669949
1763441441.698365
1763441441.736493
1763441441.762159
1763441441.805352
1763441441.832065
1763441441.873906
1763441441.895725
1763441441.937064
1763441441.965124
1763441442.003488
1763441442.029046
1763441442.071671
1763441442.099073
1763441442.141149
1763441442.162525
1763441442.204770
1763441442.233238
1763441442.274325
1763441442.295947
1763441442.339432
1763441442.365654
1763441442.409136
1763441442.429307
1763441442.474731
1763441442.499332
1763441442.540601
1763441442.562640
1763441442.607533
1763441442.632453
1763441442.675286
1763441442.696151
1763441442.738035
1763441442.766628
1763441442.808014
1763441442.829519
1763441442.871774
1763441442.899633
1763441442.940902
1763441442.962768
1763441443.004183
1763441443.033027
1763441443.074366
1763441443.096172
1763441443.136050
1763441443.169653
1763441443.202409
1763441443.229725
1763441443.271265
1763441443.299595
1763441443.340414
1763441443.363067
1763441443.404831
1763441443.433685
1763441443.475002
1763441443.496416
1763441443.538806
1763441443.566203
1763441443.609224
1763441443.629846
1763441443.674014
1763441443.700532
1763441443.741992
1763441443.763226
1763441443.808622
1763441443.832812
1763441443.876786
1763441443.896848
1763441443.939690
1763441443.967310
1763441444.008406
1763441444.030259
1763441444.073555
1763441444.101175
1763441444.143065
1763441444.163601
1763441444.206853
1763441444.234492
1763441444.275777
1763441444.296917
1763441444.339339
1763441444.368668
1763441444.406149
1763441444.430470
1763441444.477198
1763441444.500462
1763441444.540974
1763441444.563977
1763441444.607203
1763441444.634919
1763441444.676525
1763441444.697330
1763441444.741144
1763441444.767782
1763441444.808980
1763441444.830525
1763441444.875199
1763441444.900912
1763441444.941438
1763441444.964038
1763441445.006529
1763441445.034229
1763441445.074946
1763441445.097383
1763441445.139570
1763441445.168632
1763441445.205945
1763441445.230779
1763441445.272917
1763441445.302207
1763441445.339981
1763441445.364468
1763441445.397849
1763441445.445236
1763441445.465267
1763441445.510406
1763441445.530949
1763441445.576325
1763441445.597767
1763441445.644416
1763441445.664455
1763441445.699198
1763441445.735153
1763441445.774198
1763441445.802010
1763441445.830998
1763441445.868253
1763441445.907750
1763441445.934054
1763441445.964529
1763441446.005003
1763441446.034082
1763441446.075264
1763441446.097773
1763441446.139987
1763441446.168745
1763441446.206525
1763441446.231140
1763441446.273026
1763441446.302664
1763441446.341285
1763441446.364526
1763441446.403671
1763441446.435496
1763441446.472640
1763441446.497898
1763441446.536148
1763441446.570162
1763441446.604610
1763441446.631399
