1763445467.861327
1763445467.961087
1763445467.994309
1763445468.027749
1763445468.060878
1763445468.094578
1763445468.127889
1763445468.160929
1763445468.195376
1763445468.228827
1763445468.261405
1763445468.294925
1763445468.327282
1763445468.361724
1763445468.394255
1763445468.428241
1763445468.460752
1763445468.494984
1763445468.527911
1763445468.569695
1763445468.599006
1763445468.631883
1763445468.672000
1763445468.702970
1763445468.736053
1763445468.773962
1763445468.805928
1763445468.836116
1763445468.875316
1763445468.908443
1763445468.942270
1763445468.973638
1763445469.007460
1763445469.040482
1763445469.075516
1763445469.107645
1763445469.141395
1763445469.172437
1763445469.208253
1763445469.239653
1763445469.275442
1763445469.307971
1763445469.329866
1763445469.361506
1763445469.400969
1763445469.434421
1763445469.463828
1763445469.499496
1763445469.531694
1763445469.567858
1763445469.598946
1763445469.630211
1763445469.666890
1763445469.699453
1763445469.737083
1763445469.761807
1763445469.799119
1763445469.831873
1763445469.871763
1763445469.894838
1763445469.936560
1763445469.965929
1763445470.003025
1763445470.028387
1763445470.066737
1763445470.099664
1763445470.133238
1763445470.161646
1763445470.201700
1763445470.232887
1763445470.267022
1763445470.295110
1763445470.335333
1763445470.364863
1763445470.401396
1763445470.428676
1763445470.465325
1763445470.500629
1763445470.531656
1763445470.562026
1763445470.598732
1763445470.632417
1763445470.671656
1763445470.695446
1763445470.732506
1763445470.768095
1763445470.799344
1763445470.828739
1763445470.867087
1763445470.900218
1763445470.933603
1763445470.962161
1763445471.000201
1763445471.036654
1763445471.064665
1763445471.095539
1763445471.133231
1763445471.171383
1763445471.199992
1763445471.229134
1763445471.274856
1763445471.296987
1763445471.341969
1763445471.362215
1763445471.402190
1763445471.435003
1763445471.470355
1763445471.495649
1763445471.534006
1763445471.571723
1763445471.600708
1763445471.629135
1763445471.670631
1763445471.699972
1763445471.740039
1763445471.762329
1763445471.799312
1763445471.837175
1763445471.867035
1763445471.895984
1763445471.938233
1763445471.966589
1763445472.005029
1763445472.029122
1763445472.074712
1763445472.096862
1763445472.143261
1763445472.162731
1763445472.206698
1763445472.231431
1763445472.277474
1763445472.296158
1763445472.337190
1763445472.369053
1763445472.404436
1763445472.429461
1763445472.471865
1763445472.499655
1763445472.540544
1763445472.562794
1763445472.608462
1763445472.631061
1763445472.677310
1763445472.696310
1763445472.738257
1763445472.767690
1763445472.804748
1763445472.829648
1763445472.868985
1763445472.905066
1763445472.932032
1763445472.964954
1763445473.005200
1763445473.034090
1763445473.074406
1763445473.096492
1763445473.140785
1763445473.164890
1763445473.208260
1763445473.230111
1763445473.264342
1763445473.310971
1763445473.330312
1763445473.367756
1763445473.401443
1763445473.436605
1763445473.467436
1763445473.496964
1763445473.536907
1763445473.567871
1763445473.604095
1763445473.630191
1763445473.676056
1763445473.697578
1763445473.744621
1763445473.763717
1763445473.810066
1763445473.830572
1763445473.877566
1763445473.897053
1763445473.939954
1763445473.965612
1763445474.011222
1763445474.030465
1763445474.073567
1763445474.098864
1763445474.143916
1763445474.164088
1763445474.206748
1763445474.232246
1763445474.278305
1763445474.297511
1763445474.341377
1763445474.365267
1763445474.411700
1763445474.430767
1763445474.474854
1763445474.498486
1763445474.543732
1763445474.564286
1763445474.609245
1763445474.632167
1763445474.678018
1763445474.697564
1763445474.735788
1763445474.775122
1763445474.798717
1763445474.834063
1763445474.869503
1763445474.908334
1763445474.932361
1763445474.967871
1763445475.001403
1763445475.042482
1763445475.065249
1763445475.102076
1763445475.136544
1763445475.171658
1763445475.202407
1763445475.231283
1763445475.275025
1763445475.298939
1763445475.344350
1763445475.364407
1763445475.404119
1763445475.434611
1763445475.475912
1763445475.497950
1763445475.542374
1763445475.565510
1763445475.606990
1763445475.631174
1763445475.676111
1763445475.698295
1763445475.741334
1763445475.764785
1763445475.806024
1763445475.833180
1763445475.879937
1763445475.898138
1763445475.939957
1763445475.965954
1763445476.013086
1763445476.031488
1763445476.074042
1763445476.099498
1763445476.144383
1763445476.164865
1763445476.209895
1763445476.231559
1763445476.278390
1763445476.298191
1763445476.339892
1763445476.366032
1763445476.409717
1763445476.431687
1763445476.477860
1763445476.498670
1763445476.543463
1763445476.565074
1763445476.606734
1763445476.633429
1763445476.676762
1763445476.698435
1763445476.742214
1763445476.765879
1763445476.812579
1763445476.831828
1763445476.873511
1763445476.899721
1763445476.946617
1763445476.965365
1763445477.007611
1763445477.033056
1763445477.079817
1763445477.098622
1763445477.140156
1763445477.166772
1763445477.209445
1763445477.232113
1763445477.272960
1763445477.299965
1763445477.343156
1763445477.365461
1763445477.412002
1763445477.432175
1763445477.478959
1763445477.498995
1763445477.540915
1763445477.566380
1763445477.610857
1763445477.632270
1763445477.667925
1763445477.709444
1763445477.732870
1763445477.778612
1763445477.798961
1763445477.844705
1763445477.865978
1763445477.912519
1763445477.932944
1763445477.969437
1763445478.005370
1763445478.039873
1763445478.066700
1763445478.104132
1763445478.136982
1763445478.177598
1763445478.199726
1763445478.236393
1763445478.271781
1763445478.306117
1763445478.333916
1763445478.370236
1763445478.405149
1763445478.438374
1763445478.469641
1763445478.499774
1763445478.540525
1763445478.567725
1763445478.609539
1763445478.632860
1763445478.673400
1763445478.704227
1763445478.744142
1763445478.766261
1763445478.811503
1763445478.833377
1763445478.876303
1763445478.899554
1763445478.944113
1763445478.966645
1763445479.010576
1763445479.033037
1763445479.074723
1763445479.100233
1763445479.143603
1763445479.166378
1763445479.212792
1763445479.233459
1763445479.280599
1763445479.299870
1763445479.342023
1763445479.367214
1763445479.413497
1763445479.433331
1763445479.478887
1763445479.500586
1763445479.543430
1763445479.566637
1763445479.612760
1763445479.633677
1763445479.679807
1763445479.700148
1763445479.746406
1763445479.767477
1763445479.813665
1763445479.833505
1763445479.875764
1763445479.900945
1763445479.947992
1763445479.967009
1763445480.007459
1763445480.039256
1763445480.073675
1763445480.100562
1763445480.141881
1763445480.168016
1763445480.211348
1763445480.233682
1763445480.276596
1763445480.301123
1763445480.346905
1763445480.367017
1763445480.409803
1763445480.434557
1763445480.478900
1763445480.500537
1763445480.543181
1763445480.568189
1763445480.614463
1763445480.633985
1763445480.676726
1763445480.701689
1763445480.743530
1763445480.767194
1763445480.810472
1763445480.834148
1763445480.874439
1763445480.900634
1763445480.943056
1763445480.968529
1763445481.011335
1763445481.034133
1763445481.075692
1763445481.101727
1763445481.145112
1763445481.167434
1763445481.209150
1763445481.235973
1763445481.281948
1763445481.300923
1763445481.343144
1763445481.369320
1763445481.416161
1763445481.434279
1763445481.478442
1763445481.502089
1763445481.547717
1763445481.567618
1763445481.608609
1763445481.637440
1763445481.678782
1763445481.700931
1763445481.745693
1763445481.769377
1763445481.815511
1763445481.834396
1763445481.880655
1763445481.903243
1763445481.945924
1763445481.967877
1763445482.009669
1763445482.036528
1763445482.078804
1763445482.101214
1763445482.143293
1763445482.169998
1763445482.213114
1763445482.234643
1763445482.278561
1763445482.303546
1763445482.345330
1763445482.368038
1763445482.413484
1763445482.436798
1763445482.477013
1763445482.501371
1763445482.544659
1763445482.570288
1763445482.614074
1763445482.634997
1763445482.676618
1763445482.703534
1763445482.745796
1763445482.768233
1763445482.811174
1763445482.837534
1763445482.879663
1763445482.901791
1763445482.943818
1763445482.970838
1763445483.012101
1763445483.035007
1763445483.075934
1763445483.107829
1763445483.142084
1763445483.168400
1763445483.213482
1763445483.238010
1763445483.282521
1763445483.301816
1763445483.342935
1763445483.371851
1763445483.413181
1763445483.435182
1763445483.478306
1763445483.504580
1763445483.548142
1763445483.568707
1763445483.613230
1763445483.638139
1763445483.680321
1763445483.702079
1763445483.745222
1763445483.771732
1763445483.813381
1763445483.835373
1763445483.878707
1763445483.905010
1763445483.943435
1763445483.968836
1763445484.015169
1763445484.037720
1763445484.075908
1763445484.102239
1763445484.144698
1763445484.171449
1763445484.212621
1763445484.235470
1763445484.281270
1763445484.304695
1763445484.346099
1763445484.369043
1763445484.413037
1763445484.438770
1763445484.481842
1763445484.502576
1763445484.545394
1763445484.572276
1763445484.613076
1763445484.635800
1763445484.681226
1763445484.705571
1763445484.747585
1763445484.769185
1763445484.813901
1763445484.839087
1763445484.881907
1763445484.902575
1763445484.947971
1763445484.972213
1763445485.015033
1763445485.036158
1763445485.081540
1763445485.104910
1763445485.146734
1763445485.169358
1763445485.215112
1763445485.238264
1763445485.280134
1763445485.302754
1763445485.348580
1763445485.372359
1763445485.415022
1763445485.436243
1763445485.480923
1763445485.506703
1763445485.547963
1763445485.569692
1763445485.614039
1763445485.639733
1763445485.678931
1763445485.703076
1763445485.745774
1763445485.773685
1763445485.814637
1763445485.836381
1763445485.876348
1763445485.910052
1763445485.944572
1763445485.969894
1763445486.005506
1763445486.046173
1763445486.073629
1763445486.115514
1763445486.136629
1763445486.183550
1763445486.204353
1763445486.250021
1763445486.272054
1763445486.307559
1763445486.341521
1763445486.381359
1763445486.407260
1763445486.437297
1763445486.482019
1763445486.506179
1763445486.550852
1763445486.570167
1763445486.612760
1763445486.641128
1763445486.682296
1763445486.703578
1763445486.746345
1763445486.774685
1763445486.813918
1763445486.836842
1763445486.880433
1763445486.908120
1763445486.949576
1763445486.970336
1763445487.014870
1763445487.039881
1763445487.082573
1763445487.103668
1763445487.146841
1763445487.175210
1763445487.215100
1763445487.237106
1763445487.280640
1763445487.308386
1763445487.348589
1763445487.370492
1763445487.415249
1763445487.439938
1763445487.483019
1763445487.503518
1763445487.547057
1763445487.575099
1763445487.615581
1763445487.637460
1763445487.677005
1763445487.713808
1763445487.741585
1763445487.774190
1763445487.807848
1763445487.847423
1763445487.875225
1763445487.905060
1763445487.946526
1763445487.975314
1763445488.015948
1763445488.037568
1763445488.081964
1763445488.107388
1763445488.147250
1763445488.170899
1763445488.213220
1763445488.241648
1763445488.282436
1763445488.304431
1763445488.348023
1763445488.375460
1763445488.416779
1763445488.437747
1763445488.480296
1763445488.509655
1763445488.546765
1763445488.571115
1763445488.616772
1763445488.641133
1763445488.681509
1763445488.704657
1763445488.747859
1763445488.775190
1763445488.816352
1763445488.837964
1763445488.879988
1763445488.909610
1763445488.947145
1763445488.971251
1763445489.009718
1763445489.044152
1763445489.078649
1763445489.104747
1763445489.148874
1763445489.175730
1763445489.213955
1763445489.238168
1763445489.281064
1763445489.306679
1763445489.348143
1763445489.371502
1763445489.413157
1763445489.442197
1763445489.481095
1763445489.504883
1763445489.545632
1763445489.574141
1763445489.610456
1763445489.638632
1763445489.681026
1763445489.709369
1763445489.746743
1763445489.771828
1763445489.809676
1763445489.845925
1763445489.879501
1763445489.905143
1763445489.948418
1763445489.976625
1763445490.014051
1763445490.038566
1763445490.079773
1763445490.110351
1763445490.147876
1763445490.171965
1763445490.213763
1763445490.242578
1763445490.280118
1763445490.305268
1763445490.348512
1763445490.376687
1763445490.414041
1763445490.438656
1763445490.481377
1763445490.507359
1763445490.550927
1763445490.572175
1763445490.616781
1763445490.642399
1763445490.680389
1763445490.705587
1763445490.748969
1763445490.776953
1763445490.815138
1763445490.839050
1763445490.882934
1763445490.909979
1763445490.949389
1763445490.972440
1763445491.015815
1763445491.042560
1763445491.081998
1763445491.105824
1763445491.148260
1763445491.177274
1763445491.215997
1763445491.239274
1763445491.283662
1763445491.308892
1763445491.349500
1763445491.372531
1763445491.417005
1763445491.442576
1763445491.483131
1763445491.506046
1763445491.547986
1763445491.577771
1763445491.616064
1763445491.639353
1763445491.682668
1763445491.710375
1763445491.750255
1763445491.772711
1763445491.816111
1763445491.842862
1763445491.883108
1763445491.906060
1763445491.948363
1763445491.978360
1763445492.014067
1763445492.039583
1763445492.081379
1763445492.111904
1763445492.147779
1763445492.172946
1763445492.217179
1763445492.242720
1763445492.280943
1763445492.306525
1763445492.350769
1763445492.375791
1763445492.416860
1763445492.439640
1763445492.483618
1763445492.510363
1763445492.549996
1763445492.573116
1763445492.614795
1763445492.643519
1763445492.683492
1763445492.706635
1763445492.748312
1763445492.778649
1763445492.814942
1763445492.839974
1763445492.882097
1763445492.911601
1763445492.950236
1763445492.973354
1763445493.015343
1763445493.043912
1763445493.083493
1763445493.106697
1763445493.148083
1763445493.178028
1763445493.213455
1763445493.240160
1763445493.282369
1763445493.311329
1763445493.351131
1763445493.373670
1763445493.418230
1763445493.443712
1763445493.483013
1763445493.507083
1763445493.548782
1763445493.578635
1763445493.614717
1763445493.640373
1763445493.682045
1763445493.711847
1763445493.748718
1763445493.773707
1763445493.814660
1763445493.846559
1763445493.882553
1763445493.907169
1763445493.950106
1763445493.979094
1763445494.018189
1763445494.040662
1763445494.082871
1763445494.112584
1763445494.151212
1763445494.173899
1763445494.215628
1763445494.245004
1763445494.284234
1763445494.307354
1763445494.342250
1763445494.381558
1763445494.412840
1763445494.447435
1763445494.478683
1763445494.513375
1763445494.548179
1763445494.581771
1763445494.613897
1763445494.641215
1763445494.682955
1763445494.712553
1763445494.749193
1763445494.774309
1763445494.817271
1763445494.845057
1763445494.884705
1763445494.907724
1763445494.951417
1763445494.979253
1763445495.017826
1763445495.041033
1763445495.084635
1763445495.112480
1763445495.148461
1763445495.174451
1763445495.217946
1763445495.242991
1763445495.283274
1763445495.307982
1763445495.349572
1763445495.378936
1763445495.418808
1763445495.441293
1763445495.484467
1763445495.512164
1763445495.553225
1763445495.574703
1763445495.615558
1763445495.647435
1763445495.683568
1763445495.708074
1763445495.747172
1763445495.783308
1763445495.813152
1763445495.841811
1763445495.880461
1763445495.916861
1763445495.945863
1763445495.975752
1763445496.015173
1763445496.048256
1763445496.082242
1763445496.108244
1763445496.146743
1763445496.182518
1763445496.214877
1763445496.241980
1763445496.281442
1763445496.314643
1763445496.350557
1763445496.375058
1763445496.414000
1763445496.448240
1763445496.482525
1763445496.508501
1763445496.547293
1763445496.585160
1763445496.613204
1763445496.642493
1763445496.683480
1763445496.713766
1763445496.751537
1763445496.775352
1763445496.815222
1763445496.848074
1763445496.884903
1763445496.908677
1763445496.953172
1763445496.979874
1763445497.019099
1763445497.042173
1763445497.086032
1763445497.113392
1763445497.149514
1763445497.175555
1763445497.218191
1763445497.245826
1763445497.286451
1763445497.308996
1763445497.350393
1763445497.380740
1763445497.419174
1763445497.442206
1763445497.482874
1763445497.514171
1763445497.553613
1763445497.575670
1763445497.618227
1763445497.646077
1763445497.685023
1763445497.709056
1763445497.749801
1763445497.783510
1763445497.815349
1763445497.842646
1763445497.883368
1763445497.915706
1763445497.950959
1763445497.975807
1763445498.017783
1763445498.045730
1763445498.085704
1763445498.109199
1763445498.150011
1763445498.180844
1763445498.220965
1763445498.242719
1763445498.283720
1763445498.315347
1763445498.350091
1763445498.375995
1763445498.418443
1763445498.446452
1763445498.487236
1763445498.509524
1763445498.552056
1763445498.579108
1763445498.619484
1763445498.642876
1763445498.684894
1763445498.713826
1763445498.751147
1763445498.776268
1763445498.820332
1763445498.845474
1763445498.886767
1763445498.909767
1763445498.951548
1763445498.981967
1763445499.018072
1763445499.043087
1763445499.085270
1763445499.115122
1763445499.150919
1763445499.176524
1763445499.218445
1763445499.246519
1763445499.285433
1763445499.310093
1763445499.352143
1763445499.380977
1763445499.422276
1763445499.443241
1763445499.487425
1763445499.513976
1763445499.555037
1763445499.576753
1763445499.619458
1763445499.645751
1763445499.682394
1763445499.710173
1763445499.755927
1763445499.779197
1763445499.816793
1763445499.843648
1763445499.888639
1763445499.913638
1763445499.955103
1763445499.976923
1763445500.019697
1763445500.046880
1763445500.086727
1763445500.110316
1763445500.153828
1763445500.181626
1763445500.222410
1763445500.243632
1763445500.289172
1763445500.313888
1763445500.351930
1763445500.377246
1763445500.422857
1763445500.445762
1763445500.487373
1763445500.510550
1763445500.553523
1763445500.582036
1763445500.620016
1763445500.643909
1763445500.686430
1763445500.714932
1763445500.755390
1763445500.777195
1763445500.823209
1763445500.844467
1763445500.887105
1763445500.910746
1763445500.957213
1763445500.979065
1763445501.017411
1763445501.044405
1763445501.085857
1763445501.115331
1763445501.156715
1763445501.177402
1763445501.220128
1763445501.246336
1763445501.287877
1763445501.310779
1763445501.353217
1763445501.381740
1763445501.422305
1763445501.444166
1763445501.487417
1763445501.514614
1763445501.555074
1763445501.577527
1763445501.620361
1763445501.648655
1763445501.687253
1763445501.711134
1763445501.756736
1763445501.779778
1763445501.818734
1763445501.844537
1763445501.890697
1763445501.913031
1763445501.957691
1763445501.977972
1763445502.020409
1763445502.048340
1763445502.086016
1763445502.111446
1763445502.154442
1763445502.181334
1763445502.219270
1763445502.244928
1763445502.287662
1763445502.316288
1763445502.357174
1763445502.378102
1763445502.420802
1763445502.448771
1763445502.489044
1763445502.511409
1763445502.554267
1763445502.578553
1763445502.624012
1763445502.644928
1763445502.681445
1763445502.722517
1763445502.747858
1763445502.790767
1763445502.811706
1763445502.858989
1763445502.879370
1763445502.923120
1763445502.948257
1763445502.983521
1763445503.018328
1763445503.053613
1763445503.086010
1763445503.111935
1763445503.155957
1763445503.181363
1763445503.223244
1763445503.245254
1763445503.291132
1763445503.313834
1763445503.352014
1763445503.378710
1763445503.414879
1763445503.448762
1763445503.482956
1763445503.512265
1763445503.554648
1763445503.581468
1763445503.619648
1763445503.645681
1763445503.689017
1763445503.714965
1763445503.756298
1763445503.778883
1763445503.821719
1763445503.847699
1763445503.892409
1763445503.912184
1763445503.955467
1763445503.981580
1763445504.024226
1763445504.045816
1763445504.088700
1763445504.115110
1763445504.153746
1763445504.178945
1763445504.223852
1763445504.247199
1763445504.290484
1763445504.312457
1763445504.358329
1763445504.380469
1763445504.426423
1763445504.446266
1763445504.490243
1763445504.514764
1763445504.559307
1763445504.579333
1763445504.621760
1763445504.648158
1763445504.686992
1763445504.712854
1763445504.758581
1763445504.780836
1763445504.827235
1763445504.846167
1763445504.888541
1763445504.915120
1763445504.956571
1763445504.979636
1763445505.021468
1763445505.048298
1763445505.090056
1763445505.113054
1763445505.159127
1763445505.181146
1763445505.222488
1763445505.246194
1763445505.289276
1763445505.315088
1763445505.360584
1763445505.379775
1763445505.419273
1763445505.452978
1763445505.486432
1763445505.513131
1763445505.558109
1763445505.581515
1763445505.627146
1763445505.646706
1763445505.688507
1763445505.715358
1763445505.754113
1763445505.779992
1763445505.824691
1763445505.847294
1763445505.894112
1763445505.913410
1763445505.956334
1763445505.981915
1763445506.027749
1763445506.047088
1763445506.091659
1763445506.115139
1763445506.160917
1763445506.180216
1763445506.220932
1763445506.250243
1763445506.291276
1763445506.313476
1763445506.357443
1763445506.382060
1763445506.420949
1763445506.446918
1763445506.492583
1763445506.514007
1763445506.559385
1763445506.580363
1763445506.623365
1763445506.648445
1763445506.693516
1763445506.713933
1763445506.753061
1763445506.792006
1763445506.815278
1763445506.851006
1763445506.886640
1763445506.922990
1763445506.949017
1763445506.984347
1763445507.019016
1763445507.057146
1763445507.082194
1763445507.118263
1763445507.152011
1763445507.191190
1763445507.215642
1763445507.250954
1763445507.286368
1763445507.324301
1763445507.348836
1763445507.384056
1763445507.418858
1763445507.459530
1763445507.481612
1763445507.519213
1763445507.551439
1763445507.591353
1763445507.614100
1763445507.652302
1763445507.685680
1763445507.726012
1763445507.748446
1763445507.784997
1763445507.820627
1763445507.852540
1763445507.892612
1763445507.914599
1763445507.960830
1763445507.981345
1763445508.028229
1763445508.047911
1763445508.094396
1763445508.115006
1763445508.161822
1763445508.181222
1763445508.225930
1763445508.248853
1763445508.294674
1763445508.314702
1763445508.359274
1763445508.382241
1763445508.424858
1763445508.447960
1763445508.489934
1763445508.516323
1763445508.562946
1763445508.581510
1763445508.626652
1763445508.648678
1763445508.695561
1763445508.714874
1763445508.757510
1763445508.782674
1763445508.824066
1763445508.847844
1763445508.886288
1763445508.925827
1763445508.948871
1763445508.985910
1763445509.019671
1763445509.060359
1763445509.081923
1763445509.119522
1763445509.152757
1763445509.192428
1763445509.215960
1763445509.252547
1763445509.286978
1763445509.322466
1763445509.352720
1763445509.384697
1763445509.425964
1763445509.449464
1763445509.494844
1763445509.515237
1763445509.556218
1763445509.584643
1763445509.625588
1763445509.648661
1763445509.691704
1763445509.716048
1763445509.759311
1763445509.782060
1763445509.826569
1763445509.849395
1763445509.896563
1763445509.915484
1763445509.957592
1763445509.983214
1763445510.026461
1763445510.048904
1763445510.090545
1763445510.116059
1763445510.159118
1763445510.182308
1763445510.228145
1763445510.249213
1763445510.295696
1763445510.315693
1763445510.357893
1763445510.383534
1763445510.427730
1763445510.449110
1763445510.491678
1763445510.516651
1763445510.559440
1763445510.582414
1763445510.627574
1763445510.649451
1763445510.692658
1763445510.715932
1763445510.758634
1763445510.783108
1763445510.826864
1763445510.849306
1763445510.894279
1763445510.916393
1763445510.963961
1763445510.982963
1763445511.017690
1763445511.059271
1763445511.083263
1763445511.126852
1763445511.149737
1763445511.194734
1763445511.216742
1763445511.263955
1763445511.283280
1763445511.320076
1763445511.354446
1763445511.391972
1763445511.416841
1763445511.454570
1763445511.488257
1763445511.524611
1763445511.553803
1763445511.586025
1763445511.623617
1763445511.650400
1763445511.696884
1763445511.716451
1763445511.759126
1763445511.783706
1763445511.826629
1763445511.849868
1763445511.895584
1763445511.916904
1763445511.963350
1763445511.983313
1763445512.023922
1763445512.054234
1763445512.091774
1763445512.116564
1763445512.162043
1763445512.184085
1763445512.226263
1763445512.249926
1763445512.296147
1763445512.317469
1763445512.363480
1763445512.383480
1763445512.429309
1763445512.450837
1763445512.497819
1763445512.516766
1763445512.561133
1763445512.584488
1763445512.630716
1763445512.650258
1763445512.696238
1763445512.717697
1763445512.764525
1763445512.783721
1763445512.825348
1763445512.852495
1763445512.894183
1763445512.916973
1763445512.960007
1763445512.984405
1763445513.031063
1763445513.050351
1763445513.092897
1763445513.118232
1763445513.160493
1763445513.183736
1763445513.226593
1763445513.251558
1763445513.292596
1763445513.317092
1763445513.362105
1763445513.385126
1763445513.428223
1763445513.450591
1763445513.495316
1763445513.518539
1763445513.562077
1763445513.584042
1763445513.627389
1763445513.651753
1763445513.698309
1763445513.717479
1763445513.760553
1763445513.785772
1763445513.830739
1763445513.850870
1763445513.892470
1763445513.917784
1763445513.961674
1763445513.984314
1763445514.030639
1763445514.052304
1763445514.095629
1763445514.117585
1763445514.158869
1763445514.187674
1763445514.229617
1763445514.250946
1763445514.296229
1763445514.319446
1763445514.362026
1763445514.384499
1763445514.426046
1763445514.454012
1763445514.493511
1763445514.517739
1763445514.563742
1763445514.586324
1763445514.632764
1763445514.651390
1763445514.692104
1763445514.722232
1763445514.763482
1763445514.784515
1763445514.826374
1763445514.853399
1763445514.897769
1763445514.917965
1763445514.960711
1763445514.987107
1763445515.026158
1763445515.051386
1763445515.094695
1763445515.119854
1763445515.166019
1763445515.184803
1763445515.226068
1763445515.258024
1763445515.290763
1763445515.318452
1763445515.360228
1763445515.387453
1763445515.429488
1763445515.451628
1763445515.493644
1763445515.521413
1763445515.563083
1763445515.585120
1763445515.632453
1763445515.652302
1763445515.698319
1763445515.718465
1763445515.762594
1763445515.787635
1763445515.830189
1763445515.851832
1763445515.896196
1763445515.921185
1763445515.963024
1763445515.985245
1763445516.028145
1763445516.054594
1763445516.099403
1763445516.118577
1763445516.161321
1763445516.187904
1763445516.229537
1763445516.252009
1763445516.297579
1763445516.321134
1763445516.359883
1763445516.385350
1763445516.430708
1763445516.455231
1763445516.495559
1763445516.518800
1763445516.561773
1763445516.588231
1763445516.629830
1763445516.652164
1763445516.697117
1763445516.721369
1763445516.763442
1763445516.785601
1763445516.827416
1763445516.855623
1763445516.896697
1763445516.918917
1763445516.962017
1763445516.988877
1763445517.030480
1763445517.052440
1763445517.095350
1763445517.121800
1763445517.163180
1763445517.185765
1763445517.228242
1763445517.255686
1763445517.298107
1763445517.319156
1763445517.361901
1763445517.388748
1763445517.431090
1763445517.452619
1763445517.498353
1763445517.521307
1763445517.563214
1763445517.585999
1763445517.630710
1763445517.656429
1763445517.695567
1763445517.719316
1763445517.762423
1763445517.791306
1763445517.832409
1763445517.852885
1763445517.898392
1763445517.922357
1763445517.964546
1763445517.986313
1763445518.032696
1763445518.054949
1763445518.097193
1763445518.119495
1763445518.162587
1763445518.189937
1763445518.232041
1763445518.253257
1763445518.294991
1763445518.324061
1763445518.365217
1763445518.386342
1763445518.428771
1763445518.457986
1763445518.498412
1763445518.519875
1763445518.565329
1763445518.589905
1763445518.631759
1763445518.653335
1763445518.696945
1763445518.723709
1763445518.764088
1763445518.786640
1763445518.832917
1763445518.854683
1763445518.899184
1763445518.919965
1763445518.963124
1763445518.990505
1763445519.030575
1763445519.053373
1763445519.098235
1763445519.124167
1763445519.165501
1763445519.186765
1763445519.232316
1763445519.256667
1763445519.298332
1763445519.320244
1763445519.355765
1763445519.397715
1763445519.424032
1763445519.465639
1763445519.487033
1763445519.530403
1763445519.557526
1763445519.598569
1763445519.623915
1763445519.655055
1763445519.695053
1763445519.725765
1763445519.766126
1763445519.787238
1763445519.830102
1763445519.858462
1763445519.895211
1763445519.920402
1763445519.963479
1763445519.992502
1763445520.032828
1763445520.053904
1763445520.090842
1763445520.130932
1763445520.158934
1763445520.188629
1763445520.229991
1763445520.258513
1763445520.295832
1763445520.320776
1763445520.363722
1763445520.392036
1763445520.432525
1763445520.454249
1763445520.496445
1763445520.525789
1763445520.563110
1763445520.587420
1763445520.630086
1763445520.658983
1763445520.695836
1763445520.720841
1763445520.763580
1763445520.792574
1763445520.831633
1763445520.854293
1763445520.896634
1763445520.925372
1763445520.966478
1763445520.987874
1763445521.030361
1763445521.059069
1763445521.096507
1763445521.121090
1763445521.163314
1763445521.192168
1763445521.229351
1763445521.254519
1763445521.299970
1763445521.325298
1763445521.363001
1763445521.387826
1763445521.431377
1763445521.459688
1763445521.496004
1763445521.521387
1763445521.563344
1763445521.592929
1763445521.632491
1763445521.654769
1763445521.696506
1763445521.726252
1763445521.763515
1763445521.787992
1763445521.831303
1763445521.859103
1763445521.896445
1763445521.921457
1763445521.963747
1763445521.993540
1763445522.030276
1763445522.054860
1763445522.095756
1763445522.128773
1763445522.163545
1763445522.188289
1763445522.231952
1763445522.259598
1763445522.298870
1763445522.321832
1763445522.364479
1763445522.392980
1763445522.430205
1763445522.455178
1763445522.498768
1763445522.526912
1763445522.562927
1763445522.588589
1763445522.632551
1763445522.659987
1763445522.699727
1763445522.721924
1763445522.764654
1763445522.793351
1763445522.830890
1763445522.855301
1763445522.898429
1763445522.926399
1763445522.963942
1763445522.988704
1763445523.032790
1763445523.059453
1763445523.096194
1763445523.122209
1763445523.166930
1763445523.193137
1763445523.231386
1763445523.255561
1763445523.299032
1763445523.326525
1763445523.362840
1763445523.388920
1763445523.433230
1763445523.459657
1763445523.497840
1763445523.522233
1763445523.566056
1763445523.593934
1763445523.632116
1763445523.655657
1763445523.697159
1763445523.727585
1763445523.765084
1763445523.789127
1763445523.833596
1763445523.860153
1763445523.898684
1763445523.922599
1763445523.964904
1763445523.994299
1763445524.032457
1763445524.055976
1763445524.097809
1763445524.127903
1763445524.165944
1763445524.189365
1763445524.231659
1763445524.260855
1763445524.300507
1763445524.322746
1763445524.364881
1763445524.394403
1763445524.433712
1763445524.456138
1763445524.500574
1763445524.527333
1763445524.565035
1763445524.589458
1763445524.631875
1763445524.661276
1763445524.699058
1763445524.722930
1763445524.764818
1763445524.794247
1763445524.832225
1763445524.856397
1763445524.900782
1763445524.926587
1763445524.965003
1763445524.989837
1763445525.032332
1763445525.061438
1763445525.101133
1763445525.123113
1763445525.163150
1763445525.196214
1763445525.231088
1763445525.256529
1763445525.298472
1763445525.328779
1763445525.367133
1763445525.389954
1763445525.432787
1763445525.460009
1763445525.499122
1763445525.523443
1763445525.567901
1763445525.593163
1763445525.632541
1763445525.656756
1763445525.698283
1763445525.728501
1763445525.767553
1763445525.790118
1763445525.831673
1763445525.862341
1763445525.899390
1763445525.923527
1763445525.967412
1763445525.994753
1763445526.034392
1763445526.056982
1763445526.098665
1763445526.126473
1763445526.166849
1763445526.190346
1763445526.232538
1763445526.261943
1763445526.300335
1763445526.323660
1763445526.365474
1763445526.395192
1763445526.431555
1763445526.457202
1763445526.500273
1763445526.528819
1763445526.567858
1763445526.590589
1763445526.631943
1763445526.663142
1763445526.696917
1763445526.724033
1763445526.766007
1763445526.795338
1763445526.833537
1763445526.857303
1763445526.899171
1763445526.928855
1763445526.967315
1763445526.990703
1763445527.032432
1763445527.061880
1763445527.101555
1763445527.124080
1763445527.166629
1763445527.195067
1763445527.231306
1763445527.257602
1763445527.301725
1763445527.328720
1763445527.368165
1763445527.390934
1763445527.431378
1763445527.465080
1763445527.498111
1763445527.524269
1763445527.568682
1763445527.595044
1763445527.633373
1763445527.657731
1763445527.692817
1763445527.733316
1763445527.762561
1763445527.801428
1763445527.824786
1763445527.862945
1763445527.898956
1763445527.930653
1763445527.965042
1763445527.991467
1763445528.034192
1763445528.063006
1763445528.099164
1763445528.124688
1763445528.162929
1763445528.199597
1763445528.228310
1763445528.260801
1763445528.300710
1763445528.329258
1763445528.365215
1763445528.391609
1763445528.433680
1763445528.463119
1763445528.501782
1763445528.524983
1763445528.567082
1763445528.596427
1763445528.635267
1763445528.658325
1763445528.699446
1763445528.730301
1763445528.766367
1763445528.791703
1763445528.829850
1763445528.868848
1763445528.896322
1763445528.925596
1763445528.967082
1763445528.996481
1763445529.036490
1763445529.058494
1763445529.100811
1763445529.130037
1763445529.163697
1763445529.192432
1763445529.233602
1763445529.263861
1763445529.303075
1763445529.325339
1763445529.367206
1763445529.397108
1763445529.434372
1763445529.458644
1763445529.500250
1763445529.530482
1763445529.568675
1763445529.592094
1763445529.636304
1763445529.662281
1763445529.701646
1763445529.725411
1763445529.763915
1763445529.800166
1763445529.832910
1763445529.858916
1763445529.899536
1763445529.933416
1763445529.965255
1763445529.992605
1763445530.035065
1763445530.063943
1763445530.099414
1763445530.125660
1763445530.166349
1763445530.197309
1763445530.232450
1763445530.259496
1763445530.300252
1763445530.331894
1763445530.366325
1763445530.392456
1763445530.434619
1763445530.464260
1763445530.499567
1763445530.525817
1763445530.568126
1763445530.597371
1763445530.633617
1763445530.659309
1763445530.700144
1763445530.732718
1763445530.767382
1763445530.792589
1763445530.834261
1763445530.864372
1763445530.901387
1763445530.926065
1763445530.967614
1763445530.998748
1763445531.030990
1763445531.059799
1763445531.101125
1763445531.132321
1763445531.168039
1763445531.192891
1763445531.235143
1763445531.264100
1763445531.301166
1763445531.326274
1763445531.367438
1763445531.399022
1763445531.434473
1763445531.459667
1763445531.500914
1763445531.531640
1763445531.567074
1763445531.593024
1763445531.634928
1763445531.664586
1763445531.703718
1763445531.726507
1763445531.768274
1763445531.797739
1763445531.834585
1763445531.859920
1763445531.905349
1763445531.929416
1763445531.966730
1763445531.993411
1763445532.034835
1763445532.064838
1763445532.100549
1763445532.126776
1763445532.169521
1763445532.196357
1763445532.237831
1763445532.260138
1763445532.305346
1763445532.330178
1763445532.370196
1763445532.393527
1763445532.435519
1763445532.464854
1763445532.502081
1763445532.526871
1763445532.572252
1763445532.595870
1763445532.637313
1763445532.660361
1763445532.705504
1763445532.728801
1763445532.767774
1763445532.793702
1763445532.836670
1763445532.865149
1763445532.904758
1763445532.926989
1763445532.973259
1763445532.996195
1763445533.035402
1763445533.060589
1763445533.106137
1763445533.130009
1763445533.168627
1763445533.193885
1763445533.240065
1763445533.262613
1763445533.303192
1763445533.327364
1763445533.369213
1763445533.398394
1763445533.429560
1763445533.461298
1763445533.500226
1763445533.533284
1763445533.568542
1763445533.594317
1763445533.636339
1763445533.665522
1763445533.705883
1763445533.727416
1763445533.769856
1763445533.798869
1763445533.837753
1763445533.860771
1763445533.907198
1763445533.928933
1763445533.967897
1763445533.994583
1763445534.036406
1763445534.065610
1763445534.105571
1763445534.127621
1763445534.171827
1763445534.197276
1763445534.240081
1763445534.261052
1763445534.305172
1763445534.331084
1763445534.368700
1763445534.394459
1763445534.437131
1763445534.466042
1763445534.506593
1763445534.527800
1763445534.570806
1763445534.599444
1763445534.636916
1763445534.661409
1763445534.703159
1763445534.732465
1763445534.769404
1763445534.794793
1763445534.836393
1763445534.866893
1763445534.905006
1763445534.927974
1763445534.967904
1763445535.001348
1763445535.035742
1763445535.061664
1763445535.103298
1763445535.132724
1763445535.172677
1763445535.194933
1763445535.241117
1763445535.263470
1763445535.304824
1763445535.328250
1763445535.369897
1763445535.399070
1763445535.438818
1763445535.461559
1763445535.502795
1763445535.532222
1763445535.573217
1763445535.594979
1763445535.637190
1763445535.665826
1763445535.707569
1763445535.728447
1763445535.770601
1763445535.799524
1763445535.838825
1763445535.861748
1763445535.907109
1763445535.930779
1763445535.967672
1763445535.995458
1763445536.030146
1763445536.072527
1763445536.097729
1763445536.140249
1763445536.161987
1763445536.206075
1763445536.231382
1763445536.268290
1763445536.304643
1763445536.328864
1763445536.371939
1763445536.398225
1763445536.440275
1763445536.462142
1763445536.505942
1763445536.531501
1763445536.573285
1763445536.595516
1763445536.640526
1763445536.663820
1763445536.709396
1763445536.728922
1763445536.771441
1763445536.798261
1763445536.840307
1763445536.862301
1763445536.905939
1763445536.931470
1763445536.977154
1763445536.995948
1763445537.037612
1763445537.067472
1763445537.108277
1763445537.129330
1763445537.172784
1763445537.197721
1763445537.236795
1763445537.262695
1763445537.308666
1763445537.330203
1763445537.376047
1763445537.396003
1763445537.440057
1763445537.464672
1763445537.506625
1763445537.529409
1763445537.573782
1763445537.598227
1763445537.638950
1763445537.662819
1763445537.703093
1763445537.739205
1763445537.764944
1763445537.799601
1763445537.833396
1763445537.871394
1763445537.898417
1763445537.934642
1763445537.967079
1763445538.007698
1763445538.031614
1763445538.065778
1763445538.105067
1763445538.131728
1763445538.174798
1763445538.196424
1763445538.241617
1763445538.264597
1763445538.307705
1763445538.329981
1763445538.373871
1763445538.398504
1763445538.440993
1763445538.463390
1763445538.509080
1763445538.529868
1763445538.565725
1763445538.599651
1763445538.636975
1763445538.670149
1763445538.705411
1763445538.730169
1763445538.775046
1763445538.798125
1763445538.840527
1763445538.863580
1763445538.909091
1763445538.930463
1763445538.977595
1763445538.997151
1763445539.042776
1763445539.064829
1763445539.105222
1763445539.130286
1763445539.175834
1763445539.197989
1763445539.241997
1763445539.263888
1763445539.308249
1763445539.331669
1763445539.376710
1763445539.397395
1763445539.439716
1763445539.465521
1763445539.511173
1763445539.530842
1763445539.574046
1763445539.598876
1763445539.642667
1763445539.664113
1763445539.709816
1763445539.731112
1763445539.778339
1763445539.797541
1763445539.840889
1763445539.865774
1763445539.912055
1763445539.930954
1763445539.974499
1763445539.999129
1763445540.044509
1763445540.064529
1763445540.108610
1763445540.131747
1763445540.174787
1763445540.197726
1763445540.243994
1763445540.264524
1763445540.307699
1763445540.331000
1763445540.376438
1763445540.398938
1763445540.444988
1763445540.464469
1763445540.507224
1763445540.531901
1763445540.578877
1763445540.597833
1763445540.642507
1763445540.665432
1763445540.708322
1763445540.731160
1763445540.775333
1763445540.798802
1763445540.843868
1763445540.864594
1763445540.904917
1763445540.934894
1763445540.976571
1763445540.998227
1763445541.043357
1763445541.065537
1763445541.111463
1763445541.131444
1763445541.177169
1763445541.198496
1763445541.244707
1763445541.264777
1763445541.307365
1763445541.332733
1763445541.379337
1763445541.398320
1763445541.440004
1763445541.466065
1763445541.507927
1763445541.531468
1763445541.577086
1763445541.598429
1763445541.644639
1763445541.664999
1763445541.707367
1763445541.733170
1763445541.776354
1763445541.798389
1763445541.841621
1763445541.866212
1763445541.908898
1763445541.931833
1763445541.978104
1763445541.998639
1763445542.044681
1763445542.065185
1763445542.109458
1763445542.132458
1763445542.179618
1763445542.198646
1763445542.244287
1763445542.265292
1763445542.312452
1763445542.332156
1763445542.374318
1763445542.399646
1763445542.445051
1763445542.465480
1763445542.510174
1763445542.532937
1763445542.576134
1763445542.598854
1763445542.644356
1763445542.665745
1763445542.712867
1763445542.732251
1763445542.774820
1763445542.799841
1763445542.845293
1763445542.865683
1763445542.911025
1763445542.932675
1763445542.979904
1763445542.999108
1763445543.041402
1763445543.066550
1763445543.113657
1763445543.132523
1763445543.177603
1763445543.199455
1763445543.245421
1763445543.266050
1763445543.310058
1763445543.333001
1763445543.378398
1763445543.399234
1763445543.443795
1763445543.466342
1763445543.513057
1763445543.532564
1763445543.573663
1763445543.600058
1763445543.645807
1763445543.666154
1763445543.708625
1763445543.733492
1763445543.780231
1763445543.799437
1763445543.841659
1763445543.867666
1763445543.913521
1763445543.932849
1763445543.974537
1763445544.000198
1763445544.044774
1763445544.066304
1763445544.108497
1763445544.133543
1763445544.178742
1763445544.199666
1763445544.245251
1763445544.266972
1763445544.313401
1763445544.333105
1763445544.367373
1763445544.410607
1763445544.433536
1763445544.480692
1763445544.499852
1763445544.546477
1763445544.567121
1763445544.609981
1763445544.633967
1763445544.669179
1763445544.704346
1763445544.743223
1763445544.767366
1763445544.804135
1763445544.837301
1763445544.878661
1763445544.900722
1763445544.938488
1763445544.967368
1763445545.009906
1763445545.033755
1763445545.071848
1763445545.101168
1763445545.147356
1763445545.167667
1763445545.204850
1763445545.234656
1763445545.277494
1763445545.301026
1763445545.338186
1763445545.370999
1763445545.410455
1763445545.433525
1763445545.476041
1763445545.501431
1763445545.546738
1763445545.567098
1763445545.610842
1763445545.634650
1763445545.678650
1763445545.700405
1763445545.746583
1763445545.768381
1763445545.812711
1763445545.833767
1763445545.875726
1763445545.901863
1763445545.946768
1763445545.967137
1763445546.007823
1763445546.036679
1763445546.078579
1763445546.100575
1763445546.144704
1763445546.168965
1763445546.210575
1763445546.234040
1763445546.277395
1763445546.302773
1763445546.346326
1763445546.367313
1763445546.409260
1763445546.436233
1763445546.479746
1763445546.500873
1763445546.542019
1763445546.570302
1763445546.611947
1763445546.634125
1763445546.677731
1763445546.702748
1763445546.746556
1763445546.767571
1763445546.809989
1763445546.835910
1763445546.879037
1763445546.900943
1763445546.944114
1763445546.969952
1763445547.011747
1763445547.034341
1763445547.075404
1763445547.104413
1763445547.142701
1763445547.167750
1763445547.213602
1763445547.236859
1763445547.281510
1763445547.301476
1763445547.344872
1763445547.370392
1763445547.408858
1763445547.434658
1763445547.478253
1763445547.504047
1763445547.546533
1763445547.567971
1763445547.608826
1763445547.638979
1763445547.679874
1763445547.701383
1763445547.747388
1763445547.770660
1763445547.808961
1763445547.834753
1763445547.877870
1763445547.904036
1763445547.942410
1763445547.968039
1763445548.011925
1763445548.037587
1763445548.076112
1763445548.101522
1763445548.144255
1763445548.171343
1763445548.212388
1763445548.235055
1763445548.281496
1763445548.302918
1763445548.347987
1763445548.368357
1763445548.410653
1763445548.438020
1763445548.479943
1763445548.501787
1763445548.544293
1763445548.571054
1763445548.613509
1763445548.635104
1763445548.680411
1763445548.704395
1763445548.748283
1763445548.768523
1763445548.810430
1763445548.835406
1763445548.878684
1763445548.901929
1763445548.944615
1763445548.971795
1763445549.012032
1763445549.034937
1763445549.073825
1763445549.107492
1763445549.140630
1763445549.168338
1763445549.208217
1763445549.239792
1763445549.275838
1763445549.302230
1763445549.341820
1763445549.372577
1763445549.408828
1763445549.435586
1763445549.473696
1763445549.508049
1763445549.539838
1763445549.569022
1763445549.607457
1763445549.640979
1763445549.674350
1763445549.702482
1763445549.740852
1763445549.773962
1763445549.807040
1763445549.835918
1763445549.872702
1763445549.909006
1763445549.939040
1763445549.969315
1763445550.008102
1763445550.040588
1763445550.071908
1763445550.102867
1763445550.139965
1763445550.175710
1763445550.211241
1763445550.235954
1763445550.277096
1763445550.302943
1763445550.350660
1763445550.369456
1763445550.416330
1763445550.438734
1763445550.481139
1763445550.502844
1763445550.548342
1763445550.572843
1763445550.613755
1763445550.636121
1763445550.679250
1763445550.706615
1763445550.747513
1763445550.769657
1763445550.811814
1763445550.839690
1763445550.881306
1763445550.902950
1763445550.948803
1763445550.971509
1763445551.012528
1763445551.036412
1763445551.080072
1763445551.107607
1763445551.148769
1763445551.169796
1763445551.212013
1763445551.240909
1763445551.281616
1763445551.303247
1763445551.348101
1763445551.373066
1763445551.414687
1763445551.436751
1763445551.479422
1763445551.507493
1763445551.548534
1763445551.569964
1763445551.611673
1763445551.641172
1763445551.681966
1763445551.703444
1763445551.746039
1763445551.774999
1763445551.814762
1763445551.836808
1763445551.881295
1763445551.907426
1763445551.947706
1763445551.970312
1763445552.011034
1763445552.044143
1763445552.077570
1763445552.103527
1763445552.146218
1763445552.175513
1763445552.214029
1763445552.236977
1763445552.283285
1763445552.304285
1763445552.351606
1763445552.370374
1763445552.413388
1763445552.441554
1763445552.481828
1763445552.503825
1763445552.547996
1763445552.574503
1763445552.615316
1763445552.637195
1763445552.679296
1763445552.704802
1763445552.749997
1763445552.770675
1763445552.816962
1763445552.837375
1763445552.881873
1763445552.908206
1763445552.948809
1763445552.975379
1763445553.006501
1763445553.046067
1763445553.075897
1763445553.115985
1763445553.137553
1763445553.176951
1763445553.213584
1763445553.242456
1763445553.271575
1763445553.312977
1763445553.342265
1763445553.379570
1763445553.404391
1763445553.446439
1763445553.475892
1763445553.515358
1763445553.537536
1763445553.580688
1763445553.608379
1763445553.645753
1763445553.671356
1763445553.712655
1763445553.743409
1763445553.779818
1763445553.804453
1763445553.847806
1763445553.875558
1763445553.914466
1763445553.937922
1763445553.983110
1763445554.007759
1763445554.047414
1763445554.071228
1763445554.115912
1763445554.141664
1763445554.179606
1763445554.204651
1763445554.246232
1763445554.276776
1763445554.315452
1763445554.338135
1763445554.380279
1763445554.409666
1763445554.446227
1763445554.471516
1763445554.513184
1763445554.542749
1763445554.580061
1763445554.604855
1763445554.646960
1763445554.676851
1763445554.715863
1763445554.738503
1763445554.781053
1763445554.809978
1763445554.846060
1763445554.871666
1763445554.915049
1763445554.943523
1763445554.979413
1763445555.005162
1763445555.046876
1763445555.077295
1763445555.113307
1763445555.138425
1763445555.179274
1763445555.212066
1763445555.246230
1763445555.272051
1763445555.316386
1763445555.343052
1763445555.380886
1763445555.405273
1763445555.447795
1763445555.476262
1763445555.516448
1763445555.538749
1763445555.582638
1763445555.609317
1763445555.646112
1763445555.672030
1763445555.716022
1763445555.742739
1763445555.782286
1763445555.805403
1763445555.848591
1763445555.876725
1763445555.914694
1763445555.938859
1763445555.982308
1763445556.010092
1763445556.047804
1763445556.072234
1763445556.116055
1763445556.143606
1763445556.180081
1763445556.205752
1763445556.249655
1763445556.276827
1763445556.315387
1763445556.339071
1763445556.382068
1763445556.410684
1763445556.448302
1763445556.472528
1763445556.514636
1763445556.544609
1763445556.582583
1763445556.605892
1763445556.647202
1763445556.674860
1763445556.716369
1763445556.739302
1763445556.782010
1763445556.811301
1763445556.848182
1763445556.872778
1763445556.914712
1763445556.944638
1763445556.983107
1763445557.006145
1763445557.044444
1763445557.075038
1763445557.106684
1763445557.139456
1763445557.172773
1763445557.206115
1763445557.247611
1763445557.272799
1763445557.314211
1763445557.345166
1763445557.383391
1763445557.406226
1763445557.448439
1763445557.477884
1763445557.517756
1763445557.539839
1763445557.581576
1763445557.610369
1763445557.648562
1763445557.673154
1763445557.717002
1763445557.744416
1763445557.780264
1763445557.806527
1763445557.849971
1763445557.877884
1763445557.917865
1763445557.939960
1763445557.981873
1763445558.011344
1763445558.046315
1763445558.073301
1763445558.114769
1763445558.144669
1763445558.184469
1763445558.206678
1763445558.248687
1763445558.278094
1763445558.314732
1763445558.340073
1763445558.381500
1763445558.412208
1763445558.447428
1763445558.473562
1763445558.515767
1763445558.545243
1763445558.581686
1763445558.606840
1763445558.648382
1763445558.679044
1763445558.714780
1763445558.740204
1763445558.782185
1763445558.810900
1763445558.849454
1763445558.873651
1763445558.917133
1763445558.945118
1763445558.983656
1763445559.007067
1763445559.047659
1763445559.078174
1763445559.116003
1763445559.140530
1763445559.181678
1763445559.213688
1763445559.248639
1763445559.273910
1763445559.316444
1763445559.345647
1763445559.381880
1763445559.407382
1763445559.448694
1763445559.480284
1763445559.514971
1763445559.540658
1763445559.584971
1763445559.611436
1763445559.650376
1763445559.674049
1763445559.717467
1763445559.745434
1763445559.783609
1763445559.807480
1763445559.848134
1763445559.879140
1763445559.915532
1763445559.940833
1763445559.979890
1763445560.018678
1763445560.045084
1763445560.075012
1763445560.116309
1763445560.145893
1763445560.184105
1763445560.207748
1763445560.250844
1763445560.278339
1763445560.315921
1763445560.341190
1763445560.382684
1763445560.408077
1763445560.448594
1763445560.474526
1763445560.517028
1763445560.546217
1763445560.583891
1763445560.607959
1763445560.646185
1763445560.684513
1763445560.712744
1763445560.742862
1763445560.781149
1763445560.815800
1763445560.847366
1763445560.874942
1763445560.918102
1763445560.946074
1763445560.980993
1763445561.008247
1763445561.043522
1763445561.085164
1763445561.113236
1763445561.152408
1763445561.174966
1763445561.215754
1763445561.247803
1763445561.283484
1763445561.313271
1763445561.342221
1763445561.382999
1763445561.415163
1763445561.447749
1763445561.475391
1763445561.516129
1763445561.547788
1763445561.583390
1763445561.608443
1763445561.647875
1763445561.683077
1763445561.713111
1763445561.741920
1763445561.782067
1763445561.816305
1763445561.847479
1763445561.875227
1763445561.914611
1763445561.948877
1763445561.981812
1763445562.008666
1763445562.048342
1763445562.082260
1763445562.116253
1763445562.142044
1763445562.185748
1763445562.213071
1763445562.249268
1763445562.275557
1763445562.316744
1763445562.347259
1763445562.386203
1763445562.408778
1763445562.452473
1763445562.479958
1763445562.519879
1763445562.542328
1763445562.583495
1763445562.615626
1763445562.649355
1763445562.676003
1763445562.716450
1763445562.747923
1763445562.783202
1763445562.809121
1763445562.850669
1763445562.879933
1763445562.920624
1763445562.942567
1763445562.983358
1763445563.015819
1763445563.050633
1763445563.075821
1763445563.117375
1763445563.147193
1763445563.183665
1763445563.209220
1763445563.249784
1763445563.282822
1763445563.317307
1763445563.342709
1763445563.384458
1763445563.413107
1763445563.445919
1763445563.476523
1763445563.516813
1763445563.550152
1763445563.582935
1763445563.609603
1763445563.649595
1763445563.684770
1763445563.714138
1763445563.744759
1763445563.781609
1763445563.816035
1763445563.849395
1763445563.876294
1763445563.917158
1763445563.949600
1763445563.985303
1763445564.009582
1763445564.054173
1763445564.079437
1763445564.121276
1763445564.142897
1763445564.185372
1763445564.215536
1763445564.249966
1763445564.276579
1763445564.322237
1763445564.345973
1763445564.383899
1763445564.410098
1763445564.454442
1763445564.479819
1763445564.520284
1763445564.543384
1763445564.583870
1763445564.616781
1763445564.649947
1763445564.676672
1763445564.719721
1763445564.747850
1763445564.785150
1763445564.810078
1763445564.854062
1763445564.880321
1763445564.920411
1763445564.943438
1763445564.983162
1763445565.018351
1763445565.047262
1763445565.077751
1763445565.118913
1763445565.147989
1763445565.185388
1763445565.210303
1763445565.255590
1763445565.279386
1763445565.319557
1763445565.343774
1763445565.390246
1763445565.411096
1763445565.453891
1763445565.477113
1763445565.520353
1763445565.547717
1763445565.589254
1763445565.610402
1763445565.651500
1763445565.683175
1763445565.718111
1763445565.743822
1763445565.789096
1763445565.812919
1763445565.853525
1763445565.877213
1763445565.919004
1763445565.949041
1763445565.987545
1763445566.010635
1763445566.050780
1763445566.081999
1763445566.120832
1763445566.143850
1763445566.189212
1763445566.212699
1763445566.253178
1763445566.277525
1763445566.321471
1763445566.347326
1763445566.385352
1763445566.410876
1763445566.451911
1763445566.482287
1763445566.522086
1763445566.544136
1763445566.590650
1763445566.611937
1763445566.657881
1763445566.677664
1763445566.718779
1763445566.749394
1763445566.788807
1763445566.810966
1763445566.852974
1763445566.882284
1763445566.923259
1763445566.944383
1763445566.990435
1763445567.014001
1763445567.056908
1763445567.077780
1763445567.119675
1763445567.149911
1763445567.186618
1763445567.211330
1763445567.253705
1763445567.282941
1763445567.321942
1763445567.344589
1763445567.390927
1763445567.412239
1763445567.453853
1763445567.478154
1763445567.523616
1763445567.546830
1763445567.588419
1763445567.611447
1763445567.652664
1763445567.682692
1763445567.721432
1763445567.744760
1763445567.786711
1763445567.816653
1763445567.851639
1763445567.878469
1763445567.920332
1763445567.949469
1763445567.989526
1763445568.011606
1763445568.055486
1763445568.081097
1763445568.119151
1763445568.145170
1763445568.189855
1763445568.213689
1763445568.254254
1763445568.278377
1763445568.324400
1763445568.346801
1763445568.388954
1763445568.411782
1763445568.456977
1763445568.481107
1763445568.519372
1763445568.545519
1763445568.592407
1763445568.613274
1763445568.658872
1763445568.678764
1763445568.720984
1763445568.750411
1763445568.788538
1763445568.812097
1763445568.853219
1763445568.883346
1763445568.921309
1763445568.945352
1763445568.988142
1763445569.014892
1763445569.057179
1763445569.078916
1763445569.122411
1763445569.148354
1763445569.191679
1763445569.212322
1763445569.250168
1763445569.288988
1763445569.314542
1763445569.349446
1763445569.379677
1763445569.426180
1763445569.446297
1763445569.491968
1763445569.512558
1763445569.559160
1763445569.579564
1763445569.625843
1763445569.646674
1763445569.683944
1763445569.717434
1763445569.758617
1763445569.781328
1763445569.813977
1763445569.854204
1763445569.883898
1763445569.924587
1763445569.945956
1763445569.991724
1763445570.014601
1763445570.060200
1763445570.079512
1763445570.120418
1763445570.151257
1763445570.188562
1763445570.212788
1763445570.255602
1763445570.281754
1763445570.321530
1763445570.346162
1763445570.385061
1763445570.421689
1763445570.448619
1763445570.481319
1763445570.521507
1763445570.550955
1763445570.588314
1763445570.612958
1763445570.656011
1763445570.681906
1763445570.721242
1763445570.746365
1763445570.787846
1763445570.815573
1763445570.851102
1763445570.879295
1763445570.922451
1763445570.946534
1763445570.983153
1763445571.013495
1763445571.054532
1763445571.082331
1763445571.120549
1763445571.146838
1763445571.192364
1763445571.214705
1763445571.259849
1763445571.280204
1763445571.319694
1763445571.353622
1763445571.386157
1763445571.413711
1763445571.453713
1763445571.488762
1763445571.515197
1763445571.548566
1763445571.589520
1763445571.615405
1763445571.661299
1763445571.680503
1763445571.720675
1763445571.751935
1763445571.792326
1763445571.813707
1763445571.860382
1763445571.880448
1763445571.927281
1763445571.947249
1763445571.987560
1763445572.020618
1763445572.054676
1763445572.080650
1763445572.126890
1763445572.147732
1763445572.193790
1763445572.214085
1763445572.257930
1763445572.281939
1763445572.327474
1763445572.347458
1763445572.391903
1763445572.414954
1763445572.461995
1763445572.480928
1763445572.524004
1763445572.548878
1763445572.594716
1763445572.614131
1763445572.654981
1763445572.682903
1763445572.722589
1763445572.747606
1763445572.790833
1763445572.815612
1763445572.861769
1763445572.881056
1763445572.923021
1763445572.949232
1763445572.992597
1763445573.014259
1763445573.058845
1763445573.081851
1763445573.126943
1763445573.147826
1763445573.193645
1763445573.215298
1763445573.261896
1763445573.281302
1763445573.322502
1763445573.349316
1763445573.395543
1763445573.414571
1763445573.452199
1763445573.492510
1763445573.515455
1763445573.551147
1763445573.585616
1763445573.625462
1763445573.648873
1763445573.685703
1763445573.719309
1763445573.759679
1763445573.781867
1763445573.818983
1763445573.851540
1763445573.893192
1763445573.915218
1763445573.952632
1763445573.984052
1763445574.025662
1763445574.049103
1763445574.085264
1763445574.119964
1763445574.161022
1763445574.181818
1763445574.218947
1763445574.252648
1763445574.293305
1763445574.315162
1763445574.352990
1763445574.385062
1763445574.425714
1763445574.449161
1763445574.486807
1763445574.519999
1763445574.560340
1763445574.582813
1763445574.619051
1763445574.653189
1763445574.693659
1763445574.715817
1763445574.753128
1763445574.786047
1763445574.827809
1763445574.848858
1763445574.885646
1763445574.919604
1763445574.959798
1763445574.982141
1763445575.019629
1763445575.052305
1763445575.094226
1763445575.115569
1763445575.153328
1763445575.186905
1763445575.227483
1763445575.249092
1763445575.286732
1763445575.318836
1763445575.360382
1763445575.382619
1763445575.420436
1763445575.451935
1763445575.494206
1763445575.516114
1763445575.554494
1763445575.583293
1763445575.625491
1763445575.650070
1763445575.684961
1763445575.720630
1763445575.759544
1763445575.782913
1763445575.819927
1763445575.852708
1763445575.894217
1763445575.916201
1763445575.953716
1763445575.986882
1763445576.027881
1763445576.049616
1763445576.087347
1763445576.120247
1763445576.157924
1763445576.183306
1763445576.220390
1763445576.253941
1763445576.295101
1763445576.316322
1763445576.353691
1763445576.387707
1763445576.424733
1763445576.450382
1763445576.486935
1763445576.520892
1763445576.558466
1763445576.583515
1763445576.620968
1763445576.653068
1763445576.694849
1763445576.716884
1763445576.754248
1763445576.787541
1763445576.827728
1763445576.850091
1763445576.887503
1763445576.920966
1763445576.961385
1763445576.983681
1763445577.018891
1763445577.056842
1763445577.087229
1763445577.128701
1763445577.149710
1763445577.191463
1763445577.217516
1763445577.261611
1763445577.283255
1763445577.322864
1763445577.356366
1763445577.390122
1763445577.416550
1763445577.458971
1763445577.484510
1763445577.530982
1763445577.550085
1763445577.592771
1763445577.617617
1763445577.661004
1763445577.683410
1763445577.717468
1763445577.761206
1763445577.784167
1763445577.827237
1763445577.850323
1763445577.897346
1763445577.917139
1763445577.962218
1763445577.984725
1763445578.019245
1763445578.058848
1763445578.084188
1763445578.130329
1763445578.150377
1763445578.191605
1763445578.218920
1763445578.264136
1763445578.283857
1763445578.329134
1763445578.352116
1763445578.395525
1763445578.417226
1763445578.460556
1763445578.485341
1763445578.531214
1763445578.550596
1763445578.594236
1763445578.619103
1763445578.665641
1763445578.684045
1763445578.725221
1763445578.752375
1763445578.795793
1763445578.817319
1763445578.860102
1763445578.885832
1763445578.927119
1763445578.950842
1763445578.995430
1763445579.019337
1763445579.065261
1763445579.084189
1763445579.124365
1763445579.158239
1763445579.189644
1763445579.217754
1763445579.262134
1763445579.285786
1763445579.331471
1763445579.350927
1763445579.392467
1763445579.421210
1763445579.461653
1763445579.484437
1763445579.526989
1763445579.553244
1763445579.598115
1763445579.617658
1763445579.659919
1763445579.686474
1763445579.728848
1763445579.751130
1763445579.792565
1763445579.820829
1763445579.862883
1763445579.884543
1763445579.926570
1763445579.953662
1763445579.996689
1763445580.017955
1763445580.060300
1763445580.087153
1763445580.125352
1763445580.151271
1763445580.196915
1763445580.220215
1763445580.262873
1763445580.284761
1763445580.327757
1763445580.353283
1763445580.399264
1763445580.418175
1763445580.462693
1763445580.487300
1763445580.528008
1763445580.551458
1763445580.594333
1763445580.620580
1763445580.663003
1763445580.685010
1763445580.727628
1763445580.754458
1763445580.797167
1763445580.818390
1763445580.859564
1763445580.887519
1763445580.929559
1763445580.951638
1763445580.994879
1763445581.021277
1763445581.062266
1763445581.085085
1763445581.126773
1763445581.154791
1763445581.195511
1763445581.218605
1763445581.264927
1763445581.287676
1763445581.327937
1763445581.351965
1763445581.397263
1763445581.421569
1763445581.463594
1763445581.485288
1763445581.527500
1763445581.554792
1763445581.593543
1763445581.618622
1763445581.664209
1763445581.687030
1763445581.729601
1763445581.752154
1763445581.795841
1763445581.821697
1763445581.863408
1763445581.885484
1763445581.929786
1763445581.955679
1763445581.997934
1763445582.018994
1763445582.061298
1763445582.088644
1763445582.129212
1763445582.152230
1763445582.194000
1763445582.222108
1763445582.264216
1763445582.285740
1763445582.328998
1763445582.355861
1763445582.396892
1763445582.419188
1763445582.461391
1763445582.489269
1763445582.530487
1763445582.552514
1763445582.595865
1763445582.623190
1763445582.664568
1763445582.685974
1763445582.727796
1763445582.756107
1763445582.795160
1763445582.819277
1763445582.861656
1763445582.889497
1763445582.931088
1763445582.952632
1763445582.995460
1763445583.023691
1763445583.064183
1763445583.086173
1763445583.129153
1763445583.156980
1763445583.197592
1763445583.219514
1763445583.263026
1763445583.290101
1763445583.331650
1763445583.352925
1763445583.395538
1763445583.423037
1763445583.463305
1763445583.486209
1763445583.530204
1763445583.556349
1763445583.598395
1763445583.619721
1763445583.661925
1763445583.690186
1763445583.731531
1763445583.753107
1763445583.795301
1763445583.824869
1763445583.862118
1763445583.886484
1763445583.932866
1763445583.954810
1763445583.999543
1763445584.019958
1763445584.066335
1763445584.088672
1763445584.131988
1763445584.153322
1763445584.195193
1763445584.224439
1763445584.265914
1763445584.286677
1763445584.332057
1763445584.355747
1763445584.396831
1763445584.420004
1763445584.465937
1763445584.490458
1763445584.531487
1763445584.553521
1763445584.595621
1763445584.624796
1763445584.665271
1763445584.686927
1763445584.728585
1763445584.757748
1763445584.798287
1763445584.820343
1763445584.859647
1763445584.894867
1763445584.926245
1763445584.953682
1763445584.992784
1763445585.028384
1763445585.059420
1763445585.087342
1763445585.129114
1763445585.158344
1763445585.196838
1763445585.220461
1763445585.263192
1763445585.291421
1763445585.332563
1763445585.354043
1763445585.395907
1763445585.426652
1763445585.463783
1763445585.487397
1763445585.529289
1763445585.558670
1763445585.597629
1763445585.620818
1763445585.662182
1763445585.691698
1763445585.728951
1763445585.754132
1763445585.797142
1763445585.822759
1763445585.864541
1763445585.887636
1763445585.931935
1763445585.958180
1763445585.995486
1763445586.020960
1763445586.056168
1763445586.097798
1763445586.125259
1763445586.162682
1763445586.190103
1763445586.231058
1763445586.258589
1763445586.295943
1763445586.325843
1763445586.354715
1763445586.396274
1763445586.425570
1763445586.462276
1763445586.487822
1763445586.528783
1763445586.561023
1763445586.595912
1763445586.621219
1763445586.663019
1763445586.692649
1763445586.733032
1763445586.754692
1763445586.796811
1763445586.826330
1763445586.864679
1763445586.888017
1763445586.930827
1763445586.959752
1763445586.988122
1763445587.029957
1763445587.059657
1763445587.099080
1763445587.121562
1763445587.163942
1763445587.192315
1763445587.229861
1763445587.254956
1763445587.297307
1763445587.326648
1763445587.364376
1763445587.388356
1763445587.428951
1763445587.461971
1763445587.495929
1763445587.521735
1763445587.564689
1763445587.593425
1763445587.630191
1763445587.655165
1763445587.698193
1763445587.726359
1763445587.764215
1763445587.788530
1763445587.834826
1763445587.857826
1763445587.899493
1763445587.921940
1763445587.966895
1763445587.993011
1763445588.030734
1763445588.055375
1763445588.097639
1763445588.126884
1763445588.165294
1763445588.188708
1763445588.233522
1763445588.258540
1763445588.296185
1763445588.322014
1763445588.366272
1763445588.392012
1763445588.429536
1763445588.455514
1763445588.500482
1763445588.524456
1763445588.564812
1763445588.588890
1763445588.632798
1763445588.660214
1763445588.695550
1763445588.722387
1763445588.765439
1763445588.793475
1763445588.831225
1763445588.855820
1763445588.896240
1763445588.929561
1763445588.963084
1763445588.989092
1763445589.033118
1763445589.059403
1763445589.096864
1763445589.122487
1763445589.166597
1763445589.192568
1763445589.230115
1763445589.255908
1763445589.297629
1763445589.327179
1763445589.365407
1763445589.389316
1763445589.431380
1763445589.461225
1763445589.499259
1763445589.522677
1763445589.566732
1763445589.593167
1763445589.632427
1763445589.656112
1763445589.697589
1763445589.727930
1763445589.766375
1763445589.789521
1763445589.831711
1763445589.861550
1763445589.899067
1763445589.922881
1763445589.966443
1763445589.994173
1763445590.034575
1763445590.056339
1763445590.098328
1763445590.127730
1763445590.166743
1763445590.189706
1763445590.231381
1763445590.260992
1763445590.300872
1763445590.323171
1763445590.363878
1763445590.394711
1763445590.433563
1763445590.456502
1763445590.497895
1763445590.526871
1763445590.565675
1763445590.589963
1763445590.633570
1763445590.661154
1763445590.700494
1763445590.723269
1763445590.765063
1763445590.794497
1763445590.829871
1763445590.857045
1763445590.899785
1763445590.926907
1763445590.967741
1763445590.990346
1763445591.031529
1763445591.061359
1763445591.099710
1763445591.123419
1763445591.165088
1763445591.193915
1763445591.233162
1763445591.257008
1763445591.298154
1763445591.328931
1763445591.365419
1763445591.390330
1763445591.432077
1763445591.459510
1763445591.499804
1763445591.523698
1763445591.567562
1763445591.595180
1763445591.635300
1763445591.657389
1763445591.699276
1763445591.728785
1763445591.764621
1763445591.790508
1763445591.832880
1763445591.861809
1763445591.900267
1763445591.923868
1763445591.965608
1763445591.995463
1763445592.034743
1763445592.057403
1763445592.098581
1763445592.130345
1763445592.165214
1763445592.190683
1763445592.231899
1763445592.262147
1763445592.301466
1763445592.324105
1763445592.364914
1763445592.393399
1763445592.435122
1763445592.457568
1763445592.495698
1763445592.531946
1763445592.562334
1763445592.591754
1763445592.633670
1763445592.662324
1763445592.697057
1763445592.724470
1763445592.766415
1763445592.795618
1763445592.833336
1763445592.857785
1763445592.898818
1763445592.931017
1763445592.963172
1763445592.991400
1763445593.032970
1763445593.061717
1763445593.098779
1763445593.124491
1763445593.163189
1763445593.196849
1763445593.232108
1763445593.257974
1763445593.296256
1763445593.335079
1763445593.362534
1763445593.392744
1763445593.428920
1763445593.462465
1763445593.496372
1763445593.525506
1763445593.566696
1763445593.595701
1763445593.632355
1763445593.658372
1763445593.700480
1763445593.729708
1763445593.767466
1763445593.791538
1763445593.830647
1763445593.866263
1763445593.897199
1763445593.925573
1763445593.965758
1763445593.997183
1763445594.035328
1763445594.058555
1763445594.100979
1763445594.129137
1763445594.165732
1763445594.192049
1763445594.232214
1763445594.265222
1763445594.298237
1763445594.325324
1763445594.366878
1763445594.392361
1763445594.433532
1763445594.461182
1763445594.502111
1763445594.525812
1763445594.566030
1763445594.599146
1763445594.632746
1763445594.665885
1763445594.692066
1763445594.732235
1763445594.767496
1763445594.797739
1763445594.825407
1763445594.867817
1763445594.896495
1763445594.933529
1763445594.958781
1763445595.000331
1763445595.031854
1763445595.066879
1763445595.092211
1763445595.132208
1763445595.167063
1763445595.197546
1763445595.225586
1763445595.267376
1763445595.296600
1763445595.336139
1763445595.358954
1763445595.396902
1763445595.434949
1763445595.464319
1763445595.492405
1763445595.532292
1763445595.565839
1763445595.598469
1763445595.625957
1763445595.667363
1763445595.697483
1763445595.736331
1763445595.759342
1763445595.800786
1763445595.830765
1763445595.869528
1763445595.892618
1763445595.935969
1763445595.963726
1763445596.004447
1763445596.026035
1763445596.067496
1763445596.097058
1763445596.136447
1763445596.159382
1763445596.199924
1763445596.233359
1763445596.264635
1763445596.293115
1763445596.335038
1763445596.363981
1763445596.403909
1763445596.426255
1763445596.466430
1763445596.499831
1763445596.532999
1763445596.559692
1763445596.600745
1763445596.630413
1763445596.663109
1763445596.693571
1763445596.734175
1763445596.765398
1763445596.801159
1763445596.826405
1763445596.868355
1763445596.897296
1763445596.935774
1763445596.959742
1763445597.002230
1763445597.031882
1763445597.067203
1763445597.093167
1763445597.135796
1763445597.164935
1763445597.202385
1763445597.226585
1763445597.267992
1763445597.297839
1763445597.336149
1763445597.360026
1763445597.401665
1763445597.432713
1763445597.468466
1763445597.493435
1763445597.532992
1763445597.568227
1763445597.598452
1763445597.627474
1763445597.668369
1763445597.697879
1763445597.738167
1763445597.760277
1763445597.805286
1763445597.830233
1763445597.860983
1763445597.902131
1763445597.932187
1763445597.971050
1763445597.993440
1763445598.035823
1763445598.063983
1763445598.102466
1763445598.127187
1763445598.169669
1763445598.196932
1763445598.238842
1763445598.260354
1763445598.302763
1763445598.332114
1763445598.371303
1763445598.393670
1763445598.439669
1763445598.462618
1763445598.503895
1763445598.527348
1763445598.569158
1763445598.594507
1763445598.629976
1763445598.660483
1763445598.701453
1763445598.732572
1763445598.772071
1763445598.793995
1763445598.837729
1763445598.864035
1763445598.904351
1763445598.927298
1763445598.972953
1763445598.995685
1763445599.036615
1763445599.060934
1763445599.105181
1763445599.130702
1763445599.172866
1763445599.194190
1763445599.236436
1763445599.266126
1763445599.302236
1763445599.327763
1763445599.369943
1763445599.398650
1763445599.437070
1763445599.461126
1763445599.505099
1763445599.530312
1763445599.568667
1763445599.594506
1763445599.635778
1763445599.666919
1763445599.703824
1763445599.727867
1763445599.769596
1763445599.799316
1763445599.840467
1763445599.861434
1763445599.903538
1763445599.932470
1763445599.972602
1763445599.994563
1763445600.041541
1763445600.061946
1763445600.109222
1763445600.128012
1763445600.173734
1763445600.196127
1763445600.238426
1763445600.261426
1763445600.303532
1763445600.333762
1763445600.371577
1763445600.394728
1763445600.436162
1763445600.463058
1763445600.506432
1763445600.528212
1763445600.573279
1763445600.597436
1763445600.636362
1763445600.661721
1763445600.704138
1763445600.733234
1763445600.770389
1763445600.795221
1763445600.836900
1763445600.866482
1763445600.906449
1763445600.928357
1763445600.970727
1763445601.000215
1763445601.037605
1763445601.061776
1763445601.102468
1763445601.132258
1763445601.173696
1763445601.195159
1763445601.238906
1763445601.264465
1763445601.305227
1763445601.328536
1763445601.374711
1763445601.396232
1763445601.442344
1763445601.462003
1763445601.506975
1763445601.530760
1763445601.572608
1763445601.595338
1763445601.641777
1763445601.663166
1763445601.709095
1763445601.728983
1763445601.770593
1763445601.800787
1763445601.838379
1763445601.862131
1763445601.904724
1763445601.931583
1763445601.972280
1763445601.995551
1763445602.040176
1763445602.064520
1763445602.105217
1763445602.128965
1763445602.172684
1763445602.197882
1763445602.236214
1763445602.262486
1763445602.307034
1763445602.331637
1763445602.373790
1763445602.395753
1763445602.441974
1763445602.463795
1763445602.510603
1763445602.529312
1763445602.570838
1763445602.601248
1763445602.637567
1763445602.662662
1763445602.706745
1763445602.730091
1763445602.776284
1763445602.796205
1763445602.842470
1763445602.862797
1763445602.908904
1763445602.929628
1763445602.976370
1763445602.996939
1763445603.034108
1763445603.066927
1763445603.104246
1763445603.134197
1763445603.163195
1763445603.201433
1763445603.238647
1763445603.265072
1763445603.301382
1763445603.334175
1763445603.374007
1763445603.398433
1763445603.432109
1763445603.469279
1763445603.505194
1763445603.531635
1763445603.565381
1763445603.601129
1763445603.640542
1763445603.664777
1763445603.701432
1763445603.734583
1763445603.774009
1763445603.798242
1763445603.834144
1763445603.868133
1763445603.909086
1763445603.931208
1763445603.967979
1763445604.000639
1763445604.042164
1763445604.064758
1763445604.101148
1763445604.135125
1763445604.175546
1763445604.197663
1763445604.232348
1763445604.270542
1763445604.304042
1763445604.336481
1763445604.363595
1763445604.406000
1763445604.432174
1763445604.471149
1763445604.497202
1763445604.541838
1763445604.564952
1763445604.608179
1763445604.630616
1763445604.670282
1763445604.702413
1763445604.739985
1763445604.763948
1763445604.810169
1763445604.831046
1763445604.877954
1763445604.897541
1763445604.941249
1763445604.964435
1763445605.006402
1763445605.030776
1763445605.070327
1763445605.103851
1763445605.136741
1763445605.163913
1763445605.210243
1763445605.231130
1763445605.274707
1763445605.297516
1763445605.341174
1763445605.365696
1763445605.408727
1763445605.431141
1763445605.474609
1763445605.498905
1763445605.540421
1763445605.564265
1763445605.610787
1763445605.630985
1763445605.677790
1763445605.697856
1763445605.740556
1763445605.765815
1763445605.809159
1763445605.831147
1763445605.873899
1763445605.898333
1763445605.944941
1763445605.964548
1763445606.006682
1763445606.032705
1763445606.077817
1763445606.097933
1763445606.137849
1763445606.166764
1763445606.208639
1763445606.231216
1763445606.273143
1763445606.298966
1763445606.344669
1763445606.364713
1763445606.409221
1763445606.431726
1763445606.478873
1763445606.498235
1763445606.539801
1763445606.565974
1763445606.609931
1763445606.631692
1763445606.675249
1763445606.699202
1763445606.743808
1763445606.764967
1763445606.810703
1763445606.831854
1763445606.876255
1763445606.898314
1763445606.940552
1763445606.965918
1763445607.012676
1763445607.031880
1763445607.073356
1763445607.099654
1763445607.146008
1763445607.165162
1763445607.207008
1763445607.232792
1763445607.276365
1763445607.298578
1763445607.342774
1763445607.365708
1763445607.409349
1763445607.432089
1763445607.472347
1763445607.504043
1763445607.544161
1763445607.565405
1763445607.610585
1763445607.632295
1763445607.677511
1763445607.698763
1763445607.744912
1763445607.765695
1763445607.809884
1763445607.832067
1763445607.876069
1763445607.899276
1763445607.942164
1763445607.965454
1763445608.007432
1763445608.032981
1763445608.077267
1763445608.099024
1763445608.140676
1763445608.166338
1763445608.209530
1763445608.232372
1763445608.277525
1763445608.299329
1763445608.343010
1763445608.365778
1763445608.411716
1763445608.432789
1763445608.476097
1763445608.499128
1763445608.541229
1763445608.566410
1763445608.611473
1763445608.632648
1763445608.673746
1763445608.699982
1763445608.742988
1763445608.765826
1763445608.810149
1763445608.833290
1763445608.875939
1763445608.899317
1763445608.943093
1763445608.966567
1763445609.010177
1763445609.032655
1763445609.071872
1763445609.107955
1763445609.133672
1763445609.168612
1763445609.204319
1763445609.243366
1763445609.266798
1763445609.303416
1763445609.337450
1763445609.374330
1763445609.400700
1763445609.437681
1763445609.466971
1763445609.510047
1763445609.533731
1763445609.570859
1763445609.604218
1763445609.640613
1763445609.667245
1763445609.704865
1763445609.733366
1763445609.777603
1763445609.800554
1763445609.837657
1763445609.871178
1763445609.911610
1763445609.934023
1763445609.970391
1763445610.004256
1763445610.041539
1763445610.067716
1763445610.101764
1763445610.137951
1763445610.172922
1763445610.203823
1763445610.235187
1763445610.275012
1763445610.302513
1763445610.344923
1763445610.366861
1763445610.406257
1763445610.435785
1763445610.479328
1763445610.500195
1763445610.542604
1763445610.567611
1763445610.611590
1763445610.633593
1763445610.675120
1763445610.701526
1763445610.744546
1763445610.766915
1763445610.809021
1763445610.834826
1763445610.880140
1763445610.900344
1763445610.941384
1763445610.969571
1763445611.006085
1763445611.034033
1763445611.068308
1763445611.111658
1763445611.135188
1763445611.181341
1763445611.200642
1763445611.242110
1763445611.268589
1763445611.314114
1763445611.334415
1763445611.369073
1763445611.407128
1763445611.436904
1763445611.476723
1763445611.500667
1763445611.542078
1763445611.569392
1763445611.615329
1763445611.634131
1763445611.675578
1763445611.703020
1763445611.747999
1763445611.767476
1763445611.807594
1763445611.840191
1763445611.875979
1763445611.900869
1763445611.942334
1763445611.969559
1763445612.013366
1763445612.034274
1763445612.075988
1763445612.102893
1763445612.145603
1763445612.167775
1763445612.208634
1763445612.236404
1763445612.279036
1763445612.301072
1763445612.347437
1763445612.369514
1763445612.412257
1763445612.434512
1763445612.478080
1763445612.503468
1763445612.546111
1763445612.568006
1763445612.610867
1763445612.637200
1763445612.681090
1763445612.701342
1763445612.743990
1763445612.770416
1763445612.811608
1763445612.834794
1763445612.877671
1763445612.903528
1763445612.943080
1763445612.968172
1763445613.010078
1763445613.037163
1763445613.074331
1763445613.101652
1763445613.143204
1763445613.170982
1763445613.212823
1763445613.234930
1763445613.277297
1763445613.304114
1763445613.339528
1763445613.368333
1763445613.410126
1763445613.437597
1763445613.479325
1763445613.501604
1763445613.544686
1763445613.571347
1763445613.612704
1763445613.635006
1763445613.678767
1763445613.704444
1763445613.746497
1763445613.768491
1763445613.810172
1763445613.838307
1763445613.880272
1763445613.901850
1763445613.947621
1763445613.970992
1763445614.013714
1763445614.035335
1763445614.077288
1763445614.105370
1763445614.146189
1763445614.168661
1763445614.210715
1763445614.239077
1763445614.276750
1763445614.302176
1763445614.345446
1763445614.372443
1763445614.414089
1763445614.435419
1763445614.477854
1763445614.505684
1763445614.547081
1763445614.568853
1763445614.611293
1763445614.638557
1763445614.680373
1763445614.702398
1763445614.747577
1763445614.772001
1763445614.813378
1763445614.835656
1763445614.878790
1763445614.905333
1763445614.947555
1763445614.969105
1763445615.013260
1763445615.037925
1763445615.080769
1763445615.102674
1763445615.147413
1763445615.172934
1763445615.212125
1763445615.235946
1763445615.279318
1763445615.306566
1763445615.347727
1763445615.369405
1763445615.411924
1763445615.440095
1763445615.480648
1763445615.502728
1763445615.544552
1763445615.573195
1763445615.614698
1763445615.636080
1763445615.678713
1763445615.707138
1763445615.747833
1763445615.769557
1763445615.812014
1763445615.840315
1763445615.882015
1763445615.902926
1763445615.945783
1763445615.972233
1763445616.015323
1763445616.036414
1763445616.078877
1763445616.106748
1763445616.147768
1763445616.169724
1763445616.211410
1763445616.240974
1763445616.281970
1763445616.303062
1763445616.347964
1763445616.371742
1763445616.414886
1763445616.436535
1763445616.478251
1763445616.507109
1763445616.548406
1763445616.569887
1763445616.614616
1763445616.639971
1763445616.682158
1763445616.703364
1763445616.750188
1763445616.772146
1763445616.814618
1763445616.836742
1763445616.879865
1763445616.907110
1763445616.948699
1763445616.970087
1763445617.012447
1763445617.041293
1763445617.080861
1763445617.103509
1763445617.145675
1763445617.173924
1763445617.214616
1763445617.236795
1763445617.278885
1763445617.308443
1763445617.345576
1763445617.370302
1763445617.412648
1763445617.441548
1763445617.479106
1763445617.503741
1763445617.545346
1763445617.575571
1763445617.610166
1763445617.637222
1763445617.681266
1763445617.706455
1763445617.748137
1763445617.770446
1763445617.814177
1763445617.840943
1763445617.878903
1763445617.903880
1763445617.950934
1763445617.971308
1763445618.016028
1763445618.037400
1763445618.078015
1763445618.111270
1763445618.144620
1763445618.170784
1763445618.215243
1763445618.241336
1763445618.278680
1763445618.304063
1763445618.348510
1763445618.374480
1763445618.416037
1763445618.437528
1763445618.479726
1763445618.508824
1763445618.545752
1763445618.570991
1763445618.609949
1763445618.645642
1763445618.678958
1763445618.704330
1763445618.746715
1763445618.776416
1763445618.812800
1763445618.837499
1763445618.874935
1763445618.910810
1763445618.945904
1763445618.971742
1763445619.013449
1763445619.042593
1763445619.078965
1763445619.104420
1763445619.147273
1763445619.175854
1763445619.212965
1763445619.237861
1763445619.280562
1763445619.309362
1763445619.348909
1763445619.371293
1763445619.405324
1763445619.451089
1763445619.472559
1763445619.514422
1763445619.538554
1763445619.584475
1763445619.605829
1763445619.647017
1763445619.676482
1763445619.704908
1763445619.746616
1763445619.776622
1763445619.814073
1763445619.838152
1763445619.881820
1763445619.908359
1763445619.949001
1763445619.971543
1763445620.014371
1763445620.043312
1763445620.081989
1763445620.104937
1763445620.147903
1763445620.176757
1763445620.216056
1763445620.238395
1763445620.281859
1763445620.309305
1763445620.350909
1763445620.371884
1763445620.415950
1763445620.442548
1763445620.476883
1763445620.505363
1763445620.546300
1763445620.576584
1763445620.612938
1763445620.638548
1763445620.680719
1763445620.709985
1763445620.748219
1763445620.772076
1763445620.815918
1763445620.843089
1763445620.880520
1763445620.905437
1763445620.949123
1763445620.976611
1763445621.014039
1763445621.038854
1763445621.082736
1763445621.105890
1763445621.143106
1763445621.174917
1763445621.213580
1763445621.244449
1763445621.280284
1763445621.305587
1763445621.350529
1763445621.375327
1763445621.416413
1763445621.439039
1763445621.481469
1763445621.510899
1763445621.549575
1763445621.572427
1763445621.615711
1763445621.644239
1763445621.682172
1763445621.705847
1763445621.748943
1763445621.777234
1763445621.816026
1763445621.839226
1763445621.881484
1763445621.910472
1763445621.949469
1763445621.972542
1763445622.014190
1763445622.044594
1763445622.083161
1763445622.105992
1763445622.147578
1763445622.178144
1763445622.216610
1763445622.239390
1763445622.284048
1763445622.310251
1763445622.351058
1763445622.372940
1763445622.416883
1763445622.443823
1763445622.484009
1763445622.506271
1763445622.547725
1763445622.577274
1763445622.616390
1763445622.639835
1763445622.681285
1763445622.711218
1763445622.750200
1763445622.772978
1763445622.814703
1763445622.844398
1763445622.884185
1763445622.906576
1763445622.948154
1763445622.977577
1763445623.017024
1763445623.039801
1763445623.081293
1763445623.111347
1763445623.150504
1763445623.173205
1763445623.215186
1763445623.244826
1763445623.281582
1763445623.306602
1763445623.348487
1763445623.378072
1763445623.413485
1763445623.440155
1763445623.477607
1763445623.513514
1763445623.546592
1763445623.573400
1763445623.615126
1763445623.645071
1763445623.682064
1763445623.706928
1763445623.748543
1763445623.778014
1763445623.814682
1763445623.840231
1763445623.881193
1763445623.911697
1763445623.948509
1763445623.973581
1763445624.017827
1763445624.044688
1763445624.082254
1763445624.107019
1763445624.149399
1763445624.178759
1763445624.217700
1763445624.240396
1763445624.285312
1763445624.309940
1763445624.351595
1763445624.374031
1763445624.415678
1763445624.445468
1763445624.482027
1763445624.507245
1763445624.549177
1763445624.578735
1763445624.617356
1763445624.640615
1763445624.682655
1763445624.712273
1763445624.749284
1763445624.774063
1763445624.812768
1763445624.851562
1763445624.878579
1763445624.909077
1763445624.949603
1763445624.978911
1763445625.016459
1763445625.040888
1763445625.081395
1763445625.112437
1763445625.151636
1763445625.174138
1763445625.217900
1763445625.245478
1763445625.282170
1763445625.307763
1763445625.350037
1763445625.379629
1763445625.417894
1763445625.441059
1763445625.483219
1763445625.512532
1763445625.550487
1763445625.574492
1763445625.612251
1763445625.651642
1763445625.678479
1763445625.709970
1763445625.749706
1763445625.779741
1763445625.818566
1763445625.841231
1763445625.882358
1763445625.913498
1763445625.949169
1763445625.974559
1763445626.015689
1763445626.046578
1763445626.083028
1763445626.108230
1763445626.147316
1763445626.182455
1763445626.213533
1763445626.241625
1763445626.280583
1763445626.315602
1763445626.348605
1763445626.374951
1763445626.413271
1763445626.452314
1763445626.478888
1763445626.508345
1763445626.548251
1763445626.579370
1763445626.618000
1763445626.641603
1763445626.682677
1763445626.713304
1763445626.749947
1763445626.775040
1763445626.814921
1763445626.848290
1763445626.883065
1763445626.908385
1763445626.950723
1763445626.979370
1763445627.019167
1763445627.041903
1763445627.081825
1763445627.116153
1763445627.147112
1763445627.175685
1763445627.216988
1763445627.246240
1763445627.284267
1763445627.308599
1763445627.351009
1763445627.379914
1763445627.417054
1763445627.442115
1763445627.483936
1763445627.513483
1763445627.553345
1763445627.575486
1763445627.617537
1763445627.646886
1763445627.685525
1763445627.708950
1763445627.742859
1763445627.784318
1763445627.813620
1763445627.850660
1763445627.878302
1763445627.917396
1763445627.946856
1763445627.984561
1763445628.013939
1763445628.042359
1763445628.083576
1763445628.115447
1763445628.150698
1763445628.175873
1763445628.216477
1763445628.248778
1763445628.283746
1763445628.309218
1763445628.353705
1763445628.379860
1763445628.421156
1763445628.442552
1763445628.485012
1763445628.514197
1763445628.555228
1763445628.575955
1763445628.618808
1763445628.647374
1763445628.684680
1763445628.709447
1763445628.750669
1763445628.782197
1763445628.816440
1763445628.842837
1763445628.883610
1763445628.915667
1763445628.951368
1763445628.976155
1763445629.018211
1763445629.048265
1763445629.085360
1763445629.109520
1763445629.150196
1763445629.184001
1763445629.214271
1763445629.242939
1763445629.284061
1763445629.313560
1763445629.353390
1763445629.376432
1763445629.417904
1763445629.447891
1763445629.487098
1763445629.509778
1763445629.551219
1763445629.581517
1763445629.618532
1763445629.643229
1763445629.684216
1763445629.714428
1763445629.750113
1763445629.776627
1763445629.817614
1763445629.847425
1763445629.887955
1763445629.909875
1763445629.951459
1763445629.980816
1763445630.020685
1763445630.043411
1763445630.084733
1763445630.114467
1763445630.153104
1763445630.176841
1763445630.217513
1763445630.247777
1763445630.288200
1763445630.310247
1763445630.354129
1763445630.380811
1763445630.421968
1763445630.443718
1763445630.484775
1763445630.514438
1763445630.555895
1763445630.576944
1763445630.620003
1763445630.648083
1763445630.688599
1763445630.710367
1763445630.749512
1763445630.784847
1763445630.815391
1763445630.843782
1763445630.881611
1763445630.917739
1763445630.948668
1763445630.977441
1763445631.019012
1763445631.048151
1763445631.088662
1763445631.110442
1763445631.151990
1763445631.182667
1763445631.218272
1763445631.244089
1763445631.285490
1763445631.315422
1763445631.351969
1763445631.377527
1763445631.416991
1763445631.449201
1763445631.486597
1763445631.510881
1763445631.550692
1763445631.583771
1763445631.617423
1763445631.644294
1763445631.682252
1763445631.718526
1763445631.749018
1763445631.777793
1763445631.815966
1763445631.851243
1763445631.882964
1763445631.911101
1763445631.949082
1763445631.987944
1763445632.013260
1763445632.044716
1763445632.082793
1763445632.118695
1763445632.148607
1763445632.177885
1763445632.217672
1763445632.249400
1763445632.288267
1763445632.311177
1763445632.351806
1763445632.383548
1763445632.419593
1763445632.444740
1763445632.488210
1763445632.514467
1763445632.554058
1763445632.578064
1763445632.617986
1763445632.647061
1763445632.682477
1763445632.712888
1763445632.749992
1763445632.782839
1763445632.816972
1763445632.844991
1763445632.883040
1763445632.918128
1763445632.949568
1763445632.978500
1763445633.014454
1763445633.049015
1763445633.083418
1763445633.111910
1763445633.147903
1763445633.184358
1763445633.215886
1763445633.245317
1763445633.279048
1763445633.314649
1763445633.348567
1763445633.378825
1763445633.414727
1763445633.451520
1763445633.481217
1763445633.512166
1763445633.547902
1763445633.584396
1763445633.615071
1763445633.645204
1763445633.679566
1763445633.716861
1763445633.748623
1763445633.778691
1763445633.815625
1763445633.848274
1763445633.885194
1763445633.912327
1763445633.947757
1763445633.987001
1763445634.016365
1763445634.045652
1763445634.084865
1763445634.117445
1763445634.151511
1763445634.179066
1763445634.219256
1763445634.251897
1763445634.284375
1763445634.312434
1763445634.353003
1763445634.385491
1763445634.418509
1763445634.445839
1763445634.489591
1763445634.515140
1763445634.557216
1763445634.579545
1763445634.616277
1763445634.655414
1763445634.681489
1763445634.712895
1763445634.756855
1763445634.781259
1763445634.823262
1763445634.846003
1763445634.884489
1763445634.923863
1763445634.947601
1763445634.979518
1763445635.022230
1763445635.048364
1763445635.089156
1763445635.112722
1763445635.154733
1763445635.183495
1763445635.221329
1763445635.246179
1763445635.287521
1763445635.316141
1763445635.358465
1763445635.379708
1763445635.420839
1763445635.450748
1763445635.490411
1763445635.512917
1763445635.554199
1763445635.583416
1763445635.623194
1763445635.646472
1763445635.687033
1763445635.720942
1763445635.751331
1763445635.779919
1763445635.822504
1763445635.848578
1763445635.891002
1763445635.913333
1763445635.953663
1763445635.984741
1763445636.025463
1763445636.046576
1763445636.080599
1763445636.125115
1763445636.148072
1763445636.194273
1763445636.213597
1763445636.253198
1763445636.288435
1763445636.314865
1763445636.359949
1763445636.380027
1763445636.425330
1763445636.447321
1763445636.482967
1763445636.513714
1763445636.546704
1763445636.580011
1763445636.613491
1763445636.646855
1763445636.680134
1763445636.713545
1763445636.746711
1763445636.780268
1763445636.813443
1763445636.846819
1763445636.880205
1763445636.913534
1763445636.946890
1763445636.980248
1763445637.013507
