1742462923.415387
1742462923.515314
1742462923.548397
1742462923.582615
1742462923.616155
1742462923.649019
1742462923.681939
1742462923.715183
1742462923.748617
1742462923.781941
1742462923.823128
1742462923.849211
1742462923.882504
1742462923.928775
1742462923.957379
1742462923.993913
1742462924.026775
1742462924.058300
1742462924.086288
1742462924.122404
1742462924.160804
1742462924.192612
1742462924.231806
1742462924.261553
1742462924.298242
1742462924.329948
1742462924.363695
1742462924.398035
1742462924.431207
1742462924.464430
1742462924.497306
1742462924.531415
1742462924.563156
1742462924.598533
1742462924.630761
1742462924.664639
1742462924.695987
1742462924.730857
1742462924.762994
1742462924.798011
1742462924.831317
1742462924.862297
1742462924.885362
1742462924.916263
1742462924.958900
1742462924.993583
1742462925.016483
1742462925.049122
1742462925.096187
1742462925.116229
1742462925.162925
1742462925.182776
1742462925.220594
1742462925.261302
1742462925.282827
1742462925.315929
1742462925.359426
1742462925.383015
1742462925.425575
1742462925.449463
1742462925.495216
1742462925.516210
1742462925.563501
1742462925.583079
1742462925.628632
1742462925.649868
1742462925.691524
1742462925.716346
1742462925.762967
1742462925.783278
1742462925.830103
1742462925.849876
1742462925.895189
1742462925.916534
1742462925.962939
1742462925.983271
1742462926.025059
1742462926.051244
1742462926.093001
1742462926.116641
1742462926.160158
1742462926.183847
1742462926.225477
1742462926.249932
1742462926.285635
1742462926.327775
1742462926.350243
1742462926.383300
1742462926.418010
1742462926.459495
1742462926.483583
1742462926.516646
1742462926.554007
1742462926.590736
1742462926.618464
1742462926.649945
1742462926.689173
1742462926.721771
1742462926.758335
1742462926.783360
1742462926.824525
1742462926.851726
1742462926.895635
1742462926.916939
1742462926.957625
1742462926.986450
1742462927.027842
1742462927.050249
1742462927.090066
1742462927.123568
1742462927.153850
1742462927.183490
1742462927.221848
1742462927.254756
1742462927.293204
1742462927.316951
1742462927.358999
1742462927.384052
1742462927.429254
1742462927.450356
1742462927.491562
1742462927.517698
1742462927.564414
1742462927.583878
1742462927.625491
1742462927.651194
1742462927.687692
1742462927.717478
1742462927.758651
1742462927.785046
1742462927.827880
1742462927.850631
1742462927.896193
1742462927.918208
1742462927.964412
1742462927.984046
1742462928.028656
1742462928.051438
1742462928.094051
1742462928.117419
1742462928.160401
1742462928.184886
1742462928.229770
1742462928.250944
1742462928.297503
1742462928.318728
1742462928.362620
1742462928.384369
1742462928.427425
1742462928.451448
1742462928.492901
1742462928.517811
1742462928.562738
1742462928.585340
1742462928.629533
1742462928.651119
1742462928.694235
1742462928.718883
1742462928.761827
1742462928.784538
1742462928.827149
1742462928.852083
1742462928.895006
1742462928.917863
1742462928.961205
1742462928.984771
1742462929.029830
1742462929.051425
1742462929.098166
1742462929.119709
1742462929.161476
1742462929.184836
1742462929.230144
1742462929.252433
1742462929.297850
1742462929.318147
1742462929.364326
1742462929.386018
1742462929.427635
1742462929.451901
1742462929.495835
1742462929.519610
1742462929.563398
1742462929.585000
1742462929.629799
1742462929.653064
1742462929.692843
1742462929.718740
1742462929.762114
1742462929.788332
1742462929.829924
1742462929.852084
1742462929.894592
1742462929.923041
1742462929.964569
1742462929.985215
1742462930.031317
1742462930.053693
1742462930.098119
1742462930.118708
1742462930.165775
1742462930.187312
1742462930.228897
1742462930.252061
1742462930.299349
1742462930.320989
1742462930.364940
1742462930.385663
1742462930.429200
1742462930.457588
1742462930.498217
1742462930.518871
1742462930.562359
1742462930.591177
1742462930.630517
1742462930.652473
1742462930.699634
1742462930.721222
1742462930.762790
1742462930.785891
1742462930.829759
1742462930.856695
1742462930.898375
1742462930.919191
1742462930.964276
1742462930.987754
1742462931.031235
1742462931.053155
1742462931.097054
1742462931.121085
1742462931.164240
1742462931.186284
1742462931.230097
1742462931.255382
1742462931.298806
1742462931.319597
1742462931.366814
1742462931.389217
1742462931.431458
1742462931.454453
1742462931.496094
1742462931.525356
1742462931.565855
1742462931.586058
1742462931.633563
1742462931.655945
1742462931.698204
1742462931.719720
1742462931.763796
1742462931.788490
1742462931.830341
1742462931.853093
1742462931.897298
1742462931.922818
1742462931.964839
1742462931.986281
1742462932.033063
1742462932.054988
1742462932.096924
1742462932.119746
1742462932.159859
1742462932.195269
1742462932.226052
1742462932.253913
1742462932.298479
1742462932.321997
1742462932.363583
1742462932.386449
1742462932.432500
1742462932.456159
1742462932.497947
1742462932.519933
1742462932.563747
1742462932.591248
1742462932.631840
1742462932.653180
1742462932.700146
1742462932.722998
1742462932.765017
1742462932.786571
1742462932.832649
1742462932.856960
1742462932.896735
1742462932.920259
1742462932.966796
1742462932.990450
1742462933.031394
1742462933.053509
1742462933.098018
1742462933.126634
1742462933.162040
1742462933.187646
1742462933.229445
1742462933.258955
1742462933.297722
1742462933.332590
1742462933.353827
1742462933.398664
1742462933.424016
1742462933.465671
1742462933.492039
1742462933.526076
1742462933.561496
1742462933.597465
1742462933.626984
1742462933.657780
1742462933.695918
1742462933.730114
1742462933.761320
1742462933.790605
1742462933.831763
1742462933.859176
1742462933.895690
1742462933.922307
1742462933.965186
1742462933.992361
1742462934.033427
1742462934.054746
1742462934.099351
1742462934.124781
1742462934.166419
1742462934.187873
1742462934.229244
1742462934.264631
1742462934.294617
1742462934.325355
1742462934.364321
1742462934.394498
1742462934.429702
1742462934.455145
1742462934.497479
1742462934.527558
1742462934.564251
1742462934.587744
1742462934.631360
1742462934.660813
1742462934.696626
1742462934.721643
1742462934.766518
1742462934.791762
1742462934.832979
1742462934.854629
1742462934.899038
1742462934.927274
1742462934.963718
1742462934.989840
1742462935.031431
1742462935.061735
1742462935.094234
1742462935.129606
1742462935.159325
1742462935.200073
1742462935.227164
1742462935.262158
1742462935.293770
1742462935.332259
1742462935.361705
1742462935.394692
1742462935.428084
1742462935.464233
1742462935.494124
1742462935.528890
1742462935.560915
1742462935.599056
1742462935.628847
1742462935.659932
1742462935.696560
1742462935.729438
1742462935.764387
1742462935.789495
1742462935.831439
1742462935.860927
1742462935.896799
1742462935.924048
1742462935.965417
1742462935.994810
1742462936.031866
1742462936.056647
1742462936.099817
1742462936.126032
1742462936.166178
1742462936.189709
1742462936.231750
1742462936.261624
1742462936.298335
1742462936.325319
1742462936.366119
1742462936.395692
1742462936.431522
1742462936.457623
1742462936.498480
1742462936.528385
1742462936.563573
1742462936.591182
1742462936.631771
1742462936.659135
1742462936.700858
1742462936.722063
1742462936.767755
1742462936.793272
1742462936.834063
1742462936.855594
1742462936.897876
1742462936.929897
1742462936.965423
1742462936.991337
1742462937.032874
1742462937.062861
1742462937.098564
1742462937.123568
1742462937.165040
1742462937.195705
1742462937.231948
1742462937.258027
1742462937.299793
1742462937.328851
1742462937.365359
1742462937.389881
1742462937.432623
1742462937.461542
1742462937.497793
1742462937.524650
1742462937.566549
1742462937.595813
1742462937.631570
1742462937.658482
1742462937.700042
1742462937.727009
1742462937.768678
1742462937.789473
1742462937.832611
1742462937.862721
1742462937.897800
1742462937.927253
1742462937.966269
1742462937.996036
1742462938.033281
1742462938.057377
1742462938.098381
1742462938.129838
1742462938.161701
1742462938.189264
1742462938.228860
1742462938.264811
1742462938.298542
1742462938.327425
1742462938.366193
1742462938.396824
1742462938.431539
1742462938.461040
1742462938.499930
1742462938.529597
1742462938.566618
1742462938.593236
1742462938.634125
1742462938.662554
1742462938.698826
1742462938.728183
1742462938.764410
1742462938.799966
1742462938.830326
1742462938.861506
1742462938.898625
1742462938.928401
1742462938.966082
1742462938.992867
1742462939.032871
1742462939.063588
1742462939.099548
1742462939.127769
1742462939.164214
1742462939.200029
1742462939.231974
1742462939.261284
1742462939.299433
1742462939.328629
1742462939.367797
1742462939.393335
1742462939.433044
1742462939.465046
1742462939.499398
1742462939.527305
1742462939.565763
1742462939.600118
1742462939.630520
1742462939.661610
1742462939.696635
1742462939.731805
1742462939.767514
1742462939.792402
1742462939.832974
1742462939.865219
1742462939.899802
1742462939.926947
1742462939.967390
1742462939.997463
1742462940.033848
1742462940.060185
1742462940.100318
1742462940.129805
1742462940.165839
1742462940.193400
1742462940.234539
1742462940.263942
1742462940.299717
1742462940.325811
1742462940.366260
1742462940.397540
1742462940.431299
1742462940.461049
1742462940.498998
1742462940.533389
1742462940.563163
1742462940.598224
1742462940.628737
1742462940.668197
1742462940.697745
1742462940.728692
1742462940.764407
1742462940.797585
1742462940.834274
1742462940.861214
1742462940.897134
1742462940.932468
1742462940.967553
1742462940.993648
1742462941.034895
1742462941.064388
1742462941.099550
1742462941.127781
1742462941.165724
1742462941.200525
1742462941.230859
1742462941.261519
1742462941.301064
1742462941.331874
1742462941.366882
1742462941.391657
1742462941.433570
1742462941.462429
1742462941.501641
1742462941.524460
1742462941.566671
1742462941.597207
1742462941.633167
1742462941.668132
1742462941.691196
1742462941.734348
1742462941.762359
1742462941.799535
1742462941.829210
1742462941.862284
1742462941.895595
1742462941.931849
1742462941.965905
1742462941.991414
1742462942.032775
1742462942.068019
1742462942.095521
1742462942.128824
1742462942.166499
1742462942.195757
1742462942.235484
1742462942.257999
1742462942.299604
1742462942.330700
1742462942.366486
1742462942.391399
1742462942.433176
1742462942.465357
1742462942.501287
1742462942.524930
1742462942.567414
1742462942.596262
1742462942.634082
1742462942.659083
1742462942.700488
1742462942.730347
1742462942.768805
1742462942.791932
1742462942.835945
1742462942.864699
1742462942.900106
1742462942.925474
1742462942.964992
1742462943.001142
1742462943.030333
1742462943.062364
1742462943.102309
1742462943.131625
1742462943.166621
1742462943.196159
1742462943.236028
1742462943.264355
1742462943.300158
1742462943.327747
1742462943.369132
1742462943.398535
1742462943.434478
1742462943.458920
1742462943.500837
1742462943.530290
1742462943.568615
1742462943.592394
1742462943.634217
1742462943.666005
1742462943.702574
1742462943.725455
1742462943.766569
1742462943.801980
1742462943.831799
1742462943.863633
1742462943.902356
1742462943.931484
1742462943.967228
1742462943.992580
1742462944.033614
1742462944.065104
1742462944.101133
1742462944.129378
1742462944.169909
1742462944.196946
1742462944.235004
1742462944.259360
1742462944.300811
1742462944.334831
1742462944.364989
1742462944.396430
1742462944.437297
1742462944.463499
1742462944.500847
1742462944.529206
1742462944.570353
1742462944.597503
1742462944.634177
1742462944.663783
1742462944.704158
1742462944.727209
1742462944.768428
1742462944.795976
1742462944.834240
1742462944.867865
1742462944.901678
1742462944.929998
1742462944.968805
1742462944.997121
1742462945.038017
1742462945.060448
1742462945.102792
1742462945.126526
1742462945.163720
1742462945.196188
1742462945.232530
1742462945.268749
1742462945.300004
1742462945.332623
1742462945.366472
1742462945.399374
1742462945.436240
1742462945.461686
1742462945.500326
1742462945.532969
1742462945.566135
1742462945.597626
1742462945.631089
1742462945.667518
1742462945.698170
1742462945.728757
1742462945.768674
1742462945.798751
1742462945.834856
1742462945.864356
1742462945.901028
1742462945.937071
1742462945.964031
1742462945.998575
1742462946.034564
1742462946.066254
1742462946.101199
1742462946.130013
1742462946.168885
1742462946.202193
1742462946.230899
1742462946.266244
1742462946.298531
1742462946.334856
1742462946.367394
1742462946.398312
1742462946.436205
1742462946.464971
1742462946.503802
1742462946.529331
1742462946.570070
1742462946.598598
1742462946.637456
1742462946.662370
1742462946.703212
1742462946.732160
1742462946.769058
1742462946.796658
1742462946.836581
1742462946.865441
1742462946.905802
1742462946.927611
1742462946.966429
1742462947.001920
1742462947.034529
1742462947.067016
1742462947.102246
1742462947.137327
1742462947.164208
1742462947.201155
1742462947.232196
1742462947.269405
1742462947.298851
1742462947.336908
1742462947.363446
1742462947.403777
1742462947.429171
1742462947.470494
1742462947.496456
1742462947.537605
1742462947.564326
1742462947.600362
1742462947.632173
1742462947.672117
1742462947.696650
1742462947.738530
1742462947.762718
1742462947.800896
1742462947.838424
1742462947.862298
1742462947.904580
1742462947.931583
1742462947.970582
1742462947.995391
1742462948.034297
1742462948.071175
1742462948.098108
1742462948.133741
1742462948.169471
1742462948.200768
1742462948.238324
1742462948.261241
1742462948.304330
1742462948.331727
1742462948.371450
1742462948.394616
1742462948.439111
1742462948.463549
1742462948.502394
1742462948.529901
1742462948.573046
1742462948.596978
1742462948.638475
1742462948.662023
1742462948.705547
1742462948.730585
1742462948.769421
1742462948.796798
1742462948.835355
1742462948.872562
1742462948.897321
1742462948.938638
1742462948.963588
1742462949.001380
1742462949.037646
1742462949.063138
1742462949.104335
1742462949.131572
1742462949.172098
1742462949.195613
1742462949.241687
1742462949.263922
1742462949.303154
1742462949.330371
1742462949.371905
1742462949.398221
1742462949.439599
1742462949.461989
1742462949.507317
1742462949.530684
1742462949.572406
1742462949.595478
1742462949.640867
1742462949.664062
1742462949.705897
1742462949.728867
1742462949.774116
1742462949.797676
1742462949.835919
1742462949.864291
1742462949.904940
1742462949.931729
1742462949.970371
1742462950.008146
1742462950.028940
1742462950.074499
1742462950.097630
1742462950.136447
1742462950.168326
1742462950.200202
1742462950.236249
1742462950.270764
1742462950.298489
1742462950.338143
1742462950.364199
1742462950.401915
1742462950.435223
1742462950.467126
1742462950.503455
1742462950.535180
1742462950.575419
1742462950.595619
1742462950.641937
1742462950.664205
1742462950.703065
1742462950.731735
1742462950.772866
1742462950.798680
1742462950.837543
1742462950.864816
1742462950.903374
1742462950.937501
1742462950.968680
1742462951.000369
1742462951.040191
1742462951.065682
1742462951.108613
1742462951.129766
1742462951.176594
1742462951.197825
1742462951.237192
1742462951.264524
1742462951.303870
1742462951.332164
1742462951.374176
1742462951.397202
1742462951.436858
1742462951.469670
1742462951.499473
1742462951.536046
1742462951.566732
1742462951.602688
1742462951.637414
1742462951.664777
1742462951.703633
1742462951.735483
1742462951.774389
1742462951.796628
1742462951.843890
1742462951.863888
1742462951.908954
1742462951.929873
1742462951.977229
1742462951.997919
1742462952.044146
1742462952.063263
1742462952.109237
1742462952.131108
1742462952.168836
1742462952.200294
1742462952.241666
1742462952.264763
1742462952.304370
1742462952.330356
1742462952.377419
1742462952.397543
1742462952.443998
1742462952.463400
1742462952.508781
1742462952.531496
1742462952.577446
1742462952.596934
1742462952.642605
1742462952.664984
1742462952.708806
1742462952.730273
1742462952.777609
1742462952.798191
1742462952.837047
1742462952.865139
1742462952.911240
1742462952.931024
1742462952.977249
1742462952.997561
1742462953.043703
1742462953.065087
1742462953.111825
1742462953.130840
1742462953.176267
1742462953.198492
1742462953.245168
1742462953.264485
1742462953.309732
1742462953.331753
1742462953.378318
1742462953.398066
1742462953.444443
1742462953.464984
1742462953.511652
1742462953.530966
1742462953.573095
1742462953.600597
1742462953.640443
1742462953.664703
1742462953.711878
1742462953.731017
1742462953.772708
1742462953.797817
1742462953.841354
1742462953.865242
1742462953.910194
1742462953.931405
1742462953.976944
1742462953.998507
1742462954.045482
1742462954.064585
1742462954.111622
1742462954.131569
1742462954.178236
1742462954.197942
1742462954.243871
1742462954.265242
1742462954.306874
1742462954.331481
1742462954.372951
1742462954.400712
1742462954.442840
1742462954.464815
1742462954.509050
1742462954.531911
1742462954.578052
1742462954.598340
1742462954.643055
1742462954.665475
1742462954.710973
1742462954.731735
1742462954.778228
1742462954.798762
1742462954.844892
1742462954.865198
1742462954.908156
1742462954.933662
1742462954.977033
1742462954.998606
1742462955.043570
1742462955.065344
1742462955.109980
1742462955.131912
1742462955.178064
1742462955.198690
1742462955.243837
1742462955.265359
1742462955.311902
1742462955.331806
1742462955.377130
1742462955.397873
1742462955.440761
1742462955.469585
1742462955.510653
1742462955.531895
1742462955.572631
1742462955.604335
1742462955.644059
1742462955.665466
1742462955.712802
1742462955.731844
1742462955.777648
1742462955.798688
1742462955.845672
1742462955.865240
1742462955.911313
1742462955.931929
1742462955.978030
1742462955.998984
1742462956.042466
1742462956.065506
1742462956.108428
1742462956.134230
1742462956.178670
1742462956.198814
1742462956.243044
1742462956.265605
1742462956.312298
1742462956.332138
1742462956.377898
1742462956.399004
1742462956.442503
1742462956.465417
1742462956.512075
1742462956.532191
1742462956.577885
1742462956.598767
1742462956.645802
1742462956.665789
1742462956.709360
1742462956.732347
1742462956.779437
1742462956.799098
1742462956.845707
1742462956.865747
1742462956.913163
1742462956.932559
1742462956.979793
1742462956.999254
1742462957.042571
1742462957.066067
1742462957.112294
1742462957.132631
1742462957.176659
1742462957.201048
1742462957.245872
1742462957.265959
1742462957.313102
1742462957.332779
1742462957.379163
1742462957.399450
1742462957.445899
1742462957.466282
1742462957.512787
1742462957.532700
1742462957.580080
1742462957.599566
1742462957.645976
1742462957.666149
1742462957.713234
1742462957.732921
1742462957.779430
1742462957.799650
1742462957.843659
1742462957.866437
1742462957.910539
1742462957.932916
1742462957.980328
1742462957.999919
1742462958.043409
1742462958.066378
1742462958.113666
1742462958.133146
1742462958.179448
1742462958.199835
1742462958.245232
1742462958.266787
1742462958.313703
1742462958.340727
1742462958.366438
1742462958.412898
1742462958.433449
1742462958.479121
1742462958.500367
1742462958.542301
1742462958.566727
1742462958.610725
1742462958.634677
1742462958.673011
1742462958.706063
1742462958.744913
1742462958.767014
1742462958.811650
1742462958.833663
1742462958.879851
1742462958.900381
1742462958.945117
1742462958.967153
1742462959.013923
1742462959.033795
1742462959.077770
1742462959.100638
1742462959.147756
1742462959.167403
1742462959.209775
1742462959.233683
1742462959.280653
1742462959.300928
1742462959.343501
1742462959.367257
1742462959.404494
1742462959.445159
1742462959.467011
1742462959.512933
1742462959.534101
1742462959.579941
1742462959.600598
1742462959.647513
1742462959.667680
1742462959.713670
1742462959.733867
1742462959.779970
1742462959.801043
1742462959.847506
1742462959.867198
1742462959.913952
1742462959.934426
1742462959.979314
1742462960.000573
1742462960.044637
1742462960.067837
1742462960.114520
1742462960.134023
1742462960.177796
1742462960.205223
1742462960.248241
1742462960.267466
1742462960.312433
1742462960.334902
1742462960.380060
1742462960.401137
1742462960.448307
1742462960.468078
1742462960.513473
1742462960.534479
1742462960.580467
1742462960.601892
1742462960.648310
1742462960.667834
1742462960.707680
1742462960.745875
1742462960.771098
1742462960.805582
1742462960.843759
1742462960.870879
1742462960.914710
1742462960.934646
1742462960.978737
1742462961.004391
1742462961.045643
1742462961.068311
1742462961.114457
1742462961.135466
1742462961.181914
1742462961.201506
1742462961.242468
1742462961.277474
1742462961.309860
1742462961.336010
1742462961.376485
1742462961.404878
1742462961.446290
1742462961.469769
1742462961.512104
1742462961.536159
1742462961.582969
1742462961.602012
1742462961.645370
1742462961.674299
1742462961.714204
1742462961.735572
1742462961.780154
1742462961.802902
1742462961.849290
1742462961.868624
1742462961.911898
1742462961.940196
1742462961.980734
1742462962.001899
1742462962.049160
1742462962.070136
1742462962.115563
1742462962.135170
1742462962.178752
1742462962.206853
1742462962.248233
1742462962.268542
1742462962.314124
1742462962.336489
1742462962.379305
1742462962.402201
1742462962.445458
1742462962.470372
1742462962.513460
1742462962.535284
1742462962.581603
1742462962.603471
1742462962.648838
1742462962.668667
1742462962.712796
1742462962.738060
1742462962.781872
1742462962.802315
1742462962.849937
1742462962.871176
1742462962.915634
1742462962.935738
1742462962.979058
1742462963.006780
1742462963.047899
1742462963.069062
1742462963.116415
1742462963.138226
1742462963.180508
1742462963.204799
1742462963.246768
1742462963.271915
1742462963.313591
1742462963.335987
1742462963.370632
1742462963.402907
1742462963.435432
1742462963.468691
1742462963.502049
1742462963.544790
1742462963.574864
1742462963.609510
1742462963.638904
1742462963.681235
1742462963.704175
1742462963.744722
1742462963.772648
1742462963.814513
1742462963.838651
1742462963.876128
1742462963.904916
1742462963.946626
1742462963.972610
1742462964.011850
1742462964.038825
1742462964.081561
1742462964.104892
1742462964.138971
1742462964.180865
1742462964.205534
1742462964.247596
1742462964.269501
1742462964.316678
1742462964.338754
1742462964.382503
1742462964.402914
1742462964.441951
1742462964.478535
1742462964.508372
1742462964.540695
1742462964.581305
1742462964.605654
1742462964.648030
1742462964.669752
1742462964.716195
1742462964.739923
1742462964.781355
1742462964.803401
1742462964.850220
1742462964.873029
1742462964.915144
1742462964.936811
1742462964.983275
1742462965.006120
1742462965.048436
1742462965.070185
1742462965.114662
1742462965.140507
1742462965.182108
1742462965.204816
1742462965.247290
1742462965.275841
1742462965.313073
1742462965.340320
1742462965.378168
1742462965.408240
1742462965.447859
1742462965.473546
1742462965.514424
1742462965.541988
1742462965.582785
1742462965.604246
1742462965.649408
1742462965.672732
1742462965.715527
1742462965.737874
1742462965.781452
1742462965.809398
1742462965.847895
1742462965.872306
1742462965.914745
1742462965.941071
1742462965.981712
1742462966.005544
1742462966.047221
1742462966.077015
1742462966.114283
1742462966.141302
1742462966.181350
1742462966.209960
1742462966.246481
1742462966.271449
1742462966.312633
1742462966.346278
1742462966.375869
1742462966.408242
1742462966.447600
1742462966.477338
1742462966.513872
1742462966.537277
1742462966.583243
1742462966.607773
1742462966.647529
1742462966.683143
1742462966.704127
1742462966.749677
1742462966.774517
1742462966.815182
1742462966.843589
1742462966.877212
1742462966.911869
1742462966.944310
1742462966.980760
1742462967.006484
1742462967.048530
1742462967.077212
1742462967.113690
1742462967.142151
1742462967.182069
1742462967.209987
1742462967.248660
1742462967.273036
1742462967.314586
1742462967.344343
1742462967.381277
1742462967.405764
1742462967.448613
1742462967.477358
1742462967.513721
1742462967.538178
1742462967.583011
1742462967.607888
1742462967.649662
1742462967.672491
1742462967.714392
1742462967.744868
1742462967.780344
1742462967.806882
1742462967.848686
1742462967.877623
1742462967.914346
1742462967.938122
1742462967.983839
1742462968.008915
1742462968.046273
1742462968.072791
1742462968.115665
1742462968.144501
1742462968.180740
1742462968.205065
1742462968.250442
1742462968.272410
1742462968.314753
1742462968.338306
1742462968.381365
1742462968.408688
1742462968.450482
1742462968.471658
1742462968.514482
1742462968.545104
1742462968.581737
1742462968.605465
1742462968.648111
1742462968.676138
1742462968.716520
1742462968.738840
1742462968.780610
1742462968.811015
1742462968.847679
1742462968.873059
1742462968.915678
1742462968.944812
1742462968.981887
1742462969.008445
1742462969.049936
1742462969.077577
1742462969.116813
1742462969.139042
1742462969.180862
1742462969.214947
1742462969.245645
1742462969.276844
1742462969.313212
1742462969.348580
1742462969.379494
1742462969.410173
1742462969.448383
1742462969.478283
1742462969.514574
1742462969.541648
1742462969.583259
1742462969.612027
1742462969.647542
1742462969.673401
1742462969.716265
1742462969.745777
1742462969.780635
1742462969.807616
1742462969.848830
1742462969.878783
1742462969.915620
1742462969.941051
1742462969.982908
1742462970.012102
1742462970.048918
1742462970.077094
1742462970.115568
1742462970.146174
1742462970.182684
1742462970.209438
1742462970.249156
1742462970.279764
1742462970.311190
1742462970.344275
1742462970.380295
1742462970.415522
1742462970.446472
1742462970.477465
1742462970.513624
1742462970.549240
1742462970.580484
1742462970.609390
1742462970.649554
1742462970.678960
1742462970.714972
1742462970.740787
1742462970.780249
1742462970.815641
1742462970.846272
1742462970.877302
1742462970.917512
1742462970.944368
1742462970.984794
1742462971.006423
1742462971.048816
1742462971.080982
1742462971.116586
1742462971.142424
1742462971.183985
1742462971.212534
1742462971.248871
1742462971.277949
1742462971.313768
1742462971.349989
1742462971.380890
1742462971.411714
1742462971.447711
1742462971.482022
1742462971.515763
1742462971.544885
1742462971.579971
1742462971.615840
1742462971.645916
1742462971.680236
1742462971.712273
1742462971.751261
1742462971.779662
1742462971.812068
1742462971.848335
1742462971.882995
1742462971.912801
1742462971.944855
1742462971.981659
1742462972.014044
1742462972.049879
1742462972.077275
1742462972.116689
1742462972.146535
1742462972.181445
1742462972.212749
1742462972.248028
1742462972.281614
1742462972.316527
1742462972.345115
1742462972.383014
1742462972.413669
1742462972.450351
1742462972.477638
1742462972.515855
1742462972.549234
1742462972.578370
1742462972.613467
1742462972.646757
1742462972.683085
1742462972.716976
1742462972.744043
1742462972.781750
1742462972.816670
1742462972.847416
1742462972.876054
1742462972.917150
1742462972.948908
1742462972.983838
1742462973.010781
1742462973.048253
1742462973.083139
1742462973.113435
1742462973.145509
1742462973.183045
1742462973.214003
1742462973.249140
1742462973.274202
1742462973.315772
1742462973.351481
1742462973.381031
1742462973.412735
1742462973.449457
1742462973.482276
1742462973.517051
1742462973.545537
1742462973.582230
1742462973.618123
1742462973.648483
1742462973.680845
1742462973.714807
1742462973.750594
1742462973.781511
1742462973.815728
1742462973.843651
1742462973.884829
1742462973.914326
1742462973.945601
1742462973.979053
1742462974.017592
1742462974.047041
1742462974.078544
1742462974.116329
1742462974.148818
1742462974.183746
1742462974.210426
1742462974.252040
1742462974.279623
1742462974.315884
1742462974.345995
1742462974.384802
1742462974.414389
1742462974.449550
1742462974.479148
1742462974.517135
1742462974.548075
1742462974.584631
1742462974.611008
1742462974.651823
1742462974.681188
1742462974.716509
1742462974.745011
1742462974.784114
1742462974.813789
1742462974.850597
1742462974.878406
1742462974.916212
1742462974.951194
1742462974.982181
1742462975.017850
1742462975.041609
1742462975.084291
1742462975.113903
1742462975.146135
1742462975.180671
1742462975.211933
1742462975.252587
1742462975.279598
1742462975.315958
1742462975.346583
1742462975.384110
1742462975.414647
1742462975.449624
1742462975.480513
1742462975.514623
1742462975.550042
1742462975.581621
1742462975.616557
1742462975.647116
1742462975.685000
1742462975.715742
1742462975.745765
1742462975.785149
1742462975.814429
1742462975.850940
1742462975.876195
1742462975.918526
1742462975.948057
1742462975.984071
1742462976.013500
1742462976.052550
1742462976.080352
1742462976.115962
1742462976.147938
1742462976.182522
1742462976.218400
1742462976.249133
1742462976.280011
1742462976.319476
1742462976.346972
1742462976.385923
1742462976.409466
1742462976.450966
1742462976.484148
1742462976.514165
1742462976.550208
1742462976.579848
1742462976.617207
1742462976.652919
1742462976.678354
1742462976.713566
1742462976.751024
1742462976.784599
1742462976.812369
1742462976.853336
1742462976.880453
1742462976.918539
1742462976.945603
1742462976.986122
1742462977.013562
1742462977.052302
1742462977.079182
1742462977.117082
1742462977.152485
1742462977.180379
1742462977.218097
1742462977.247289
1742462977.283519
1742462977.318692
1742462977.347179
1742462977.384284
1742462977.419825
1742462977.447611
1742462977.485466
1742462977.514014
1742462977.553456
1742462977.580795
1742462977.618297
1742462977.647199
1742462977.686602
1742462977.714415
1742462977.752639
1742462977.779376
1742462977.819090
1742462977.852189
1742462977.878850
1742462977.920134
1742462977.947370
1742462977.984786
1742462978.013586
1742462978.051344
1742462978.086665
1742462978.113491
1742462978.151631
1742462978.180509
1742462978.221244
1742462978.246051
1742462978.286048
1742462978.312620
1742462978.350172
1742462978.382989
1742462978.415481
1742462978.451287
1742462978.487368
1742462978.514239
1742462978.550408
1742462978.581660
1742462978.617810
1742462978.651962
1742462978.678754
1742462978.719345
1742462978.747729
1742462978.785986
1742462978.812017
1742462978.854081
1742462978.879682
1742462978.920458
1742462978.945575
1742462978.987164
1742462979.013540
1742462979.055094
1742462979.079044
1742462979.116870
1742462979.150269
1742462979.186361
1742462979.213235
1742462979.255432
1742462979.279996
1742462979.321334
1742462979.345433
1742462979.383427
1742462979.417074
1742462979.453724
1742462979.479494
1742462979.520317
1742462979.546956
1742462979.588989
1742462979.610947
1742462979.649232
1742462979.686718
1742462979.715475
1742462979.749920
1742462979.782910
1742462979.816653
1742462979.850907
1742462979.881665
1742462979.918470
1742462979.953805
1742462979.980821
1742462980.020024
1742462980.046688
1742462980.087939
1742462980.114707
1742462980.149711
1742462980.182586
1742462980.223180
1742462980.246474
1742462980.284290
1742462980.318126
1742462980.354517
1742462980.380421
1742462980.415764
1742462980.455148
1742462980.480315
1742462980.522476
1742462980.545045
1742462980.583210
1742462980.620956
1742462980.648908
1742462980.685135
1742462980.717127
1742462980.750988
1742462980.786590
1742462980.812921
1742462980.856316
1742462980.880097
1742462980.923451
1742462980.944408
1742462980.987763
1742462981.014363
1742462981.056820
1742462981.078015
1742462981.117558
1742462981.151027
1742462981.186055
1742462981.213849
1742462981.256756
1742462981.280196
1742462981.319149
1742462981.347058
1742462981.385252
1742462981.423232
1742462981.446925
1742462981.489421
1742462981.513097
1742462981.552162
1742462981.588820
1742462981.612544
1742462981.653822
1742462981.680485
1742462981.719664
1742462981.747588
1742462981.788636
1742462981.815213
1742462981.853048
1742462981.880599
1742462981.919150
1742462981.952705
1742462981.984463
1742462982.019268
1742462982.047273
1742462982.089853
1742462982.114107
1742462982.157277
1742462982.178986
1742462982.225270
1742462982.247427
1742462982.285794
1742462982.318347
1742462982.357214
1742462982.381131
1742462982.422336
1742462982.447151
1742462982.488049
1742462982.515366
1742462982.554596
1742462982.580666
1742462982.619326
1742462982.651574
1742462982.681931
1742462982.719262
1742462982.755479
1742462982.781739
1742462982.821703
1742462982.847430
1742462982.886235
1742462982.920837
1742462982.946985
1742462982.990505
1742462983.014210
1742462983.053811
1742462983.080850
1742462983.119267
1742462983.150524
1742462983.190889
1742462983.213390
1742462983.259689
1742462983.281116
1742462983.320009
1742462983.358423
1742462983.379431
1742462983.425649
1742462983.447936
1742462983.491328
1742462983.514341
1742462983.553772
1742462983.581155
1742462983.619916
1742462983.654333
1742462983.681491
1742462983.723864
1742462983.747757
1742462983.790149
1742462983.813257
1742462983.859658
1742462983.881004
1742462983.925116
1742462983.946049
1742462983.991210
1742462984.014454
1742462984.059613
1742462984.079400
1742462984.126927
1742462984.147393
1742462984.191929
1742462984.213037
1742462984.260024
1742462984.281054
1742462984.323526
1742462984.346629
1742462984.384902
1742462984.426411
1742462984.448014
1742462984.487111
1742462984.514509
1742462984.560568
1742462984.580795
1742462984.622374
1742462984.647836
1742462984.693750
1742462984.714128
1742462984.753297
1742462984.782521
1742462984.824253
1742462984.848090
1742462984.891465
1742462984.913443
1742462984.956833
1742462984.982681
1742462985.024055
1742462985.047744
1742462985.091121
1742462985.114693
1742462985.159391
1742462985.180305
1742462985.226954
1742462985.248181
1742462985.286888
1742462985.315370
1742462985.361684
1742462985.380573
1742462985.421645
1742462985.448181
1742462985.494805
1742462985.513854
1742462985.555619
1742462985.581319
1742462985.626538
1742462985.648108
1742462985.686427
1742462985.717380
1742462985.760119
1742462985.781347
1742462985.822594
1742462985.848236
1742462985.895166
1742462985.914152
1742462985.953843
1742462985.981481
1742462986.027673
1742462986.047706
1742462986.086188
1742462986.120331
1742462986.152229
1742462986.191823
1742462986.213895
1742462986.257549
1742462986.281505
1742462986.324966
1742462986.347486
1742462986.393460
1742462986.414642
1742462986.461274
1742462986.480862
1742462986.527956
1742462986.547493
1742462986.590450
1742462986.614383
1742462986.661676
1742462986.681155
1742462986.728144
1742462986.747541
1742462986.792310
1742462986.815019
1742462986.858813
1742462986.880992
1742462986.927551
1742462986.948215
1742462986.992858
1742462987.014269
1742462987.060891
1742462987.081286
1742462987.124246
1742462987.147911
1742462987.193445
1742462987.215173
1742462987.258683
1742462987.281476
1742462987.328483
1742462987.348135
1742462987.393958
1742462987.414705
1742462987.462024
1742462987.481383
1742462987.527440
1742462987.548254
1742462987.592916
1742462987.615500
1742462987.658755
1742462987.681727
1742462987.726754
1742462987.747760
1742462987.783579
1742462987.815332
1742462987.860998
1742462987.882386
1742462987.925722
1742462987.948488
1742462987.994393
1742462988.015425
1742462988.060121
1742462988.081893
1742462988.124755
1742462988.149071
1742462988.194105
1742462988.215455
1742462988.262098
1742462988.281898
1742462988.329411
1742462988.348488
1742462988.392343
1742462988.415332
1742462988.462649
1742462988.481900
1742462988.523444
1742462988.549023
1742462988.594440
1742462988.615151
1742462988.659507
1742462988.682195
1742462988.729532
1742462988.748606
1742462988.789670
1742462988.817369
1742462988.859558
1742462988.881864
1742462988.928492
1742462988.948689
1742462988.994433
1742462989.015374
1742462989.062103
1742462989.082259
1742462989.129229
1742462989.148929
1742462989.194967
1742462989.215559
1742462989.262149
1742462989.282267
1742462989.325815
1742462989.349292
1742462989.395150
1742462989.415506
1742462989.455821
1742462989.489762
1742462989.524894
1742462989.549210
1742462989.595332
1742462989.615841
1742462989.662965
1742462989.682472
1742462989.729542
1742462989.749595
1742462989.796081
1742462989.815929
1742462989.859073
1742462989.885027
1742462989.929560
1742462989.949194
1742462989.995007
1742462990.016048
1742462990.063629
1742462990.082805
1742462990.126703
1742462990.149590
1742462990.196400
1742462990.216108
1742462990.263478
1742462990.282855
1742462990.330037
1742462990.349617
1742462990.396096
1742462990.416259
1742462990.459738
1742462990.483080
1742462990.529983
1742462990.549704
1742462990.595401
1742462990.616279
1742462990.662924
1742462990.683095
1742462990.724823
1742462990.750080
1742462990.792068
1742462990.818056
1742462990.860372
1742462990.883386
1742462990.927568
1742462990.950218
1742462990.996839
1742462991.016648
1742462991.063190
1742462991.083488
1742462991.130495
1742462991.150309
1742462991.192336
1742462991.218828
1742462991.261771
1742462991.283795
1742462991.329154
1742462991.350333
1742462991.395851
1742462991.416871
1742462991.464309
1742462991.483910
1742462991.527232
1742462991.550679
1742462991.595599
1742462991.617279
1742462991.664537
1742462991.690783
1742462991.716837
1742462991.762552
1742462991.784198
1742462991.831232
1742462991.851418
1742462991.893982
1742462991.917479
1742462991.962629
1742462991.984661
1742462992.026409
1742462992.050768
1742462992.096470
1742462992.117927
1742462992.161847
1742462992.184281
1742462992.227495
1742462992.254692
1742462992.287533
1742462992.321644
1742462992.362968
1742462992.384417
1742462992.427111
1742462992.450821
1742462992.498159
1742462992.518182
1742462992.562068
1742462992.584936
1742462992.631264
1742462992.651524
1742462992.695687
1742462992.718153
1742462992.763941
1742462992.784730
1742462992.829056
1742462992.851657
1742462992.897356
1742462992.918578
1742462992.964271
1742462992.984428
1742462993.031576
1742462993.051650
1742462993.097507
1742462993.117791
1742462993.163267
1742462993.185473
1742462993.227900
1742462993.251775
1742462993.296821
1742462993.319146
1742462993.360770
1742462993.385371
1742462993.430232
1742462993.452522
1742462993.493924
1742462993.518812
1742462993.562030
1742462993.588353
1742462993.627474
1742462993.652458
1742462993.698584
1742462993.719193
1742462993.764746
1742462993.784390
1742462993.831882
1742462993.853039
1742462993.896490
1742462993.919243
1742462993.965648
1742462993.986670
1742462994.027604
1742462994.052840
1742462994.096058
1742462994.119734
1742462994.161699
1742462994.186715
1742462994.229863
1742462994.252682
1742462994.293535
1742462994.319804
1742462994.362529
1742462994.386681
1742462994.426896
1742462994.452430
1742462994.498100
1742462994.519792
1742462994.561073
1742462994.586545
1742462994.631833
1742462994.654065
1742462994.692864
1742462994.719981
1742462994.763400
1742462994.786660
1742462994.828512
1742462994.853850
1742462994.896577
1742462994.920553
1742462994.953612
1742462994.996076
1742462995.020158
1742462995.063635
1742462995.085059
1742462995.128895
1742462995.155469
1742462995.198822
1742462995.218576
1742462995.262321
1742462995.291539
1742462995.328008
1742462995.352340
1742462995.396818
1742462995.420888
1742462995.464502
1742462995.485675
1742462995.531165
1742462995.554725
1742462995.597524
1742462995.619094
1742462995.662060
1742462995.689806
1742462995.731988
1742462995.752211
1742462995.798738
1742462995.821230
1742462995.864544
1742462995.885653
1742462995.932779
1742462995.954888
1742462995.997089
1742462996.019360
1742462996.063531
1742462996.087620
1742462996.129867
1742462996.153631
1742462996.198655
1742462996.221363
1742462996.264077
1742462996.286167
1742462996.332737
1742462996.354980
1742462996.398469
1742462996.419400
1742462996.466339
1742462996.489275
1742462996.528792
1742462996.553847
1742462996.596522
1742462996.625771
1742462996.663340
1742462996.686266
1742462996.732448
1742462996.755821
1742462996.798750
1742462996.819814
1742462996.863539
1742462996.889624
1742462996.932074
1742462996.953046
1742462996.996159
1742462997.027960
1742462997.063708
1742462997.086482
1742462997.131292
1742462997.158232
1742462997.199646
1742462997.220074
1742462997.263356
1742462997.289318
1742462997.331881
1742462997.355070
1742462997.398478
1742462997.424009
1742462997.465288
1742462997.486813
1742462997.531706
1742462997.556670
1742462997.598735
1742462997.620004
1742462997.664909
1742462997.690230
1742462997.731023
1742462997.754481
1742462997.798620
1742462997.822892
1742462997.865911
1742462997.887182
1742462997.931478
1742462997.958113
1742462997.999713
1742462998.020317
1742462998.064776
1742462998.090599
1742462998.131450
1742462998.154275
1742462998.197450
1742462998.226314
1742462998.262207
1742462998.291097
1742462998.324167
1742462998.366112
1742462998.389901
1742462998.424835
1742462998.461164
1742462998.496044
1742462998.527971
1742462998.555680
1742462998.598114
1742462998.623976
1742462998.664757
1742462998.687234
1742462998.732974
1742462998.757481
1742462998.798880
1742462998.820495
1742462998.865770
1742462998.891631
1742462998.929839
1742462998.954518
1742462998.995211
1742462999.024480
1742462999.065850
1742462999.087147
1742462999.132718
1742462999.157951
1742462999.199476
1742462999.220545
1742462999.266153
1742462999.291187
1742462999.332343
1742462999.354094
1742462999.399201
1742462999.425228
1742462999.464536
1742462999.487786
1742462999.532547
1742462999.558144
1742462999.599884
1742462999.621125
1742462999.667067
1742462999.692131
1742462999.731735
1742462999.755096
1742462999.800572
1742462999.825062
1742462999.864355
1742462999.890351
1742462999.929858
1742462999.962420
1742462999.998231
1742463000.032044
1742463000.054366
1742463000.100102
1742463000.125265
1742463000.165908
1742463000.191958
1742463000.228889
1742463000.258585
1742463000.298545
1742463000.327818
1742463000.360776
1742463000.394787
1742463000.430509
1742463000.462051
1742463000.492501
1742463000.530014
1742463000.564064
1742463000.594380
1742463000.625550
1742463000.663079
1742463000.696369
1742463000.728214
1742463000.759119
1742463000.795283
1742463000.831137
1742463000.861115
1742463000.892736
1742463000.930308
1742463000.961232
1742463000.998685
1742463001.022209
1742463001.064213
1742463001.095484
1742463001.131158
1742463001.157850
1742463001.199006
1742463001.225358
1742463001.266517
1742463001.291571
1742463001.330789
1742463001.363639
1742463001.398577
1742463001.426575
1742463001.462713
1742463001.498797
1742463001.529038
1742463001.561767
1742463001.595807
1742463001.632098
1742463001.662479
1742463001.692592
1742463001.733120
1742463001.761846
1742463001.797682
1742463001.826533
1742463001.865978
1742463001.895199
1742463001.931997
1742463001.959191
1742463001.999022
1742463002.028947
1742463002.064757
1742463002.092959
1742463002.132698
1742463002.161660
1742463002.198022
1742463002.224555
1742463002.265755
1742463002.294481
1742463002.333305
1742463002.355845
1742463002.398162
1742463002.428881
1742463002.464504
1742463002.489065
1742463002.531520
1742463002.561846
1742463002.597463
1742463002.622775
1742463002.664607
1742463002.697671
1742463002.730969
1742463002.755972
1742463002.797137
1742463002.830311
1742463002.865208
1742463002.889691
1742463002.929453
1742463002.964609
1742463002.997884
1742463003.022281
1742463003.062181
1742463003.097557
1742463003.128019
1742463003.158433
1742463003.197431
1742463003.230582
1742463003.260449
1742463003.292882
1742463003.332854
1742463003.361319
1742463003.398848
1742463003.422487
1742463003.464966
1742463003.494847
1742463003.531787
1742463003.555861
1742463003.598297
1742463003.628261
1742463003.664564
1742463003.689773
1742463003.732717
1742463003.761762
1742463003.797152
1742463003.826180
1742463003.866278
1742463003.896408
1742463003.932643
1742463003.957099
1742463003.999532
1742463004.028599
1742463004.064823
1742463004.093034
1742463004.134285
1742463004.162158
1742463004.198441
1742463004.224290
1742463004.265420
1742463004.298744
1742463004.332437
1742463004.359522
1742463004.400485
1742463004.427770
1742463004.467981
1742463004.490070
1742463004.532514
1742463004.564974
1742463004.599384
1742463004.623414
1742463004.666345
1742463004.696385
1742463004.732449
1742463004.757413
1742463004.800113
1742463004.829472
1742463004.866315
1742463004.890772
1742463004.932785
1742463004.962974
1742463004.999378
1742463005.024946
1742463005.064686
1742463005.097458
1742463005.126778
1742463005.157822
1742463005.195998
1742463005.227844
1742463005.268202
1742463005.290320
1742463005.332459
1742463005.366317
1742463005.396331
1742463005.425738
1742463005.465946
1742463005.498225
1742463005.533238
1742463005.557104
1742463005.599251
1742463005.632439
1742463005.667058
1742463005.690960
1742463005.732880
1742463005.763835
1742463005.799979
1742463005.827626
1742463005.865257
1742463005.900146
1742463005.928389
1742463005.964057
1742463005.996900
1742463006.034020
1742463006.062521
1742463006.094959
1742463006.131500
1742463006.163794
1742463006.198331
1742463006.226887
1742463006.263305
1742463006.297131
1742463006.333519
1742463006.361096
1742463006.398332
1742463006.433789
1742463006.463407
1742463006.495643
1742463006.534326
1742463006.563908
1742463006.600814
1742463006.628058
1742463006.665747
1742463006.701092
1742463006.731550
1742463006.763134
1742463006.799684
1742463006.831021
1742463006.865742
1742463006.895997
1742463006.932554
1742463006.967394
1742463006.997152
1742463007.029141
1742463007.065152
1742463007.100165
1742463007.132152
1742463007.162512
1742463007.201072
1742463007.230369
1742463007.268028
1742463007.293864
1742463007.335151
1742463007.364237
1742463007.400018
1742463007.428782
1742463007.469378
1742463007.495596
1742463007.535355
1742463007.559920
1742463007.601203
1742463007.630809
1742463007.666299
1742463007.694740
1742463007.733711
1742463007.764299
1742463007.799932
1742463007.829493
1742463007.866734
1742463007.900354
1742463007.932614
1742463007.962607
1742463008.000237
1742463008.031181
1742463008.067021
1742463008.095085
1742463008.133421
1742463008.167499
1742463008.198564
1742463008.229629
1742463008.266465
1742463008.297700
1742463008.332129
1742463008.369001
1742463008.391883
1742463008.434206
1742463008.465617
1742463008.502490
1742463008.530240
1742463008.565614
1742463008.596715
1742463008.631354
1742463008.667476
1742463008.694604
1742463008.734500
1742463008.764419
1742463008.800096
1742463008.830346
1742463008.868803
1742463008.897787
1742463008.933559
1742463008.963580
1742463009.001759
1742463009.031267
1742463009.067156
1742463009.093742
1742463009.132102
1742463009.167840
1742463009.198989
1742463009.228340
1742463009.269108
1742463009.298633
1742463009.334945
1742463009.358796
1742463009.400339
1742463009.433612
1742463009.464387
1742463009.492443
1742463009.534553
1742463009.563824
1742463009.603410
1742463009.625413
1742463009.667137
1742463009.697798
1742463009.731738
1742463009.761315
1742463009.801262
1742463009.833748
1742463009.869473
1742463009.892324
1742463009.933026
1742463009.968669
1742463009.999837
1742463010.028038
1742463010.069957
1742463010.095196
1742463010.135790
1742463010.160399
1742463010.199119
1742463010.234510
1742463010.269889
1742463010.294319
1742463010.335274
1742463010.365937
1742463010.398604
1742463010.429797
1742463010.468012
1742463010.497938
1742463010.533390
1742463010.561640
1742463010.599257
1742463010.635402
1742463010.664349
1742463010.699834
1742463010.733362
1742463010.766063
1742463010.801829
1742463010.831009
1742463010.869967
1742463010.897395
1742463010.938111
1742463010.959685
1742463011.003784
1742463011.029644
1742463011.069627
1742463011.093074
1742463011.135817
1742463011.166393
1742463011.202040
1742463011.228799
1742463011.268934
1742463011.301053
1742463011.331453
1742463011.359676
1742463011.396919
1742463011.437447
1742463011.463248
1742463011.502530
1742463011.531632
1742463011.571289
1742463011.595613
1742463011.636002
1742463011.662931
1742463011.704413
1742463011.729653
1742463011.770108
1742463011.795988
1742463011.837265
1742463011.864470
1742463011.903805
1742463011.929681
1742463011.965648
1742463012.004051
1742463012.028846
1742463012.070705
1742463012.097892
1742463012.136716
1742463012.161118
1742463012.199882
1742463012.232022
1742463012.272570
1742463012.293734
1742463012.339780
1742463012.363078
1742463012.403413
1742463012.428190
1742463012.466790
1742463012.500025
1742463012.533626
1742463012.565475
1742463012.603499
1742463012.630905
1742463012.672385
1742463012.693913
1742463012.738251
1742463012.763277
1742463012.803966
1742463012.828267
1742463012.870418
1742463012.897849
1742463012.939146
1742463012.960947
1742463013.003093
1742463013.030396
1742463013.071670
1742463013.094155
1742463013.137556
1742463013.163762
1742463013.204163
1742463013.229061
1742463013.271656
1742463013.297451
1742463013.335556
1742463013.363313
1742463013.400904
1742463013.436778
1742463013.464301
1742463013.506148
1742463013.529059
1742463013.574090
1742463013.596659
1742463013.634052
1742463013.666335
1742463013.705519
1742463013.730240
1742463013.766573
1742463013.802303
1742463013.838751
1742463013.863943
1742463013.904898
1742463013.929948
1742463013.968714
1742463014.004802
1742463014.030370
1742463014.073290
1742463014.096794
1742463014.139542
1742463014.162416
1742463014.204339
1742463014.231648
1742463014.269682
1742463014.296821
1742463014.338604
1742463014.364237
1742463014.405423
1742463014.428700
1742463014.468429
1742463014.504786
1742463014.531649
1742463014.570485
1742463014.597046
1742463014.639694
1742463014.664725
1742463014.703554
1742463014.730633
1742463014.773038
1742463014.797794
1742463014.838068
1742463014.863961
1742463014.904954
1742463014.931335
1742463014.973009
1742463014.996514
1742463015.039163
1742463015.064948
1742463015.103266
1742463015.130747
1742463015.170086
1742463015.199920
1742463015.235963
1742463015.264815
1742463015.306447
1742463015.331531
1742463015.373569
1742463015.396442
1742463015.441986
1742463015.463989
1742463015.504605
1742463015.530801
1742463015.574078
1742463015.597615
1742463015.637284
1742463015.664109
1742463015.703253
1742463015.737203
1742463015.764160
1742463015.802914
1742463015.835173
1742463015.869326
1742463015.898496
1742463015.936843
1742463015.968745
1742463016.003867
1742463016.031279
1742463016.073239
1742463016.097606
1742463016.140635
1742463016.162876
1742463016.202521
1742463016.239370
1742463016.265323
1742463016.302119
1742463016.335954
1742463016.371595
1742463016.401353
1742463016.436297
1742463016.464962
1742463016.506988
1742463016.531837
1742463016.567814
1742463016.604007
1742463016.636284
1742463016.667185
1742463016.708801
1742463016.729644
1742463016.777121
1742463016.797744
1742463016.837638
1742463016.865648
1742463016.907932
1742463016.929915
1742463016.974840
1742463016.997909
1742463017.040175
1742463017.063058
1742463017.110008
1742463017.130760
1742463017.172585
1742463017.197999
1742463017.243833
1742463017.264704
1742463017.303469
1742463017.332575
1742463017.374334
1742463017.398884
1742463017.440685
1742463017.463509
1742463017.509910
1742463017.531229
1742463017.570334
1742463017.599380
1742463017.641395
1742463017.665048
1742463017.706703
1742463017.731283
1742463017.777883
1742463017.798012
1742463017.844353
1742463017.863984
1742463017.905985
1742463017.936088
1742463017.965290
1742463018.005508
1742463018.036840
1742463018.066031
1742463018.110577
1742463018.130652
1742463018.177512
1742463018.198204
1742463018.240747
1742463018.264215
1742463018.309840
1742463018.331400
1742463018.378210
1742463018.397424
1742463018.444283
1742463018.464047
1742463018.510436
1742463018.530702
1742463018.577969
1742463018.597243
1742463018.638740
1742463018.664910
1742463018.712098
1742463018.730913
1742463018.770930
1742463018.799302
1742463018.843236
1742463018.864784
1742463018.906536
1742463018.931454
1742463018.978048
1742463018.997937
1742463019.042277
1742463019.064291
1742463019.110706
1742463019.131408
1742463019.175362
1742463019.197930
1742463019.242677
1742463019.265005
1742463019.306448
1742463019.331688
1742463019.378299
1742463019.397991
1742463019.437541
1742463019.465079
1742463019.509852
1742463019.531642
1742463019.576537
1742463019.597957
1742463019.645024
1742463019.664699
1742463019.711303
1742463019.731440
1742463019.777805
1742463019.798562
1742463019.843484
1742463019.864689
1742463019.911837
1742463019.931768
1742463019.976065
1742463019.998237
1742463020.043642
1742463020.065097
1742463020.109028
1742463020.131566
1742463020.179103
1742463020.198338
1742463020.242098
1742463020.264919
1742463020.308328
1742463020.334299
1742463020.373043
1742463020.398636
1742463020.445484
1742463020.464943
1742463020.512311
1742463020.531637
1742463020.576205
1742463020.598613
1742463020.639874
1742463020.665114
1742463020.705506
1742463020.739687
1742463020.765159
1742463020.812388
1742463020.831931
1742463020.879189
1742463020.898518
1742463020.941997
1742463020.965390
1742463021.009289
1742463021.032090
1742463021.077386
1742463021.098604
1742463021.144213
1742463021.165301
1742463021.212633
1742463021.232009
1742463021.278371
1742463021.298391
1742463021.345212
1742463021.365354
1742463021.411780
1742463021.432287
1742463021.478883
1742463021.498712
1742463021.545945
1742463021.565474
1742463021.611977
1742463021.632327
1742463021.678519
1742463021.699201
1742463021.745630
1742463021.765722
1742463021.810634
1742463021.832585
1742463021.878687
1742463021.899386
1742463021.944778
1742463021.966007
1742463022.009473
1742463022.034860
1742463022.076665
1742463022.099262
1742463022.145629
1742463022.165910
1742463022.211040
1742463022.232486
1742463022.278486
1742463022.299323
1742463022.345174
1742463022.366048
1742463022.412606
1742463022.432623
1742463022.479884
1742463022.499253
1742463022.542926
1742463022.566151
1742463022.612536
1742463022.632916
1742463022.679409
1742463022.699730
1742463022.745859
1742463022.766241
1742463022.812222
1742463022.832805
1742463022.879147
1742463022.899415
1742463022.946162
1742463022.966452
1742463023.012222
1742463023.033126
1742463023.079793
1742463023.099685
1742463023.146530
1742463023.166444
1742463023.212015
1742463023.233306
1742463023.280477
1742463023.299744
1742463023.346825
1742463023.366488
1742463023.413763
1742463023.433009
1742463023.479975
1742463023.499878
1742463023.546501
1742463023.566717
1742463023.612973
1742463023.633384
1742463023.678753
1742463023.700253
1742463023.744408
1742463023.767065
1742463023.814046
1742463023.833574
1742463023.881083
1742463023.900535
1742463023.944051
1742463023.967171
1742463024.010497
1742463024.035938
1742463024.080110
1742463024.100785
1742463024.144541
1742463024.167735
1742463024.213684
1742463024.233937
1742463024.278359
1742463024.300747
1742463024.347333
1742463024.367108
1742463024.413070
1742463024.434031
1742463024.478267
1742463024.500488
1742463024.547739
1742463024.567766
1742463024.609834
1742463024.634104
1742463024.677741
1742463024.705278
1742463024.746858
1742463024.767088
1742463024.814041
1742463024.834169
1742463024.877681
1742463024.901426
1742463024.945042
1742463024.967801
1742463025.010424
1742463025.045028
1742463025.067286
1742463025.114573
1742463025.135083
1742463025.178622
1742463025.201427
1742463025.244151
1742463025.268057
1742463025.311356
1742463025.338464
1742463025.370867
1742463025.410748
1742463025.438874
1742463025.480630
1742463025.500775
1742463025.544008
1742463025.571993
1742463025.612253
1742463025.634220
1742463025.681220
1742463025.701498
1742463025.746521
1742463025.767556
1742463025.813463
1742463025.835080
1742463025.880785
1742463025.901213
1742463025.947713
1742463025.968788
1742463026.015259
1742463026.034368
1742463026.077544
1742463026.105894
1742463026.148230
1742463026.168134
1742463026.215477
1742463026.235710
1742463026.282152
1742463026.301212
1742463026.344873
1742463026.373504
1742463026.414319
1742463026.434633
1742463026.478731
1742463026.505293
1742463026.547289
1742463026.568216
1742463026.610967
1742463026.635688
1742463026.682004
1742463026.701469
1742463026.743120
1742463026.775298
1742463026.811484
1742463026.835300
1742463026.878748
1742463026.903863
1742463026.949153
1742463026.968248
1742463027.013328
1742463027.035917
1742463027.079961
1742463027.101850
1742463027.147885
1742463027.169707
1742463027.213928
1742463027.235175
1742463027.282512
1742463027.303518
1742463027.345833
1742463027.368773
1742463027.415235
1742463027.437086
1742463027.481145
1742463027.501787
1742463027.549190
1742463027.568953
1742463027.611612
1742463027.637182
1742463027.682172
1742463027.704639
1742463027.745401
1742463027.770812
1742463027.813471
1742463027.837729
1742463027.881622
1742463027.903311
1742463027.947726
1742463027.971230
1742463028.013238
1742463028.038195
1742463028.080306
1742463028.104134
1742463028.146632
1742463028.171992
1742463028.213543
1742463028.237415
1742463028.278805
1742463028.304784
1742463028.345946
1742463028.375254
1742463028.412195
1742463028.438534
1742463028.479490
1742463028.505151
1742463028.547211
1742463028.571917
1742463028.613495
1742463028.642653
1742463028.680008
1742463028.703614
1742463028.748274
1742463028.771972
1742463028.812961
1742463028.836290
1742463028.882355
1742463028.906124
1742463028.948321
1742463028.969704
1742463029.015474
1742463029.037597
1742463029.079814
1742463029.103511
1742463029.147702
1742463029.171448
1742463029.214499
1742463029.236130
1742463029.281580
1742463029.306139
1742463029.348640
1742463029.369472
1742463029.414195
1742463029.439977
1742463029.482225
1742463029.503234
1742463029.548993
1742463029.572705
1742463029.614509
1742463029.639920
1742463029.681148
1742463029.708299
1742463029.747212
1742463029.773157
1742463029.814578
1742463029.840122
1742463029.881871
1742463029.904440
1742463029.947987
1742463029.974057
1742463030.014384
1742463030.039805
1742463030.081910
1742463030.106015
1742463030.148689
1742463030.172038
1742463030.214432
1742463030.242426
1742463030.280773
1742463030.303643
1742463030.348377
1742463030.373307
1742463030.415365
1742463030.436562
1742463030.481500
1742463030.506237
1742463030.548023
1742463030.570298
1742463030.613097
1742463030.643034
1742463030.674440
1742463030.705477
1742463030.744496
1742463030.779245
1742463030.811554
1742463030.839108
1742463030.881643
1742463030.907466
1742463030.949038
1742463030.970678
1742463031.015214
1742463031.040002
1742463031.081854
1742463031.103913
1742463031.147350
1742463031.175904
1742463031.215490
1742463031.236972
1742463031.282755
1742463031.307807
1742463031.348777
1742463031.370564
1742463031.414673
1742463031.441033
1742463031.482339
1742463031.504067
1742463031.550352
1742463031.574194
1742463031.615855
1742463031.640276
1742463031.681480
1742463031.710109
1742463031.747907
1742463031.773210
1742463031.815292
1742463031.841776
1742463031.882377
1742463031.907334
1742463031.947557
1742463031.977993
1742463032.014280
1742463032.041124
1742463032.081752
1742463032.110693
1742463032.147144
1742463032.174963
1742463032.216386
1742463032.241678
1742463032.283515
1742463032.304227
1742463032.350707
1742463032.375352
1742463032.415548
1742463032.437858
1742463032.482968
1742463032.508717
1742463032.548124
1742463032.570949
1742463032.615121
1742463032.642268
1742463032.682015
1742463032.704316
1742463032.750805
1742463032.774836
1742463032.815077
1742463032.838141
1742463032.880857
1742463032.911635
1742463032.945925
1742463032.973902
1742463033.013898
1742463033.043701
1742463033.079389
1742463033.104628
1742463033.149614
1742463033.175172
1742463033.214525
1742463033.237890
1742463033.281656
1742463033.310750
1742463033.348119
1742463033.381922
1742463033.404702
1742463033.447401
1742463033.479139
1742463033.514824
1742463033.544377
1742463033.577498
1742463033.612052
1742463033.648675
1742463033.678637
1742463033.711029
1742463033.745763
1742463033.781432
1742463033.808464
1742463033.847401
1742463033.876361
1742463033.917374
1742463033.942687
1742463033.980255
1742463034.009722
1742463034.050033
1742463034.077628
1742463034.112200
1742463034.145215
1742463034.181197
1742463034.213288
1742463034.243502
1742463034.279990
1742463034.314969
1742463034.344493
1742463034.379402
1742463034.411212
1742463034.447390
1742463034.479225
1742463034.512448
1742463034.545779
1742463034.581911
1742463034.611602
1742463034.646477
1742463034.676929
1742463034.716810
1742463034.744883
1742463034.776868
1742463034.812217
1742463034.848624
1742463034.878839
1742463034.910022
1742463034.947526
1742463034.977074
1742463035.017388
1742463035.040606
1742463035.083663
1742463035.110942
1742463035.144589
1742463035.175117
1742463035.210433
1742463035.247902
1742463035.281552
1742463035.310092
1742463035.348291
1742463035.381129
1742463035.414108
1742463035.443712
1742463035.480251
1742463035.515854
1742463035.546048
1742463035.577039
1742463035.612500
1742463035.648485
1742463035.679635
1742463035.711102
1742463035.748232
1742463035.777748
1742463035.815546
1742463035.843507
1742463035.883517
1742463035.912619
1742463035.949854
1742463035.975638
1742463036.016220
1742463036.045932
1742463036.082875
1742463036.110792
1742463036.149131
1742463036.180866
1742463036.214991
1742463036.244894
1742463036.280867
1742463036.316293
1742463036.346184
1742463036.379150
1742463036.413705
1742463036.446669
1742463036.482423
1742463036.508935
1742463036.549323
1742463036.579489
1742463036.615121
1742463036.642338
1742463036.682903
1742463036.712588
1742463036.747418
1742463036.777150
1742463036.816885
1742463036.846522
1742463036.881827
1742463036.906574
1742463036.949099
1742463036.982231
1742463037.015215
1742463037.043545
1742463037.083245
1742463037.112788
1742463037.148092
1742463037.177846
1742463037.214977
1742463037.248480
1742463037.282598
1742463037.311212
1742463037.347455
1742463037.381186
1742463037.416068
1742463037.444986
1742463037.481865
1742463037.512591
1742463037.548544
1742463037.577630
1742463037.617222
1742463037.646662
1742463037.682254
1742463037.709063
1742463037.749526
1742463037.782056
1742463037.815493
1742463037.843506
1742463037.884183
1742463037.911565
1742463037.951380
1742463037.976384
1742463038.016929
1742463038.046533
1742463038.083235
1742463038.109738
1742463038.150630
1742463038.178716
1742463038.215877
1742463038.244326
1742463038.284762
1742463038.311852
1742463038.350588
1742463038.375091
1742463038.415736
1742463038.449595
1742463038.480223
1742463038.511394
1742463038.548300
1742463038.582894
1742463038.613376
1742463038.645350
1742463038.684311
1742463038.712314
1742463038.750354
1742463038.777116
1742463038.817909
1742463038.847245
1742463038.882277
1742463038.911509
1742463038.951251
1742463038.980511
1742463039.016243
1742463039.041589
1742463039.082758
1742463039.115276
1742463039.150152
1742463039.175850
1742463039.217234
1742463039.247182
1742463039.282020
1742463039.311394
1742463039.350961
1742463039.381340
1742463039.416886
1742463039.442503
1742463039.483611
1742463039.516602
1742463039.546689
1742463039.579635
1742463039.617030
1742463039.647361
1742463039.682021
1742463039.712121
1742463039.751975
1742463039.779947
1742463039.816349
1742463039.842996
1742463039.882979
1742463039.912888
1742463039.949046
1742463039.975220
1742463040.016695
1742463040.047593
1742463040.082866
1742463040.108802
1742463040.149863
1742463040.183167
1742463040.214182
1742463040.247515
1742463040.279638
1742463040.318197
1742463040.348535
1742463040.376366
1742463040.418390
1742463040.448083
1742463040.483823
1742463040.508712
1742463040.550063
1742463040.580084
1742463040.616034
1742463040.644246
1742463040.681975
1742463040.717544
1742463040.746377
1742463040.781466
1742463040.816058
1742463040.851945
1742463040.881634
1742463040.911307
1742463040.951888
1742463040.981722
1742463041.017232
1742463041.041680
1742463041.083330
1742463041.113208
1742463041.153572
1742463041.174946
1742463041.216402
1742463041.249733
1742463041.282930
1742463041.309100
1742463041.351048
1742463041.381013
1742463041.415421
1742463041.445424
1742463041.486216
1742463041.511981
1742463041.552908
1742463041.575305
1742463041.617098
1742463041.648479
1742463041.683736
1742463041.715788
1742463041.742171
1742463041.783620
1742463041.817166
1742463041.851272
1742463041.881936
1742463041.913052
1742463041.951517
1742463041.983525
1742463042.019261
1742463042.042781
1742463042.084703
1742463042.114078
1742463042.148296
1742463042.180829
1742463042.218171
1742463042.247058
1742463042.286245
1742463042.311856
1742463042.351404
1742463042.381929
1742463042.415061
1742463042.447134
1742463042.482832
1742463042.515470
1742463042.551868
1742463042.576868
1742463042.617186
1742463042.650165
1742463042.682793
1742463042.712507
1742463042.752077
1742463042.779152
1742463042.819334
1742463042.842564
1742463042.883162
1742463042.916637
1742463042.948967
1742463042.980921
1742463043.017122
1742463043.049203
1742463043.082555
1742463043.113340
1742463043.152377
1742463043.181993
1742463043.218177
1742463043.243153
1742463043.282110
1742463043.317452
1742463043.349740
1742463043.376632
1742463043.418836
1742463043.447916
1742463043.484056
1742463043.510876
1742463043.549313
1742463043.581164
1742463043.618470
1742463043.645325
1742463043.685355
1742463043.716559
1742463043.752179
1742463043.780154
1742463043.820431
1742463043.847375
1742463043.886064
1742463043.911237
1742463043.948602
1742463043.985811
1742463044.014439
1742463044.051152
1742463044.080831
1742463044.122087
1742463044.145972
1742463044.184166
1742463044.215138
1742463044.254873
1742463044.279524
1742463044.313509
1742463044.354129
1742463044.380444
1742463044.420263
1742463044.443267
1742463044.487144
1742463044.512868
1742463044.553782
1742463044.576651
1742463044.619002
1742463044.649070
1742463044.682775
1742463044.714618
1742463044.751199
1742463044.784370
1742463044.820968
1742463044.843428
1742463044.888537
1742463044.912670
1742463044.951101
1742463044.977613
1742463045.019300
1742463045.048601
1742463045.086573
1742463045.110168
1742463045.152206
1742463045.182551
1742463045.219350
1742463045.244495
1742463045.283223
1742463045.320049
1742463045.347164
1742463045.382622
1742463045.418803
1742463045.450071
1742463045.482231
1742463045.514558
1742463045.555028
1742463045.579654
1742463045.622753
1742463045.643938
1742463045.686772
1742463045.713962
1742463045.754019
1742463045.777606
1742463045.823816
1742463045.846526
1742463045.885040
1742463045.913104
1742463045.956288
1742463045.980060
1742463046.021152
1742463046.044201
1742463046.090935
1742463046.113285
1742463046.152010
1742463046.179304
1742463046.220666
1742463046.248048
1742463046.288118
1742463046.312519
1742463046.353633
1742463046.382314
1742463046.421950
1742463046.444887
1742463046.491082
1742463046.513696
1742463046.555668
1742463046.577917
1742463046.621983
1742463046.645617
1742463046.684322
1742463046.713490
1742463046.755597
1742463046.779927
1742463046.820883
1742463046.844666
1742463046.890906
1742463046.913417
1742463046.952518
1742463046.980101
1742463047.021674
1742463047.047879
1742463047.090281
1742463047.111386
1742463047.155785
1742463047.180587
1742463047.218600
1742463047.246056
1742463047.285060
1742463047.321319
1742463047.347339
1742463047.383830
1742463047.416882
1742463047.456508
1742463047.480567
1742463047.518734
1742463047.549661
1742463047.587057
1742463047.615434
1742463047.650049
1742463047.687558
1742463047.714670
1742463047.756531
1742463047.778490
1742463047.820407
1742463047.848152
1742463047.879807
1742463047.918193
1742463047.953355
1742463047.984727
1742463048.024710
1742463048.045422
1742463048.091221
1742463048.113980
1742463048.154743
1742463048.180309
1742463048.223908
1742463048.247864
1742463048.290733
1742463048.312482
1742463048.358769
1742463048.380907
1742463048.420399
1742463048.447627
1742463048.484028
1742463048.525383
1742463048.547566
1742463048.587177
1742463048.614069
1742463048.655853
1742463048.681578
1742463048.720835
1742463048.747295
1742463048.784459
1742463048.825685
1742463048.845745
1742463048.889106
1742463048.914025
1742463048.959190
1742463048.979235
1742463049.026792
1742463049.047313
1742463049.087340
1742463049.113459
1742463049.160144
1742463049.180415
1742463049.225496
1742463049.245992
1742463049.291847
1742463049.314331
1742463049.354212
1742463049.379722
1742463049.426832
1742463049.446830
1742463049.493068
1742463049.512823
1742463049.559911
1742463049.580999
1742463049.624072
1742463049.646314
1742463049.692253
1742463049.714417
1742463049.756682
1742463049.779773
1742463049.826787
1742463049.847732
1742463049.893373
1742463049.913149
1742463049.959951
1742463049.981158
1742463050.026671
1742463050.052918
1742463050.079614
1742463050.126940
1742463050.147932
1742463050.190706
1742463050.215962
1742463050.256026
1742463050.281276
1742463050.322958
1742463050.348807
1742463050.387589
1742463050.414434
1742463050.460822
1742463050.481080
1742463050.527486
1742463050.547163
1742463050.592486
1742463050.614575
1742463050.656745
1742463050.680131
1742463050.720590
1742463050.748932
1742463050.786759
1742463050.815757
1742463050.855679
1742463050.882354
1742463050.923275
1742463050.947761
1742463050.993622
1742463051.014757
1742463051.057264
1742463051.080891
1742463051.126900
1742463051.148003
1742463051.188535
1742463051.214809
1742463051.261637
1742463051.281070
1742463051.324014
1742463051.347690
1742463051.394254
1742463051.414401
1742463051.459161
1742463051.480802
1742463051.527636
1742463051.547808
1742463051.584924
1742463051.622052
1742463051.650920
1742463051.691693
1742463051.714222
1742463051.761861
1742463051.780915
1742463051.828067
1742463051.847486
1742463051.893892
1742463051.914922
1742463051.961637
1742463051.981042
1742463052.026970
1742463052.048259
1742463052.093013
1742463052.114495
1742463052.157679
1742463052.181697
1742463052.222354
1742463052.248423
1742463052.292460
1742463052.315077
1742463052.359525
1742463052.381360
1742463052.428246
1742463052.448180
1742463052.495001
1742463052.514676
1742463052.560543
1742463052.581707
1742463052.627818
1742463052.647925
1742463052.694684
1742463052.714856
1742463052.761848
1742463052.781299
1742463052.827126
1742463052.848202
1742463052.892310
1742463052.915013
1742463052.958405
1742463052.983926
1742463053.026925
1742463053.048436
1742463053.091728
1742463053.115223
1742463053.159267
1742463053.181734
1742463053.226933
1742463053.248571
1742463053.294963
1742463053.315136
1742463053.358566
1742463053.381963
1742463053.424906
1742463053.448401
1742463053.494654
1742463053.515069
1742463053.562145
1742463053.581803
1742463053.625971
1742463053.648654
1742463053.696136
1742463053.715036
1742463053.762035
1742463053.781987
1742463053.826453
1742463053.848765
1742463053.893522
1742463053.915582
1742463053.960877
1742463053.982113
1742463054.028889
1742463054.048637
1742463054.095573
1742463054.115368
1742463054.162038
1742463054.182083
1742463054.228855
1742463054.248995
1742463054.295873
1742463054.315545
1742463054.363018
1742463054.382511
1742463054.426498
1742463054.449092
1742463054.491437
1742463054.515931
1742463054.561614
1742463054.582342
1742463054.626706
1742463054.649262
1742463054.694499
1742463054.715871
1742463054.760326
1742463054.782695
1742463054.828514
1742463054.849299
1742463054.895768
1742463054.916070
1742463054.962980
1742463054.982570
1742463055.028829
1742463055.049524
1742463055.094980
1742463055.115950
1742463055.162102
1742463055.182681
1742463055.226499
1742463055.253072
1742463055.295933
1742463055.316251
1742463055.362219
1742463055.382687
1742463055.428916
1742463055.449632
1742463055.492962
1742463055.519802
1742463055.561575
1742463055.582967
1742463055.628708
1742463055.649632
1742463055.696806
1742463055.716284
1742463055.759092
1742463055.784627
1742463055.829220
1742463055.849564
1742463055.896278
1742463055.916526
1742463055.964108
1742463055.982915
1742463056.030093
1742463056.049798
1742463056.096606
1742463056.116352
1742463056.159878
1742463056.184402
1742463056.227579
1742463056.250196
1742463056.295009
1742463056.316762
1742463056.363254
1742463056.383729
1742463056.427339
1742463056.453570
1742463056.495244
1742463056.516782
1742463056.562853
1742463056.583522
1742463056.628002
1742463056.650407
1742463056.697425
1742463056.716873
1742463056.763667
1742463056.783523
1742463056.830859
1742463056.850795
1742463056.897248
1742463056.916838
1742463056.964182
1742463056.983764
1742463057.030495
1742463057.050263
1742463057.096415
1742463057.117363
1742463057.164579
1742463057.183717
1742463057.228909
1742463057.250506
1742463057.297356
1742463057.317107
1742463057.363449
1742463057.383983
1742463057.431053
1742463057.450614
1742463057.497756
1742463057.517942
1742463057.563559
1742463057.583972
1742463057.627245
1742463057.655296
1742463057.696182
1742463057.717104
1742463057.764361
1742463057.784483
1742463057.828371
1742463057.850686
1742463057.898382
1742463057.918288
1742463057.965031
1742463057.984360
1742463058.030207
1742463058.051831
1742463058.094262
1742463058.118562
1742463058.163626
1742463058.184733
1742463058.227928
1742463058.251995
1742463058.295623
1742463058.319347
1742463058.361414
1742463058.397242
1742463058.417799
1742463058.464994
1742463058.486321
1742463058.528504
1742463058.556452
1742463058.589666
1742463058.625167
1742463058.660930
1742463058.690535
1742463058.725730
1742463058.752454
1742463058.799074
1742463058.819689
1742463058.861551
1742463058.886259
1742463058.929750
1742463058.953569
1742463058.995153
1742463059.019184
1742463059.062562
1742463059.087756
1742463059.125904
1742463059.152861
1742463059.199293
1742463059.219890
1742463059.261346
1742463059.286154
1742463059.329827
1742463059.354063
1742463059.396009
1742463059.419945
1742463059.464801
1742463059.486512
1742463059.528778
1742463059.553592
1742463059.597607
1742463059.619517
1742463059.661229
1742463059.686897
1742463059.731708
1742463059.753144
1742463059.794764
1742463059.820032
1742463059.863713
1742463059.887297
1742463059.928737
1742463059.954010
1742463059.996586
1742463060.019219
1742463060.062836
1742463060.087445
1742463060.130602
1742463060.153581
1742463060.197826
1742463060.219470
1742463060.262860
1742463060.292060
1742463060.320546
1742463060.361064
1742463060.393529
1742463060.427177
1742463060.453700
1742463060.497192
1742463060.520593
1742463060.563035
1742463060.585757
1742463060.629291
1742463060.654480
1742463060.692861
1742463060.720921
1742463060.763683
1742463060.786642
1742463060.830002
1742463060.852223
1742463060.899087
1742463060.921138
1742463060.963383
1742463060.985452
1742463061.028500
1742463061.055935
1742463061.097216
1742463061.118854
1742463061.162818
1742463061.186928
1742463061.230843
1742463061.252479
1742463061.299117
1742463061.321685
1742463061.363999
1742463061.385934
1742463061.430064
1742463061.454293
1742463061.495799
1742463061.519024
1742463061.562712
1742463061.587603
1742463061.632354
1742463061.652359
1742463061.698932
1742463061.721171
1742463061.763459
1742463061.785694
1742463061.833243
1742463061.855333
1742463061.897250
1742463061.919188
1742463061.965227
1742463061.987330
1742463062.028112
1742463062.055156
1742463062.096123
1742463062.125993
1742463062.162033
1742463062.187126
1742463062.231581
1742463062.256370
1742463062.298293
1742463062.319783
1742463062.365733
1742463062.387581
1742463062.431095
1742463062.455175
1742463062.496681
1742463062.526125
1742463062.560656
1742463062.588494
1742463062.630024
1742463062.658902
1742463062.696724
1742463062.721163
1742463062.762896
1742463062.791020
1742463062.832213
1742463062.853067
1742463062.899741
1742463062.923409
1742463062.964715
1742463062.986711
1742463063.030410
1742463063.055007
1742463063.096809
1742463063.121856
1742463063.163867
1742463063.191529
1742463063.232611
1742463063.253491
1742463063.298205
1742463063.323688
1742463063.365223
1742463063.386620
1742463063.432230
1742463063.457462
1742463063.498504
1742463063.519937
1742463063.564072
1742463063.590551
1742463063.631884
1742463063.653386
1742463063.699153
1742463063.724076
1742463063.765147
1742463063.786750
1742463063.832076
1742463063.857437
1742463063.899171
1742463063.920188
1742463063.966072
1742463063.989678
1742463064.031815
1742463064.054447
1742463064.094339
1742463064.130220
1742463064.159704
1742463064.194297
1742463064.226562
1742463064.263293
1742463064.293709
1742463064.327247
1742463064.360109
1742463064.397097
1742463064.428310
1742463064.459701
1742463064.494640
1742463064.530885
1742463064.560933
1742463064.591569
1742463064.631125
1742463064.660445
1742463064.697221
1742463064.722094
1742463064.764325
1742463064.793609
1742463064.829775
1742463064.854723
1742463064.899828
1742463064.924540
1742463064.965340
1742463064.987256
1742463065.032468
1742463065.057921
1742463065.098754
1742463065.120664
1742463065.157137
1742463065.193591
1742463065.224457
1742463065.260211
1742463065.294737
1742463065.329816
1742463065.359233
1742463065.390687
1742463065.431324
1742463065.460333
1742463065.496259
1742463065.521086
1742463065.563955
1742463065.593815
1742463065.629555
1742463065.654407
1742463065.701074
1742463065.724550
1742463065.763636
1742463065.787776
1742463065.830607
1742463065.858070
1742463065.899263
1742463065.921306
1742463065.964089
1742463065.994242
1742463066.029429
1742463066.055480
1742463066.097737
1742463066.128056
1742463066.164069
1742463066.190209
1742463066.231900
1742463066.261307
1742463066.297229
1742463066.324683
1742463066.365653
1742463066.393272
1742463066.432755
1742463066.457063
1742463066.498999
1742463066.528803
1742463066.564858
1742463066.590080
1742463066.631084
1742463066.659911
1742463066.699610
1742463066.730348
1742463066.755217
1742463066.800660
1742463066.826908
1742463066.867250
1742463066.893701
1742463066.925401
1742463066.964247
1742463066.992049
1742463067.032511
1742463067.055128
1742463067.097119
1742463067.128686
1742463067.165083
1742463067.188599
1742463067.233337
1742463067.259627
1742463067.299239
1742463067.322154
1742463067.364196
1742463067.392218
1742463067.432378
1742463067.455418
1742463067.497917
1742463067.529854
1742463067.565017
1742463067.588932
1742463067.630940
1742463067.663970
1742463067.695314
1742463067.723593
1742463067.765346
1742463067.794901
1742463067.831355
1742463067.855641
1742463067.898217
1742463067.928846
1742463067.964126
1742463067.990807
1742463068.032341
1742463068.062277
1742463068.097915
1742463068.125308
1742463068.164715
1742463068.198843
1742463068.231566
1742463068.260354
1742463068.298802
1742463068.330245
1742463068.361864
1742463068.396486
1742463068.428786
1742463068.464079
1742463068.499111
1742463068.523980
1742463068.564233
1742463068.598025
1742463068.631590
1742463068.656465
1742463068.698616
1742463068.730265
1742463068.766249
1742463068.791254
1742463068.833042
1742463068.861667
1742463068.898169
1742463068.926754
1742463068.965476
1742463068.996708
1742463069.031837
1742463069.056988
1742463069.097590
1742463069.130024
1742463069.165867
1742463069.189455
1742463069.231910
1742463069.262363
1742463069.299361
1742463069.322894
1742463069.367663
1742463069.394237
1742463069.431408
1742463069.459552
1742463069.500174
1742463069.527612
1742463069.566613
1742463069.589721
1742463069.632434
1742463069.662581
1742463069.697065
1742463069.724790
1742463069.763698
1742463069.799119
1742463069.832440
1742463069.856565
1742463069.899101
1742463069.930870
1742463069.965139
1742463069.990014
1742463070.034983
1742463070.060920
1742463070.101434
1742463070.123160
1742463070.165284
1742463070.199941
1742463070.230162
1742463070.261139
1742463070.300399
1742463070.327522
1742463070.367710
1742463070.391407
1742463070.431215
1742463070.466473
1742463070.496306
1742463070.528443
1742463070.565120
1742463070.599912
1742463070.629459
1742463070.661129
1742463070.694978
1742463070.733718
1742463070.762522
1742463070.794637
1742463070.833672
1742463070.862118
1742463070.898389
1742463070.923748
1742463070.965481
1742463070.999198
1742463071.032421
1742463071.057812
1742463071.099342
1742463071.131330
1742463071.165940
1742463071.191212
1742463071.233306
1742463071.264366
1742463071.300110
1742463071.325030
1742463071.365689
1742463071.398493
1742463071.434117
1742463071.457981
1742463071.500043
1742463071.530177
1742463071.565264
1742463071.591296
1742463071.631639
1742463071.666578
1742463071.695043
1742463071.728191
1742463071.768810
1742463071.794771
1742463071.833743
1742463071.857671
1742463071.899488
1742463071.930610
1742463071.964525
1742463071.995487
1742463072.034823
1742463072.063136
1742463072.100163
1742463072.128114
1742463072.169138
1742463072.195233
1742463072.235923
1742463072.258362
1742463072.299503
1742463072.332628
1742463072.364841
1742463072.396036
1742463072.433813
1742463072.461984
1742463072.499957
1742463072.529422
1742463072.566153
1742463072.599689
1742463072.631544
1742463072.662262
1742463072.698908
1742463072.733959
1742463072.764799
1742463072.796076
1742463072.832163
1742463072.867304
1742463072.897806
1742463072.928253
1742463072.965399
1742463073.001273
1742463073.030552
1742463073.061162
1742463073.097564
1742463073.133690
1742463073.164211
1742463073.194933
1742463073.232950
1742463073.262777
1742463073.302075
1742463073.324756
1742463073.365110
1742463073.400934
1742463073.430947
1742463073.462743
1742463073.498271
1742463073.533822
1742463073.563312
1742463073.596025
1742463073.631458
1742463073.667305
1742463073.699998
1742463073.724843
1742463073.766603
1742463073.796354
1742463073.833381
1742463073.858332
1742463073.899061
1742463073.930628
1742463073.965566
1742463073.993813
1742463074.035014
1742463074.064867
1742463074.100071
1742463074.127743
1742463074.167838
1742463074.200528
1742463074.232219
1742463074.263101
1742463074.302679
1742463074.329782
1742463074.366356
1742463074.396475
1742463074.435972
1742463074.463376
1742463074.501585
1742463074.529889
1742463074.567355
1742463074.598662
1742463074.634089
1742463074.664046
1742463074.700828
1742463074.732110
1742463074.768048
1742463074.795763
1742463074.834725
1742463074.863845
1742463074.902822
1742463074.925560
1742463074.967632
1742463075.000582
1742463075.031099
1742463075.066793
1742463075.092334
1742463075.134051
1742463075.165260
1742463075.202028
1742463075.229850
1742463075.262356
1742463075.302489
1742463075.329322
1742463075.370556
1742463075.392661
1742463075.434496
1742463075.465540
1742463075.503172
1742463075.525802
1742463075.568127
1742463075.598528
1742463075.634992
1742463075.659636
1742463075.701625
1742463075.730157
1742463075.770513
1742463075.792750
1742463075.836763
1742463075.863707
1742463075.902154
1742463075.928145
1742463075.969366
1742463075.996565
1742463076.035839
1742463076.062219
1742463076.104798
1742463076.129141
1742463076.168751
1742463076.195579
1742463076.237861
1742463076.262677
1742463076.304082
1742463076.328340
1742463076.366739
1742463076.402766
1742463076.429541
1742463076.470462
1742463076.495607
1742463076.537831
1742463076.562787
1742463076.602658
1742463076.629515
1742463076.670351
1742463076.697117
1742463076.734889
1742463076.764192
1742463076.804374
1742463076.829158
1742463076.871224
1742463076.894497
1742463076.936501
1742463076.963676
1742463076.998207
1742463077.033214
1742463077.068921
1742463077.097715
1742463077.130079
1742463077.169203
1742463077.199966
1742463077.234981
1742463077.261455
1742463077.302780
1742463077.330852
1742463077.369290
1742463077.394148
1742463077.432931
1742463077.469670
1742463077.497090
1742463077.533137
1742463077.565128
1742463077.603897
1742463077.629770
1742463077.665062
1742463077.701738
1742463077.733260
1742463077.766820
1742463077.794226
1742463077.835886
1742463077.864835
1742463077.905179
1742463077.927006
1742463077.969989
1742463077.998318
1742463078.038932
1742463078.060455
1742463078.106039
1742463078.129511
1742463078.164338
1742463078.205061
1742463078.229009
1742463078.270172
1742463078.297135
1742463078.336343
1742463078.363289
1742463078.402814
1742463078.432659
1742463078.469200
1742463078.496616
1742463078.535164
1742463078.572787
1742463078.594639
1742463078.636513
1742463078.664343
1742463078.705183
1742463078.727649
1742463078.770886
1742463078.797278
1742463078.840070
1742463078.860926
1742463078.905193
1742463078.930276
1742463078.971815
1742463078.994193
1742463079.037872
1742463079.063623
1742463079.102590
1742463079.127857
1742463079.171520
1742463079.196662
1742463079.235382
1742463079.265783
1742463079.302885
1742463079.332790
1742463079.372032
1742463079.394641
1742463079.440433
1742463079.463395
1742463079.506180
1742463079.527921
1742463079.574027
1742463079.596632
1742463079.637764
1742463079.661387
1742463079.706668
1742463079.730261
1742463079.770162
1742463079.794794
1742463079.837359
1742463079.863777
1742463079.906777
1742463079.928062
1742463079.974534
1742463079.996758
1742463080.039216
1742463080.061706
1742463080.107929
1742463080.130521
1742463080.172174
1742463080.195205
1742463080.240155
1742463080.263684
1742463080.305450
1742463080.329792
1742463080.368613
1742463080.406075
1742463080.431489
1742463080.473395
1742463080.495642
1742463080.542988
1742463080.563584
1742463080.601788
1742463080.636878
1742463080.668257
1742463080.697881
1742463080.738179
1742463080.763693
1742463080.802256
1742463080.834414
1742463080.867379
1742463080.901921
1742463080.938288
1742463080.966086
1742463081.000428
1742463081.035879
1742463081.066895
1742463081.108219
1742463081.128777
1742463081.175945
1742463081.196561
1742463081.239845
1742463081.262320
1742463081.308801
1742463081.330722
1742463081.373710
1742463081.395814
1742463081.440241
1742463081.463797
1742463081.503935
1742463081.529029
1742463081.575411
1742463081.597183
1742463081.641635
1742463081.662468
1742463081.708867
1742463081.730452
1742463081.773690
1742463081.795826
1742463081.842612
1742463081.863834
1742463081.907534
1742463081.929360
1742463081.975210
1742463081.997543
1742463082.043326
1742463082.062769
1742463082.108582
1742463082.130786
1742463082.176692
1742463082.196308
1742463082.243525
1742463082.263956
1742463082.309292
1742463082.329757
1742463082.376922
1742463082.397713
1742463082.436890
1742463082.464600
1742463082.507096
1742463082.531058
1742463082.576632
1742463082.596827
1742463082.642048
1742463082.664460
1742463082.706910
1742463082.729880
1742463082.776323
1742463082.797694
1742463082.841395
1742463082.863078
1742463082.906925
1742463082.931236
1742463082.974513
1742463082.996622
1742463083.041893
1742463083.064622
1742463083.110816
1742463083.130066
1742463083.176812
1742463083.197782
1742463083.243894
1742463083.263607
1742463083.309962
1742463083.331051
1742463083.378121
1742463083.399159
1742463083.429978
1742463083.472300
1742463083.498652
1742463083.540999
1742463083.564352
1742463083.606581
1742463083.631101
1742463083.678605
1742463083.697214
1742463083.738822
1742463083.764583
1742463083.811303
1742463083.830895
1742463083.872482
1742463083.898035
1742463083.941916
1742463083.964598
1742463084.001383
1742463084.041475
1742463084.064470
1742463084.112057
1742463084.130868
1742463084.178493
1742463084.197591
1742463084.245058
1742463084.264265
1742463084.310970
1742463084.331379
1742463084.371939
1742463084.398484
1742463084.442642
1742463084.464933
1742463084.500308
1742463084.533822
1742463084.575382
1742463084.598289
1742463084.643364
1742463084.664623
1742463084.708244
1742463084.731472
1742463084.776410
1742463084.798052
1742463084.841689
1742463084.866615
1742463084.908433
1742463084.930967
1742463084.977226
1742463084.998097
1742463085.043339
1742463085.064539
1742463085.108026
1742463085.131448
1742463085.178549
1742463085.197893
1742463085.237676
1742463085.265078
1742463085.310335
1742463085.331051
1742463085.376627
1742463085.397901
1742463085.445080
1742463085.464360
1742463085.507694
1742463085.531415
1742463085.578636
1742463085.597736
1742463085.639594
1742463085.664904
1742463085.711968
1742463085.731025
1742463085.773467
1742463085.798037
1742463085.841312
1742463085.864455
1742463085.906596
1742463085.931592
1742463085.978548
1742463085.997935
1742463086.040107
1742463086.064951
1742463086.111900
1742463086.131437
1742463086.173272
1742463086.198444
1742463086.245673
1742463086.264710
1742463086.306836
1742463086.331850
1742463086.379285
1742463086.398064
1742463086.440445
1742463086.465069
1742463086.512124
1742463086.531385
1742463086.573045
1742463086.598414
1742463086.645733
1742463086.664835
1742463086.706946
1742463086.731940
1742463086.778912
1742463086.798155
1742463086.838325
1742463086.865531
1742463086.912581
1742463086.931609
1742463086.974465
1742463086.998805
1742463087.045967
1742463087.065155
1742463087.107562
1742463087.132164
1742463087.177296
1742463087.198446
1742463087.240205
1742463087.265465
1742463087.308678
1742463087.331866
1742463087.371295
1742463087.404446
1742463087.433343
1742463087.465334
1742463087.505965
1742463087.532687
1742463087.577831
1742463087.598649
1742463087.640304
1742463087.665782
1742463087.713023
1742463087.732156
1742463087.775956
1742463087.798985
1742463087.845689
1742463087.865579
1742463087.907143
1742463087.932484
1742463087.979115
1742463087.998922
1742463088.042697
1742463088.065800
1742463088.109465
1742463088.132375
1742463088.178917
1742463088.199176
1742463088.246562
1742463088.265772
1742463088.307443
1742463088.332762
1742463088.379297
1742463088.399154
1742463088.441285
1742463088.466312
1742463088.513139
1742463088.532581
1742463088.575195
1742463088.599856
1742463088.646079
1742463088.665862
1742463088.709587
1742463088.732801
1742463088.778499
1742463088.799399
1742463088.845807
1742463088.866430
1742463088.913656
1742463088.932990
1742463088.978837
1742463088.999960
1742463089.046960
1742463089.066162
1742463089.108629
1742463089.133302
1742463089.180090
1742463089.199614
1742463089.245565
1742463089.266821
1742463089.309571
1742463089.332999
1742463089.378301
1742463089.399995
1742463089.446842
1742463089.466444
1742463089.509702
1742463089.533309
1742463089.579969
1742463089.599955
1742463089.645864
1742463089.666917
1742463089.712135
1742463089.733144
1742463089.779462
1742463089.800461
1742463089.847824
1742463089.866828
1742463089.911747
1742463089.934022
1742463089.980631
1742463090.000132
1742463090.043657
1742463090.067267
1742463090.110762
1742463090.133333
1742463090.179412
1742463090.200506
1742463090.247136
1742463090.266891
1742463090.313124
1742463090.334534
1742463090.376759
1742463090.400167
1742463090.444778
1742463090.467262
1742463090.510530
1742463090.533557
1742463090.580008
1742463090.601211
1742463090.644091
1742463090.666942
1742463090.707124
1742463090.742990
1742463090.767855
1742463090.807831
1742463090.834438
1742463090.877306
1742463090.904140
1742463090.934894
1742463090.976735
1742463091.001575
1742463091.047654
1742463091.067332
1742463091.113505
1742463091.134864
1742463091.177997
1742463091.200841
1742463091.248163
1742463091.268863
1742463091.311349
1742463091.334230
1742463091.380860
1742463091.401632
1742463091.447096
1742463091.467648
1742463091.511109
1742463091.538388
1742463091.579070
1742463091.600962
1742463091.644403
1742463091.672834
1742463091.713625
1742463091.741702
1742463091.767675
1742463091.815276
1742463091.836870
1742463091.878039
1742463091.905908
1742463091.940485
1742463091.975137
1742463092.010505
1742463092.041221
1742463092.069490
1742463092.110836
1742463092.136554
1742463092.179666
1742463092.201669
1742463092.244986
1742463092.271598
1742463092.313496
1742463092.334797
1742463092.378092
1742463092.405731
1742463092.446886
1742463092.468132
1742463092.513377
1742463092.536194
1742463092.576962
1742463092.601959
1742463092.642152
1742463092.675691
1742463092.707896
1742463092.734922
1742463092.779620
1742463092.803105
