1742809469.048964
1742809469.148941
1742809469.182109
1742809469.215977
1742809469.249764
1742809469.282911
1742809469.315308
1742809469.348671
1742809469.382062
1742809469.415535
1742809469.455042
1742809469.482478
1742809469.515573
1742809469.560540
1742809469.595188
1742809469.628200
1742809469.660621
1742809469.688135
1742809469.727765
1742809469.759896
1742809469.793204
1742809469.828817
1742809469.861951
1742809469.895407
1742809469.930582
1742809469.962354
1742809469.998881
1742809470.030014
1742809470.064619
1742809470.096110
1742809470.131763
1742809470.162339
1742809470.198255
1742809470.228536
1742809470.264797
1742809470.296131
1742809470.330205
1742809470.364115
1742809470.395761
1742809470.431059
1742809470.464419
1742809470.495234
1742809470.518841
1742809470.549681
1742809470.594647
1742809470.629646
1742809470.649662
1742809470.682481
1742809470.724677
1742809470.750272
1742809470.795999
1742809470.815912
1742809470.853843
1742809470.888785
1742809470.924325
1742809470.949269
1742809470.991036
1742809471.018984
1742809471.055756
1742809471.082950
1742809471.117312
1742809471.159336
1742809471.185827
1742809471.216073
1742809471.254102
1742809471.290825
1742809471.319213
1742809471.349477
1742809471.386278
1742809471.427830
1742809471.450620
1742809471.482880
1742809471.524394
1742809471.552388
1742809471.593995
1742809471.616311
1742809471.653959
1742809471.694477
1742809471.718595
1742809471.750042
1742809471.783020
1742809471.821362
1742809471.852428
1742809471.893924
1742809471.916401
1742809471.953360
1742809471.993873
1742809472.019508
1742809472.049984
1742809472.088014
1742809472.124997
1742809472.154273
1742809472.183191
1742809472.221024
1742809472.257809
1742809472.287763
1742809472.316635
1742809472.355852
1742809472.392461
1742809472.420588
1742809472.449976
1742809472.494245
1742809472.519488
1742809472.563193
1742809472.583493
1742809472.630814
1742809472.650456
1742809472.695332
1742809472.720565
1742809472.761624
1742809472.783744
1742809472.830343
1742809472.853239
1742809472.895435
1742809472.917057
1742809472.960290
1742809472.987595
1742809473.029399
1742809473.050533
1742809473.093911
1742809473.120812
1742809473.162757
1742809473.183829
1742809473.226711
1742809473.256040
1742809473.294031
1742809473.317224
1742809473.360751
1742809473.387806
1742809473.428794
1742809473.450744
1742809473.497317
1742809473.521582
1742809473.563022
1742809473.584174
1742809473.627981
1742809473.656360
1742809473.694343
1742809473.717536
1742809473.762090
1742809473.787772
1742809473.829796
1742809473.851012
1742809473.897179
1742809473.922227
1742809473.963135
1742809473.984303
1742809474.029007
1742809474.055225
1742809474.096120
1742809474.117814
1742809474.163543
1742809474.188655
1742809474.230085
1742809474.251271
1742809474.296745
1742809474.321345
1742809474.363670
1742809474.384619
1742809474.430043
1742809474.455512
1742809474.494147
1742809474.518265
1742809474.563203
1742809474.589110
1742809474.625473
1742809474.651820
1742809474.698124
1742809474.722147
1742809474.759881
1742809474.785328
1742809474.827949
1742809474.856824
1742809474.896554
1742809474.918337
1742809474.965302
1742809474.988976
1742809475.024071
1742809475.055117
1742809475.096601
1742809475.123338
1742809475.160366
1742809475.186385
1742809475.227765
1742809475.259295
1742809475.293341
1742809475.320932
1742809475.362437
1742809475.391083
1742809475.429054
1742809475.452277
1742809475.498351
1742809475.523261
1742809475.561699
1742809475.585495
1742809475.631151
1742809475.657067
1742809475.694856
1742809475.718975
1742809475.764700
1742809475.789895
1742809475.828602
1742809475.852379
1742809475.898169
1742809475.923462
1742809475.964715
1742809475.985464
1742809476.031115
1742809476.056466
1742809476.097651
1742809476.119006
1742809476.164789
1742809476.190224
1742809476.231416
1742809476.252512
1742809476.298098
1742809476.323571
1742809476.362977
1742809476.386371
1742809476.430052
1742809476.459047
1742809476.496492
1742809476.519722
1742809476.561845
1742809476.592046
1742809476.627122
1742809476.654099
1742809476.695408
1742809476.725457
1742809476.762032
1742809476.787491
1742809476.828924
1742809476.857651
1742809476.897995
1742809476.919356
1742809476.962341
1742809476.992216
1742809477.028518
1742809477.055050
1742809477.097392
1742809477.125503
1742809477.163825
1742809477.186346
1742809477.230618
1742809477.258591
1742809477.295968
1742809477.319896
1742809477.365069
1742809477.390081
1742809477.430705
1742809477.454362
1742809477.496739
1742809477.525824
1742809477.562779
1742809477.589404
1742809477.627468
1742809477.662365
1742809477.692745
1742809477.724209
1742809477.760861
1742809477.795130
1742809477.825021
1742809477.857191
1742809477.897831
1742809477.924954
1742809477.964999
1742809477.986680
1742809478.032120
1742809478.058352
1742809478.098278
1742809478.119974
1742809478.162706
1742809478.193057
1742809478.229364
1742809478.257055
1742809478.296261
1742809478.326411
1742809478.363440
1742809478.390360
1742809478.429145
1742809478.460361
1742809478.496030
1742809478.523173
1742809478.561298
1742809478.594108
1742809478.626541
1742809478.653029
1742809478.695716
1742809478.726798
1742809478.764121
1742809478.786916
1742809478.829416
1742809478.858204
1742809478.897920
1742809478.930702
1742809478.958944
1742809478.986873
1742809479.029836
1742809479.062129
1742809479.095618
1742809479.128563
1742809479.159154
1742809479.196232
1742809479.226953
1742809479.263203
1742809479.291898
1742809479.330921
1742809479.358917
1742809479.397841
1742809479.422530
1742809479.461714
1742809479.497972
1742809479.526463
1742809479.559824
1742809479.594922
1742809479.629276
1742809479.663428
1742809479.692363
1742809479.731268
1742809479.761385
1742809479.794118
1742809479.828426
1742809479.859563
1742809479.895717
1742809479.930817
1742809479.957308
1742809479.996768
1742809480.028030
1742809480.063048
1742809480.092863
1742809480.129049
1742809480.162387
1742809480.197692
1742809480.225684
1742809480.264807
1742809480.292612
1742809480.332394
1742809480.359086
1742809480.396623
1742809480.430504
1742809480.462602
1742809480.492546
1742809480.530601
1742809480.561827
1742809480.594367
1742809480.627879
1742809480.662689
1742809480.697867
1742809480.727760
1742809480.763331
1742809480.792979
1742809480.831277
1742809480.862335
1742809480.893128
1742809480.930457
1742809480.960044
1742809480.997376
1742809481.027401
1742809481.062353
1742809481.097868
1742809481.127718
1742809481.160044
1742809481.196564
1742809481.230212
1742809481.265180
1742809481.290797
1742809481.331438
1742809481.360739
1742809481.395489
1742809481.424560
1742809481.462617
1742809481.495610
1742809481.529299
1742809481.559288
1742809481.598144
1742809481.626377
1742809481.662872
1742809481.691817
1742809481.733132
1742809481.760146
1742809481.798531
1742809481.822029
1742809481.863497
1742809481.895454
1742809481.931962
1742809481.955454
1742809481.995541
1742809482.029796
1742809482.064678
1742809482.088566
1742809482.128294
1742809482.162053
1742809482.196696
1742809482.225745
1742809482.265400
1742809482.294210
1742809482.331687
1742809482.358418
1742809482.400013
1742809482.427139
1742809482.464811
1742809482.493325
1742809482.532074
1742809482.560417
1742809482.598905
1742809482.623866
1742809482.661303
1742809482.697697
1742809482.728749
1742809482.761094
1742809482.795733
1742809482.830436
1742809482.866192
1742809482.892109
1742809482.933371
1742809482.963124
1742809482.998269
1742809483.027154
1742809483.064361
1742809483.097737
1742809483.128759
1742809483.160526
1742809483.195979
1742809483.231050
1742809483.261286
1742809483.290430
1742809483.330505
1742809483.362239
1742809483.397601
1742809483.423166
1742809483.463075
1742809483.498313
1742809483.528885
1742809483.560124
1742809483.600799
1742809483.626253
1742809483.666739
1742809483.689574
1742809483.732444
1742809483.761419
1742809483.795761
1742809483.825884
1742809483.866623
1742809483.895692
1742809483.931076
1742809483.956881
1742809483.997513
1742809484.030255
1742809484.065876
1742809484.089958
1742809484.131179
1742809484.164540
1742809484.198660
1742809484.225921
1742809484.266450
1742809484.295680
1742809484.331032
1742809484.360693
1742809484.400499
1742809484.429060
1742809484.464819
1742809484.494128
1742809484.533726
1742809484.561141
1742809484.597123
1742809484.625660
1742809484.664835
1742809484.697241
1742809484.733244
1742809484.760389
1742809484.801538
1742809484.826917
1742809484.867437
1742809484.893774
1742809484.934709
1742809484.961137
1742809484.999164
1742809485.028525
1742809485.063812
1742809485.099972
1742809485.129561
1742809485.160109
1742809485.198037
1742809485.231534
1742809485.264927
1742809485.290161
1742809485.330746
1742809485.366264
1742809485.395710
1742809485.427462
1742809485.465401
1742809485.498372
1742809485.532385
1742809485.558992
1742809485.596979
1742809485.631755
1742809485.666498
1742809485.691533
1742809485.733893
1742809485.762979
1742809485.800206
1742809485.824680
1742809485.867549
1742809485.895062
1742809485.934879
1742809485.957336
1742809486.000601
1742809486.029008
1742809486.065714
1742809486.091842
1742809486.131682
1742809486.165089
1742809486.200392
1742809486.225906
1742809486.266403
1742809486.296915
1742809486.332893
1742809486.359976
1742809486.401464
1742809486.427688
1742809486.465393
1742809486.495176
1742809486.535084
1742809486.562211
1742809486.603469
1742809486.624500
1742809486.667159
1742809486.695556
1742809486.736212
1742809486.758680
1742809486.800569
1742809486.830671
1742809486.867160
1742809486.893428
1742809486.935288
1742809486.960790
1742809487.002797
1742809487.024782
1742809487.067505
1742809487.095118
1742809487.135458
1742809487.157658
1742809487.200947
1742809487.228738
1742809487.266405
1742809487.302791
1742809487.324563
1742809487.367576
1742809487.393877
1742809487.434975
1742809487.461611
1742809487.496169
1742809487.532510
1742809487.567133
1742809487.597759
1742809487.627942
1742809487.669357
1742809487.694565
1742809487.735940
1742809487.757880
1742809487.804157
1742809487.826959
1742809487.865463
1742809487.892616
1742809487.931637
1742809487.969214
1742809487.994706
1742809488.028217
1742809488.069459
1742809488.094453
1742809488.136191
1742809488.158229
1742809488.203759
1742809488.227283
1742809488.268775
1742809488.292127
1742809488.335113
1742809488.361832
1742809488.399724
1742809488.427474
1742809488.470303
1742809488.494869
1742809488.536222
1742809488.558606
1742809488.603377
1742809488.627605
1742809488.670608
1742809488.692166
1742809488.737115
1742809488.759614
1742809488.802989
1742809488.826335
1742809488.869181
1742809488.895575
1742809488.938041
1742809488.959384
1742809489.006164
1742809489.027418
1742809489.070384
1742809489.093813
1742809489.135888
1742809489.162377
1742809489.203958
1742809489.225575
1742809489.271782
1742809489.294681
1742809489.338085
1742809489.358840
1742809489.403161
1742809489.427672
1742809489.466756
1742809489.492905
1742809489.538498
1742809489.561630
1742809489.603844
1742809489.625612
1742809489.667182
1742809489.697923
1742809489.735745
1742809489.759903
1742809489.803856
1742809489.827508
1742809489.864311
1742809489.899352
1742809489.932208
1742809489.966086
1742809490.002184
1742809490.027209
1742809490.068957
1742809490.095617
1742809490.134700
1742809490.159063
1742809490.202399
1742809490.228783
1742809490.267305
1742809490.292431
1742809490.335213
1742809490.362211
1742809490.400218
1742809490.426195
1742809490.473154
1742809490.494373
1742809490.537033
1742809490.559429
1742809490.603255
1742809490.628009
1742809490.665398
1742809490.693147
1742809490.730770
1742809490.772309
1742809490.795239
1742809490.831441
1742809490.870326
1742809490.895266
1742809490.936982
1742809490.959639
1742809491.004202
1742809491.028437
1742809491.071097
1742809491.092982
1742809491.139387
1742809491.161738
1742809491.202872
1742809491.226416
1742809491.272548
1742809491.294431
1742809491.340148
1742809491.359691
1742809491.406256
1742809491.428717
1742809491.471657
1742809491.493131
1742809491.537764
1742809491.562103
1742809491.603603
1742809491.627155
1742809491.673526
1742809491.694901
1742809491.739765
1742809491.760166
1742809491.806296
1742809491.828347
1742809491.874460
1742809491.893586
1742809491.936714
1742809491.963556
1742809491.998444
1742809492.026532
1742809492.063193
1742809492.105229
1742809492.128770
1742809492.169464
1742809492.195210
1742809492.241361
1742809492.261765
1742809492.300825
1742809492.328887
1742809492.370612
1742809492.395631
1742809492.431191
1742809492.471970
1742809492.495187
1742809492.537663
1742809492.560483
1742809492.607403
1742809492.628327
1742809492.675213
1742809492.694089
1742809492.740682
1742809492.761716
1742809492.808351
1742809492.827560
1742809492.873346
1742809492.895394
1742809492.940452
1742809492.960767
1742809493.007997
1742809493.027832
1742809493.074629
1742809493.094096
1742809493.140198
1742809493.162278
1742809493.205336
1742809493.227534
1742809493.274578
1742809493.294761
1742809493.341412
1742809493.360989
1742809493.407124
1742809493.428999
1742809493.475359
1742809493.494557
1742809493.540832
1742809493.562230
1742809493.607638
1742809493.627982
1742809493.673192
1742809493.695846
1742809493.739283
1742809493.761318
1742809493.808013
1742809493.828681
1742809493.874126
1742809493.894571
1742809493.941856
1742809493.961644
1742809494.005486
1742809494.028065
1742809494.075066
1742809494.095049
1742809494.141755
1742809494.161303
1742809494.208596
1742809494.228777
1742809494.271497
1742809494.294799
1742809494.341175
1742809494.362467
1742809494.407248
1742809494.428210
1742809494.472965
1742809494.496008
1742809494.541636
1742809494.561818
1742809494.608584
1742809494.629034
1742809494.675760
1742809494.695042
1742809494.742237
1742809494.762277
1742809494.804476
1742809494.828671
1742809494.871752
1742809494.896411
1742809494.942564
1742809494.961948
1742809495.008651
1742809495.029449
1742809495.072455
1742809495.095404
1742809495.142321
1742809495.162877
1742809495.208295
1742809495.228660
1742809495.275388
1742809495.295629
1742809495.341595
1742809495.361962
1742809495.409276
1742809495.428846
1742809495.476420
1742809495.495450
1742809495.539982
1742809495.563066
1742809495.609410
1742809495.636167
1742809495.662120
1742809495.705574
1742809495.732614
1742809495.773965
1742809495.796383
1742809495.837215
1742809495.862672
1742809495.907972
1742809495.929539
1742809495.969226
1742809495.999398
1742809496.040649
1742809496.063103
1742809496.102570
1742809496.133560
1742809496.175413
1742809496.196554
1742809496.234380
1742809496.271916
1742809496.298036
1742809496.340035
1742809496.362793
1742809496.409613
1742809496.429908
1742809496.473273
1742809496.496155
1742809496.541522
1742809496.563208
1742809496.609299
1742809496.629542
1742809496.676532
1742809496.696349
1742809496.742838
1742809496.762918
1742809496.809182
1742809496.830025
1742809496.873431
1742809496.896530
1742809496.940914
1742809496.963537
1742809497.008487
1742809497.029941
1742809497.073233
1742809497.099841
1742809497.141642
1742809497.163206
1742809497.209930
1742809497.230115
1742809497.274740
1742809497.296352
1742809497.342124
1742809497.363254
1742809497.410661
1742809497.429838
1742809497.472885
1742809497.497904
1742809497.540867
1742809497.563112
1742809497.610090
1742809497.630189
1742809497.676986
1742809497.696628
1742809497.743784
1742809497.763606
1742809497.810496
1742809497.830077
1742809497.877089
1742809497.897165
1742809497.940335
1742809497.963417
1742809498.005031
1742809498.035026
1742809498.075822
1742809498.096687
1742809498.143802
1742809498.163678
1742809498.209978
1742809498.230139
1742809498.277378
1742809498.297464
1742809498.342151
1742809498.363903
1742809498.407991
1742809498.430872
1742809498.477314
1742809498.497166
1742809498.542243
1742809498.564409
1742809498.605601
1742809498.631143
1742809498.675368
1742809498.697832
1742809498.743874
1742809498.764132
1742809498.810455
1742809498.831305
1742809498.877267
1742809498.897526
1742809498.944552
1742809498.964582
1742809499.006924
1742809499.031378
1742809499.074442
1742809499.101899
1742809499.143162
1742809499.164294
1742809499.211451
1742809499.231740
1742809499.276380
1742809499.297563
1742809499.343958
1742809499.364837
1742809499.411747
1742809499.431036
1742809499.473802
1742809499.498320
1742809499.543680
1742809499.564317
1742809499.612200
1742809499.631697
1742809499.678488
1742809499.697660
1742809499.743714
1742809499.765252
1742809499.811516
1742809499.831161
1742809499.874506
1742809499.899828
1742809499.945027
1742809499.964377
1742809500.007274
1742809500.034670
1742809500.076176
1742809500.097931
1742809500.139512
1742809500.165885
1742809500.209138
1742809500.231465
1742809500.277751
1742809500.298986
1742809500.341719
1742809500.365431
1742809500.412649
1742809500.433193
1742809500.478910
1742809500.498210
1742809500.540551
1742809500.569159
1742809500.611194
1742809500.631645
1742809500.677160
1742809500.699431
1742809500.741750
1742809500.766721
1742809500.808921
1742809500.836671
1742809500.877607
1742809500.899116
1742809500.945086
1742809500.966831
1742809501.009358
1742809501.032859
1742809501.069825
1742809501.100411
1742809501.137236
1742809501.174615
1742809501.200781
1742809501.242652
1742809501.269646
1742809501.300523
1742809501.342265
1742809501.370815
1742809501.410130
1742809501.431833
1742809501.477963
1742809501.499849
1742809501.541509
1742809501.565024
1742809501.607166
1742809501.637709
1742809501.678855
1742809501.698643
1742809501.742204
1742809501.770820
1742809501.811004
1742809501.831911
1742809501.874576
1742809501.900480
1742809501.942852
1742809501.965361
1742809502.007422
1742809502.036154
1742809502.077039
1742809502.098836
1742809502.145370
1742809502.167513
1742809502.210008
1742809502.232278
1742809502.276438
1742809502.301600
1742809502.344199
1742809502.365738
1742809502.409499
1742809502.438246
1742809502.475501
1742809502.499095
1742809502.544805
1742809502.568730
1742809502.611943
1742809502.632315
1742809502.678057
1742809502.702301
1742809502.745894
1742809502.765787
1742809502.809661
1742809502.838964
1742809502.875603
1742809502.900389
1742809502.945992
1742809502.969480
1742809503.010930
1742809503.032811
1742809503.078766
1742809503.102847
1742809503.144817
1742809503.166408
1742809503.211527
1742809503.236407
1742809503.278609
1742809503.299428
1742809503.346265
1742809503.369169
1742809503.411745
1742809503.432658
1742809503.475586
1742809503.503974
1742809503.543872
1742809503.566223
1742809503.611749
1742809503.636053
1742809503.679752
1742809503.699586
1742809503.742641
1742809503.771543
1742809503.809175
1742809503.833162
1742809503.879269
1742809503.902917
1742809503.946231
1742809503.972424
1742809503.999546
1742809504.042106
1742809504.075142
1742809504.106010
1742809504.144115
1742809504.166722
1742809504.209719
1742809504.239071
1742809504.279846
1742809504.300067
1742809504.346798
1742809504.370304
1742809504.411170
1742809504.433387
1742809504.480278
1742809504.503819
1742809504.545057
1742809504.566838
1742809504.612448
1742809504.637333
1742809504.678695
1742809504.700591
1742809504.747954
1742809504.770646
1742809504.812503
1742809504.833856
1742809504.878294
1742809504.905178
1742809504.942689
1742809504.971012
1742809505.010119
1742809505.039964
1742809505.077664
1742809505.103971
1742809505.145141
1742809505.172386
1742809505.212086
1742809505.233962
1742809505.278813
1742809505.304973
1742809505.345728
1742809505.367105
1742809505.409288
1742809505.438055
1742809505.478822
1742809505.500314
1742809505.546619
1742809505.571034
1742809505.611159
1742809505.634489
1742809505.677319
1742809505.705998
1742809505.743817
1742809505.768603
1742809505.810248
1742809505.840410
1742809505.877303
1742809505.900717
1742809505.944288
1742809505.971955
1742809506.008821
1742809506.034438
1742809506.077173
1742809506.106219
1742809506.146035
1742809506.167408
1742809506.212954
1742809506.237295
1742809506.278888
1742809506.301007
1742809506.344926
1742809506.373335
1742809506.412696
1742809506.434214
1742809506.481601
1742809506.504613
1742809506.544262
1742809506.568074
1742809506.611067
1742809506.640633
1742809506.678957
1742809506.701324
1742809506.744247
1742809506.775458
1742809506.809233
1742809506.838526
1742809506.879345
1742809506.905866
1742809506.943786
1742809506.972930
1742809507.008602
1742809507.044857
1742809507.074663
1742809507.110134
1742809507.139698
1742809507.178272
1742809507.207918
1742809507.236246
1742809507.278545
1742809507.307564
1742809507.343843
1742809507.368082
1742809507.411350
1742809507.440237
1742809507.478260
1742809507.501847
1742809507.546671
1742809507.567949
1742809507.604588
1742809507.635257
1742809507.674054
1742809507.711146
1742809507.742034
1742809507.770289
1742809507.810122
1742809507.843591
1742809507.875420
1742809507.905507
1742809507.942366
1742809507.977972
1742809508.007352
1742809508.039213
1742809508.079471
1742809508.106457
1742809508.146671
1742809508.168741
1742809508.212239
1742809508.241397
1742809508.279352
1742809508.302085
1742809508.348050
1742809508.372884
1742809508.412389
1742809508.435360
1742809508.481012
1742809508.506236
1742809508.543071
1742809508.571854
1742809508.611922
1742809508.642145
1742809508.675384
1742809508.707115
1742809508.743362
1742809508.778753
1742809508.808112
1742809508.843107
1742809508.869497
1742809508.912203
1742809508.942625
1742809508.974292
1742809509.009184
1742809509.045296
1742809509.075784
1742809509.108379
1742809509.143458
1742809509.178806
1742809509.208223
1742809509.240108
1742809509.278312
1742809509.307440
1742809509.347015
1742809509.369052
1742809509.413038
1742809509.440343
1742809509.478844
1742809509.502547
1742809509.549113
1742809509.573593
1742809509.612551
1742809509.636121
1742809509.679419
1742809509.708892
1742809509.744571
1742809509.769412
1742809509.811091
1742809509.846389
1742809509.875392
1742809509.906161
1742809509.942734
1742809509.978542
1742809510.008959
1742809510.039551
1742809510.080700
1742809510.108807
1742809510.147180
1742809510.169626
1742809510.213468
1742809510.240725
1742809510.280678
1742809510.302977
1742809510.348175
1742809510.373584
1742809510.413682
1742809510.436473
1742809510.479332
1742809510.508941
1742809510.543914
1742809510.574097
1742809510.611611
1742809510.644729
1742809510.679604
1742809510.705986
1742809510.745804
1742809510.777929
1742809510.811045
1742809510.841575
1742809510.880524
1742809510.907404
1742809510.947486
1742809510.972539
1742809511.009361
1742809511.047763
1742809511.074399
1742809511.112967
1742809511.140913
1742809511.181603
1742809511.206902
1742809511.243022
1742809511.276964
1742809511.312242
1742809511.345320
1742809511.370027
1742809511.411385
1742809511.442407
1742809511.479717
1742809511.503219
1742809511.544168
1742809511.575977
1742809511.612121
1742809511.637445
1742809511.679313
1742809511.709695
1742809511.747514
1742809511.770160
1742809511.814044
1742809511.841688
1742809511.881578
1742809511.903526
1742809511.947000
1742809511.975808
1742809512.014426
1742809512.037413
1742809512.079593
1742809512.110267
1742809512.144788
1742809512.175247
1742809512.212862
1742809512.243884
1742809512.277514
1742809512.314262
1742809512.337369
1742809512.380054
1742809512.412501
1742809512.444345
1742809512.479841
1742809512.509133
1742809512.543921
1742809512.577136
1742809512.613106
1742809512.641739
1742809512.681910
1742809512.708956
1742809512.746630
1742809512.775762
1742809512.811419
1742809512.846345
1742809512.880091
1742809512.906493
1742809512.946170
1742809512.980195
1742809513.012553
1742809513.042380
1742809513.080056
1742809513.111635
1742809513.146370
1742809513.175709
1742809513.213446
1742809513.242654
1742809513.281996
1742809513.304422
1742809513.346391
1742809513.380650
1742809513.408003
1742809513.441836
1742809513.478342
1742809513.512786
1742809513.541689
1742809513.575658
1742809513.611784
1742809513.646105
1742809513.679720
1742809513.704669
1742809513.743632
1742809513.779891
1742809513.809457
1742809513.839935
1742809513.880001
1742809513.908946
1742809513.947233
1742809513.971625
1742809514.009162
1742809514.047196
1742809514.080305
1742809514.105696
1742809514.146605
1742809514.176268
1742809514.216042
1742809514.238332
1742809514.281576
1742809514.310480
1742809514.345637
1742809514.375189
1742809514.412953
1742809514.446517
1742809514.480753
1742809514.508467
1742809514.548350
1742809514.576133
1742809514.616069
1742809514.639558
1742809514.680535
1742809514.711162
1742809514.747977
1742809514.774456
1742809514.815424
1742809514.845282
1742809514.880147
1742809514.909236
1742809514.949865
1742809514.977000
1742809515.016454
1742809515.041589
1742809515.083057
1742809515.110114
1742809515.147722
1742809515.176678
1742809515.216346
1742809515.243381
1742809515.281913
1742809515.305672
1742809515.345269
1742809515.378752
1742809515.408660
1742809515.438906
1742809515.477571
1742809515.509036
1742809515.548098
1742809515.572152
1742809515.611860
1742809515.645762
1742809515.680252
1742809515.706161
1742809515.747618
1742809515.778750
1742809515.813494
1742809515.838990
1742809515.879457
1742809515.914245
1742809515.944145
1742809515.977109
1742809516.015806
1742809516.044469
1742809516.079481
1742809516.109316
1742809516.148576
1742809516.178623
1742809516.213613
1742809516.242240
1742809516.278844
1742809516.313208
1742809516.348306
1742809516.374868
1742809516.416257
1742809516.445363
1742809516.480963
1742809516.510311
1742809516.547762
1742809516.579282
1742809516.614923
1742809516.643880
1742809516.679048
1742809516.714837
1742809516.747111
1742809516.777489
1742809516.817075
1742809516.844357
1742809516.883515
1742809516.909701
1742809516.946863
1742809516.982981
1742809517.013192
1742809517.044298
1742809517.080508
1742809517.113287
1742809517.149108
1742809517.177784
1742809517.213654
1742809517.249692
1742809517.277407
1742809517.311086
1742809517.347583
1742809517.379613
1742809517.416469
1742809517.439686
1742809517.480825
1742809517.514014
1742809517.548438
1742809517.573293
1742809517.615380
1742809517.645643
1742809517.681318
1742809517.706945
1742809517.749268
1742809517.779578
1742809517.816730
1742809517.839849
1742809517.882582
1742809517.912526
1742809517.950033
1742809517.973392
1742809518.012203
1742809518.049779
1742809518.079099
1742809518.106589
1742809518.148043
1742809518.180282
1742809518.216387
1742809518.240029
1742809518.282047
1742809518.311187
1742809518.351036
1742809518.373327
1742809518.415801
1742809518.445995
1742809518.482302
1742809518.506833
1742809518.549850
1742809518.580081
1742809518.618150
1742809518.640196
1742809518.684910
1742809518.710567
1742809518.750553
1742809518.773572
1742809518.817835
1742809518.843749
1742809518.884956
1742809518.906925
1742809518.949602
1742809518.979569
1742809519.019289
1742809519.040336
1742809519.083301
1742809519.112450
1742809519.147128
1742809519.174032
1742809519.216928
1742809519.247428
1742809519.282712
1742809519.307351
1742809519.350128
1742809519.379910
1742809519.419368
1742809519.440604
1742809519.484634
1742809519.510436
1742809519.548204
1742809519.574350
1742809519.616972
1742809519.647163
1742809519.683300
1742809519.707829
1742809519.753893
1742809519.777493
1742809519.818424
1742809519.840750
1742809519.884539
1742809519.910849
1742809519.951819
1742809519.974198
1742809520.015031
1742809520.047487
1742809520.087216
1742809520.107758
1742809520.150585
1742809520.178401
1742809520.218380
1742809520.241014
1742809520.284319
1742809520.312233
1742809520.352983
1742809520.374442
1742809520.417122
1742809520.446151
1742809520.486065
1742809520.507927
1742809520.551099
1742809520.578355
1742809520.619533
1742809520.650326
1742809520.674651
1742809520.720726
1742809520.744488
1742809520.784435
1742809520.812373
1742809520.849157
1742809520.879451
1742809520.919806
1742809520.945394
1742809520.985447
1742809521.010734
1742809521.054285
1742809521.077932
1742809521.118906
1742809521.144305
1742809521.184764
1742809521.211884
1742809521.246943
1742809521.281245
1742809521.317187
1742809521.345636
1742809521.380448
1742809521.417248
1742809521.444866
1742809521.483524
1742809521.510149
1742809521.549329
1742809521.586185
1742809521.612316
1742809521.646761
1742809521.684994
1742809521.712029
1742809521.753350
1742809521.775779
1742809521.820548
1742809521.844603
1742809521.886586
1742809521.909188
1742809521.955022
1742809521.977975
1742809522.019540
1742809522.043378
1742809522.082767
1742809522.120487
1742809522.145898
1742809522.180614
1742809522.216663
1742809522.248726
1742809522.285723
1742809522.309736
1742809522.354425
1742809522.378153
1742809522.420614
1742809522.442515
1742809522.486357
1742809522.512384
1742809522.550377
1742809522.578147
1742809522.619753
1742809522.645401
1742809522.683896
1742809522.711609
1742809522.753117
1742809522.779419
1742809522.819372
1742809522.844583
1742809522.883472
1742809522.915563
1742809522.956185
1742809522.976233
1742809523.021349
1742809523.045119
1742809523.086397
1742809523.110471
1742809523.156717
1742809523.177445
1742809523.222015
1742809523.243306
1742809523.289442
1742809523.311486
1742809523.350945
1742809523.378261
1742809523.420542
1742809523.445052
1742809523.488074
1742809523.509868
1742809523.555742
1742809523.578175
1742809523.617128
1742809523.642959
1742809523.688363
1742809523.711736
1742809523.753196
1742809523.776158
1742809523.822832
1742809523.845117
1742809523.887150
1742809523.909844
1742809523.956344
1742809523.978516
1742809524.017734
1742809524.044063
1742809524.090495
1742809524.111569
1742809524.154197
1742809524.176406
1742809524.222102
1742809524.245047
1742809524.290116
1742809524.310063
1742809524.356278
1742809524.378147
1742809524.417397
1742809524.443642
1742809524.490033
1742809524.511577
1742809524.557573
1742809524.576713
1742809524.623006
1742809524.645008
1742809524.684734
1742809524.710272
1742809524.756590
1742809524.778352
1742809524.822744
1742809524.843559
1742809524.890619
1742809524.911793
1742809524.955082
1742809524.977070
1742809525.020981
1742809525.045688
1742809525.089668
1742809525.110633
1742809525.157040
1742809525.178584
1742809525.224458
1742809525.244085
1742809525.290884
1742809525.311946
1742809525.357717
1742809525.377224
1742809525.424248
1742809525.445277
1742809525.491523
1742809525.510818
1742809525.557845
1742809525.578763
1742809525.624289
1742809525.644146
1742809525.689758
1742809525.712019
1742809525.756083
1742809525.777500
1742809525.824510
1742809525.844999
1742809525.891213
1742809525.910893
1742809525.958282
1742809525.978269
1742809526.022642
1742809526.044266
1742809526.091585
1742809526.111689
1742809526.158633
1742809526.177741
1742809526.224585
1742809526.244675
1742809526.291404
1742809526.311420
1742809526.356269
1742809526.378897
1742809526.424690
1742809526.444485
1742809526.491617
1742809526.511371
1742809526.555908
1742809526.577743
1742809526.624923
1742809526.645079
1742809526.690167
1742809526.711253
1742809526.758294
1742809526.779006
1742809526.820505
1742809526.844906
1742809526.890711
1742809526.912634
1742809526.955125
1742809526.978243
1742809527.025440
1742809527.045210
1742809527.088550
1742809527.111546
1742809527.158758
1742809527.178538
1742809527.225128
1742809527.245045
1742809527.292630
1742809527.312125
1742809527.350686
1742809527.378331
1742809527.412185
1742809527.444420
1742809527.477862
1742809527.511224
1742809527.548324
1742809527.589145
1742809527.612997
1742809527.648734
1742809527.689864
1742809527.712790
1742809527.758185
1742809527.778391
1742809527.825787
1742809527.845535
1742809527.889247
1742809527.911858
1742809527.958439
1742809527.979206
1742809528.021181
1742809528.045186
1742809528.088722
1742809528.112753
1742809528.155984
1742809528.178501
1742809528.224402
1742809528.245688
1742809528.288796
1742809528.312079
1742809528.358284
1742809528.379015
1742809528.422504
1742809528.445349
1742809528.491769
1742809528.512798
1742809528.559870
1742809528.579009
1742809528.625221
1742809528.646283
1742809528.689356
1742809528.712565
1742809528.756075
1742809528.779768
1742809528.824359
1742809528.845852
1742809528.892003
1742809528.912903
1742809528.956911
1742809528.991831
1742809529.012711
1742809529.059799
1742809529.079888
1742809529.125840
1742809529.146525
1742809529.192160
1742809529.213233
1742809529.258714
1742809529.279929
1742809529.324958
1742809529.346541
1742809529.392172
1742809529.413404
1742809529.458536
1742809529.480079
1742809529.525988
1742809529.546753
1742809529.585189
1742809529.613570
1742809529.659720
1742809529.679740
1742809529.721118
1742809529.746647
1742809529.792976
1742809529.813310
1742809529.857620
1742809529.879910
1742809529.927005
1742809529.946672
1742809529.993515
1742809530.012895
1742809530.056544
1742809530.084742
1742809530.114941
1742809530.156591
1742809530.180186
1742809530.225826
1742809530.246419
1742809530.293360
1742809530.313350
1742809530.360213
1742809530.379844
1742809530.423846
1742809530.447226
1742809530.493298
1742809530.513205
1742809530.556269
1742809530.582573
1742809530.624460
1742809530.647296
1742809530.693290
1742809530.713760
1742809530.759926
1742809530.780070
1742809530.825280
1742809530.847103
1742809530.894167
1742809530.913525
1742809530.960026
1742809530.980967
1742809531.025875
1742809531.046873
1742809531.080927
1742809531.117989
1742809531.155063
1742809531.181214
1742809531.227085
1742809531.247613
1742809531.293422
1742809531.313669
1742809531.360712
1742809531.381139
1742809531.428204
1742809531.447112
1742809531.491647
1742809531.514448
1742809531.557417
1742809531.581398
1742809531.626672
1742809531.648035
1742809531.693617
1742809531.714086
1742809531.760076
1742809531.781624
1742809531.824656
1742809531.847327
1742809531.890939
1742809531.915772
1742809531.959886
1742809531.980714
1742809532.027845
1742809532.048417
1742809532.091814
1742809532.114275
1742809532.157772
1742809532.186214
1742809532.227140
1742809532.247635
1742809532.294416
1742809532.315318
1742809532.361371
1742809532.380959
1742809532.424462
1742809532.450751
1742809532.492623
1742809532.514125
1742809532.558218
1742809532.583669
1742809532.626202
1742809532.647654
1742809532.695054
1742809532.716164
1742809532.761183
1742809532.781019
1742809532.828008
1742809532.849781
1742809532.892381
1742809532.914415
1742809532.961182
1742809532.982586
1742809533.028543
1742809533.047909
1742809533.091089
1742809533.118897
1742809533.161396
1742809533.181294
1742809533.228464
1742809533.250069
1742809533.295501
1742809533.314727
1742809533.361921
1742809533.383465
1742809533.426056
1742809533.448212
1742809533.495635
1742809533.516723
1742809533.559088
1742809533.581397
1742809533.627793
1742809533.650335
1742809533.694969
1742809533.714851
1742809533.758617
1742809533.783637
1742809533.828595
1742809533.848185
1742809533.895900
1742809533.917342
1742809533.959132
1742809533.982349
1742809534.025627
1742809534.052434
1742809534.094209
1742809534.115055
1742809534.158392
1742809534.186681
1742809534.228345
1742809534.248387
1742809534.295416
1742809534.317509
1742809534.360176
1742809534.381769
1742809534.429624
1742809534.450407
1742809534.493136
1742809534.515165
1742809534.558670
1742809534.587836
1742809534.628658
1742809534.648589
1742809534.692590
1742809534.717827
1742809534.759677
1742809534.782147
1742809534.828211
1742809534.851283
1742809534.894938
1742809534.915508
1742809534.959394
1742809534.988163
1742809535.026984
1742809535.048786
1742809535.092122
1742809535.120399
1742809535.161725
1742809535.182277
1742809535.225805
1742809535.254985
1742809535.294314
1742809535.315598
1742809535.362251
1742809535.385090
1742809535.429175
1742809535.449038
1742809535.492689
1742809535.521238
1742809535.559982
1742809535.582328
1742809535.624819
1742809535.655281
1742809535.691593
1742809535.715547
1742809535.758771
1742809535.786605
1742809535.828391
1742809535.849353
1742809535.896576
1742809535.918152
1742809535.961570
1742809535.982749
1742809536.026271
1742809536.055556
1742809536.092819
1742809536.116166
1742809536.160874
1742809536.185952
1742809536.228263
1742809536.249384
1742809536.296497
1742809536.318856
1742809536.361514
1742809536.382760
1742809536.427508
1742809536.452845
1742809536.495567
1742809536.516175
1742809536.562359
1742809536.586059
1742809536.627406
1742809536.649638
1742809536.692877
1742809536.722012
1742809536.761552
1742809536.783054
1742809536.828307
1742809536.852980
1742809536.895112
1742809536.916363
1742809536.956554
1742809536.992117
1742809537.020893
1742809537.057326
1742809537.088720
1742809537.126384
1742809537.156446
1742809537.187351
1742809537.229154
1742809537.254098
1742809537.295728
1742809537.329018
1742809537.349982
1742809537.393246
1742809537.423252
1742809537.460120
1742809537.489624
1742809537.520162
1742809537.561457
1742809537.587487
1742809537.629766
1742809537.650234
1742809537.693584
1742809537.721456
1742809537.761542
1742809537.783461
1742809537.830169
1742809537.853424
1742809537.895430
1742809537.916762
1742809537.960686
1742809537.989161
1742809538.026967
1742809538.050492
1742809538.097047
1742809538.121611
1742809538.159830
1742809538.183706
1742809538.230455
1742809538.254287
1742809538.295953
1742809538.316960
1742809538.362673
1742809538.387465
1742809538.430036
1742809538.450375
1742809538.495032
1742809538.521293
1742809538.559581
1742809538.583992
1742809538.627764
1742809538.651146
1742809538.696267
1742809538.717461
1742809538.759579
1742809538.789732
1742809538.827440
1742809538.850987
1742809538.894190
1742809538.922921
1742809538.960720
1742809538.985077
1742809539.030493
1742809539.055350
1742809539.093837
1742809539.119701
1742809539.161766
1742809539.188892
1742809539.230500
1742809539.251133
1742809539.295124
1742809539.323891
1742809539.361582
1742809539.386048
1742809539.428661
1742809539.456867
1742809539.494183
1742809539.520998
1742809539.562607
1742809539.588956
1742809539.627667
1742809539.651391
1742809539.696664
1742809539.722220
1742809539.759639
1742809539.784442
1742809539.829622
1742809539.855295
1742809539.892946
1742809539.917864
1742809539.962322
1742809539.987912
1742809540.029620
1742809540.051249
1742809540.094801
1742809540.123881
1742809540.160900
1742809540.186199
1742809540.228717
1742809540.258282
1742809540.295272
1742809540.318790
1742809540.363107
1742809540.388651
1742809540.427250
1742809540.451559
1742809540.497398
1742809540.521512
1742809540.562934
1742809540.584920
1742809540.630832
1742809540.653812
1742809540.695496
1742809540.718230
1742809540.764189
1742809540.787963
1742809540.828053
1742809540.851821
1742809540.897948
1742809540.922303
1742809540.960845
1742809540.986162
1742809541.028563
1742809541.058476
1742809541.094197
1742809541.120334
1742809541.162340
1742809541.190940
1742809541.231081
1742809541.252187
1742809541.297612
1742809541.323129
1742809541.361556
1742809541.387927
1742809541.429847
1742809541.458136
1742809541.495208
1742809541.522269
1742809541.559955
1742809541.595086
1742809541.625503
1742809541.656864
1742809541.694039
1742809541.725315
1742809541.762682
1742809541.785586
1742809541.831644
1742809541.855553
1742809541.895740
1742809541.918708
1742809541.964942
1742809541.988937
1742809542.027410
1742809542.055844
1742809542.093103
1742809542.128646
1742809542.158102
1742809542.190404
1742809542.227710
1742809542.259523
1742809542.295047
1742809542.319353
1742809542.364258
1742809542.388895
1742809542.430770
1742809542.452466
1742809542.495669
1742809542.525270
1742809542.562846
1742809542.585927
1742809542.626963
1742809542.661994
1742809542.692738
1742809542.721472
1742809542.762696
1742809542.791473
1742809542.830624
1742809542.852668
1742809542.897103
1742809542.922346
1742809542.961728
1742809542.986729
1742809543.030584
1742809543.057761
1742809543.098045
1742809543.119670
1742809543.162159
1742809543.194051
1742809543.228713
1742809543.257958
1742809543.297003
1742809543.324964
1742809543.362300
1742809543.389770
1742809543.428115
1742809543.459142
1742809543.495827
1742809543.524959
1742809543.561613
1742809543.592250
1742809543.628778
1742809543.658176
1742809543.694302
1742809543.725926
1742809543.762125
1742809543.786770
1742809543.828534
1742809543.858736
1742809543.897441
1742809543.919867
1742809543.962506
1742809543.991367
1742809544.028949
1742809544.053343
1742809544.095768
1742809544.126330
1742809544.162270
1742809544.188547
1742809544.226810
1742809544.261852
1742809544.296527
1742809544.321365
1742809544.363556
1742809544.393482
1742809544.429827
1742809544.453627
1742809544.495165
1742809544.529724
1742809544.557640
1742809544.589545
1742809544.629765
1742809544.658284
1742809544.698075
1742809544.720220
1742809544.762368
1742809544.793339
1742809544.829304
1742809544.854185
1742809544.896668
1742809544.926565
1742809544.962148
1742809544.990875
1742809545.031444
1742809545.060050
1742809545.096198
1742809545.123068
1742809545.163678
1742809545.194367
1742809545.228568
1742809545.258000
1742809545.297179
1742809545.327626
1742809545.362195
1742809545.391180
1742809545.432148
1742809545.458884
1742809545.499701
1742809545.522012
1742809545.564041
1742809545.593727
1742809545.626488
1742809545.665569
1742809545.687788
1742809545.731042
1742809545.760148
1742809545.796185
1742809545.825960
1742809545.861073
1742809545.892438
1742809545.931002
1742809545.960282
1742809545.990154
1742809546.031748
1742809546.059100
1742809546.098341
1742809546.121279
1742809546.160871
1742809546.196623
1742809546.230546
1742809546.255496
1742809546.297216
1742809546.326494
1742809546.363462
1742809546.392106
1742809546.431280
1742809546.460633
1742809546.494492
1742809546.526145
1742809546.562177
1742809546.597650
1742809546.626121
1742809546.659319
1742809546.692106
1742809546.732889
1742809546.758594
1742809546.793991
1742809546.828865
1742809546.862962
1742809546.896664
1742809546.922992
1742809546.963784
1742809546.996334
1742809547.031413
1742809547.057019
1742809547.098001
1742809547.126919
1742809547.164712
1742809547.188700
1742809547.230514
1742809547.260065
1742809547.297654
1742809547.326068
1742809547.362933
1742809547.398474
1742809547.427435
1742809547.460330
1742809547.497667
1742809547.527344
1742809547.561781
1742809547.594475
1742809547.627955
1742809547.664775
1742809547.694657
1742809547.729960
1742809547.759946
1742809547.799798
1742809547.826386
1742809547.859563
1742809547.895936
1742809547.930425
1742809547.964570
1742809547.989452
1742809548.030239
1742809548.063696
1742809548.097612
1742809548.125078
1742809548.164365
1742809548.195061
1742809548.230316
1742809548.259089
1742809548.300446
1742809548.326427
1742809548.366100
1742809548.391364
1742809548.428861
1742809548.463296
1742809548.498197
1742809548.522543
1742809548.562834
1742809548.598399
1742809548.630329
1742809548.658962
1742809548.697630
1742809548.729866
1742809548.765480
1742809548.789649
1742809548.831762
1742809548.862237
1742809548.897844
1742809548.927444
1742809548.962745
1742809548.998087
1742809549.029140
1742809549.062466
1742809549.097030
1742809549.132059
1742809549.162768
1742809549.194124
1742809549.229750
1742809549.265650
1742809549.295449
1742809549.324962
1742809549.362879
1742809549.398221
1742809549.427345
1742809549.458857
1742809549.499624
1742809549.528799
1742809549.564092
1742809549.589552
1742809549.630375
1742809549.663724
1742809549.698433
1742809549.722774
1742809549.766362
1742809549.795716
1742809549.833759
1742809549.856054
1742809549.898376
1742809549.929271
1742809549.965627
1742809549.989473
1742809550.031600
1742809550.062707
1742809550.098157
1742809550.122802
1742809550.163964
1742809550.197296
1742809550.233147
1742809550.256287
1742809550.300178
1742809550.328910
1742809550.365522
1742809550.389778
1742809550.434050
1742809550.459579
1742809550.497753
1742809550.523082
1742809550.564557
1742809550.597858
1742809550.633186
1742809550.656691
1742809550.698397
1742809550.731868
1742809550.766721
1742809550.790120
1742809550.832168
1742809550.866573
1742809550.894147
1742809550.926162
1742809550.965997
1742809550.997162
1742809551.033075
1742809551.057320
1742809551.100917
1742809551.126646
1742809551.167600
1742809551.190063
1742809551.235865
1742809551.259960
1742809551.299611
1742809551.325975
1742809551.368406
1742809551.392351
1742809551.429587
1742809551.460988
1742809551.500223
1742809551.530182
1742809551.568561
1742809551.590546
1742809551.631659
1742809551.666879
1742809551.694762
1742809551.733179
1742809551.761257
1742809551.802070
1742809551.827275
1742809551.863140
1742809551.895921
1742809551.934278
1742809551.960261
1742809551.994836
1742809552.030555
1742809552.066813
1742809552.097026
1742809552.126768
1742809552.167776
1742809552.193755
1742809552.231287
1742809552.260099
1742809552.301326
1742809552.327185
1742809552.368349
1742809552.390660
1742809552.436870
1742809552.460530
1742809552.498433
1742809552.524517
1742809552.567360
1742809552.594360
1742809552.635708
1742809552.657418
1742809552.701879
1742809552.727187
1742809552.765051
1742809552.790882
1742809552.836485
1742809552.860656
1742809552.901662
1742809552.924127
1742809552.970224
1742809552.993743
1742809553.035999
1742809553.057629
1742809553.101146
1742809553.127145
1742809553.165429
1742809553.191660
1742809553.234271
1742809553.261370
1742809553.299294
1742809553.325122
1742809553.368265
1742809553.395166
1742809553.436305
1742809553.457939
1742809553.500980
1742809553.527871
1742809553.566372
1742809553.591843
1742809553.637896
1742809553.660840
1742809553.699489
1742809553.725405
1742809553.769483
1742809553.794551
1742809553.832852
1742809553.858454
1742809553.901855
1742809553.928108
1742809553.968185
1742809553.999133
1742809554.024901
1742809554.069685
1742809554.094466
1742809554.136338
1742809554.161176
1742809554.199553
1742809554.229190
1742809554.269916
1742809554.295188
1742809554.329987
1742809554.368987
1742809554.394578
1742809554.433321
1742809554.459649
1742809554.498446
1742809554.534126
1742809554.561358
1742809554.596861
1742809554.631451
1742809554.669700
1742809554.694469
1742809554.729873
1742809554.768413
1742809554.795184
1742809554.837368
1742809554.858599
1742809554.902719
1742809554.927253
1742809554.971747
1742809554.992093
1742809555.036158
1742809555.062060
1742809555.104889
1742809555.125473
1742809555.171670
1742809555.194465
1742809555.235480
1742809555.259164
1742809555.304165
1742809555.327861
1742809555.368949
1742809555.392802
1742809555.437689
1742809555.461222
1742809555.504438
1742809555.525874
1742809555.570725
1742809555.594951
1742809555.634255
1742809555.661095
1742809555.700020
1742809555.737109
1742809555.761793
1742809555.798829
1742809555.830947
1742809555.871686
1742809555.894756
1742809555.930323
1742809555.965961
1742809556.000918
1742809556.029960
1742809556.063849
1742809556.100751
1742809556.128853
1742809556.167515
1742809556.192797
1742809556.239055
1742809556.261207
1742809556.305712
1742809556.326204
1742809556.373218
1742809556.394768
1742809556.436463
1742809556.459602
1742809556.505925
1742809556.528278
1742809556.567079
1742809556.593053
1742809556.640605
1742809556.660426
1742809556.707668
1742809556.726793
1742809556.773301
1742809556.794763
1742809556.839691
1742809556.859658
1742809556.905622
1742809556.928176
1742809556.972290
1742809556.993279
1742809557.039604
1742809557.061329
1742809557.107598
1742809557.126661
1742809557.173073
1742809557.195106
1742809557.236031
1742809557.261150
1742809557.307118
1742809557.328449
1742809557.373224
1742809557.393638
1742809557.440846
1742809557.461624
1742809557.501484
1742809557.528653
1742809557.567238
1742809557.596571
1742809557.636947
1742809557.661882
1742809557.701112
1742809557.737165
1742809557.762503
1742809557.803816
1742809557.828304
1742809557.874570
1742809557.895142
1742809557.932770
1742809557.967417
1742809558.002568
1742809558.034041
1742809558.061479
1742809558.100639
1742809558.132393
1742809558.172469
1742809558.193957
1742809558.240714
1742809558.261534
1742809558.308055
1742809558.327400
1742809558.373298
1742809558.395225
1742809558.441828
1742809558.461028
1742809558.505221
1742809558.528954
1742809558.573785
1742809558.594383
1742809558.641175
1742809558.661373
1742809558.707057
1742809558.727614
1742809558.773553
1742809558.795324
1742809558.841924
1742809558.860996
1742809558.906199
1742809558.928659
1742809558.972813
1742809558.994412
1742809559.041084
1742809559.061677
1742809559.108875
1742809559.127733
1742809559.173559
1742809559.195596
1742809559.242074
1742809559.261240
1742809559.307795
1742809559.328750
1742809559.374024
1742809559.394806
1742809559.440015
1742809559.462303
1742809559.506647
1742809559.528245
1742809559.573298
1742809559.595696
1742809559.641820
1742809559.661764
1742809559.708548
1742809559.728942
1742809559.771636
1742809559.795933
1742809559.842769
1742809559.862009
1742809559.906027
1742809559.928365
1742809559.974127
1742809559.995927
1742809560.043004
1742809560.061744
1742809560.107952
1742809560.128296
1742809560.174218
1742809560.194932
1742809560.241574
1742809560.262347
1742809560.305380
1742809560.328489
1742809560.373254
1742809560.395924
1742809560.442022
1742809560.462232
1742809560.505785
1742809560.529424
1742809560.572285
1742809560.595484
1742809560.641285
1742809560.662594
1742809560.709122
1742809560.728718
1742809560.771098
1742809560.796343
1742809560.841291
1742809560.861956
1742809560.908725
1742809560.929135
1742809560.974010
1742809560.995591
1742809561.041906
1742809561.062369
1742809561.099505
1742809561.128731
1742809561.174566
1742809561.195922
1742809561.238954
1742809561.261960
1742809561.308921
1742809561.328885
1742809561.373881
1742809561.395413
1742809561.438149
1742809561.462901
1742809561.504893
1742809561.528711
1742809561.574287
1742809561.596105
1742809561.642577
1742809561.662198
1742809561.705868
1742809561.729556
1742809561.774335
1742809561.795577
1742809561.841818
1742809561.862779
1742809561.906589
1742809561.928911
1742809561.971964
1742809561.997119
1742809562.041295
1742809562.062540
1742809562.104669
1742809562.129946
1742809562.174169
1742809562.195735
1742809562.239217
1742809562.263105
1742809562.309824
1742809562.330107
1742809562.365591
1742809562.406881
1742809562.429875
1742809562.475734
1742809562.496203
1742809562.534112
1742809562.570055
1742809562.601611
1742809562.640753
1742809562.662695
1742809562.709362
1742809562.729736
1742809562.772014
1742809562.795971
1742809562.842906
1742809562.862916
1742809562.910179
1742809562.929597
1742809562.974259
1742809562.996743
1742809563.042557
1742809563.063001
1742809563.106020
1742809563.130328
1742809563.173984
1742809563.196311
1742809563.240161
1742809563.266159
1742809563.308282
1742809563.329691
1742809563.367270
1742809563.401499
1742809563.434937
1742809563.462565
1742809563.501193
1742809563.533906
1742809563.568498
1742809563.596013
1742809563.632358
1742809563.667568
1742809563.707742
1742809563.730003
1742809563.769340
1742809563.799712
1742809563.835610
1742809563.863446
1742809563.897949
1742809563.935213
1742809563.968753
1742809563.996903
1742809564.033917
1742809564.071931
1742809564.097292
1742809564.133353
1742809564.173160
1742809564.197062
1742809564.244031
1742809564.263480
1742809564.307171
1742809564.331698
1742809564.373245
1742809564.396890
1742809564.440605
1742809564.466555
1742809564.510724
1742809564.530546
1742809564.575024
1742809564.598658
1742809564.641658
1742809564.663711
1742809564.707413
1742809564.735195
1742809564.775143
1742809564.797163
1742809564.838704
1742809564.864934
1742809564.910941
1742809564.930578
1742809564.976722
1742809564.998452
1742809565.041551
1742809565.063918
1742809565.110537
1742809565.131908
1742809565.178527
1742809565.197518
1742809565.244589
1742809565.266087
1742809565.311714
1742809565.330922
1742809565.372227
1742809565.401531
1742809565.442938
1742809565.464396
1742809565.510699
1742809565.533146
1742809565.577069
1742809565.597815
1742809565.644796
1742809565.666085
1742809565.711252
1742809565.731229
1742809565.773874
1742809565.802245
1742809565.844236
1742809565.864675
1742809565.908200
1742809565.936374
1742809565.977137
1742809565.997976
1742809566.041254
1742809566.068766
1742809566.109457
1742809566.131153
1742809566.177508
1742809566.200063
1742809566.241712
1742809566.264501
1742809566.308062
1742809566.332935
1742809566.377522
1742809566.398022
1742809566.442242
1742809566.466653
1742809566.509627
1742809566.531572
1742809566.578124
1742809566.600262
1742809566.642674
1742809566.664974
1742809566.708443
1742809566.733994
1742809566.778203
1742809566.798225
1742809566.846038
1742809566.866968
1742809566.905100
1742809566.932863
1742809566.979043
1742809567.000689
1742809567.045423
1742809567.064978
1742809567.108775
1742809567.134345
1742809567.176738
1742809567.198419
1742809567.244941
1742809567.267662
1742809567.310085
1742809567.331964
1742809567.374472
1742809567.403550
1742809567.444932
1742809567.465150
1742809567.509611
1742809567.535536
1742809567.577947
1742809567.598753
1742809567.642014
1742809567.667011
1742809567.701496
1742809567.732560
1742809567.777339
1742809567.800029
1742809567.844941
1742809567.865492
1742809567.911832
1742809567.934829
1742809567.977415
1742809567.998863
1742809568.044629
1742809568.068096
1742809568.112170
1742809568.132090
1742809568.179433
1742809568.201391
1742809568.244219
1742809568.265563
1742809568.312449
1742809568.335234
1742809568.379220
1742809568.399041
1742809568.446474
1742809568.468348
1742809568.511211
1742809568.532386
1742809568.577682
1742809568.601217
1742809568.645311
1742809568.665761
1742809568.713710
1742809568.734264
1742809568.779186
1742809568.799191
1742809568.845868
1742809568.869458
1742809568.911592
1742809568.932736
1742809568.980098
1742809569.002308
1742809569.045441
1742809569.066079
1742809569.110376
1742809569.137268
1742809569.177151
1742809569.199463
1742809569.242504
1742809569.273737
1742809569.309746
1742809569.332991
1742809569.379628
1742809569.402720
1742809569.444353
1742809569.466267
1742809569.509867
1742809569.537445
1742809569.579250
1742809569.599739
1742809569.646530
1742809569.669864
1742809569.712108
1742809569.733033
1742809569.780725
1742809569.802927
1742809569.845153
1742809569.866553
1742809569.913554
1742809569.936928
1742809569.978153
1742809569.999971
1742809570.047036
1742809570.070608
1742809570.111503
1742809570.133217
1742809570.179186
1742809570.203698
1742809570.244442
1742809570.266608
1742809570.312885
1742809570.336677
1742809570.378258
1742809570.399957
1742809570.445895
1742809570.471292
1742809570.512512
1742809570.533408
1742809570.580018
1742809570.602781
1742809570.644233
1742809570.678993
1742809570.700324
1742809570.747948
1742809570.769440
1742809570.811887
1742809570.837819
1742809570.871033
1742809570.910063
1742809570.938304
1742809570.979261
1742809571.000456
1742809571.044864
1742809571.071990
1742809571.109731
1742809571.133905
1742809571.178153
1742809571.206159
1742809571.244634
1742809571.267036
1742809571.314045
1742809571.337500
1742809571.379054
1742809571.400591
1742809571.444973
1742809571.471881
1742809571.513305
1742809571.534144
1742809571.578788
1742809571.604973
1742809571.643520
1742809571.669629
1742809571.711384
1742809571.740550
1742809571.777431
1742809571.802722
1742809571.844327
1742809571.873980
1742809571.909467
1742809571.934991
1742809571.978931
1742809572.005253
1742809572.042957
1742809572.067680
1742809572.113136
1742809572.138282
1742809572.176658
1742809572.200767
1742809572.245203
1742809572.272217
1742809572.310773
1742809572.334057
1742809572.380033
1742809572.405689
1742809572.443725
1742809572.469612
1742809572.513434
1742809572.538840
1742809572.576219
1742809572.605743
1742809572.640966
1742809572.679252
1742809572.707035
1742809572.738972
1742809572.778531
1742809572.807833
1742809572.844210
1742809572.868127
1742809572.912763
1742809572.939290
1742809572.977430
1742809573.001455
1742809573.047037
1742809573.072927
1742809573.111977
1742809573.135036
1742809573.180274
1742809573.205811
1742809573.246612
1742809573.268203
1742809573.314085
1742809573.339716
1742809573.380583
1742809573.401419
1742809573.447182
1742809573.472706
1742809573.511723
1742809573.535501
1742809573.581280
1742809573.606252
1742809573.644911
1742809573.668771
1742809573.715110
1742809573.739280
1742809573.779046
1742809573.803843
1742809573.845983
1742809573.873499
1742809573.913720
1742809573.935606
1742809573.978830
1742809574.006601
1742809574.044572
1742809574.068203
1742809574.113155
1742809574.139415
1742809574.177424
1742809574.201979
1742809574.248456
1742809574.271907
1742809574.310859
1742809574.335914
1742809574.377351
1742809574.411490
1742809574.444690
1742809574.468822
1742809574.511222
1742809574.543475
1742809574.575873
1742809574.606747
1742809574.643270
1742809574.677904
1742809574.708557
1742809574.738617
1742809574.778589
1742809574.809009
1742809574.845175
1742809574.868878
1742809574.912017
1742809574.940936
1742809574.980353
1742809575.002229
1742809575.045606
1742809575.075300
1742809575.113463
1742809575.135893
1742809575.178499
1742809575.209146
1742809575.244536
1742809575.270635
1742809575.313442
1742809575.342648
1742809575.377786
1742809575.404451
1742809575.447120
1742809575.474001
1742809575.515662
1742809575.535978
1742809575.582189
1742809575.607450
1742809575.647501
1742809575.669863
1742809575.712590
1742809575.741826
1742809575.778433
1742809575.803989
1742809575.845855
1742809575.874915
1742809575.913828
1742809575.936064
1742809575.978132
1742809576.011505
1742809576.046226
1742809576.069565
1742809576.111585
1742809576.141535
1742809576.177383
1742809576.203304
1742809576.245313
1742809576.275388
1742809576.311642
1742809576.337300
1742809576.378917
1742809576.411203
1742809576.442889
1742809576.473470
1742809576.511994
1742809576.542407
1742809576.578209
1742809576.604070
1742809576.644842
1742809576.678582
1742809576.711532
1742809576.736653
1742809576.778237
1742809576.807837
1742809576.849480
1742809576.869919
1742809576.912876
1742809576.943220
1742809576.979334
1742809577.003718
1742809577.046364
1742809577.077086
1742809577.113434
1742809577.137074
1742809577.178829
1742809577.209391
1742809577.246578
1742809577.270406
1742809577.313471
1742809577.341970
1742809577.378252
1742809577.404320
1742809577.442717
1742809577.478714
1742809577.511775
1742809577.540239
1742809577.581125
1742809577.610030
1742809577.644990
1742809577.675024
1742809577.714170
1742809577.741815
1742809577.782643
1742809577.804777
1742809577.846427
1742809577.879146
1742809577.914240
1742809577.937586
1742809577.979750
1742809578.012004
1742809578.046349
1742809578.070660
1742809578.112241
1742809578.142488
1742809578.178404
1742809578.204304
1742809578.242800
1742809578.278616
1742809578.308763
1742809578.341014
1742809578.382138
1742809578.409163
1742809578.446921
1742809578.470839
1742809578.513397
1742809578.543951
1742809578.578518
1742809578.606410
1742809578.644637
1742809578.678072
1742809578.711997
1742809578.741513
1742809578.781627
1742809578.809233
1742809578.849632
1742809578.870895
1742809578.913424
1742809578.943235
1742809578.981225
1742809579.011405
1742809579.037572
1742809579.079859
1742809579.114553
1742809579.143484
1742809579.179243
1742809579.207147
1742809579.248820
1742809579.275765
1742809579.313913
1742809579.340280
1742809579.380163
1742809579.413141
1742809579.447982
1742809579.471508
1742809579.513248
1742809579.544218
1742809579.581398
1742809579.604610
1742809579.644280
1742809579.677777
1742809579.711826
1742809579.739806
1742809579.781216
1742809579.809983
1742809579.847606
1742809579.872780
1742809579.914010
1742809579.945920
1742809579.980364
1742809580.008153
1742809580.047463
1742809580.077471
1742809580.112293
1742809580.140106
1742809580.181272
1742809580.210735
1742809580.243880
1742809580.273840
1742809580.315157
1742809580.344252
1742809580.378068
1742809580.408991
1742809580.448734
1742809580.476583
1742809580.511947
1742809580.541281
1742809580.582019
1742809580.611494
1742809580.644343
1742809580.676285
1742809580.712374
1742809580.747390
1742809580.778029
1742809580.806052
1742809580.847294
1742809580.877204
1742809580.912367
1742809580.939160
1742809580.981109
1742809581.009516
1742809581.048715
1742809581.072207
1742809581.111908
1742809581.147738
1742809581.178039
1742809581.209405
1742809581.250228
1742809581.276042
1742809581.316444
1742809581.339441
1742809581.380423
1742809581.412231
1742809581.447164
1742809581.475369
1742809581.516385
1742809581.544567
1742809581.582773
1742809581.605861
1742809581.646285
1742809581.681816
1742809581.712547
1742809581.743526
1742809581.783800
1742809581.809641
1742809581.847338
1742809581.876215
1742809581.916550
1742809581.946154
1742809581.981775
1742809582.009574
1742809582.049393
1742809582.078432
1742809582.114514
1742809582.139414
1742809582.180014
1742809582.215860
1742809582.245096
1742809582.273027
1742809582.314948
1742809582.346579
1742809582.382108
1742809582.406411
1742809582.448507
1742809582.478863
1742809582.516763
1742809582.539403
1742809582.584402
1742809582.609595
1742809582.646581
1742809582.676406
1742809582.715483
1742809582.745472
1742809582.784575
1742809582.806139
1742809582.851318
1742809582.873132
1742809582.909162
1742809582.939796
1742809582.981702
1742809583.011756
1742809583.048417
1742809583.073510
1742809583.115604
1742809583.146345
1742809583.182539
1742809583.206657
1742809583.248383
1742809583.280494
1742809583.313018
1742809583.342840
1742809583.385082
1742809583.410000
1742809583.451218
1742809583.473139
1742809583.514651
1742809583.546399
1742809583.584457
1742809583.606536
1742809583.652081
1742809583.676792
1742809583.718561
1742809583.740109
1742809583.786305
1742809583.809906
1742809583.851284
1742809583.874867
1742809583.916284
1742809583.945323
1742809583.984708
1742809584.008020
1742809584.050017
1742809584.077850
1742809584.118130
1742809584.140247
1742809584.184336
1742809584.209967
1742809584.251740
1742809584.273517
1742809584.316284
1742809584.346206
1742809584.384772
1742809584.407021
1742809584.450762
1742809584.476879
1742809584.516537
1742809584.541920
1742809584.581543
1742809584.616627
1742809584.648388
1742809584.675284
1742809584.713939
1742809584.746546
1742809584.786422
1742809584.807024
1742809584.849949
1742809584.880130
1742809584.918820
1742809584.940424
1742809584.981974
1742809585.012411
1742809585.051038
1742809585.073909
1742809585.120446
1742809585.143648
1742809585.185307
1742809585.207245
1742809585.252942
1742809585.277104
1742809585.319919
1742809585.340659
1742809585.384262
1742809585.411603
1742809585.453204
1742809585.474169
1742809585.519408
1742809585.542744
1742809585.581705
1742809585.609817
1742809585.651162
1742809585.677056
1742809585.720254
1742809585.741164
1742809585.784776
1742809585.812030
1742809585.853030
1742809585.874526
1742809585.920733
1742809585.943990
1742809585.978432
1742809586.013006
1742809586.049442
1742809586.079635
1742809586.118108
1742809586.141151
1742809586.184099
1742809586.211187
1742809586.252612
1742809586.274560
1742809586.320762
1742809586.343728
1742809586.386484
1742809586.407923
1742809586.447720
1742809586.486989
1742809586.509233
1742809586.549529
1742809586.579359
1742809586.617599
1742809586.644216
1742809586.683606
1742809586.710907
1742809586.746774
1742809586.785416
1742809586.808154
1742809586.851155
1742809586.878111
1742809586.916582
1742809586.941623
1742809586.987411
1742809587.010824
1742809587.055106
1742809587.075001
1742809587.118123
1742809587.145132
1742809587.186300
1742809587.208370
1742809587.252339
1742809587.278581
1742809587.319109
1742809587.353196
1742809587.375406
1742809587.420288
1742809587.444667
1742809587.483789
1742809587.511377
1742809587.547439
1742809587.582676
1742809587.620376
1742809587.644553
1742809587.684274
1742809587.711236
1742809587.751458
1742809587.779889
1742809587.813407
1742809587.853924
1742809587.878149
1742809587.917192
1742809587.944556
1742809587.983469
1742809588.012270
1742809588.053265
1742809588.075719
1742809588.120690
1742809588.144265
1742809588.186157
1742809588.208902
1742809588.252560
1742809588.277764
1742809588.321471
1742809588.342209
1742809588.389014
1742809588.410943
1742809588.450264
1742809588.475635
1742809588.520278
1742809588.544287
1742809588.590292
1742809588.609317
1742809588.654135
1742809588.677882
1742809588.723556
1742809588.742664
1742809588.787010
1742809588.811464
1742809588.856282
1742809588.876055
1742809588.922714
1742809588.943861
1742809588.989774
1742809589.009340
1742809589.055762
1742809589.077819
1742809589.119721
1742809589.142620
1742809589.188065
1742809589.211271
1742809589.256976
1742809589.276063
1742809589.323946
1742809589.343490
1742809589.390325
1742809589.409697
1742809589.457306
1742809589.476829
1742809589.523197
1742809589.543038
1742809589.590281
1742809589.610897
1742809589.657056
1742809589.676411
1742809589.723388
1742809589.744536
1742809589.790651
1742809589.809898
1742809589.856151
1742809589.878050
1742809589.921248
1742809589.943467
1742809589.990569
1742809590.011185
1742809590.056094
1742809590.076617
1742809590.122938
1742809590.144475
1742809590.190127
1742809590.210248
1742809590.255149
1742809590.277975
1742809590.324070
1742809590.343540
1742809590.390942
1742809590.410708
1742809590.457106
1742809590.477123
1742809590.524032
1742809590.544292
1742809590.590208
1742809590.610519
1742809590.657836
1742809590.677800
1742809590.724094
1742809590.743926
1742809590.788900
1742809590.811762
1742809590.857246
1742809590.877195
1742809590.923870
1742809590.944335
1742809590.991241
1742809591.010533
1742809591.052494
1742809591.077553
1742809591.113686
1742809591.146838
1742809591.184651
1742809591.216991
1742809591.250654
1742809591.277271
1742809591.324600
1742809591.344364
1742809591.391406
1742809591.410783
1742809591.458079
1742809591.477675
1742809591.521406
1742809591.544125
1742809591.591348
1742809591.611468
1742809591.658209
1742809591.677532
1742809591.724235
1742809591.744966
1742809591.790672
1742809591.810972
1742809591.857685
1742809591.878696
1742809591.924852
1742809591.944446
1742809591.988501
1742809592.012065
1742809592.054574
1742809592.077822
1742809592.121128
1742809592.145302
1742809592.191637
1742809592.211062
1742809592.253709
1742809592.278762
1742809592.325416
1742809592.344575
1742809592.390227
1742809592.411967
1742809592.457733
1742809592.477839
1742809592.524817
1742809592.545130
1742809592.591881
1742809592.611362
1742809592.657141
1742809592.678902
1742809592.724091
1742809592.744891
1742809592.788123
1742809592.812377
1742809592.858358
1742809592.878207
1742809592.921943
1742809592.945791
1742809592.990592
1742809593.011673
1742809593.058324
1742809593.078304
1742809593.122037
1742809593.145003
1742809593.192002
1742809593.212051
1742809593.257476
1742809593.278359
1742809593.325215
1742809593.345488
1742809593.389035
1742809593.411817
1742809593.458209
1742809593.479285
1742809593.524199
1742809593.545282
1742809593.589117
1742809593.612639
1742809593.658368
1742809593.678675
1742809593.725455
1742809593.745530
1742809593.791450
1742809593.812032
1742809593.854206
1742809593.881146
1742809593.922556
1742809593.945838
1742809593.991800
1742809594.012463
1742809594.059075
1742809594.078796
1742809594.121857
1742809594.145879
1742809594.190487
1742809594.212111
1742809594.258596
1742809594.279295
1742809594.323947
1742809594.345561
1742809594.392887
1742809594.412534
1742809594.459778
1742809594.479209
1742809594.526075
1742809594.546061
1742809594.593002
1742809594.612471
1742809594.659828
1742809594.679610
1742809594.726563
1742809594.745882
1742809594.789526
1742809594.813224
1742809594.855069
1742809594.879575
1742809594.923405
1742809594.947773
1742809594.990606
1742809595.012949
1742809595.056004
1742809595.083374
1742809595.125855
1742809595.146400
1742809595.190070
1742809595.213264
1742809595.256764
1742809595.280078
1742809595.326274
1742809595.346565
1742809595.393457
1742809595.412995
1742809595.459929
1742809595.479790
1742809595.526763
1742809595.546330
1742809595.590394
1742809595.613348
1742809595.659984
1742809595.688887
1742809595.713048
1742809595.760119
1742809595.780413
1742809595.826615
1742809595.847192
1742809595.890708
1742809595.914268
1742809595.957870
1742809595.980679
1742809596.020457
1742809596.049600
1742809596.094860
1742809596.114548
1742809596.156478
1742809596.180584
1742809596.227043
1742809596.247487
1742809596.290479
1742809596.314150
1742809596.357555
1742809596.381453
1742809596.419827
1742809596.453998
1742809596.489887
1742809596.517451
1742809596.548677
1742809596.591676
1742809596.614543
1742809596.658585
1742809596.680063
1742809596.727723
1742809596.747748
1742809596.792040
1742809596.813600
1742809596.860212
1742809596.881254
1742809596.923661
1742809596.947325
1742809596.995146
1742809597.015046
1742809597.062020
1742809597.080398
1742809597.127277
1742809597.147749
1742809597.191803
1742809597.214171
1742809597.258143
1742809597.283887
1742809597.325340
1742809597.347287
1742809597.390771
1742809597.419063
1742809597.460541
1742809597.480630
1742809597.524527
1742809597.551417
1742809597.593296
1742809597.614193
1742809597.657625
1742809597.686456
1742809597.726612
1742809597.747632
1742809597.791007
1742809597.819010
1742809597.861023
1742809597.881134
1742809597.924710
1742809597.952440
1742809597.994514
1742809598.014303
1742809598.057373
1742809598.086956
1742809598.126059
1742809598.148282
1742809598.193496
1742809598.215829
1742809598.258373
1742809598.281164
1742809598.324204
1742809598.352400
1742809598.394089
1742809598.414217
1742809598.457421
1742809598.485618
1742809598.526393
1742809598.547628
1742809598.591559
1742809598.615947
1742809598.653043
1742809598.683051
1742809598.726156
1742809598.749639
1742809598.792145
1742809598.814541
1742809598.860810
1742809598.883480
1742809598.926059
1742809598.947958
1742809598.990950
1742809599.018430
1742809599.059414
1742809599.081177
1742809599.126839
1742809599.149827
1742809599.195522
1742809599.214619
1742809599.261721
1742809599.283926
1742809599.322279
1742809599.348634
1742809599.392915
1742809599.416784
1742809599.458594
1742809599.481573
1742809599.528837
1742809599.550492
1742809599.594700
1742809599.614922
1742809599.662083
1742809599.684552
1742809599.727947
1742809599.748527
1742809599.793762
1742809599.817486
1742809599.860615
1742809599.882642
1742809599.926094
1742809599.952153
1742809599.994464
1742809600.016360
1742809600.061895
1742809600.085324
1742809600.127620
1742809600.150810
1742809600.192834
1742809600.220095
1742809600.261520
1742809600.281970
1742809600.326803
1742809600.351719
1742809600.395566
1742809600.415304
1742809600.459026
1742809600.484782
1742809600.528321
1742809600.548847
1742809600.594368
1742809600.618661
1742809600.661047
1742809600.682509
1742809600.725778
1742809600.754509
1742809600.792203
1742809600.818721
1742809600.860501
1742809600.885571
1742809600.927679
1742809600.948919
1742809600.991988
1742809601.021914
1742809601.060327
1742809601.082202
1742809601.122181
1742809601.158376
1742809601.191060
1742809601.217367
1742809601.260489
1742809601.286632
1742809601.328586
1742809601.349048
1742809601.396414
1742809601.418557
1742809601.462825
1742809601.482402
1742809601.528038
1742809601.551482
1742809601.592386
1742809601.616524
1742809601.659316
1742809601.688214
1742809601.725918
1742809601.751298
1742809601.794717
1742809601.820102
1742809601.861846
1742809601.882958
1742809601.926704
1742809601.954608
1742809601.992716
1742809602.020007
1742809602.060815
1742809602.087869
1742809602.129244
1742809602.150291
1742809602.194014
1742809602.221782
1742809602.259208
1742809602.284212
1742809602.326530
1742809602.355565
1742809602.392757
1742809602.416423
1742809602.460153
1742809602.486815
1742809602.528622
1742809602.549618
1742809602.596777
1742809602.619533
1742809602.661326
1742809602.683190
1742809602.730325
1742809602.752968
1742809602.794999
1742809602.816442
1742809602.863498
1742809602.886507
1742809602.928803
1742809602.950002
1742809602.994074
1742809603.020705
1742809603.061876
1742809603.083143
1742809603.127180
1742809603.155759
1742809603.195991
1742809603.216557
1742809603.263927
1742809603.285947
1742809603.329427
1742809603.350212
1742809603.397350
1742809603.419487
1742809603.462408
1742809603.483552
1742809603.529745
1742809603.554812
1742809603.592745
1742809603.616985
1742809603.661991
1742809603.688136
1742809603.729410
1742809603.750124
1742809603.797669
1742809603.820157
1742809603.861372
1742809603.883617
1742809603.928035
1742809603.956025
1742809603.994594
1742809604.030424
1742809604.050652
1742809604.095558
1742809604.124141
1742809604.162114
1742809604.189524
1742809604.225835
1742809604.255326
1742809604.294138
1742809604.324516
1742809604.355590
1742809604.391757
1742809604.427585
1742809604.457784
1742809604.485881
1742809604.528623
1742809604.554759
1742809604.592217
1742809604.617414
1742809604.661936
1742809604.689449
1742809604.727612
1742809604.750644
1742809604.795932
1742809604.821557
1742809604.863093
1742809604.884107
1742809604.928841
1742809604.952469
1742809604.996722
1742809605.017707
1742809605.062613
1742809605.088705
1742809605.126194
1742809605.150848
1742809605.196246
1742809605.222299
1742809605.262442
1742809605.284255
1742809605.329375
1742809605.355585
1742809605.393338
1742809605.417700
1742809605.462762
1742809605.489042
1742809605.527420
1742809605.551120
1742809605.596328
1742809605.620086
1742809605.661408
1742809605.684417
1742809605.728792
1742809605.756165
1742809605.796256
1742809605.817834
1742809605.862553
1742809605.888906
1742809605.926567
1742809605.951242
1742809605.996754
1742809606.022334
1742809606.060881
1742809606.084548
1742809606.129022
1742809606.156053
1742809606.193904
1742809606.218383
1742809606.261954
1742809606.291049
1742809606.328570
1742809606.351458
1742809606.397101
1742809606.422764
1742809606.461703
1742809606.484818
1742809606.528732
1742809606.555805
1742809606.593059
1742809606.618112
1742809606.664146
1742809606.689449
1742809606.726907
1742809606.751800
1742809606.797870
1742809606.822469
1742809606.862529
1742809606.885016
1742809606.930440
1742809606.954986
1742809606.993830
1742809607.018365
1742809607.064698
1742809607.089529
1742809607.127819
1742809607.151811
1742809607.198251
1742809607.221863
1742809607.260634
1742809607.285192
1742809607.326970
1742809607.358248
1742809607.395326
1742809607.418603
1742809607.459691
1742809607.492511
1742809607.526642
1742809607.551931
1742809607.595051
1742809607.624649
1742809607.662687
1742809607.685637
1742809607.726901
1742809607.758192
1742809607.795602
1742809607.819194
1742809607.864223
1742809607.889655
1742809607.929474
1742809607.952525
1742809607.994920
1742809608.026505
1742809608.062020
1742809608.090233
1742809608.127552
1742809608.159093
1742809608.194372
1742809608.219305
1742809608.259673
1742809608.295509
1742809608.324621
1742809608.352409
1742809608.394824
1742809608.424351
1742809608.463882
1742809608.485840
1742809608.526821
1742809608.560648
1742809608.591331
1742809608.619463
1742809608.663504
1742809608.690845
1742809608.729261
1742809608.752593
1742809608.796222
1742809608.824261
1742809608.863662
1742809608.886021
1742809608.930216
1742809608.957542
1742809608.995977
1742809609.019346
1742809609.062417
1742809609.091270
1742809609.126370
1742809609.153086
1742809609.194923
1742809609.225541
1742809609.261400
1742809609.286487
1742809609.326973
1742809609.361669
1742809609.394202
1742809609.419985
1742809609.463788
1742809609.491437
1742809609.529828
1742809609.553158
1742809609.594740
1742809609.627990
1742809609.664000
1742809609.687673
1742809609.724953
1742809609.764121
1742809609.791695
1742809609.828530
1742809609.857663
1742809609.898643
1742809609.924288
1742809609.960208
1742809609.991688
1742809610.029557
1742809610.060858
1742809610.091895
1742809610.126806
1742809610.159164
1742809610.195148
1742809610.220340
1742809610.263491
1742809610.292962
1742809610.329941
1742809610.353443
1742809610.395213
1742809610.425829
1742809610.461021
1742809610.486707
1742809610.526984
1742809610.559976
1742809610.596322
1742809610.620068
1742809610.663838
1742809610.690965
1742809610.729226
1742809610.753533
1742809610.795861
1742809610.825941
1742809610.862563
1742809610.886969
1742809610.931863
1742809610.957296
1742809610.998319
1742809611.020413
1742809611.062906
1742809611.092151
1742809611.129839
1742809611.153716
1742809611.196702
1742809611.225965
1742809611.261913
1742809611.287374
1742809611.325024
1742809611.362659
1742809611.396109
1742809611.420856
1742809611.458527
1742809611.496301
1742809611.528431
1742809611.554149
1742809611.593433
1742809611.627056
1742809611.659184
1742809611.690074
1742809611.730773
1742809611.758669
1742809611.798334
1742809611.820916
1742809611.862554
1742809611.896150
1742809611.931087
1742809611.954726
1742809611.996928
1742809612.027329
1742809612.062277
1742809612.091658
1742809612.127955
1742809612.162516
1742809612.197189
1742809612.221346
1742809612.261431
1742809612.296241
1742809612.328325
1742809612.364191
1742809612.387909
1742809612.427645
1742809612.461890
1742809612.497229
1742809612.524704
1742809612.559001
1742809612.595456
1742809612.629273
1742809612.662408
1742809612.687852
1742809612.727205
1742809612.762110
1742809612.797024
1742809612.821217
1742809612.861755
1742809612.896142
1742809612.929277
1742809612.954669
1742809612.995080
1742809613.030002
1742809613.062544
1742809613.088289
1742809613.129244
1742809613.164388
1742809613.194525
1742809613.223357
1742809613.264912
1742809613.293612
1742809613.326267
1742809613.359405
1742809613.398575
1742809613.427005
1742809613.461258
1742809613.492568
1742809613.533283
1742809613.559588
1742809613.599634
1742809613.622154
1742809613.663804
1742809613.697218
1742809613.730237
1742809613.759190
1742809613.799422
1742809613.827938
1742809613.861388
1742809613.897718
1742809613.925800
1742809613.963263
1742809613.999259
1742809614.024985
1742809614.065639
1742809614.095310
1742809614.130973
1742809614.160220
1742809614.199191
1742809614.228748
1742809614.264627
1742809614.288907
1742809614.329660
1742809614.364576
1742809614.394459
1742809614.422190
1742809614.464568
1742809614.494433
1742809614.530568
1742809614.555495
1742809614.596421
1742809614.629173
1742809614.664488
1742809614.688824
1742809614.730443
1742809614.763394
1742809614.794181
1742809614.823465
1742809614.865538
1742809614.894635
1742809614.934772
1742809614.955624
1742809615.000356
1742809615.025680
1742809615.063038
1742809615.089084
1742809615.130617
1742809615.161818
1742809615.197535
1742809615.222440
1742809615.264085
1742809615.294588
1742809615.333828
1742809615.355830
1742809615.402846
1742809615.425118
1742809615.466299
1742809615.489477
1742809615.533601
1742809615.559382
1742809615.599585
1742809615.622596
1742809615.668584
1742809615.692838
1742809615.733899
1742809615.756115
1742809615.801045
1742809615.826987
1742809615.867993
1742809615.889469
1742809615.933676
1742809615.959959
1742809615.997241
1742809616.026541
1742809616.067542
1742809616.094169
1742809616.131253
1742809616.158585
1742809616.198858
1742809616.230000
1742809616.265453
1742809616.289784
1742809616.334483
1742809616.359634
1742809616.397383
1742809616.423366
1742809616.465333
1742809616.495758
1742809616.531915
1742809616.556718
1742809616.599383
1742809616.627192
1742809616.666257
1742809616.689954
1742809616.733309
1742809616.761176
1742809616.801339
1742809616.823278
1742809616.870079
1742809616.892632
1742809616.931145
1742809616.956993
1742809616.999324
1742809617.031520
1742809617.065587
1742809617.090222
1742809617.136268
1742809617.159715
1742809617.200990
1742809617.223401
1742809617.265594
1742809617.298818
1742809617.333216
1742809617.357079
1742809617.402910
1742809617.426783
1742809617.465359
1742809617.493895
1742809617.531886
1742809617.565768
1742809617.596873
1742809617.628542
1742809617.669261
1742809617.693330
1742809617.731199
1742809617.761900
1742809617.800073
1742809617.828169
1742809617.865905
1742809617.896096
1742809617.932736
1742809617.963932
1742809617.997659
1742809618.029600
1742809618.067177
1742809618.094911
1742809618.135957
1742809618.160314
1742809618.202021
1742809618.227884
1742809618.269308
1742809618.291252
1742809618.334166
1742809618.361433
1742809618.402717
1742809618.424187
1742809618.468825
1742809618.493646
1742809618.534545
1742809618.557509
1742809618.603214
1742809618.627261
1742809618.665429
1742809618.690979
1742809618.730701
1742809618.765806
1742809618.797212
1742809618.825060
1742809618.869341
1742809618.892564
1742809618.931871
1742809618.958122
1742809619.001716
1742809619.027687
1742809619.065594
1742809619.091224
1742809619.136941
1742809619.160471
1742809619.202797
1742809619.224427
1742809619.267855
1742809619.294706
1742809619.335354
1742809619.357813
1742809619.400980
1742809619.427794
1742809619.468579
1742809619.491474
1742809619.534113
1742809619.561356
1742809619.600126
1742809619.625491
1742809619.671072
1742809619.694081
1742809619.735850
1742809619.758303
1742809619.804539
1742809619.827626
1742809619.866452
1742809619.894100
1742809619.934978
1742809619.961127
1742809619.999979
1742809620.027437
1742809620.069548
1742809620.094616
1742809620.135998
1742809620.159462
1742809620.204621
1742809620.227837
1742809620.268459
1742809620.294344
1742809620.336725
1742809620.361048
1742809620.400324
1742809620.426434
1742809620.472359
1742809620.494056
1742809620.536313
1742809620.558774
1742809620.604383
1742809620.627408
1742809620.670778
1742809620.696201
1742809620.725251
1742809620.770821
1742809620.794215
1742809620.836103
1742809620.861135
1742809620.894312
1742809620.936945
1742809620.960860
1742809621.000221
1742809621.025489
1742809621.061558
1742809621.097133
1742809621.130816
1742809621.158791
1742809621.205281
1742809621.227671
1742809621.273806
1742809621.292401
1742809621.338962
1742809621.360456
1742809621.407614
1742809621.425868
1742809621.472715
1742809621.493795
1742809621.538765
1742809621.559283
1742809621.605847
1742809621.626763
1742809621.672748
1742809621.692623
1742809621.739341
1742809621.761139
1742809621.800143
1742809621.826656
1742809621.873559
1742809621.894101
1742809621.938917
1742809621.959574
1742809622.007105
1742809622.027513
1742809622.072220
1742809622.092946
1742809622.139810
1742809622.161328
1742809622.206689
1742809622.226526
1742809622.272993
1742809622.294613
1742809622.338138
1742809622.359757
1742809622.406016
1742809622.427700
1742809622.470740
1742809622.493015
1742809622.538852
1742809622.560711
1742809622.606455
1742809622.626351
1742809622.669384
1742809622.694743
1742809622.738444
1742809622.759844
1742809622.804868
1742809622.827954
1742809622.872676
1742809622.893142
1742809622.939427
1742809622.960980
1742809623.007076
1742809623.026623
1742809623.073774
1742809623.093714
1742809623.140701
1742809623.160162
1742809623.206847
1742809623.227143
1742809623.274022
1742809623.293734
1742809623.339977
1742809623.361209
1742809623.406426
1742809623.426939
1742809623.474244
1742809623.494172
1742809623.539861
1742809623.560381
1742809623.607365
1742809623.627433
1742809623.674127
1742809623.693877
1742809623.740546
1742809623.761464
1742809623.806209
1742809623.827044
1742809623.874307
1742809623.894465
1742809623.934786
1742809623.960998
1742809624.007248
1742809624.027028
1742809624.074508
1742809624.094004
1742809624.140455
1742809624.161710
1742809624.208073
1742809624.227412
1742809624.274552
1742809624.294825
1742809624.339063
1742809624.360844
1742809624.407494
1742809624.428377
1742809624.474830
1742809624.494324
1742809624.535760
1742809624.561915
1742809624.607317
1742809624.627340
1742809624.674368
1742809624.694349
1742809624.741676
1742809624.760835
1742809624.806103
1742809624.828263
1742809624.874875
1742809624.894265
1742809624.934909
1742809624.962013
1742809625.007730
1742809625.027692
1742809625.070828
1742809625.095254
1742809625.141214
1742809625.161119
1742809625.203623
1742809625.228632
1742809625.274905
1742809625.294484
1742809625.341226
1742809625.361450
1742809625.407236
1742809625.427919
1742809625.474668
1742809625.495027
1742809625.541172
1742809625.561346
1742809625.604972
1742809625.629085
1742809625.675240
1742809625.694860
1742809625.740566
1742809625.762029
1742809625.808002
1742809625.828204
1742809625.871661
1742809625.895908
1742809625.940797
1742809625.961809
1742809626.007646
1742809626.028922
1742809626.072266
1742809626.095373
1742809626.139683
1742809626.162557
1742809626.208786
1742809626.228781
1742809626.275366
1742809626.295428
1742809626.337657
1742809626.362672
1742809626.407863
1742809626.429022
1742809626.474385
1742809626.495397
1742809626.537596
1742809626.564473
1742809626.606384
1742809626.628716
1742809626.674855
1742809626.695527
1742809626.742697
1742809626.761981
1742809626.808008
1742809626.828836
1742809626.875884
1742809626.895407
1742809626.940602
1742809626.962399
1742809627.009425
1742809627.028912
1742809627.072162
1742809627.096298
1742809627.141921
1742809627.162196
1742809627.205116
1742809627.229246
1742809627.272568
1742809627.295533
1742809627.343024
1742809627.362374
1742809627.409441
1742809627.428923
1742809627.470719
1742809627.503316
1742809627.538292
1742809627.562542
1742809627.609866
1742809627.629407
1742809627.676676
1742809627.695811
1742809627.738405
1742809627.763731
1742809627.797592
1742809627.837694
1742809627.862910
1742809627.907529
1742809627.930053
1742809627.976748
1742809627.996109
1742809628.043297
1742809628.063557
1742809628.107199
1742809628.130096
1742809628.173390
1742809628.201171
1742809628.240325
1742809628.263816
1742809628.308652
1742809628.330099
1742809628.376240
1742809628.396875
1742809628.441892
1742809628.463826
1742809628.505726
1742809628.530298
1742809628.576312
1742809628.597043
1742809628.633478
1742809628.674853
1742809628.696579
1742809628.743651
1742809628.763005
1742809628.809871
1742809628.830646
1742809628.875282
1742809628.896281
1742809628.941072
1742809628.963620
1742809629.007311
1742809629.035139
1742809629.062854
1742809629.108781
1742809629.130726
1742809629.177630
1742809629.197835
1742809629.234136
1742809629.273173
1742809629.298123
1742809629.341780
1742809629.363298
1742809629.409460
1742809629.431271
1742809629.476429
1742809629.496641
1742809629.539785
1742809629.564714
1742809629.609103
1742809629.629997
1742809629.676049
1742809629.698031
1742809629.741648
1742809629.763439
1742809629.807305
1742809629.832802
1742809629.876633
1742809629.896916
1742809629.943029
1742809629.965098
1742809630.008234
1742809630.030264
1742809630.073698
1742809630.101129
1742809630.142634
1742809630.163918
1742809630.210823
1742809630.232123
1742809630.274908
1742809630.297557
1742809630.341046
1742809630.368585
1742809630.410970
1742809630.430594
1742809630.474430
1742809630.501645
1742809630.542142
1742809630.564007
1742809630.610933
1742809630.632892
1742809630.675001
1742809630.697496
1742809630.744932
1742809630.766095
1742809630.809196
1742809630.830618
1742809630.877745
1742809630.899386
1742809630.942784
1742809630.964276
1742809631.010940
1742809631.033055
1742809631.071546
1742809631.099641
1742809631.138528
1742809631.174088
1742809631.203674
1742809631.233440
1742809631.275795
1742809631.299231
1742809631.342866
1742809631.364513
1742809631.409328
1742809631.433522
1742809631.475536
1742809631.498220
1742809631.541176
1742809631.569320
1742809631.611106
1742809631.631273
1742809631.678071
1742809631.699592
1742809631.741432
1742809631.765321
1742809631.808438
1742809631.836950
1742809631.877492
1742809631.897971
1742809631.945456
1742809631.967348
1742809632.010177
1742809632.031472
1742809632.078728
1742809632.100450
1742809632.144630
1742809632.164758
1742809632.208706
1742809632.233758
1742809632.275864
1742809632.298032
1742809632.342798
1742809632.367501
1742809632.397701
1742809632.440826
1742809632.467746
1742809632.508158
1742809632.531234
1742809632.573272
1742809632.601041
1742809632.642707
1742809632.664562
1742809632.707558
1742809632.734552
1742809632.764776
1742809632.808369
1742809632.834311
1742809632.875572
1742809632.897998
1742809632.939937
1742809632.967425
1742809633.009311
1742809633.031460
1742809633.073148
1742809633.101425
1742809633.142726
1742809633.164808
1742809633.202749
1742809633.236411
1742809633.273268
1742809633.298226
1742809633.339066
1742809633.368099
1742809633.409814
1742809633.431621
1742809633.471571
1742809633.504756
1742809633.537166
1742809633.564981
1742809633.603776
1742809633.638661
1742809633.668272
1742809633.698525
1742809633.737328
1742809633.768429
1742809633.809810
1742809633.831794
1742809633.869813
1742809633.905098
1742809633.935435
1742809633.965231
1742809634.002993
1742809634.035563
1742809634.076185
1742809634.098652
1742809634.133596
1742809634.174904
1742809634.201489
1742809634.232052
1742809634.272979
1742809634.302238
1742809634.344329
1742809634.365437
1742809634.408219
1742809634.436371
1742809634.477681
1742809634.498835
1742809634.540249
1742809634.569658
1742809634.611134
1742809634.632217
1742809634.674532
1742809634.702611
1742809634.744237
1742809634.765633
1742809634.807035
1742809634.836811
1742809634.876908
1742809634.899086
1742809634.941211
1742809634.970387
1742809635.010905
1742809635.032504
1742809635.077196
1742809635.102383
1742809635.143866
1742809635.165959
1742809635.209793
1742809635.236659
1742809635.276172
1742809635.299254
1742809635.340005
1742809635.370684
1742809635.410968
1742809635.432714
1742809635.473861
1742809635.504680
1742809635.541603
1742809635.566186
1742809635.604435
1742809635.641627
1742809635.669996
1742809635.699531
1742809635.742640
1742809635.771026
1742809635.808522
1742809635.832889
1742809635.876244
1742809635.902869
1742809635.944568
1742809635.966366
1742809636.011710
1742809636.037327
1742809636.078980
1742809636.099866
1742809636.145985
1742809636.169224
1742809636.211209
1742809636.233233
1742809636.276725
1742809636.303025
1742809636.345115
1742809636.366515
1742809636.409825
1742809636.438375
1742809636.478470
1742809636.500038
1742809636.542487
1742809636.570923
1742809636.609439
1742809636.633510
1742809636.678212
1742809636.703231
1742809636.745690
1742809636.766895
1742809636.810718
1742809636.838405
1742809636.876113
1742809636.900171
1742809636.943099
1742809636.971479
1742809637.008865
1742809637.033550
1742809637.076577
1742809637.103426
1742809637.144769
1742809637.166956
1742809637.212747
1742809637.237635
1742809637.275676
1742809637.309057
1742809637.338067
1742809637.376026
1742809637.400540
1742809637.446001
1742809637.470588
1742809637.513018
1742809637.538513
1742809637.568912
1742809637.611410
1742809637.638046
1742809637.674610
1742809637.700629
1742809637.744868
1742809637.771653
1742809637.811441
1742809637.834225
1742809637.874215
1742809637.909499
1742809637.938879
1742809637.967744
1742809638.010572
1742809638.037520
1742809638.078140
1742809638.100813
1742809638.141061
1742809638.176374
1742809638.209391
1742809638.234200
1742809638.277963
1742809638.303334
1742809638.345013
