1753376370.891191
1753376370.990998
1753376371.024470
1753376371.057296
1753376371.090762
1753376371.124319
1753376371.157561
1753376371.190816
1753376371.224362
1753376371.257958
1753376371.294266
1753376371.336538
1753376371.370010
1753376371.401346
1753376371.436145
1753376371.467502
1753376371.503330
1753376371.531070
1753376371.568453
1753376371.600495
1753376371.633182
1753376371.670459
1753376371.704023
1753376371.739927
1753376371.770578
1753376371.806990
1753376371.836398
1753376371.873294
1753376371.905804
1753376371.938856
1753376371.971529
1753376372.005398
1753376372.038886
1753376372.070671
1753376372.105935
1753376372.136325
1753376372.170495
1753376372.205650
1753376372.238360
1753376372.272016
1753376372.305504
1753376372.338063
1753376372.360748
1753376372.391849
1753376372.436033
1753376372.469436
1753376372.491916
1753376372.524971
1753376372.566623
1753376372.592732
1753376372.634460
1753376372.658206
1753376372.699683
1753376372.726452
1753376372.769733
1753376372.791659
1753376372.834346
1753376372.860464
1753376372.902749
1753376372.925038
1753376372.965124
1753376372.994098
1753376373.030553
1753376373.058482
1753376373.095516
1753376373.129377
1753376373.166266
1753376373.191838
1753376373.233377
1753376373.260591
1753376373.302063
1753376373.325104
1753376373.367846
1753376373.393727
1753376373.435926
1753376373.458651
1753376373.502037
1753376373.527280
1753376373.569270
1753376373.592068
1753376373.637439
1753376373.660455
1753376373.701848
1753376373.725515
1753376373.762049
1753376373.793769
1753376373.836313
1753376373.858830
1753376373.902040
1753376373.927771
1753376373.968784
1753376373.992234
1753376374.033215
1753376374.062923
1753376374.103596
1753376374.125693
1753376374.169680
1753376374.194108
1753376374.236556
1753376374.259052
1753376374.302299
1753376374.328319
1753376374.370653
1753376374.392442
1753376374.436326
1753376374.461181
1753376374.503294
1753376374.525790
1753376374.570578
1753376374.595193
1753376374.636771
1753376374.659266
1753376374.701758
1753376374.729222
1753376374.770492
1753376374.792746
1753376374.835898
1753376374.861279
1753376374.903261
1753376374.925926
1753376374.969146
1753376374.994767
1753376375.032816
1753376375.061205
1753376375.099647
1753376375.131602
1753376375.170181
1753376375.193058
1753376375.235173
1753376375.261862
1753376375.304097
1753376375.326365
1753376375.369401
1753376375.397138
1753376375.436309
1753376375.459712
1753376375.503603
1753376375.529440
1753376375.570499
1753376375.593298
1753376375.636026
1753376375.662975
1753376375.703693
1753376375.726794
1753376375.770994
1753376375.792854
1753376375.836883
1753376375.860297
1753376375.903359
1753376375.928130
1753376375.967816
1753376375.993997
1753376376.031138
1753376376.069970
1753376376.098271
1753376376.128424
1753376376.169303
1753376376.196626
1753376376.237183
1753376376.260456
1753376376.303245
1753376376.330202
1753376376.370138
1753376376.393741
1753376376.435949
1753376376.464272
1753376376.504654
1753376376.526992
1753376376.569223
1753376376.599107
1753376376.636534
1753376376.660251
1753376376.703006
1753376376.730007
1753376376.771059
1753376376.793586
1753376376.836052
1753376376.863968
1753376376.904283
1753376376.927027
1753376376.968520
1753376376.997618
1753376377.033840
1753376377.060781
1753376377.103130
1753376377.131058
1753376377.171070
1753376377.193827
1753376377.236940
1753376377.264199
1753376377.304609
1753376377.327066
1753376377.369768
1753376377.397578
1753376377.435882
1753376377.460487
1753376377.503951
1753376377.531031
1753376377.571450
1753376377.594030
1753376377.636397
1753376377.665098
1753376377.702755
1753376377.727318
1753376377.770062
1753376377.798042
1753376377.838661
1753376377.860728
1753376377.897913
1753376377.938014
1753376377.964539
1753376377.997418
1753376378.030570
1753376378.070352
1753376378.099168
1753376378.128755
1753376378.170303
1753376378.198784
1753376378.236423
1753376378.261339
1753376378.300948
1753376378.335835
1753376378.367876
1753376378.396050
1753376378.436393
1753376378.465688
1753376378.505262
1753376378.528161
1753376378.571071
1753376378.601077
1753376378.636778
1753376378.661607
1753376378.704924
1753376378.733413
1753376378.771099
1753376378.795242
1753376378.836637
1753376378.868268
1753376378.903872
1753376378.930357
1753376378.970632
1753376378.999550
1753376379.032695
1753376379.068065
1753376379.100375
1753376379.137924
1753376379.168634
1753376379.198188
1753376379.235673
1753376379.270566
1753376379.301230
1753376379.336506
1753376379.366607
1753376379.405139
1753376379.434685
1753376379.465810
1753376379.503322
1753376379.536356
1753376379.568767
1753376379.599307
1753376379.635788
1753376379.669772
1753376379.703013
1753376379.733807
1753376379.768804
1753376379.802760
1753376379.836666
1753376379.863628
1753376379.901568
1753376379.936616
1753376379.969997
1753376379.995593
1753376380.034233
1753376380.069426
1753376380.103642
1753376380.129309
1753376380.171898
1753376380.199967
1753376380.239249
1753376380.262681
1753376380.303916
1753376380.334703
1753376380.370493
1753376380.397085
1753376380.436277
1753376380.466862
1753376380.506118
1753376380.529205
1753376380.570973
1753376380.601458
1753376380.637272
1753376380.663789
1753376380.704328
1753376380.735361
1753376380.770636
1753376380.804732
1753376380.829297
1753376380.871129
1753376380.902516
1753376380.937386
1753376380.968991
1753376381.002517
1753376381.028898
1753376381.071069
1753376381.102537
1753376381.134723
1753376381.169713
1753376381.204559
1753376381.233080
1753376381.269495
1753376381.301058
1753376381.337406
1753376381.369227
1753376381.402872
1753376381.434456
1753376381.469783
1753376381.504710
1753376381.534539
1753376381.570634
1753376381.602555
1753376381.637505
1753376381.668582
1753376381.699997
1753376381.739282
1753376381.769560
1753376381.802854
1753376381.835369
1753376381.870607
1753376381.904719
1753376381.935017
1753376381.970211
1753376382.004495
1753376382.031100
1753376382.070464
1753376382.095651
1753376382.132172
1753376382.164538
1753376382.203127
1753376382.234739
1753376382.270509
1753376382.303887
1753376382.335492
1753376382.369782
1753376382.404775
1753376382.436018
1753376382.469462
1753376382.503272
1753376382.538193
1753376382.570822
1753376382.601704
1753376382.636796
1753376382.671620
1753376382.703652
1753376382.735429
1753376382.770807
1753376382.804888
1753376382.835922
1753376382.870231
1753376382.902290
1753376382.938081
1753376382.970094
1753376383.002138
1753376383.032732
1753376383.070155
1753376383.103064
1753376383.134990
1753376383.169133
1753376383.204741
1753376383.237436
1753376383.268272
1753376383.303597
1753376383.337185
1753376383.370707
1753376383.398851
1753376383.436174
1753376383.469924
1753376383.504598
1753376383.530246
1753376383.567653
1753376383.598834
1753376383.632861
1753376383.670771
1753376383.700341
1753376383.740481
1753376383.768186
1753376383.797618
1753376383.832005
1753376383.865244
1753376383.903381
1753376383.930687
1753376383.971715
1753376384.003670
1753376384.034077
1753376384.062891
1753376384.101346
1753376384.135164
1753376384.172086
1753376384.197584
1753376384.236945
1753376384.270576
1753376384.303229
1753376384.334292
1753376384.370381
1753376384.402636
1753376384.436591
1753376384.468429
1753376384.503694
1753376384.538269
1753376384.571633
1753376384.602464
1753376384.637493
1753376384.671102
1753376384.704602
1753376384.732707
1753376384.771916
1753376384.803434
1753376384.837063
1753376384.868313
1753376384.902290
1753376384.938046
1753376384.969450
1753376384.998828
1753376385.035492
1753376385.066350
1753376385.103081
1753376385.131553
1753376385.171068
1753376385.204087
1753376385.238454
1753376385.264702
1753376385.304244
1753376385.338402
1753376385.370640
1753376385.399747
1753376385.437555
1753376385.469224
1753376385.506252
1753376385.531701
1753376385.572049
1753376385.605010
1753376385.638752
1753376385.665127
1753376385.705497
1753376385.737706
1753376385.770962
1753376385.798425
1753376385.837609
1753376385.869626
1753376385.905374
1753376385.932093
1753376385.972214
1753376386.006204
1753376386.035415
1753376386.068305
1753376386.106575
1753376386.139048
1753376386.173322
1753376386.199259
1753376386.238605
1753376386.271596
1753376386.305558
1753376386.334796
1753376386.371967
1753376386.405853
1753376386.438110
1753376386.469561
1753376386.505593
1753376386.539807
1753376386.570784
1753376386.605579
1753376386.633012
1753376386.672318
1753376386.706829
1753376386.736732
1753376386.771723
1753376386.803390
1753376386.840627
1753376386.869808
1753376386.905434
1753376386.940309
1753376386.970950
1753376387.004618
1753376387.033397
1753376387.071947
1753376387.106916
1753376387.135637
1753376387.171164
1753376387.205420
1753376387.240374
1753376387.269209
1753376387.303951
1753376387.337763
1753376387.372376
1753376387.399143
1753376387.437809
1753376387.472189
1753376387.503285
1753376387.535578
1753376387.570440
1753376387.603948
1753376387.637234
1753376387.668115
1753376387.704282
1753376387.738642
1753376387.773021
1753376387.799264
1753376387.839485
1753376387.873494
1753376387.906141
1753376387.935036
1753376387.971325
1753376388.005817
1753376388.037106
1753376388.069671
1753376388.102524
1753376388.139287
1753376388.169919
1753376388.204595
1753376388.236264
1753376388.273074
1753376388.305005
1753376388.336122
1753376388.371127
1753376388.403364
1753376388.438706
1753376388.473038
1753376388.503607
1753376388.539762
1753376388.575070
1753376388.603512
1753376388.638896
1753376388.673821
1753376388.703928
1753376388.739358
1753376388.767939
1753376388.804230
1753376388.834318
1753376388.871218
1753376388.906389
1753376388.939180
1753376388.973345
1753376389.003188
1753376389.034302
1753376389.073673
1753376389.108294
1753376389.139697
1753376389.166676
1753376389.207444
1753376389.238137
1753376389.273193
1753376389.307469
1753376389.336817
1753376389.376842
1753376389.404705
1753376389.438022
1753376389.472187
1753376389.505364
1753376389.540712
1753376389.573606
1753376389.603876
1753376389.639902
1753376389.673980
1753376389.704572
1753376389.737777
1753376389.772935
1753376389.805590
1753376389.840613
1753376389.869675
1753376389.907236
1753376389.939391
1753376389.974357
1753376390.003333
1753376390.038547
1753376390.071496
1753376390.106295
1753376390.139147
1753376390.173077
1753376390.208303
1753376390.238785
1753376390.272616
1753376390.306597
1753376390.340312
1753376390.372914
1753376390.404498
1753376390.437579
1753376390.472082
1753376390.510602
1753376390.536743
1753376390.573320
1753376390.608279
1753376390.637216
1753376390.674397
1753376390.704571
1753376390.740801
1753376390.776072
1753376390.804256
1753376390.840607
1753376390.872541
1753376390.908494
1753376390.937369
1753376390.978138
1753376391.003847
1753376391.037326
1753376391.072514
1753376391.107184
1753376391.142387
1753376391.174078
1753376391.204291
1753376391.240461
1753376391.272112
1753376391.307057
1753376391.337855
1753376391.373901
1753376391.407478
1753376391.440099
1753376391.471728
1753376391.510022
1753376391.540048
1753376391.575280
1753376391.604620
1753376391.641269
1753376391.675907
1753376391.711654
1753376391.736457
1753376391.778385
1753376391.805505
1753376391.842358
1753376391.870819
1753376391.911714
1753376391.938559
1753376391.975039
1753376392.004603
1753376392.039534
1753376392.074896
1753376392.105926
1753376392.140358
1753376392.171184
1753376392.203692
1753376392.237488
1753376392.271373
1753376392.306719
1753376392.339947
1753376392.378012
1753376392.404820
1753376392.440621
1753376392.475017
1753376392.506815
1753376392.537161
1753376392.579896
1753376392.603284
1753376392.644398
1753376392.669727
1753376392.707787
1753376392.741460
1753376392.775350
1753376392.804859
1753376392.840286
1753376392.877267
1753376392.905853
1753376392.939361
1753376392.971546
1753376393.007408
1753376393.037901
1753376393.073498
1753376393.106229
1753376393.145289
1753376393.171875
1753376393.205110
1753376393.240029
1753376393.276921
1753376393.306232
1753376393.337607
1753376393.374511
1753376393.408823
1753376393.441699
1753376393.471147
1753376393.508069
1753376393.543536
1753376393.573566
1753376393.605010
1753376393.641281
1753376393.675051
1753376393.706685
1753376393.738023
1753376393.776340
1753376393.812565
1753376393.839413
1753376393.872676
1753376393.906885
1753376393.937354
1753376393.975013
1753376394.004645
1753376394.040475
1753376394.077929
1753376394.106004
1753376394.141629
1753376394.170745
1753376394.206964
1753376394.240877
1753376394.269403
1753376394.305771
1753376394.340089
1753376394.372238
1753376394.407445
1753376394.438807
1753376394.473209
1753376394.505562
1753376394.539929
1753376394.572491
1753376394.607605
1753376394.645242
1753376394.672034
1753376394.714168
1753376394.736635
1753376394.778482
1753376394.805528
1753376394.847942
1753376394.871841
1753376394.910174
1753376394.938128
1753376394.979504
1753376395.006295
1753376395.040735
1753376395.072489
1753376395.109420
1753376395.146413
1753376395.172760
1753376395.212049
1753376395.238157
1753376395.276104
1753376395.308380
1753376395.339663
1753376395.374655
1753376395.415060
1753376395.437739
1753376395.474195
1753376395.509216
1753376395.546105
1753376395.572937
1753376395.608924
1753376395.641857
1753376395.679753
1753376395.706403
1753376395.741571
1753376395.775574
1753376395.815262
1753376395.838811
1753376395.875400
1753376395.908759
1753376395.944860
1753376395.972896
1753376396.007307
1753376396.042010
1753376396.078561
1753376396.106778
1753376396.141734
1753376396.176196
1753376396.208071
1753376396.249278
1753376396.270940
1753376396.313112
1753376396.339837
1753376396.380634
1753376396.404613
1753376396.440917
1753376396.481374
1753376396.505879
1753376396.547679
1753376396.571242
1753376396.610292
1753376396.645873
1753376396.671625
1753376396.708825
1753376396.749702
1753376396.771022
1753376396.810274
1753376396.838896
1753376396.879621
1753376396.906548
1753376396.941452
1753376396.975881
1753376397.007897
1753376397.039248
1753376397.075685
1753376397.110954
1753376397.141455
1753376397.180298
1753376397.204400
1753376397.250687
1753376397.272185
1753376397.314554
1753376397.338131
1753376397.379058
1753376397.406776
1753376397.446938
1753376397.482130
1753376397.504470
1753376397.550339
1753376397.572170
1753376397.612780
1753376397.640360
1753376397.676693
1753376397.707311
1753376397.747958
1753376397.773196
1753376397.813955
1753376397.839212
1753376397.880871
1753376397.908043
1753376397.943193
1753376397.978197
1753376398.007422
1753376398.044371
1753376398.072846
1753376398.111772
1753376398.140759
1753376398.181967
1753376398.205197
1753376398.250917
1753376398.272440
1753376398.315157
1753376398.338627
1753376398.380124
1753376398.407533
1753376398.449181
1753376398.471979
1753376398.510404
1753376398.544357
1753376398.574246
1753376398.613097
1753376398.639151
1753376398.685183
1753376398.705890
1753376398.747948
1753376398.771939
1753376398.815955
1753376398.840131
1753376398.881784
1753376398.905211
1753376398.950271
1753376398.972860
1753376399.011074
1753376399.037421
1753376399.082870
1753376399.105991
1753376399.149182
1753376399.171982
1753376399.212386
1753376399.247232
1753376399.272395
1753376399.312393
1753376399.344602
1753376399.375722
1753376399.406797
1753376399.444231
1753376399.484302
1753376399.506251
1753376399.543980
1753376399.574296
1753376399.616683
1753376399.639729
1753376399.681886
1753376399.705802
1753376399.748376
1753376399.774801
1753376399.811739
1753376399.839770
1753376399.881820
1753376399.907431
1753376399.948978
1753376399.972531
1753376400.014853
1753376400.040317
1753376400.078514
1753376400.111397
1753376400.140638
1753376400.183028
1753376400.206005
1753376400.246246
1753376400.280798
1753376400.308648
1753376400.350412
1753376400.372782
1753376400.416784
1753376400.440250
1753376400.483544
1753376400.506101
1753376400.549443
1753376400.574012
1753376400.614670
1753376400.639429
1753376400.685045
1753376400.706527
1753376400.748507
1753376400.772994
1753376400.816542
1753376400.841361
1753376400.882177
1753376400.906146
1753376400.949653
1753376400.974827
1753376401.014422
1753376401.038505
1753376401.076197
1753376401.111134
1753376401.139993
1753376401.181324
1753376401.209854
1753376401.252250
1753376401.273114
1753376401.314165
1753376401.344697
1753376401.383736
1753376401.406891
1753376401.447481
1753376401.481451
1753376401.510026
1753376401.542848
1753376401.583717
1753376401.606883
1753376401.649300
1753376401.673245
1753376401.716857
1753376401.740447
1753376401.782985
1753376401.806785
1753376401.849268
1753376401.874305
1753376401.917846
1753376401.940655
1753376401.982928
1753376402.010360
1753376402.046154
1753376402.073932
1753376402.116270
1753376402.140693
1753376402.178405
1753376402.206831
1753376402.249494
1753376402.274646
1753376402.317154
1753376402.340296
1753376402.386693
1753376402.406998
1753376402.450562
1753376402.473824
1753376402.516532
1753376402.542978
1753376402.585961
1753376402.607063
1753376402.652421
1753376402.673790
1753376402.717303
1753376402.740884
1753376402.783097
1753376402.812447
1753376402.846734
1753376402.874262
1753376402.916896
1753376402.944232
1753376402.985387
1753376403.007750
1753376403.046061
1753376403.077648
1753376403.118465
1753376403.141258
1753376403.177299
1753376403.209928
1753376403.242788
1753376403.279362
1753376403.307597
1753376403.351355
1753376403.374451
1753376403.410589
1753376403.444104
1753376403.486014
1753376403.508069
1753376403.550120
1753376403.574921
1753376403.616388
1753376403.645256
1753376403.674944
1753376403.716941
1753376403.741903
1753376403.784416
1753376403.807882
1753376403.851144
1753376403.875771
1753376403.920167
1753376403.941000
1753376403.978406
1753376404.009212
1753376404.046556
1753376404.075078
1753376404.117584
1753376404.142679
1753376404.186044
1753376404.207925
1753376404.252049
1753376404.275339
1753376404.318339
1753376404.341865
1753376404.384902
1753376404.410540
1753376404.450055
1753376404.475651
1753376404.518523
1753376404.544567
1753376404.586469
1753376404.609357
1753376404.647977
1753376404.684515
1753376404.713605
1753376404.750211
1753376404.776144
1753376404.820891
1753376404.842124
1753376404.885255
1753376404.909862
1753376404.951914
1753376404.979683
1753376405.014746
1753376405.043151
1753376405.085635
1753376405.111152
1753376405.146975
1753376405.180326
1753376405.218022
1753376405.246290
1753376405.276252
1753376405.318970
1753376405.344729
1753376405.386367
1753376405.408577
1753376405.450174
1753376405.481038
1753376405.519075
1753376405.543032
1753376405.587365
1753376405.609634
1753376405.654623
1753376405.675260
1753376405.714919
1753376405.751495
1753376405.779665
1753376405.820892
1753376405.842148
1753376405.886541
1753376405.910335
1753376405.952382
1753376405.980678
1753376406.013303
1753376406.044361
1753376406.086505
1753376406.111870
1753376406.153419
1753376406.176847
1753376406.219745
1753376406.245099
1753376406.281965
1753376406.310776
1753376406.353581
1753376406.377903
1753376406.420000
1753376406.443688
1753376406.485188
1753376406.514474
1753376406.551715
1753376406.578270
1753376406.620825
1753376406.644368
1753376406.684915
1753376406.711415
1753376406.754025
1753376406.777593
1753376406.819908
1753376406.844300
1753376406.884604
1753376406.917973
1753376406.944459
1753376406.985901
1753376407.015752
1753376407.047386
1753376407.083456
1753376407.112129
1753376407.153938
1753376407.177827
1753376407.217041
1753376407.244733
1753376407.287002
1753376407.311883
1753376407.348961
1753376407.375624
1753376407.419326
1753376407.443865
1753376407.485851
1753376407.511400
1753376407.552922
1753376407.579863
1753376407.619193
1753376407.645428
1753376407.687115
1753376407.711980
1753376407.753254
1753376407.777346
1753376407.820144
1753376407.846083
1753376407.885702
1753376407.912369
1753376407.953528
1753376407.979624
1753376408.017093
1753376408.042268
1753376408.086214
1753376408.111515
1753376408.151596
1753376408.178901
1753376408.219848
1753376408.247188
1753376408.279029
1753376408.319997
1753376408.345706
1753376408.387278
1753376408.410201
1753376408.451114
1753376408.486372
1753376408.517464
1753376408.545279
1753376408.587337
1753376408.612593
1753376408.653992
1753376408.679244
1753376408.720140
1753376408.746609
1753376408.787150
1753376408.813341
1753376408.853626
1753376408.879438
1753376408.920951
1753376408.946877
1753376408.987198
1753376409.016309
1753376409.049592
1753376409.083783
1753376409.113618
1753376409.154054
1753376409.179863
1753376409.217779
1753376409.245882
1753376409.286705
1753376409.312302
1753376409.349044
1753376409.381808
1753376409.419669
1753376409.446195
1753376409.484616
1753376409.511932
1753376409.555063
1753376409.580856
1753376409.615166
1753376409.647385
1753376409.688045
1753376409.712090
1753376409.747278
1753376409.781039
1753376409.821589
1753376409.846670
1753376409.880098
1753376409.918010
1753376409.950056
1753376409.985917
1753376410.010468
1753376410.049134
1753376410.085853
1753376410.115213
1753376410.145636
1753376410.186620
1753376410.212796
1753376410.253830
1753376410.277050
1753376410.318410
1753376410.348648
1753376410.387050
1753376410.414831
1753376410.452503
1753376410.486402
1753376410.518624
1753376410.545160
1753376410.587044
1753376410.614655
1753376410.652817
1753376410.678760
1753376410.720786
1753376410.747982
1753376410.787522
1753376410.811451
1753376410.853290
1753376410.882654
1753376410.920354
1753376410.945268
1753376410.987215
1753376411.013936
1753376411.051516
1753376411.082640
1753376411.118947
1753376411.152355
1753376411.187259
1753376411.211230
1753376411.253333
1753376411.282024
1753376411.319641
1753376411.344493
1753376411.386304
1753376411.414599
1753376411.454806
1753376411.477844
1753376411.517838
1753376411.550462
1753376411.586085
1753376411.611455
1753376411.653474
1753376411.683419
1753376411.720847
1753376411.744864
1753376411.786805
1753376411.816552
1753376411.853954
1753376411.878539
1753376411.921505
1753376411.949699
1753376411.986925
1753376412.012212
1753376412.050509
1753376412.087380
1753376412.117795
1753376412.149234
1753376412.186069
1753376412.221021
1753376412.250946
1753376412.282676
1753376412.319147
1753376412.354075
1753376412.385496
1753376412.414856
1753376412.454230
1753376412.483989
1753376412.520423
1753376412.546370
1753376412.587728
1753376412.618318
1753376412.654033
1753376412.679428
1753376412.721081
1753376412.751357
1753376412.787158
1753376412.815300
1753376412.854214
1753376412.884534
1753376412.920284
1753376412.948161
1753376412.987722
1753376413.018236
1753376413.053701
1753376413.082666
1753376413.119353
1753376413.154345
1753376413.185534
1753376413.218253
1753376413.249843
1753376413.288064
1753376413.319532
1753376413.348958
1753376413.386348
1753376413.420607
1753376413.454197
1753376413.479141
1753376413.520907
1753376413.551773
1753376413.587703
1753376413.616852
1753376413.648919
1753376413.687299
1753376413.720428
1753376413.750692
1753376413.786034
1753376413.821366
1753376413.852797
1753376413.886489
1753376413.917436
1753376413.956500
1753376413.985462
1753376414.019887
1753376414.045646
1753376414.081246
1753376414.122231
1753376414.155686
1753376414.179200
1753376414.215525
1753376414.248701
1753376414.282452
1753376414.322533
1753376414.351356
1753376414.386862
1753376414.421306
1753376414.453420
1753376414.484650
1753376414.520053
1753376414.554323
1753376414.586630
1753376414.619805
1753376414.651089
1753376414.687468
1753376414.716828
1753376414.755468
1753376414.784165
1753376414.823362
1753376414.853349
1753376414.885116
1753376414.919966
1753376414.954756
1753376414.987591
1753376415.017786
1753376415.053304
1753376415.088336
1753376415.119083
1753376415.153671
1753376415.184416
1753376415.221763
1753376415.253365
1753376415.284282
1753376415.320471
1753376415.354662
1753376415.386364
1753376415.418407
1753376415.453667
1753376415.487686
1753376415.522479
1753376415.551031
1753376415.588017
1753376415.619926
1753376415.654901
1753376415.684819
1753376415.720918
1753376415.753532
1753376415.788350
1753376415.815483
1753376415.852309
1753376415.887837
1753376415.919472
1753376415.947212
1753376415.987501
1753376416.018322
1753376416.053631
1753376416.081151
1753376416.122197
1753376416.152224
1753376416.187302
1753376416.218913
1753376416.253906
1753376416.287589
1753376416.320104
1753376416.349589
1753376416.386971
1753376416.421072
1753376416.454669
1753376416.480817
1753376416.521574
1753376416.552909
1753376416.587990
1753376416.616669
1753376416.653875
1753376416.688805
1753376416.720276
1753376416.752104
1753376416.786633
1753376416.820545
1753376416.855515
1753376416.884701
1753376416.920641
1753376416.955304
1753376416.986264
1753376417.020579
1753376417.049807
1753376417.090071
1753376417.120514
1753376417.153957
1753376417.186313
1753376417.221788
1753376417.254539
1753376417.286130
1753376417.319259
1753376417.354695
1753376417.388091
1753376417.419151
1753376417.454279
1753376417.489143
1753376417.522142
1753376417.551479
1753376417.587777
1753376417.620589
1753376417.654721
1753376417.681451
1753376417.719918
1753376417.755102
1753376417.786778
1753376417.816245
1753376417.855798
1753376417.887335
1753376417.920972
1753376417.952208
1753376417.986825
1753376418.021298
1753376418.054725
1753376418.085095
1753376418.122664
1753376418.154458
1753376418.188547
1753376418.219527
1753376418.254075
1753376418.288951
1753376418.322716
1753376418.351997
1753376418.387835
1753376418.422816
1753376418.454619
1753376418.485957
1753376418.521090
1753376418.556157
1753376418.589794
1753376418.619171
1753376418.654631
1753376418.688163
1753376418.722154
1753376418.752538
1753376418.788088
1753376418.823120
1753376418.857004
1753376418.885509
1753376418.920994
1753376418.955931
1753376418.989764
1753376419.019160
1753376419.054703
1753376419.088477
1753376419.122511
1753376419.152923
1753376419.187864
1753376419.223484
1753376419.255082
1753376419.285959
1753376419.320540
1753376419.353807
1753376419.388675
1753376419.415840
1753376419.454790
1753376419.487477
1753376419.521827
1753376419.551095
1753376419.589595
1753376419.620489
1753376419.652370
1753376419.681419
1753376419.722197
1753376419.756189
1753376419.789626
1753376419.816632
1753376419.856475
1753376419.889582
1753376419.924364
1753376419.950861
1753376419.990888
1753376420.016504
1753376420.055235
1753376420.086054
1753376420.122523
1753376420.157004
1753376420.187778
1753376420.220871
1753376420.255292
1753376420.289472
1753376420.323825
1753376420.353254
1753376420.388537
1753376420.422211
1753376420.456075
1753376420.486685
1753376420.522894
1753376420.556998
1753376420.588493
1753376420.620190
1753376420.655467
1753376420.689897
1753376420.725153
1753376420.750990
1753376420.791027
1753376420.820941
1753376420.855701
1753376420.888071
1753376420.920380
1753376420.958379
1753376420.990798
1753376421.019096
1753376421.056582
1753376421.091200
1753376421.121193
1753376421.154515
1753376421.188988
1753376421.223959
1753376421.257917
1753376421.287004
1753376421.319137
1753376421.357278
1753376421.388443
1753376421.421036
1753376421.455073
1753376421.490016
1753376421.524394
1753376421.552318
1753376421.589266
1753376421.623964
1753376421.654951
1753376421.687161
1753376421.721880
1753376421.757451
1753376421.788063
1753376421.822927
1753376421.854416
1753376421.892136
1753376421.921917
1753376421.954831
1753376421.989289
1753376422.022735
1753376422.056394
1753376422.083146
1753376422.123275
1753376422.158300
1753376422.186997
1753376422.221934
1753376422.256301
1753376422.291519
1753376422.322448
1753376422.355085
1753376422.388984
1753376422.423785
1753376422.456232
1753376422.490758
1753376422.516911
1753376422.554264
1753376422.590345
1753376422.622355
1753376422.657154
1753376422.689040
1753376422.723097
1753376422.755255
1753376422.790933
1753376422.823474
1753376422.855365
1753376422.891098
1753376422.924764
1753376422.954352
1753376422.989424
1753376423.022671
1753376423.056791
1753376423.090252
1753376423.120794
1753376423.157260
1753376423.188734
1753376423.226121
1753376423.252887
1753376423.292729
1753376423.323531
1753376423.354611
1753376423.389522
1753376423.424557
1753376423.455246
1753376423.487433
1753376423.522941
1753376423.555759
1753376423.590310
1753376423.621004
1753376423.655399
1753376423.691408
1753376423.726087
1753376423.754332
1753376423.790835
1753376423.822328
1753376423.856827
1753376423.888263
1753376423.922310
1753376423.957644
1753376423.990661
1753376424.021021
1753376424.057660
1753376424.091468
1753376424.120364
1753376424.152454
1753376424.189677
1753376424.222007
1753376424.255982
1753376424.290993
1753376424.318764
1753376424.356135
1753376424.392101
1753376424.421120
1753376424.455772
1753376424.487972
1753376424.523811
1753376424.551643
1753376424.589469
1753376424.624463
1753376424.656278
1753376424.691071
1753376424.721386
1753376424.758990
1753376424.789323
1753376424.824407
1753376424.854333
1753376424.892902
1753376424.923373
1753376424.957876
1753376424.987970
1753376425.022762
1753376425.057600
1753376425.089638
1753376425.123163
1753376425.159134
1753376425.189687
1753376425.220622
1753376425.257334
1753376425.291393
1753376425.324950
1753376425.354885
1753376425.391232
1753376425.429266
1753376425.454935
1753376425.493746
1753376425.521153
1753376425.560566
1753376425.589411
1753376425.623182
1753376425.657531
1753376425.689621
1753376425.729188
1753376425.752197
1753376425.792513
1753376425.822909
1753376425.859202
1753376425.887371
1753376425.924466
1753376425.958442
1753376425.994147
1753376426.021123
1753376426.058487
1753376426.093423
1753376426.123841
1753376426.155402
1753376426.192119
1753376426.224320
1753376426.256848
1753376426.289272
1753376426.323814
1753376426.360050
1753376426.390654
1753376426.421677
1753376426.456225
1753376426.495790
1753376426.522005
1753376426.559753
1753376426.588884
1753376426.625510
1753376426.656377
1753376426.692466
1753376426.723442
1753376426.760514
1753376426.789877
1753376426.824895
1753376426.858667
1753376426.889833
1753376426.926971
1753376426.954717
1753376426.994385
1753376427.022510
1753376427.060803
1753376427.088142
1753376427.125108
1753376427.160267
1753376427.191386
1753376427.225051
1753376427.255292
1753376427.290366
1753376427.330163
1753376427.354880
1753376427.392126
1753376427.428753
1753376427.455677
1753376427.495273
1753376427.521634
1753376427.562641
1753376427.587849
1753376427.622257
1753376427.657077
1753376427.693439
1753376427.722810
1753376427.754582
1753376427.790107
1753376427.829484
1753376427.855165
1753376427.889536
1753376427.923264
1753376427.958343
1753376427.994148
1753376428.019858
1753376428.058804
1753376428.094183
1753376428.123097
1753376428.156727
1753376428.189622
1753376428.227089
1753376428.257420
1753376428.286700
1753376428.329128
1753376428.355100
1753376428.392515
1753376428.422294
1753376428.457138
1753376428.488769
1753376428.526550
1753376428.555601
1753376428.591794
1753376428.629606
1753376428.656203
1753376428.689284
1753376428.723755
1753376428.760399
1753376428.792433
1753376428.822079
1753376428.857805
1753376428.895124
1753376428.923081
1753376428.960061
1753376428.989843
1753376429.024199
1753376429.058744
1753376429.089913
1753376429.125169
1753376429.160285
1753376429.195342
1753376429.222335
1753376429.261229
1753376429.289657
1753376429.330899
1753376429.353621
1753376429.394794
1753376429.422420
1753376429.456615
1753376429.487304
1753376429.527960
1753376429.556854
1753376429.593684
1753376429.620382
1753376429.658072
1753376429.696843
1753376429.721941
1753376429.756915
1753376429.793241
1753376429.831743
1753376429.855709
1753376429.891403
1753376429.923015
1753376429.960496
1753376429.992159
1753376430.021837
1753376430.060340
1753376430.095238
1753376430.123508
1753376430.157378
1753376430.193205
1753376430.227365
1753376430.263136
1753376430.288664
1753376430.324142
1753376430.363827
1753376430.390389
1753376430.430661
1753376430.455619
1753376430.493951
1753376430.528127
1753376430.556153
1753376430.597177
1753376430.623327
1753376430.662719
1753376430.689619
1753376430.726437
1753376430.764777
1753376430.789608
1753376430.829839
1753376430.854961
1753376430.895096
1753376430.924152
1753376430.965113
1753376430.990593
1753376431.025819
1753376431.059476
1753376431.100050
1753376431.122965
1753376431.163336
1753376431.189438
1753376431.229903
1753376431.257422
1753376431.296451
1753376431.322931
1753376431.364647
1753376431.390985
1753376431.425577
1753376431.457015
1753376431.499764
1753376431.523037
1753376431.562567
1753376431.589403
1753376431.631775
1753376431.656267
1753376431.690927
1753376431.726213
1753376431.762748
1753376431.789635
1753376431.827908
1753376431.856152
1753376431.893117
1753376431.935127
1753376431.955276
1753376431.993612
1753376432.023159
1753376432.062433
1753376432.088934
1753376432.131488
1753376432.156598
1753376432.197658
1753376432.222407
1753376432.262317
1753376432.291415
1753376432.332984
1753376432.355464
1753376432.395510
1753376432.424582
1753376432.465243
1753376432.489219
1753376432.527452
1753376432.563425
1753376432.591160
1753376432.632792
1753376432.655778
1753376432.699976
1753376432.723526
1753376432.763398
1753376432.789841
1753376432.830678
1753376432.858931
1753376432.899268
1753376432.922604
1753376432.966153
1753376432.991419
1753376433.028085
1753376433.058032
1753376433.101025
1753376433.123117
1753376433.164450
1753376433.189838
1753376433.231753
1753376433.257761
1753376433.300733
1753376433.322966
1753376433.369049
1753376433.390040
1753376433.432196
1753376433.456027
1753376433.502991
1753376433.523012
1753376433.561857
1753376433.592405
1753376433.629771
1753376433.662390
1753376433.690037
1753376433.731419
1753376433.757980
1753376433.800932
1753376433.823337
1753376433.864703
1753376433.895765
1753376433.928298
1753376433.957714
1753376433.998494
1753376434.023567
1753376434.060360
1753376434.091664
1753376434.133534
1753376434.156981
1753376434.193885
1753376434.224586
1753376434.264208
1753376434.296096
1753376434.327545
1753376434.360810
1753376434.394150
1753376434.435371
1753376434.456434
1753376434.500323
1753376434.523367
1753376434.567918
1753376434.590700
1753376434.634345
1753376434.656928
1753376434.699386
1753376434.725401
1753376434.766529
1753376434.790098
1753376434.833340
1753376434.859490
1753376434.900657
1753376434.923423
1753376434.967045
1753376434.993032
1753376435.030144
1753376435.057676
1753376435.100481
1753376435.124250
1753376435.165620
1753376435.190473
1753376435.232850
1753376435.257811
1753376435.300262
1753376435.323919
1753376435.366344
1753376435.392325
1753376435.429029
1753376435.456605
1753376435.499534
1753376435.523726
1753376435.565275
1753376435.590432
1753376435.636329
1753376435.657401
1753376435.693202
1753376435.731485
1753376435.764345
1753376435.797042
1753376435.824088
1753376435.864131
1753376435.895326
1753376435.935350
1753376435.957143
1753376436.000058
1753376436.025767
1753376436.066240
1753376436.090809
1753376436.133895
1753376436.157642
1753376436.194068
1753376436.225658
1753376436.262806
1753376436.297815
1753376436.331349
1753376436.357886
1753376436.399003
1753376436.431512
1753376436.467370
1753376436.491235
1753376436.533429
1753376436.559849
1753376436.602319
1753376436.624669
1753376436.667281
1753376436.695294
1753376436.736364
1753376436.758078
1753376436.800615
1753376436.829576
1753376436.866692
1753376436.891726
1753376436.934167
1753376436.958400
1753376437.000263
1753376437.024243
1753376437.065878
1753376437.096585
1753376437.135385
1753376437.158353
1753376437.198778
1753376437.232302
1753376437.263023
1753376437.296620
1753376437.328690
1753376437.370170
1753376437.391646
1753376437.433753
1753376437.457279
1753376437.501133
1753376437.526284
1753376437.562332
1753376437.595477
1753376437.635861
1753376437.657539
1753376437.700092
1753376437.725261
1753376437.768403
1753376437.792108
1753376437.834890
1753376437.858702
1753376437.901859
1753376437.927150
1753376437.963224
1753376437.993397
1753376438.030411
1753376438.065224
1753376438.092083
1753376438.134499
1753376438.158843
1753376438.205120
1753376438.225009
1753376438.268410
1753376438.294614
1753376438.337017
1753376438.359750
1753376438.402741
1753376438.427104
1753376438.469954
1753376438.491906
1753376438.535479
1753376438.562435
1753376438.603725
1753376438.625708
1753376438.667597
1753376438.698029
1753376438.735899
1753376438.759595
1753376438.802930
1753376438.826158
1753376438.869188
1753376438.892122
1753376438.934492
1753376438.960304
1753376439.003005
1753376439.025345
1753376439.068989
1753376439.092888
1753376439.137417
1753376439.169734
1753376439.192187
1753376439.235768
1753376439.264929
1753376439.300226
1753376439.329307
1753376439.370124
1753376439.392996
1753376439.436534
1753376439.460314
1753376439.496092
1753376439.530510
1753376439.570435
1753376439.594049
1753376439.632443
1753376439.660415
1753376439.702164
1753376439.729268
1753376439.766037
1753376439.793859
1753376439.836423
1753376439.862184
1753376439.896766
1753376439.932678
1753376439.968747
1753376439.998460
1753376440.025933
1753376440.067282
1753376440.097281
1753376440.137646
1753376440.159355
1753376440.204954
1753376440.227278
1753376440.269543
1753376440.294272
1753376440.333045
1753376440.369514
1753376440.398778
1753376440.427905
1753376440.469962
1753376440.496838
1753376440.538093
1753376440.561612
1753376440.603605
1753376440.628308
1753376440.670341
1753376440.694913
1753376440.736579
1753376440.765423
1753376440.802549
1753376440.828458
1753376440.869894
1753376440.895613
1753376440.938452
1753376440.960912
1753376441.004060
1753376441.026025
1753376441.070890
1753376441.094907
1753376441.136536
1753376441.164985
1753376441.204058
1753376441.228946
1753376441.270784
1753376441.294979
1753376441.333710
1753376441.365029
1753376441.401685
1753376441.434497
1753376441.468125
1753376441.496117
1753376441.537217
1753376441.563986
1753376441.604821
1753376441.626714
1753376441.667370
1753376441.694935
1753376441.737249
1753376441.759936
1753376441.802823
1753376441.830555
1753376441.871300
1753376441.893617
1753376441.936619
1753376441.964370
1753376442.004411
1753376442.027002
1753376442.070916
1753376442.096428
1753376442.137677
1753376442.160825
1753376442.203339
1753376442.229183
1753376442.270598
1753376442.294194
1753376442.333843
1753376442.368263
1753376442.402470
1753376442.429726
1753376442.470224
1753376442.495677
1753376442.538324
1753376442.561969
1753376442.604145
1753376442.630022
1753376442.670266
1753376442.697146
1753376442.737728
1753376442.764195
1753376442.804975
1753376442.830506
1753376442.871197
1753376442.899545
1753376442.936481
1753376442.964118
1753376443.003930
1753376443.029169
1753376443.070563
1753376443.094951
1753376443.137619
1753376443.162345
1753376443.204033
1753376443.230261
1753376443.271135
1753376443.297246
1753376443.337762
1753376443.362647
1753376443.403743
1753376443.433563
1753376443.469901
1753376443.496697
1753376443.537641
1753376443.564746
1753376443.605428
1753376443.628264
1753376443.669452
1753376443.697769
1753376443.738466
1753376443.761302
1753376443.800573
1753376443.836925
1753376443.866089
1753376443.898664
1753376443.933559
1753376443.971992
1753376443.997607
1753376444.030408
1753376444.066870
1753376444.103936
1753376444.133352
1753376444.164985
1753376444.196136
1753376444.231457
1753376444.266003
1753376444.296113
1753376444.335517
1753376444.370792
1753376444.401142
1753376444.432970
1753376444.468469
1753376444.503782
1753376444.533554
1753376444.568237
1753376444.599765
1753376444.637689
1753376444.662646
1753376444.698838
1753376444.730128
1753376444.766131
1753376444.804676
1753376444.829581
1753376444.870712
1753376444.899539
1753376444.938087
1753376444.963365
1753376445.004154
1753376445.030377
1753376445.071026
1753376445.098765
1753376445.134976
1753376445.170704
1753376445.202233
1753376445.232590
1753376445.269642
1753376445.303088
1753376445.333156
1753376445.370169
1753376445.398706
1753376445.437749
1753376445.469131
1753376445.499479
1753376445.535163
1753376445.570378
1753376445.601472
1753376445.632934
1753376445.669570
1753376445.703449
1753376445.737118
1753376445.761990
1753376445.804021
1753376445.834466
1753376445.871124
1753376445.895381
1753376445.937777
1753376445.966242
1753376446.006087
1753376446.028313
1753376446.072833
1753376446.098909
1753376446.136796
1753376446.162541
1753376446.204287
1753376446.230772
1753376446.271731
1753376446.295768
1753376446.337866
1753376446.367256
1753376446.405781
1753376446.431354
1753376446.471626
1753376446.501781
1753376446.537732
1753376446.566626
1753376446.603235
1753376446.638512
1753376446.669380
1753376446.699418
1753376446.736904
1753376446.771200
1753376446.804244
1753376446.834744
1753376446.870239
1753376446.903102
1753376446.938118
1753376446.967442
1753376447.003416
1753376447.034132
1753376447.073066
1753376447.097139
1753376447.137793
1753376447.165261
1753376447.199893
1753376447.233300
1753376447.267817
1753376447.304200
1753376447.336083
1753376447.369098
1753376447.402600
1753376447.435119
1753376447.471498
1753376447.505667
1753376447.529843
1753376447.571666
1753376447.600715
1753376447.636875
1753376447.669300
1753376447.700588
1753376447.732130
1753376447.772597
1753376447.803423
1753376447.833720
1753376447.870315
1753376447.903313
1753376447.938660
1753376447.965104
1753376448.005800
1753376448.030076
1753376448.070655
1753376448.096966
1753376448.137753
1753376448.169187
1753376448.204580
1753376448.231604
1753376448.271409
1753376448.304086
1753376448.338734
1753376448.367750
1753376448.403725
1753376448.437587
1753376448.471881
1753376448.501353
1753376448.538530
1753376448.569454
1753376448.604847
1753376448.634140
1753376448.671127
1753376448.702616
1753376448.737847
1753376448.767685
1753376448.805036
1753376448.837170
1753376448.869097
1753376448.897286
1753376448.937781
1753376448.972752
1753376449.003769
1753376449.030116
1753376449.072050
1753376449.103614
1753376449.138395
1753376449.165967
1753376449.203766
1753376449.238728
1753376449.271415
1753376449.301928
1753376449.337753
1753376449.370249
1753376449.405543
1753376449.436290
1753376449.470473
1753376449.503038
1753376449.538670
1753376449.567034
1753376449.604089
1753376449.638311
1753376449.670117
1753376449.701689
1753376449.737283
1753376449.771920
1753376449.804139
1753376449.834127
1753376449.871584
1753376449.905704
1753376449.936099
1753376449.965225
1753376450.005300
1753376450.030037
1753376450.072464
1753376450.097086
1753376450.137107
1753376450.166802
1753376450.202552
1753376450.230735
1753376450.271755
1753376450.302853
1753376450.337288
1753376450.368557
1753376450.403651
1753376450.437289
1753376450.471897
1753376450.497578
1753376450.538239
1753376450.569856
1753376450.604861
1753376450.635395
1753376450.670873
1753376450.705924
1753376450.737681
1753376450.768987
1753376450.804162
1753376450.839802
1753376450.871464
1753376450.902984
1753376450.935919
1753376450.971884
1753376451.005439
1753376451.030594
1753376451.071967
1753376451.104450
1753376451.137034
1753376451.170581
1753376451.202081
1753376451.238259
1753376451.271035
1753376451.303091
1753376451.337800
1753376451.370604
1753376451.405686
1753376451.436939
1753376451.471534
1753376451.506318
1753376451.539045
1753376451.565331
1753376451.605341
1753376451.632111
1753376451.672009
1753376451.697989
1753376451.738824
1753376451.765035
1753376451.806457
1753376451.831434
1753376451.871413
1753376451.902895
1753376451.938149
1753376451.965055
1753376452.004820
1753376452.032125
1753376452.071327
1753376452.099809
1753376452.139155
1753376452.171835
1753376452.205581
1753376452.232944
1753376452.270933
1753376452.305999
1753376452.338984
1753376452.367420
1753376452.406807
1753376452.436911
1753376452.471962
1753376452.503456
1753376452.537533
1753376452.570780
1753376452.606536
1753376452.636222
1753376452.671623
1753376452.704425
1753376452.738939
1753376452.767816
1753376452.807971
1753376452.835897
1753376452.872165
1753376452.903558
1753376452.938230
1753376452.973185
1753376453.006399
1753376453.031703
1753376453.072879
1753376453.107652
1753376453.139022
1753376453.169387
1753376453.204762
1753376453.239576
1753376453.274313
1753376453.302666
1753376453.341540
1753376453.368153
1753376453.408496
1753376453.435175
1753376453.472796
1753376453.506781
1753376453.539891
1753376453.567559
1753376453.607382
1753376453.638204
1753376453.671959
1753376453.703367
1753376453.737725
1753376453.771599
1753376453.804921
1753376453.836758
1753376453.872127
1753376453.905720
1753376453.939465
1753376453.971351
1753376454.004822
1753376454.034044
1753376454.074822
1753376454.102979
1753376454.138637
1753376454.172757
1753376454.207323
1753376454.236273
1753376454.269709
1753376454.306217
1753376454.336871
1753376454.366978
1753376454.404130
1753376454.433606
1753376454.470624
1753376454.502485
1753376454.536099
1753376454.572439
1753376454.606961
1753376454.637161
1753376454.673176
1753376454.708275
1753376454.738780
1753376454.767592
1753376454.803517
1753376454.835739
1753376454.870835
1753376454.900594
1753376454.936671
1753376454.972974
1753376455.005107
1753376455.035641
1753376455.070030
1753376455.103704
1753376455.136663
1753376455.175227
1753376455.203618
1753376455.239954
1753376455.274176
1753376455.303924
1753376455.337724
1753376455.375277
1753376455.404337
1753376455.436121
1753376455.471691
1753376455.507956
1753376455.539953
1753376455.570682
1753376455.605662
1753376455.640807
1753376455.672695
1753376455.704098
1753376455.739181
1753376455.774184
1753376455.808755
1753376455.836870
1753376455.868205
1753376455.908212
1753376455.937474
1753376455.972775
1753376456.008010
1753376456.033040
1753376456.073023
1753376456.107931
1753376456.138680
1753376456.170764
1753376456.203555
1753376456.243892
1753376456.272993
1753376456.303380
1753376456.339282
1753376456.373077
1753376456.407339
1753376456.436697
1753376456.476712
1753376456.505543
1753376456.540202
1753376456.571032
1753376456.605923
1753376456.640847
1753376456.675248
1753376456.704349
1753376456.739905
1753376456.775704
1753376456.805958
1753376456.839694
1753376456.873465
1753376456.908688
1753376456.939966
1753376456.974491
1753376457.004537
1753376457.038930
1753376457.074065
1753376457.106926
1753376457.140174
1753376457.175224
1753376457.205200
1753376457.241193
1753376457.271144
1753376457.305043
1753376457.339463
1753376457.376084
1753376457.404551
1753376457.439966
1753376457.473969
1753376457.505890
1753376457.540407
1753376457.575894
1753376457.607825
1753376457.636155
1753376457.672894
1753376457.708335
1753376457.738160
1753376457.771590
1753376457.804514
1753376457.841079
1753376457.872625
1753376457.904465
1753376457.941021
1753376457.972106
1753376458.008724
1753376458.034038
1753376458.075283
1753376458.106868
1753376458.142339
1753376458.168470
1753376458.204871
1753376458.237738
1753376458.277538
1753376458.304524
1753376458.340936
1753376458.376231
1753376458.406568
1753376458.437225
1753376458.473276
1753376458.508699
1753376458.540277
1753376458.572634
1753376458.607733
1753376458.642281
1753376458.674106
1753376458.706874
1753376458.741978
1753376458.778071
1753376458.806299
1753376458.841475
1753376458.872346
1753376458.908856
1753376458.941959
1753376458.972225
1753376459.010249
1753376459.036265
1753376459.077123
1753376459.103507
1753376459.140304
1753376459.178124
1753376459.206125
1753376459.242799
1753376459.272004
1753376459.308862
1753376459.343706
1753376459.372087
1753376459.408331
1753376459.439407
1753376459.474664
1753376459.508752
1753376459.538158
1753376459.574937
1753376459.609351
1753376459.638991
1753376459.674410
1753376459.706571
1753376459.742757
1753376459.769123
1753376459.809225
1753376459.839212
1753376459.875313
1753376459.905816
1753376459.941264
1753376459.978906
1753376460.006999
1753376460.038158
1753376460.078968
1753376460.105365
1753376460.140921
1753376460.170337
1753376460.209926
1753376460.242650
1753376460.273640
1753376460.303575
1753376460.340108
1753376460.379861
1753376460.405321
1753376460.436897
1753376460.473372
1753376460.509209
1753376460.538847
1753376460.580099
1753376460.603544
1753376460.639996
1753376460.676821
1753376460.703704
1753376460.744889
1753376460.772638
1753376460.813487
1753376460.836051
1753376460.877342
1753376460.907469
1753376460.943071
1753376460.973459
1753376461.008488
1753376461.038632
1753376461.081073
1753376461.102949
1753376461.143948
1753376461.172921
1753376461.213211
1753376461.236882
1753376461.273648
1753376461.309670
1753376461.342254
1753376461.372647
1753376461.409406
1753376461.441612
1753376461.477431
1753376461.504967
1753376461.544286
1753376461.573981
1753376461.610372
1753376461.641280
1753376461.676523
1753376461.713073
1753376461.740354
1753376461.774428
1753376461.805742
1753376461.844976
1753376461.872399
1753376461.906099
1753376461.939392
1753376461.975986
1753376462.008384
1753376462.035701
1753376462.073670
1753376462.110197
1753376462.139502
1753376462.185614
1753376462.274346
1753376462.306650
1753376462.343795
1753376462.370538
1753376462.407812
1753376462.441288
1753376462.477771
1753376462.503925
1753376462.541534
1753376462.579798
1753376462.606595
1753376462.639443
1753376462.676323
1753376462.713418
1753376462.740112
1753376462.773575
1753376462.809779
1753376462.845960
1753376462.874935
1753376462.906680
1753376462.942414
1753376462.973590
1753376463.016086
1753376463.036869
1753376463.079430
1753376463.106738
1753376463.143923
1753376463.173797
1753376463.210790
1753376463.244476
1753376463.277632
1753376463.306347
1753376463.344027
1753376463.375612
1753376463.413851
1753376463.439027
1753376463.478540
1753376463.506841
1753376463.545894
1753376463.572677
1753376463.615153
1753376463.639265
1753376463.673977
1753376463.704558
1753376463.741605
1753376463.778434
1753376463.806831
1753376463.840367
1753376463.873788
1753376463.909897
1753376463.944697
1753376463.971718
1753376464.009660
1753376464.039696
1753376464.079912
1753376464.104967
1753376464.142739
1753376464.175380
1753376464.215992
1753376464.244107
1753376464.271440
1753376464.317605
1753376464.339658
1753376464.382845
1753376464.404361
1753376464.438507
1753376464.479767
1753376464.507359
1753376464.550025
1753376464.571935
1753376464.611071
1753376464.640399
1753376464.682699
1753376464.705468
1753376464.744919
1753376464.774005
1753376464.817212
1753376464.838870
1753376464.880284
1753376464.907552
1753376464.950179
1753376464.972481
1753376465.011441
1753376465.042315
1753376465.074704
1753376465.107291
1753376465.143344
1753376465.175893
1753376465.218010
1753376465.238898
1753376465.284815
1753376465.306495
1753376465.345467
1753376465.376696
1753376465.411857
1753376465.444107
1753376465.475234
1753376465.514102
1753376465.539890
1753376465.579779
1753376465.607739
1753376465.647533
1753376465.673250
1753376465.716686
1753376465.739987
1753376465.779794
1753376465.806467
1753376465.847180
1753376465.877551
1753376465.905881
1753376465.946806
1753376465.973440
1753376466.012400
1753376466.037746
1753376466.083554
1753376466.106130
1753376466.145962
1753376466.172239
1753376466.208259
1753376466.249738
1753376466.273557
1753376466.309065
1753376466.342071
1753376466.384371
1753376466.406691
1753376466.440451
1753376466.477612
1753376466.516654
1753376466.540176
1753376466.576660
1753376466.612036
1753376466.641384
1753376466.682458
1753376466.706267
1753376466.746070
1753376466.775282
1753376466.817101
1753376466.839764
1753376466.882299
1753376466.908201
1753376466.952214
1753376466.973101
1753376467.016199
1753376467.039796
1753376467.082682
1753376467.106302
1753376467.145667
1753376467.181100
1753376467.208235
1753376467.249417
1753376467.273001
1753376467.315570
1753376467.341739
1753376467.383811
1753376467.406309
1753376467.453119
1753376467.473781
1753376467.512444
1753376467.538804
1753376467.581467
1753376467.607954
1753376467.650929
1753376467.673163
1753376467.715861
1753376467.742661
1753376467.774795
1753376467.813860
1753376467.841562
1753376467.880925
1753376467.906248
1753376467.944500
1753376467.980903
1753376468.011164
1753376468.038703
1753376468.086086
1753376468.106708
1753376468.144811
1753376468.173450
1753376468.209318
1753376468.242188
1753376468.280513
1753376468.306736
1753376468.350279
1753376468.373530
1753376468.418500
1753376468.439651
1753376468.487450
1753376468.507039
1753376468.551069
1753376468.573634
1753376468.616553
1753376468.643324
1753376468.685720
1753376468.707294
1753376468.750276
1753376468.777143
1753376468.819640
1753376468.840324
1753376468.883462
1753376468.907455
1753376468.952787
1753376468.974121
1753376469.017850
1753376469.039578
1753376469.077918
1753376469.108340
1753376469.149492
1753376469.176934
1753376469.218873
1753376469.241037
1753376469.283663
1753376469.309015
1753376469.351559
1753376469.374381
1753376469.416726
1753376469.442912
1753376469.485797
1753376469.507858
1753376469.550268
1753376469.574809
1753376469.617400
1753376469.641197
1753376469.681299
1753376469.716258
1753376469.746078
1753376469.776917
1753376469.819017
1753376469.841244
1753376469.884934
1753376469.907516
1753376469.953513
1753376469.974614
1753376470.017612
1753376470.040175
1753376470.083054
1753376470.110777
1753376470.153445
1753376470.174663
1753376470.220913
1753376470.241274
1753376470.285657
1753376470.307967
1753376470.354467
1753376470.374740
1753376470.420900
1753376470.440353
1753376470.484416
1753376470.507924
1753376470.550822
1753376470.574991
1753376470.617286
1753376470.642389
1753376470.685719
1753376470.708177
1753376470.750133
1753376470.777655
1753376470.820079
1753376470.841848
1753376470.885505
1753376470.909563
1753376470.953556
1753376470.975729
1753376471.016606
1753376471.042318
1753376471.085333
1753376471.108846
1753376471.152394
1753376471.176321
1753376471.219854
1753376471.242807
1753376471.285979
1753376471.310276
1753376471.352562
1753376471.375819
1753376471.419214
1753376471.441838
1753376471.486103
1753376471.508962
1753376471.553922
1753376471.575671
1753376471.618941
1753376471.642435
1753376471.684850
1753376471.712427
1753376471.754073
1753376471.775366
1753376471.818401
1753376471.846931
1753376471.887054
1753376471.908720
1753376471.954987
1753376471.975756
1753376472.017497
1753376472.040918
1753376472.084677
1753376472.112067
1753376472.153933
1753376472.175598
1753376472.218639
1753376472.242579
1753376472.286171
1753376472.308991
1753376472.352049
1753376472.378226
1753376472.420860
1753376472.442399
1753376472.486294
1753376472.509968
1753376472.552962
1753376472.580964
1753376472.607751
1753376472.652006
1753376472.681107
1753376472.720263
1753376472.745859
1753376472.784311
1753376472.810831
1753376472.853815
1753376472.877243
1753376472.920084
1753376472.943757
1753376472.985946
1753376473.014932
1753376473.041650
1753376473.085579
1753376473.113866
1753376473.154775
1753376473.176325
1753376473.221633
1753376473.243651
1753376473.286222
1753376473.311433
1753376473.353796
1753376473.377099
1753376473.420564
1753376473.444334
1753376473.486667
1753376473.512855
1753376473.554437
1753376473.578361
1753376473.619697
1753376473.647578
1753376473.688161
1753376473.709702
1753376473.752647
1753376473.778167
1753376473.820805
1753376473.843258
1753376473.883915
1753376473.916056
1753376473.952257
1753376473.976035
1753376474.020829
1753376474.042402
1753376474.085889
1753376474.109509
1753376474.152408
1753376474.177757
1753376474.220558
1753376474.242760
1753376474.285892
1753376474.311029
1753376474.353821
1753376474.376445
1753376474.420192
1753376474.442883
1753376474.479940
1753376474.511301
1753376474.553269
1753376474.578236
1753376474.620766
1753376474.643423
1753376474.686354
1753376474.711946
1753376474.753999
1753376474.776389
1753376474.821092
1753376474.844667
1753376474.886899
1753376474.909844
1753376474.954676
1753376474.978496
1753376475.021315
1753376475.042345
1753376475.086394
1753376475.113168
1753376475.155239
1753376475.176923
1753376475.219113
1753376475.248979
1753376475.286686
1753376475.312702
1753376475.353101
1753376475.382614
1753376475.421147
1753376475.445999
1753376475.486897
1753376475.517200
1753376475.554096
1753376475.577223
1753376475.620056
1753376475.647108
1753376475.687405
1753376475.710221
1753376475.752706
1753376475.779126
1753376475.821121
1753376475.843394
1753376475.886973
1753376475.912692
1753376475.952614
1753376475.977874
1753376476.020601
1753376476.042746
1753376476.086361
1753376476.111566
1753376476.153833
1753376476.182123
1753376476.221456
1753376476.244492
1753376476.287334
1753376476.316313
1753376476.354037
1753376476.380353
1753376476.421108
1753376476.447627
1753376476.488753
1753376476.512407
1753376476.555005
1753376476.580768
1753376476.621993
1753376476.645402
1753376476.687541
1753376476.714956
1753376476.755592
1753376476.779404
1753376476.818067
1753376476.854059
1753376476.884483
1753376476.914836
1753376476.954199
1753376476.983523
1753376477.021830
1753376477.044350
1753376477.087739
1753376477.116161
1753376477.153896
1753376477.179839
1753376477.221616
1753376477.250688
1753376477.286410
1753376477.314757
1753376477.354127
1753376477.383838
1753376477.419299
1753376477.449168
1753376477.486607
1753376477.520841
1753376477.551196
1753376477.586313
1753376477.614914
1753376477.655921
1753376477.683189
1753376477.715406
1753376477.752279
1753376477.787347
1753376477.817252
1753376477.848646
1753376477.885171
1753376477.919771
1753376477.951770
1753376477.978332
1753376478.019983
1753376478.043594
1753376478.088887
1753376478.111386
1753376478.153480
1753376478.181911
1753376478.221551
1753376478.244756
1753376478.287394
1753376478.314986
1753376478.355195
1753376478.378195
1753376478.420691
1753376478.448062
1753376478.488329
1753376478.512121
1753376478.554032
1753376478.582968
1753376478.620082
1753376478.645169
1753376478.688308
1753376478.715410
1753376478.755935
1753376478.778465
1753376478.821838
1753376478.850047
1753376478.887197
1753376478.911895
1753376478.950136
1753376478.987364
1753376479.017075
1753376479.049762
1753376479.083923
1753376479.122681
1753376479.152083
1753376479.181186
1753376479.216610
1753376479.247977
1753376479.288673
1753376479.313930
1753376479.354572
1753376479.380193
1753376479.421424
1753376479.446693
1753376479.488017
1753376479.517954
1753376479.552713
1753376479.582735
1753376479.618993
1753376479.654790
1753376479.684184
1753376479.719509
1753376479.749981
1753376479.787756
1753376479.818613
1753376479.845672
1753376479.887874
1753376479.916484
1753376479.952941
1753376479.978690
1753376480.021594
1753376480.045885
1753376480.089474
1753376480.112249
1753376480.154249
1753376480.184441
1753376480.220890
1753376480.246019
1753376480.289276
1753376480.316803
1753376480.356249
1753376480.379489
1753376480.422865
1753376480.450992
1753376480.488944
1753376480.515226
1753376480.554841
1753376480.584963
1753376480.622318
1753376480.647440
1753376480.688619
1753376480.718088
1753376480.756083
1753376480.782985
1753376480.822435
1753376480.852476
1753376480.887072
1753376480.922059
1753376480.946678
1753376480.987834
1753376481.021682
1753376481.049111
1753376481.090008
1753376481.117935
1753376481.153853
1753376481.186515
1753376481.222022
1753376481.251808
1753376481.287254
1753376481.321788
1753376481.355172
1753376481.383980
1753376481.420809
1753376481.454779
1753376481.488145
1753376481.519612
1753376481.551536
1753376481.589584
1753376481.620509
1753376481.651577
1753376481.683841
1753376481.724322
1753376481.751350
1753376481.784105
1753376481.820206
1753376481.855058
1753376481.885680
1753376481.920616
1753376481.950582
1753376481.985470
1753376482.021354
1753376482.047865
1753376482.088285
1753376482.119243
1753376482.154872
1753376482.180960
1753376482.222124
1753376482.251764
1753376482.289295
1753376482.314292
1753376482.355561
1753376482.387673
1753376482.422665
1753376482.448068
1753376482.489207
1753376482.520675
1753376482.555547
1753376482.583451
1753376482.621484
1753376482.655186
1753376482.686792
1753376482.717537
1753376482.754839
1753376482.788535
1753376482.821184
1753376482.851631
1753376482.889047
1753376482.920643
1753376482.956187
1753376482.986036
1753376483.020921
1753376483.054772
1753376483.087553
1753376483.119682
1753376483.153631
1753376483.188613
1753376483.221520
1753376483.252045
1753376483.288013
1753376483.322911
1753376483.354507
1753376483.386778
1753376483.420704
1753376483.453831
1753376483.489138
1753376483.520322
1753376483.553773
1753376483.588639
1753376483.622441
1753376483.653139
1753376483.688238
1753376483.720969
1753376483.756343
1753376483.785813
1753376483.820938
1753376483.855379
1753376483.888806
1753376483.914722
1753376483.955621
1753376483.984857
1753376484.022757
1753376484.048175
1753376484.089035
1753376484.120003
1753376484.154886
1753376484.185250
1753376484.220108
1753376484.255042
1753376484.286111
1753376484.321194
1753376484.352662
1753376484.387962
1753376484.421243
1753376484.448284
1753376484.482426
1753376484.514629
1753376484.547500
1753376484.581470
1753376484.614568
1753376484.647755
1753376484.681244
1753376484.714641
1753376484.747972
1753376484.781645
1753376484.822882
1753376484.853294
1753376484.887366
1753376484.922512
1753376484.956197
1753376484.986409
1753376485.021688
1753376485.054553
1753376485.089185
1753376485.119740
1753376485.155221
1753376485.188111
1753376485.223327
1753376485.251389
1753376485.290587
1753376485.318431
1753376485.358614
1753376485.385396
1753376485.423550
1753376485.454252
1753376485.489112
1753376485.520370
1753376485.554459
1753376485.589407
1753376485.623191
1753376485.653547
1753376485.688728
1753376485.721995
1753376485.756957
1753376485.786013
1753376485.821197
1753376485.857685
1753376485.888086
1753376485.917007
1753376485.956084
1753376485.986565
1753376486.020595
1753376486.051157
1753376486.089006
1753376486.121737
1753376486.154722
1753376486.186636
1753376486.221574
1753376486.255340
1753376486.290354
1753376486.317516
1753376486.357728
1753376486.387257
1753376486.422386
1753376486.453544
1753376486.488012
1753376486.523450
1753376486.557530
1753376486.586795
1753376486.622147
1753376486.656518
1753376486.690626
1753376486.720689
1753376486.755335
1753376486.789612
1753376486.824229
1753376486.853598
1753376486.888880
1753376486.922439
1753376486.956885
1753376486.985590
1753376487.023313
1753376487.055224
1753376487.089386
1753376487.120582
1753376487.155826
1753376487.189925
1753376487.224701
1753376487.253956
1753376487.290527
1753376487.324420
1753376487.357091
1753376487.387656
1753376487.419374
1753376487.455490
1753376487.489846
1753376487.520724
1753376487.555549
1753376487.589754
1753376487.624421
1753376487.655493
1753376487.688452
1753376487.722640
1753376487.757007
1753376487.788015
1753376487.820962
1753376487.856593
1753376487.890556
1753376487.919619
1753376487.955270
1753376487.988907
1753376488.023049
1753376488.051293
1753376488.090537
1753376488.122159
1753376488.155028
1753376488.183635
1753376488.223718
1753376488.254146
1753376488.289840
1753376488.316476
1753376488.356818
1753376488.387188
1753376488.422256
1753376488.452193
1753376488.488182
1753376488.523216
1753376488.557512
1753376488.586168
1753376488.625217
1753376488.655124
1753376488.689378
1753376488.720438
1753376488.755979
1753376488.792627
1753376488.822686
1753376488.854757
1753376488.889183
1753376488.923108
1753376488.957544
1753376488.987211
1753376489.022737
1753376489.056292
1753376489.090230
1753376489.119659
1753376489.157439
1753376489.191738
1753376489.221817
1753376489.256720
1753376489.283931
1753376489.324537
1753376489.355972
1753376489.390877
1753376489.422633
1753376489.456723
1753376489.489599
1753376489.524196
1753376489.555761
1753376489.590031
1753376489.622345
1753376489.657091
1753376489.691983
1753376489.721358
1753376489.757047
1753376489.791742
1753376489.822661
1753376489.854214
1753376489.889783
1753376489.922882
1753376489.957586
1753376489.985181
1753376490.022804
1753376490.056791
1753376490.089922
1753376490.118471
1753376490.158495
1753376490.183624
1753376490.221347
1753376490.250507
1753376490.292014
1753376490.322343
1753376490.356273
1753376490.388214
1753376490.422474
1753376490.456750
1753376490.491979
1753376490.520875
1753376490.557765
1753376490.592355
1753376490.623455
1753376490.657428
1753376490.688467
1753376490.724667
1753376490.758615
1753376490.788253
1753376490.824742
1753376490.856108
1753376490.891080
1753376490.922568
1753376490.957367
1753376490.993916
1753376491.022339
1753376491.055431
1753376491.089907
1753376491.125788
1753376491.156107
1753376491.190122
1753376491.223592
1753376491.259147
1753376491.293676
1753376491.320539
1753376491.360814
1753376491.390056
1753376491.425528
1753376491.454803
1753376491.490960
1753376491.522821
1753376491.557095
1753376491.592776
1753376491.618184
1753376491.658452
1753376491.690144
1753376491.724655
1753376491.755240
1753376491.794765
1753376491.820642
1753376491.857568
1753376491.888666
1753376491.927113
1753376491.956780
1753376491.988297
1753376492.023025
1753376492.053903
1753376492.091039
1753376492.121554
1753376492.158329
1753376492.192542
1753376492.223894
1753376492.256574
1753376492.291495
1753376492.326860
1753376492.359153
1753376492.386612
1753376492.424403
1753376492.456957
1753376492.492403
1753376492.521839
1753376492.559554
1753376492.590094
1753376492.625409
1753376492.655861
1753376492.691317
1753376492.725027
1753376492.758971
1753376492.788752
1753376492.825841
1753376492.860156
1753376492.891257
1753376492.922904
1753376492.957580
1753376492.996384
1753376493.022328
1753376493.057330
1753376493.091352
1753376493.128310
1753376493.156220
1753376493.192478
1753376493.222138
1753376493.258755
1753376493.291691
1753376493.323654
1753376493.356966
1753376493.391726
1753376493.422925
1753376493.456851
1753376493.491224
1753376493.523851
1753376493.558944
1753376493.590340
1753376493.625065
1753376493.660728
1753376493.691599
1753376493.723265
1753376493.758727
1753376493.790178
1753376493.827805
1753376493.853266
1753376493.889806
1753376493.929909
1753376493.955645
1753376493.988590
1753376494.023235
1753376494.058249
1753376494.093036
1753376494.120292
1753376494.160608
1753376494.193178
1753376494.224197
1753376494.255772
1753376494.292516
1753376494.329045
1753376494.356583
1753376494.390973
1753376494.423631
1753376494.460633
1753376494.489012
1753376494.530904
1753376494.553945
1753376494.590957
1753376494.621837
1753376494.654904
1753376494.692268
1753376494.728739
1753376494.756822
1753376494.792898
1753376494.823593
1753376494.865719
1753376494.889298
1753376494.926574
1753376494.957278
1753376494.997859
1753376495.023293
1753376495.059786
1753376495.090180
1753376495.130028
1753376495.156698
1753376495.192089
1753376495.223774
1753376495.259876
1753376495.297498
1753376495.321928
1753376495.364000
1753376495.390159
1753376495.427579
1753376495.455527
1753376495.492742
1753376495.531263
1753376495.556868
1753376495.591917
1753376495.627278
1753376495.659118
1753376495.692977
1753376495.725146
1753376495.759023
1753376495.792419
1753376495.828330
1753376495.853779
1753376495.897386
1753376495.922410
1753376495.959053
1753376495.989760
1753376496.024625
1753376496.060082
1753376496.095374
1753376496.120663
1753376496.161259
1753376496.191590
1753376496.229576
1753376496.254562
1753376496.291369
1753376496.328014
1753376496.360762
1753376496.390628
1753376496.425673
1753376496.457055
1753376496.495221
1753376496.522801
1753376496.560243
1753376496.591541
1753376496.633714
1753376496.654725
1753376496.693184
1753376496.732255
1753376496.756280
1753376496.793442
1753376496.826016
1753376496.864908
1753376496.890093
1753376496.926243
1753376496.960792
1753376496.995817
1753376497.024535
1753376497.058544
1753376497.093317
1753376497.128626
1753376497.162093
1753376497.189457
1753376497.227006
1753376497.264829
1753376497.289938
1753376497.327278
1753376497.357148
1753376497.392600
1753376497.432127
1753376497.455622
1753376497.496176
1753376497.523968
1753376497.566139
1753376497.596060
1753376497.621500
1753376497.668603
1753376497.689657
1753376497.733654
1753376497.756755
1753376497.797401
1753376497.823099
1753376497.862316
1753376497.895341
1753376497.922768
1753376497.959105
1753376497.998938
1753376498.022798
1753376498.062793
1753376498.090179
1753376498.131957
1753376498.156819
1753376498.194830
1753376498.223020
1753376498.261053
1753376498.293615
1753376498.329414
1753376498.356418
1753376498.394796
1753376498.425764
1753376498.456543
1753376498.497172
1753376498.523666
1753376498.564145
1753376498.590058
1753376498.629273
1753376498.657467
1753376498.698364
1753376498.721733
1753376498.768350
1753376498.789317
1753376498.835535
1753376498.855595
1753376498.896150
1753376498.923917
1753376498.962575
1753376498.989132
1753376499.029938
1753376499.057343
1753376499.099457
1753376499.122524
1753376499.160394
1753376499.200955
1753376499.223565
1753376499.264210
1753376499.289957
1753376499.330172
1753376499.357779
1753376499.394650
1753376499.427849
1753376499.460912
1753376499.501786
1753376499.522727
1753376499.568129
1753376499.590389
1753376499.632810
1753376499.656229
1753376499.697100
1753376499.724928
1753376499.767206
1753376499.789645
1753376499.829457
1753376499.858441
1753376499.900399
1753376499.923025
1753376499.968003
1753376499.990588
1753376500.028368
1753376500.057318
1753376500.095600
1753376500.130155
1753376500.158404
1753376500.196723
1753376500.223704
1753376500.266567
1753376500.290496
1753376500.330237
1753376500.357465
1753376500.399744
1753376500.426211
1753376500.465327
1753376500.490435
1753376500.531811
1753376500.561487
1753376500.594793
1753376500.624509
1753376500.667597
1753376500.690622
1753376500.732739
1753376500.756621
1753376500.800307
1753376500.824624
1753376500.860443
1753376500.896573
1753376500.931538
1753376500.958382
1753376501.000081
1753376501.023468
1753376501.065839
1753376501.092244
1753376501.135271
1753376501.156898
1753376501.194484
1753376501.225638
1753376501.261698
1753376501.294345
1753376501.335976
1753376501.357436
1753376501.397480
1753376501.423967
1753376501.467003
1753376501.490631
1753376501.530421
1753376501.557229
1753376501.600250
1753376501.624671
1753376501.666779
1753376501.690367
1753376501.736444
1753376501.757397
1753376501.798807
1753376501.823985
1753376501.870281
1753376501.890684
1753376501.930026
1753376501.957492
1753376501.995668
1753376502.028903
1753376502.057853
1753376502.098691
1753376502.125223
1753376502.164500
1753376502.190640
1753376502.230960
1753376502.262830
1753376502.298620
1753376502.324472
1753376502.365834
1753376502.393606
1753376502.436174
1753376502.457092
1753376502.498115
1753376502.526305
1753376502.568806
1753376502.590519
1753376502.632841
1753376502.658750
1753376502.701219
1753376502.724329
1753376502.767793
1753376502.791381
1753376502.835021
1753376502.857644
1753376502.903984
1753376502.924164
1753376502.968059
1753376502.991057
1753376503.027753
1753376503.063973
1753376503.098191
1753376503.124504
1753376503.164991
1753376503.195361
1753376503.237401
1753376503.258001
1753376503.304496
1753376503.324785
1753376503.366985
1753376503.391471
1753376503.434277
1753376503.458524
1753376503.500712
1753376503.524861
1753376503.567334
1753376503.591846
1753376503.635717
1753376503.658741
1753376503.701118
1753376503.725254
1753376503.767450
1753376503.791631
1753376503.834802
1753376503.858401
1753376503.902515
1753376503.925075
1753376503.967134
1753376503.992886
1753376504.031417
1753376504.058599
1753376504.101296
1753376504.126810
1753376504.165897
1753376504.191769
1753376504.233147
1753376504.258946
1753376504.301558
1753376504.324853
1753376504.367254
1753376504.391509
1753376504.433343
1753376504.457949
1753376504.501291
1753376504.525286
1753376504.568275
1753376504.592116
1753376504.636441
1753376504.658866
1753376504.695889
1753376504.726795
1753376504.769013
1753376504.791763
1753376504.827446
1753376504.863398
1753376504.897648
1753376504.935390
1753376504.962649
1753376505.000953
1753376505.025465
1753376505.067744
1753376505.095182
1753376505.134503
1753376505.159349
1753376505.201401
1753376505.227959
1753376505.259641
1753376505.296566
1753376505.326788
1753376505.362928
1753376505.393347
1753376505.435683
1753376505.458081
1753376505.501459
1753376505.526316
1753376505.567586
1753376505.594601
1753376505.637561
1753376505.659205
1753376505.701069
1753376505.727646
1753376505.770110
1753376505.793330
1753376505.834809
1753376505.862803
1753376505.900476
1753376505.935528
1753376505.958561
1753376506.002820
1753376506.026955
1753376506.067567
1753376506.095142
1753376506.129458
1753376506.159661
1753376506.202868
1753376506.226804
1753376506.262786
1753376506.295130
1753376506.337111
1753376506.359731
1753376506.397048
1753376506.431485
1753376506.466006
1753376506.499950
1753376506.527243
1753376506.569805
1753376506.593306
1753376506.636219
1753376506.659455
1753376506.703123
1753376506.726486
1753376506.772778
1753376506.792879
1753376506.835960
1753376506.860702
1753376506.905063
1753376506.926194
1753376506.968431
1753376506.995259
1753376507.032677
1753376507.062830
1753376507.098133
1753376507.137398
1753376507.160888
1753376507.203534
1753376507.226961
1753376507.269545
1753376507.293984
1753376507.330256
1753376507.361065
1753376507.404012
1753376507.428302
1753376507.459977
1753376507.502447
1753376507.527389
1753376507.571633
1753376507.592882
1753376507.635590
1753376507.661390
1753376507.703555
1753376507.726411
1753376507.769290
1753376507.794184
1753376507.838506
1753376507.859745
1753376507.901185
1753376507.927370
1753376507.971977
1753376507.993049
1753376508.029379
1753376508.068837
1753376508.093211
1753376508.130047
1753376508.160850
1753376508.202259
1753376508.228456
1753376508.260102
1753376508.303234
1753376508.328581
1753376508.371037
1753376508.393253
1753376508.435762
1753376508.460884
1753376508.505260
1753376508.526647
1753376508.569527
1753376508.595171
1753376508.637789
1753376508.660057
1753376508.702745
1753376508.727649
1753376508.771391
1753376508.793466
1753376508.835980
1753376508.862610
1753376508.901276
1753376508.926235
1753376508.963131
1753376509.003853
1753376509.027045
1753376509.062023
1753376509.100670
1753376509.131865
1753376509.168091
1753376509.193633
1753376509.237076
1753376509.262630
1753376509.301527
1753376509.326905
1753376509.368435
1753376509.395572
1753376509.434381
1753376509.460555
1753376509.502751
1753376509.529811
1753376509.571096
1753376509.593772
1753376509.633149
1753376509.664989
1753376509.700871
1753376509.727138
1753376509.766265
1753376509.800024
1753376509.832881
1753376509.860632
1753376509.897859
1753376509.935418
1753376509.960887
1753376509.994012
1753376510.027088
1753376510.070347
1753376510.096020
1753376510.127818
1753376510.167830
1753376510.194176
1753376510.236866
1753376510.260679
1753376510.303208
1753376510.331036
1753376510.371729
1753376510.394137
1753376510.433267
1753376510.463628
1753376510.504845
1753376510.527574
1753376510.567264
1753376510.598671
1753376510.634215
1753376510.661052
1753376510.703773
1753376510.729399
1753376510.769067
1753376510.794222
1753376510.837073
1753376510.864400
1753376510.905036
1753376510.927900
1753376510.969219
1753376510.998137
1753376511.034557
1753376511.061323
1753376511.102646
1753376511.132313
1753376511.171266
1753376511.194710
1753376511.232837
1753376511.269180
1753376511.297996
1753376511.327813
1753376511.368424
1753376511.395303
1753376511.437356
1753376511.461363
1753376511.505123
1753376511.531265
1753376511.571783
1753376511.594709
1753376511.637064
1753376511.666070
1753376511.704813
1753376511.728043
1753376511.770365
1753376511.798281
1753376511.838830
1753376511.861496
1753376511.903401
1753376511.932738
1753376511.973237
1753376511.995133
1753376512.032840
1753376512.072077
1753376512.097038
1753376512.130568
1753376512.167369
1753376512.198295
1753376512.232536
1753376512.261412
1753376512.303410
1753376512.332964
1753376512.370217
1753376512.395774
1753376512.435293
1753376512.469459
1753376512.504021
1753376512.528680
1753376512.566798
1753376512.603443
1753376512.632532
1753376512.663560
1753376512.705114
1753376512.732868
1753376512.772692
1753376512.795449
1753376512.838266
1753376512.867195
1753376512.904234
1753376512.928862
1753376512.970944
1753376512.999603
1753376513.032437
1753376513.064624
1753376513.105025
1753376513.133244
1753376513.172530
1753376513.195872
1753376513.237428
1753376513.269483
1753376513.304759
1753376513.329627
1753376513.372478
1753376513.399532
1753376513.437015
1753376513.463812
1753376513.504840
1753376513.534789
1753376513.571141
1753376513.596998
1753376513.638593
1753376513.668164
1753376513.705495
1753376513.729792
1753376513.773911
1753376513.800072
1753376513.838331
1753376513.865154
1753376513.905452
1753376513.934874
1753376513.971758
1753376513.997931
