1742904209.236192
1742904209.335838
1742904209.369196
1742904209.404281
1742904209.436624
1742904209.470079
1742904209.502866
1742904209.536076
1742904209.569577
1742904209.602900
1742904209.639755
1742904209.669886
1742904209.702298
1742904209.744880
1742904209.779201
1742904209.811350
1742904209.848512
1742904209.873321
1742904209.905576
1742904209.943868
1742904209.972370
1742904210.016834
1742904210.040130
1742904210.082711
1742904210.112241
1742904210.151808
1742904210.184428
1742904210.215354
1742904210.250137
1742904210.282733
1742904210.318651
1742904210.350609
1742904210.383632
1742904210.418927
1742904210.451097
1742904210.484736
1742904210.517163
1742904210.550972
1742904210.584697
1742904210.618061
1742904210.651291
1742904210.681681
1742904210.706084
1742904210.736973
1742904210.780770
1742904210.815523
1742904210.837185
1742904210.870223
1742904210.917659
1742904210.937100
1742904210.983085
1742904211.003797
1742904211.045699
1742904211.071246
1742904211.116465
1742904211.136782
1742904211.181603
1742904211.204208
1742904211.246716
1742904211.270322
1742904211.311791
1742904211.338328
1742904211.383541
1742904211.403538
1742904211.441609
1742904211.480800
1742904211.504252
1742904211.536950
1742904211.574424
1742904211.615625
1742904211.637129
1742904211.670325
1742904211.710536
1742904211.739917
1742904211.775005
1742904211.803752
1742904211.837983
1742904211.874236
1742904211.909249
1742904211.937190
1742904211.971000
1742904212.016852
1742904212.037161
1742904212.070660
1742904212.109513
1742904212.142900
1742904212.177235
1742904212.204045
1742904212.242769
1742904212.275135
1742904212.308994
1742904212.337323
1742904212.371861
1742904212.408035
1742904212.447984
1742904212.470709
1742904212.504886
1742904212.549972
1742904212.571060
1742904212.604236
1742904212.643231
1742904212.678160
1742904212.709197
1742904212.737502
1742904212.778751
1742904212.805443
1742904212.850595
1742904212.871097
1742904212.918013
1742904212.937899
1742904212.984486
1742904213.004437
1742904213.050338
1742904213.071658
1742904213.118786
1742904213.137981
1742904213.184035
1742904213.204987
1742904213.251293
1742904213.271395
1742904213.314597
1742904213.339093
1742904213.382149
1742904213.404828
1742904213.450616
1742904213.472059
1742904213.519126
1742904213.538309
1742904213.584267
1742904213.605199
1742904213.648395
1742904213.671554
1742904213.718098
1742904213.738608
1742904213.783458
1742904213.805089
1742904213.851125
1742904213.872013
1742904213.918769
1742904213.938595
1742904213.985643
1742904214.005442
1742904214.051591
1742904214.071870
1742904214.118873
1742904214.139126
1742904214.185724
1742904214.205404
1742904214.248556
1742904214.275363
1742904214.315851
1742904214.338739
1742904214.382207
1742904214.408298
1742904214.450087
1742904214.472064
1742904214.518860
1742904214.539093
1742904214.583033
1742904214.605444
1742904214.649314
1742904214.674047
1742904214.719820
1742904214.739032
1742904214.782932
1742904214.806257
1742904214.848048
1742904214.872378
1742904214.916024
1742904214.939521
1742904214.983235
1742904215.005732
1742904215.051446
1742904215.072702
1742904215.117491
1742904215.139135
1742904215.182444
1742904215.208964
1742904215.250578
1742904215.272483
1742904215.319963
1742904215.339938
1742904215.385910
1742904215.406011
1742904215.448390
1742904215.474333
1742904215.521471
1742904215.539601
1742904215.584960
1742904215.606768
1742904215.651586
1742904215.672817
1742904215.718885
1742904215.740006
1742904215.783835
1742904215.806086
1742904215.850492
1742904215.873350
1742904215.919205
1742904215.939527
1742904215.985741
1742904216.007138
1742904216.049161
1742904216.072796
1742904216.119446
1742904216.140344
1742904216.184117
1742904216.206144
1742904216.250056
1742904216.273474
1742904216.317659
1742904216.339528
1742904216.385945
1742904216.407099
1742904216.450830
1742904216.473000
1742904216.519717
1742904216.540929
1742904216.587247
1742904216.606547
1742904216.651784
1742904216.674486
1742904216.717984
1742904216.739941
1742904216.783297
1742904216.809777
1742904216.850616
1742904216.873235
1742904216.920434
1742904216.941276
1742904216.985039
1742904217.006657
1742904217.052227
1742904217.074567
1742904217.121015
1742904217.140199
1742904217.187766
1742904217.208746
1742904217.249359
1742904217.273468
1742904217.320975
1742904217.342392
1742904217.384078
1742904217.406919
1742904217.451833
1742904217.476475
1742904217.515718
1742904217.540599
1742904217.584946
1742904217.607355
1742904217.649892
1742904217.673831
1742904217.717029
1742904217.743844
1742904217.786951
1742904217.807227
1742904217.853326
1742904217.876037
1742904217.920714
1742904217.940573
1742904217.987922
1742904218.009318
1742904218.049651
1742904218.074026
1742904218.120670
1742904218.142671
1742904218.185814
1742904218.207414
1742904218.249993
1742904218.276508
1742904218.315810
1742904218.340619
1742904218.384327
1742904218.412548
1742904218.452828
1742904218.474170
1742904218.519802
1742904218.542861
1742904218.586245
1742904218.607483
1742904218.652951
1742904218.676827
1742904218.719202
1742904218.740954
1742904218.788725
1742904218.810276
1742904218.850684
1742904218.874413
1742904218.917730
1742904218.946494
1742904218.987456
1742904219.007779
1742904219.053416
1742904219.076872
1742904219.119572
1742904219.152493
1742904219.174585
1742904219.220665
1742904219.244314
1742904219.287449
1742904219.311218
1742904219.352587
1742904219.374445
1742904219.419651
1742904219.444454
1742904219.486211
1742904219.510356
1742904219.555577
1742904219.578110
1742904219.620457
1742904219.643733
1742904219.686962
1742904219.712402
1742904219.754086
1742904219.776176
1742904219.823190
1742904219.845063
1742904219.881239
1742904219.917298
1742904219.945666
1742904219.987375
1742904220.008329
1742904220.050621
1742904220.082553
1742904220.118044
1742904220.141566
1742904220.186476
1742904220.211232
1742904220.250948
1742904220.275182
1742904220.321551
1742904220.345390
1742904220.387979
1742904220.408513
1742904220.452269
1742904220.481896
1742904220.519029
1742904220.544596
1742904220.588082
1742904220.611080
1742904220.652707
1742904220.677910
1742904220.720925
1742904220.745425
1742904220.787802
1742904220.809047
1742904220.852082
1742904220.879780
1742904220.921340
1742904220.942467
1742904220.989640
1742904221.012449
1742904221.052768
1742904221.075924
1742904221.119841
1742904221.146908
1742904221.188619
1742904221.209067
1742904221.256242
1742904221.279764
1742904221.321698
1742904221.342365
1742904221.385130
1742904221.415233
1742904221.450050
1742904221.477874
1742904221.520045
1742904221.547743
1742904221.585936
1742904221.609189
1742904221.655408
1742904221.679696
1742904221.721044
1742904221.742411
1742904221.785287
1742904221.812559
1742904221.853964
1742904221.876347
1742904221.922992
1742904221.946719
1742904221.988439
1742904222.009309
1742904222.053517
1742904222.080634
1742904222.118639
1742904222.143385
1742904222.187496
1742904222.213936
1742904222.250650
1742904222.279265
1742904222.320807
1742904222.348373
1742904222.385714
1742904222.410204
1742904222.453402
1742904222.480735
1742904222.518645
1742904222.546372
1742904222.587217
1742904222.615117
1742904222.653477
1742904222.678853
1742904222.721052
1742904222.748668
1742904222.787938
1742904222.811438
1742904222.855256
1742904222.880955
1742904222.921828
1742904222.944559
1742904222.988641
1742904223.013818
1742904223.051148
1742904223.080938
1742904223.118166
1742904223.154099
1742904223.183433
1742904223.211240
1742904223.255113
1742904223.280913
1742904223.322425
1742904223.343300
1742904223.387740
1742904223.415326
1742904223.454602
1742904223.476660
1742904223.521980
1742904223.547336
1742904223.588973
1742904223.610138
1742904223.653290
1742904223.682866
1742904223.718873
1742904223.746678
1742904223.788236
1742904223.815542
1742904223.854152
1742904223.877398
1742904223.921604
1742904223.949979
1742904223.987030
1742904224.010461
1742904224.053986
1742904224.083986
1742904224.118958
1742904224.143724
1742904224.188573
1742904224.214946
1742904224.251312
1742904224.278603
1742904224.321135
1742904224.350289
1742904224.388614
1742904224.410530
1742904224.455678
1742904224.481227
1742904224.521239
1742904224.544468
1742904224.589724
1742904224.614121
1742904224.654389
1742904224.677574
1742904224.722792
1742904224.748602
1742904224.787928
1742904224.810916
1742904224.856598
1742904224.882104
1742904224.921046
1742904224.947356
1742904224.988604
1742904225.017355
1742904225.055728
1742904225.078217
1742904225.124014
1742904225.148538
1742904225.187410
1742904225.211860
1742904225.256639
1742904225.282367
1742904225.322948
1742904225.344396
1742904225.390361
1742904225.415678
1742904225.455895
1742904225.477801
1742904225.522243
1742904225.548259
1742904225.586584
1742904225.613265
1742904225.654916
1742904225.684206
1742904225.720146
1742904225.747382
1742904225.785630
1742904225.821792
1742904225.851200
1742904225.883371
1742904225.919569
1742904225.954570
1742904225.984965
1742904226.013082
1742904226.053998
1742904226.083179
1742904226.123380
1742904226.144738
1742904226.190636
1742904226.216014
1742904226.256510
1742904226.278054
1742904226.324528
1742904226.348981
1742904226.385963
1742904226.411413
1742904226.458186
1742904226.482075
1742904226.522129
1742904226.544935
1742904226.587643
1742904226.617323
1742904226.657255
1742904226.678329
1742904226.721639
1742904226.752546
1742904226.788128
1742904226.811987
1742904226.853937
1742904226.884012
1742904226.923357
1742904226.945933
1742904226.990532
1742904227.014322
1742904227.054283
1742904227.082427
1742904227.120797
1742904227.154530
1742904227.189487
1742904227.214359
1742904227.253926
1742904227.286756
1742904227.321554
1742904227.345696
1742904227.384444
1742904227.418920
1742904227.455799
1742904227.490240
1742904227.512319
1742904227.554564
1742904227.587533
1742904227.620089
1742904227.654742
1742904227.679483
1742904227.722407
1742904227.751700
1742904227.787370
1742904227.815114
1742904227.856230
1742904227.885871
1742904227.923342
1742904227.945993
1742904227.987526
1742904228.020355
1742904228.055476
1742904228.080504
1742904228.122330
1742904228.152045
1742904228.186758
1742904228.214041
1742904228.251309
1742904228.287271
1742904228.320450
1742904228.350150
1742904228.388880
1742904228.420121
1742904228.455172
1742904228.482675
1742904228.521160
1742904228.555189
1742904228.586481
1742904228.612279
1742904228.651193
1742904228.685019
1742904228.722780
1742904228.748381
1742904228.788002
1742904228.818397
1742904228.854942
1742904228.884238
1742904228.919768
1742904228.954056
1742904228.987948
1742904229.018149
1742904229.055904
1742904229.087102
1742904229.122061
1742904229.149222
1742904229.189564
1742904229.220295
1742904229.254272
1742904229.279902
1742904229.322233
1742904229.352684
1742904229.385536
1742904229.413732
1742904229.455750
1742904229.488098
1742904229.519492
1742904229.548459
1742904229.589541
1742904229.620708
1742904229.656122
1742904229.680133
1742904229.721302
1742904229.754663
1742904229.788151
1742904229.816666
1742904229.856347
1742904229.888775
1742904229.923394
1742904229.949980
1742904229.990872
1742904230.020128
1742904230.057003
1742904230.082789
1742904230.122807
1742904230.155913
1742904230.188755
1742904230.217442
1742904230.257184
1742904230.286009
1742904230.322994
1742904230.346895
1742904230.389386
1742904230.420809
1742904230.456811
1742904230.480235
1742904230.518678
1742904230.555552
1742904230.589551
1742904230.614104
1742904230.656576
1742904230.686112
1742904230.722328
1742904230.747256
1742904230.784815
1742904230.821158
1742904230.856496
1742904230.881967
1742904230.924452
1742904230.953612
1742904230.988906
1742904231.018559
1742904231.054910
1742904231.089874
1742904231.123972
1742904231.150642
1742904231.188198
1742904231.223267
1742904231.252159
1742904231.286923
1742904231.322210
1742904231.356760
1742904231.384004
1742904231.419967
1742904231.453614
1742904231.486479
1742904231.521241
1742904231.551879
1742904231.589004
1742904231.622904
1742904231.653650
1742904231.685651
1742904231.723967
1742904231.753778
1742904231.788853
1742904231.817733
1742904231.855202
1742904231.890432
1742904231.921134
1742904231.954979
1742904231.988172
1742904232.025032
1742904232.054874
1742904232.088440
1742904232.119263
1742904232.158452
1742904232.186071
1742904232.221790
1742904232.254286
1742904232.289341
1742904232.324875
1742904232.348079
1742904232.389919
1742904232.422468
1742904232.457214
1742904232.481217
1742904232.522140
1742904232.557132
1742904232.586786
1742904232.615285
1742904232.656537
1742904232.688445
1742904232.724154
1742904232.748001
1742904232.793056
1742904232.820105
1742904232.855433
1742904232.883014
1742904232.923334
1742904232.953452
1742904232.988503
1742904233.018390
1742904233.057931
1742904233.087885
1742904233.123727
1742904233.151967
1742904233.189213
1742904233.225457
1742904233.255727
1742904233.285403
1742904233.325292
1742904233.354220
1742904233.388565
1742904233.416910
1742904233.456685
1742904233.491716
1742904233.521701
1742904233.552079
1742904233.593052
1742904233.619901
1742904233.659372
1742904233.681936
1742904233.724118
1742904233.754694
1742904233.791236
1742904233.815319
1742904233.859079
1742904233.887765
1742904233.923063
1742904233.952602
1742904233.992099
1742904234.021660
1742904234.056887
1742904234.083908
1742904234.121671
1742904234.157757
1742904234.188367
1742904234.219138
1742904234.260158
1742904234.285533
1742904234.326549
1742904234.348727
1742904234.391065
1742904234.424732
1742904234.458518
1742904234.482468
1742904234.524378
1742904234.555886
1742904234.592081
1742904234.617868
1742904234.655692
1742904234.691394
1742904234.722675
1742904234.753305
1742904234.791809
1742904234.823880
1742904234.859316
1742904234.882555
1742904234.925559
1742904234.955594
1742904234.991836
1742904235.016108
1742904235.058359
1742904235.088860
1742904235.126819
1742904235.149259
1742904235.193649
1742904235.219237
1742904235.261053
1742904235.283046
1742904235.325270
1742904235.355574
1742904235.393745
1742904235.416075
1742904235.461292
1742904235.486145
1742904235.527431
1742904235.549430
1742904235.595552
1742904235.619342
1742904235.661568
1742904235.682746
1742904235.727798
1742904235.752874
1742904235.794067
1742904235.826379
1742904235.849686
1742904235.894374
1742904235.920101
1742904235.957987
1742904235.993118
1742904236.018218
1742904236.056760
1742904236.089562
1742904236.123535
1742904236.154547
1742904236.191804
1742904236.222611
1742904236.260898
1742904236.283124
1742904236.325224
1742904236.359388
1742904236.386468
1742904236.421143
1742904236.460807
1742904236.486332
1742904236.524682
1742904236.550251
1742904236.596181
1742904236.618859
1742904236.660603
1742904236.683163
1742904236.729993
1742904236.753013
1742904236.794977
1742904236.816667
1742904236.862598
1742904236.886037
1742904236.924460
1742904236.951550
1742904236.990034
1742904237.027790
1742904237.054599
1742904237.087847
1742904237.128608
1742904237.152806
1742904237.190912
1742904237.221578
1742904237.259179
1742904237.293086
1742904237.321803
1742904237.355517
1742904237.392434
1742904237.422607
1742904237.459901
1742904237.483536
1742904237.522000
1742904237.559080
1742904237.594712
1742904237.617273
1742904237.660825
1742904237.687910
1742904237.725944
1742904237.751259
1742904237.793181
1742904237.821194
1742904237.859442
1742904237.885323
1742904237.924968
1742904237.960999
1742904237.988206
1742904238.023904
1742904238.058210
1742904238.095119
1742904238.121173
1742904238.155115
1742904238.191945
1742904238.226565
1742904238.254607
1742904238.292462
1742904238.322486
1742904238.359686
1742904238.389102
1742904238.425191
1742904238.457502
1742904238.495606
1742904238.521667
1742904238.556088
1742904238.593422
1742904238.621720
1742904238.660717
1742904238.684404
1742904238.727052
1742904238.754859
1742904238.796594
1742904238.817825
1742904238.861523
1742904238.887659
1742904238.930481
1742904238.951198
1742904238.997522
1742904239.020477
1742904239.059073
1742904239.085177
1742904239.130869
1742904239.153647
1742904239.193215
1742904239.218271
1742904239.262793
1742904239.287196
1742904239.325931
1742904239.352001
1742904239.396883
1742904239.420573
1742904239.459421
1742904239.489205
1742904239.529127
1742904239.553788
1742904239.595800
1742904239.618317
1742904239.663154
1742904239.687056
1742904239.723902
1742904239.756000
1742904239.792833
1742904239.828452
1742904239.853884
1742904239.891820
1742904239.922811
1742904239.960852
1742904239.988332
1742904240.021188
1742904240.058922
1742904240.095240
1742904240.122046
1742904240.156341
1742904240.195791
1742904240.221359
1742904240.260172
1742904240.286997
1742904240.332248
1742904240.354029
1742904240.397188
1742904240.418678
1742904240.465236
1742904240.487315
1742904240.532845
1742904240.552138
1742904240.598575
1742904240.620538
1742904240.666681
1742904240.685701
1742904240.730423
1742904240.752187
1742904240.799293
1742904240.819014
1742904240.865888
1742904240.887399
1742904240.933174
1742904240.952625
1742904240.999191
1742904241.020952
1742904241.063680
1742904241.085972
1742904241.132492
1742904241.154112
1742904241.199657
1742904241.219275
1742904241.266668
1742904241.287140
1742904241.333439
1742904241.352891
1742904241.397961
1742904241.420898
1742904241.463300
1742904241.486301
1742904241.533647
1742904241.553932
1742904241.600244
1742904241.619676
1742904241.666745
1742904241.687686
1742904241.732859
1742904241.753080
1742904241.789216
1742904241.825311
1742904241.858260
1742904241.891319
1742904241.927088
1742904241.961234
1742904241.988522
1742904242.026130
1742904242.057571
1742904242.099276
1742904242.120915
1742904242.159941
1742904242.189903
1742904242.232535
1742904242.254544
1742904242.295944
1742904242.321195
1742904242.359835
1742904242.388893
1742904242.423899
1742904242.463736
1742904242.487803
1742904242.533055
1742904242.553365
1742904242.600738
1742904242.620578
1742904242.665943
1742904242.686878
1742904242.733986
1742904242.754266
1742904242.797758
1742904242.820192
1742904242.867293
1742904242.887887
1742904242.933715
1742904242.953653
1742904243.000752
1742904243.021115
1742904243.064417
1742904243.087193
1742904243.134239
1742904243.154391
1742904243.201023
1742904243.220249
1742904243.267230
1742904243.288116
1742904243.332317
1742904243.353797
1742904243.400790
1742904243.421147
1742904243.465844
1742904243.487056
1742904243.534373
1742904243.554740
1742904243.598451
1742904243.620672
1742904243.667468
1742904243.688332
1742904243.731410
1742904243.753945
1742904243.801133
1742904243.821207
1742904243.864330
1742904243.887468
1742904243.932165
1742904243.955124
1742904243.995713
1742904244.021586
1742904244.066603
1742904244.088452
1742904244.132081
1742904244.165580
1742904244.187717
1742904244.230276
1742904244.255280
1742904244.301282
1742904244.321873
1742904244.368174
1742904244.387888
1742904244.433625
1742904244.455230
1742904244.496136
1742904244.521744
1742904244.565703
1742904244.588706
1742904244.632539
1742904244.654519
1742904244.696978
1742904244.723135
1742904244.764913
1742904244.788108
1742904244.831778
1742904244.856993
1742904244.896388
1742904244.921947
1742904244.967210
1742904244.988666
1742904245.028584
1742904245.056462
1742904245.100405
1742904245.122085
1742904245.161351
1742904245.191617
1742904245.232416
1742904245.256382
1742904245.292641
1742904245.332424
1742904245.355626
1742904245.401591
1742904245.421476
1742904245.466605
1742904245.489035
1742904245.531124
1742904245.554915
1742904245.601392
1742904245.622041
1742904245.668186
1742904245.688138
1742904245.732038
1742904245.755715
1742904245.801834
1742904245.821644
1742904245.865275
1742904245.888889
1742904245.935658
1742904245.955103
1742904245.998529
1742904246.022210
1742904246.067728
1742904246.088491
1742904246.131030
1742904246.158562
1742904246.200488
1742904246.221749
1742904246.268926
1742904246.288744
1742904246.332849
1742904246.355191
1742904246.402275
1742904246.422224
1742904246.465683
1742904246.488581
1742904246.533135
1742904246.555828
1742904246.602366
1742904246.622027
1742904246.669189
1742904246.688949
1742904246.736043
1742904246.755415
1742904246.802651
1742904246.822757
1742904246.867717
1742904246.889236
1742904246.934493
1742904246.956134
1742904246.999851
1742904247.022769
1742904247.065719
1742904247.093741
1742904247.134769
1742904247.156038
1742904247.199423
1742904247.226502
1742904247.268921
1742904247.289353
1742904247.334307
1742904247.356355
1742904247.399697
1742904247.423128
1742904247.468171
1742904247.489774
1742904247.535938
1742904247.555851
1742904247.599184
1742904247.624137
1742904247.666394
1742904247.689195
1742904247.734487
1742904247.756648
1742904247.801094
1742904247.822552
1742904247.869294
1742904247.889792
1742904247.932796
1742904247.956227
1742904247.999051
1742904248.026442
1742904248.069076
1742904248.089496
1742904248.136551
1742904248.156678
1742904248.202263
1742904248.222999
1742904248.268386
1742904248.290262
1742904248.336751
1742904248.356397
1742904248.402506
1742904248.423424
1742904248.467606
1742904248.489855
1742904248.536512
1742904248.557234
1742904248.603441
1742904248.623143
1742904248.667787
1742904248.691187
1742904248.733604
1742904248.756499
1742904248.803484
1742904248.823936
1742904248.870213
1742904248.889828
1742904248.932959
1742904248.961093
1742904249.003574
1742904249.023218
1742904249.068382
1742904249.092767
1742904249.135143
1742904249.156817
1742904249.204319
1742904249.224962
1742904249.268211
1742904249.290598
1742904249.335771
1742904249.357914
1742904249.402665
1742904249.423827
1742904249.469889
1742904249.491576
1742904249.537399
1742904249.557033
1742904249.600418
1742904249.627039
1742904249.667987
1742904249.690885
1742904249.736931
1742904249.759004
1742904249.803227
1742904249.823779
1742904249.871027
1742904249.892348
1742904249.936439
1742904249.957343
1742904250.000006
1742904250.026752
1742904250.068619
1742904250.090722
1742904250.137770
1742904250.159452
1742904250.202523
1742904250.223862
1742904250.271355
1742904250.292607
1742904250.335702
1742904250.357175
1742904250.404689
1742904250.425108
1742904250.468043
1742904250.490603
1742904250.533587
1742904250.561632
1742904250.598701
1742904250.623922
1742904250.670844
1742904250.692911
1742904250.734738
1742904250.757277
1742904250.803083
1742904250.825348
1742904250.868319
1742904250.890844
1742904250.934257
1742904250.963694
1742904251.001406
1742904251.024135
1742904251.070188
1742904251.092944
1742904251.139159
1742904251.157625
1742904251.203323
1742904251.225553
1742904251.268863
1742904251.290970
1742904251.337527
1742904251.360232
1742904251.402603
1742904251.424399
1742904251.472034
1742904251.493904
1742904251.536686
1742904251.557749
1742904251.604005
1742904251.625957
1742904251.669724
1742904251.691045
1742904251.738725
1742904251.760876
1742904251.804940
1742904251.824650
1742904251.871598
1742904251.894170
1742904251.938373
1742904251.957938
1742904252.004741
1742904252.026825
1742904252.071081
1742904252.091509
1742904252.138132
1742904252.161393
1742904252.205948
1742904252.225037
1742904252.269491
1742904252.294628
1742904252.338839
1742904252.358495
1742904252.402096
1742904252.428649
1742904252.471058
1742904252.501414
1742904252.525029
1742904252.571398
1742904252.595710
1742904252.636603
1742904252.660665
1742904252.695889
1742904252.736303
1742904252.761395
1742904252.805719
1742904252.825182
1742904252.872227
1742904252.895011
1742904252.937186
1742904252.958688
1742904253.002062
1742904253.031016
1742904253.069277
1742904253.092931
1742904253.139997
1742904253.161584
1742904253.205693
1742904253.225541
1742904253.269246
1742904253.298580
1742904253.335273
1742904253.360556
1742904253.401984
1742904253.432245
1742904253.468655
1742904253.492133
1742904253.539576
1742904253.562121
1742904253.603725
1742904253.625495
1742904253.671854
1742904253.695707
1742904253.737863
1742904253.758891
1742904253.803122
1742904253.830449
1742904253.870266
1742904253.892257
1742904253.935612
1742904253.965159
1742904254.005231
1742904254.025978
1742904254.071626
1742904254.096636
1742904254.138594
1742904254.159214
1742904254.205305
1742904254.229872
1742904254.271255
1742904254.292535
1742904254.339688
1742904254.363007
1742904254.404337
1742904254.426160
1742904254.473598
1742904254.496184
1742904254.540033
1742904254.559493
1742904254.607120
1742904254.629133
1742904254.672308
1742904254.692804
1742904254.738666
1742904254.763662
1742904254.804873
1742904254.826096
1742904254.871464
1742904254.897043
1742904254.938218
1742904254.959738
1742904255.003984
1742904255.032423
1742904255.069134
1742904255.097066
1742904255.137918
1742904255.164241
1742904255.202319
1742904255.230770
1742904255.271671
1742904255.297692
1742904255.335699
1742904255.363927
1742904255.404671
1742904255.431751
1742904255.469521
1742904255.495340
1742904255.536217
1742904255.566795
1742904255.603298
1742904255.626746
1742904255.671754
1742904255.697664
1742904255.735790
1742904255.760320
1742904255.805601
1742904255.831099
1742904255.868812
1742904255.895406
1742904255.936420
1742904255.966602
1742904256.004107
1742904256.026794
1742904256.070400
1742904256.099981
1742904256.138009
1742904256.160153
1742904256.205223
1742904256.231207
1742904256.269272
1742904256.293780
1742904256.339459
1742904256.364490
1742904256.406442
1742904256.426997
1742904256.473375
1742904256.497760
1742904256.535593
1742904256.561506
1742904256.606936
1742904256.629811
1742904256.671130
1742904256.693843
1742904256.739038
1742904256.764594
1742904256.802092
1742904256.830077
1742904256.871304
1742904256.899299
1742904256.938704
1742904256.960522
1742904257.006258
1742904257.032114
1742904257.072737
1742904257.093983
1742904257.139861
1742904257.165055
1742904257.203783
1742904257.226873
1742904257.262514
1742904257.301899
1742904257.337548
1742904257.361753
1742904257.404799
1742904257.433277
1742904257.471708
1742904257.494484
1742904257.539805
1742904257.564653
1742904257.604027
1742904257.627692
1742904257.673376
1742904257.698823
1742904257.737988
1742904257.761118
1742904257.806068
1742904257.832961
1742904257.873194
1742904257.894346
1742904257.940791
1742904257.965322
1742904258.006601
1742904258.027782
1742904258.073069
1742904258.099078
1742904258.138657
1742904258.163123
1742904258.205515
1742904258.234046
1742904258.271181
1742904258.298329
1742904258.338687
1742904258.367475
1742904258.405525
1742904258.428339
1742904258.471736
1742904258.500190
1742904258.539599
1742904258.561415
1742904258.607253
1742904258.632743
1742904258.669878
1742904258.696885
1742904258.738845
1742904258.767749
1742904258.806071
1742904258.829233
1742904258.871108
1742904258.902344
1742904258.938519
1742904258.961850
1742904259.004422
1742904259.034604
1742904259.070454
1742904259.095338
1742904259.137144
1742904259.169500
1742904259.204847
1742904259.228527
1742904259.271824
1742904259.302919
1742904259.334760
1742904259.364081
1742904259.406262
1742904259.433457
1742904259.473758
1742904259.495227
1742904259.541006
1742904259.566492
1742904259.607160
1742904259.628654
1742904259.673436
1742904259.700700
1742904259.738973
1742904259.761966
1742904259.804651
1742904259.837763
1742904259.868688
1742904259.898021
1742904259.937367
1742904259.968480
1742904260.004497
1742904260.028951
1742904260.070572
1742904260.103580
1742904260.136790
1742904260.163261
1742904260.205313
1742904260.235287
1742904260.271847
1742904260.295952
1742904260.338679
1742904260.369574
1742904260.403956
1742904260.431376
1742904260.470402
1742904260.502024
1742904260.537402
1742904260.562995
1742904260.603808
1742904260.637617
1742904260.671251
1742904260.696352
1742904260.738484
1742904260.767717
1742904260.807479
1742904260.838442
1742904260.862530
1742904260.905453
1742904260.935832
1742904260.973147
1742904261.001099
1742904261.030825
1742904261.069999
1742904261.101891
1742904261.138227
1742904261.162686
1742904261.204924
1742904261.239490
1742904261.268168
1742904261.297647
1742904261.335584
1742904261.371243
1742904261.405923
1742904261.429559
1742904261.470208
1742904261.503492
1742904261.535757
1742904261.562897
1742904261.605494
1742904261.634234
1742904261.674314
1742904261.696215
1742904261.738108
1742904261.772382
1742904261.804834
1742904261.830017
1742904261.873961
1742904261.902785
1742904261.939686
1742904261.963003
1742904262.005743
1742904262.036441
1742904262.070672
1742904262.096702
1742904262.139403
1742904262.171595
1742904262.205016
1742904262.229962
1742904262.274679
1742904262.302434
1742904262.339528
1742904262.364561
1742904262.403593
1742904262.435803
1742904262.471770
1742904262.498988
1742904262.539462
1742904262.571621
1742904262.605103
1742904262.633244
1742904262.672366
1742904262.704931
1742904262.739424
1742904262.766680
1742904262.806695
1742904262.836010
1742904262.872362
1742904262.899713
1742904262.939896
1742904262.972139
1742904263.006416
1742904263.031736
1742904263.072060
1742904263.106353
1742904263.135430
1742904263.168293
1742904263.207340
1742904263.237605
1742904263.272238
1742904263.297442
1742904263.338080
1742904263.371728
1742904263.407265
1742904263.431010
1742904263.468549
1742904263.505302
1742904263.540986
1742904263.566105
1742904263.607561
1742904263.635658
1742904263.675106
1742904263.698642
1742904263.739455
1742904263.771076
1742904263.806196
1742904263.831179
1742904263.871779
1742904263.906360
1742904263.936778
1742904263.968299
1742904264.005659
1742904264.038886
1742904264.073367
1742904264.097896
1742904264.139507
1742904264.169082
1742904264.208285
1742904264.231088
1742904264.272367
1742904264.306841
1742904264.335015
1742904264.367974
1742904264.404880
1742904264.439898
1742904264.470527
1742904264.502087
1742904264.542535
1742904264.569468
1742904264.608416
1742904264.631672
1742904264.674700
1742904264.702579
1742904264.742815
1742904264.764644
1742904264.808122
1742904264.837678
1742904264.872751
1742904264.898583
1742904264.941314
1742904264.971170
1742904265.006724
1742904265.031532
1742904265.073077
1742904265.105887
1742904265.140936
1742904265.164654
1742904265.206319
1742904265.239816
1742904265.271000
1742904265.300183
1742904265.341897
1742904265.370970
1742904265.405593
1742904265.432207
1742904265.473078
1742904265.506401
1742904265.540309
1742904265.565621
1742904265.607006
1742904265.636531
1742904265.670261
1742904265.702820
1742904265.740442
1742904265.770687
1742904265.807227
1742904265.832264
1742904265.873443
1742904265.906307
1742904265.941882
1742904265.965643
1742904266.007070
1742904266.037579
1742904266.072877
1742904266.100091
1742904266.141703
1742904266.169536
1742904266.207335
1742904266.231963
1742904266.272231
1742904266.307419
1742904266.339992
1742904266.365965
1742904266.407057
1742904266.441846
1742904266.471549
1742904266.502522
1742904266.542835
1742904266.570346
1742904266.607910
1742904266.632382
1742904266.673081
1742904266.707985
1742904266.738670
1742904266.767496
1742904266.806636
1742904266.841988
1742904266.873132
1742904266.900166
1742904266.940898
1742904266.974555
1742904267.006779
1742904267.033914
1742904267.075273
1742904267.104858
1742904267.140320
1742904267.168836
1742904267.208714
1742904267.238390
1742904267.274748
1742904267.303888
1742904267.343139
1742904267.370624
1742904267.408432
1742904267.435611
1742904267.474426
1742904267.505344
1742904267.543551
1742904267.566678
1742904267.607982
1742904267.641884
1742904267.675805
1742904267.701455
1742904267.741996
1742904267.771735
1742904267.807903
1742904267.836344
1742904267.874427
1742904267.908657
1742904267.937950
1742904267.970241
1742904268.009406
1742904268.037404
1742904268.073772
1742904268.099685
1742904268.143467
1742904268.169572
1742904268.209456
1742904268.232793
1742904268.275106
1742904268.308403
1742904268.340677
1742904268.367489
1742904268.407782
1742904268.443106
1742904268.469855
1742904268.506380
1742904268.541200
1742904268.572753
1742904268.607192
1742904268.636875
1742904268.677544
1742904268.702988
1742904268.741064
1742904268.770091
1742904268.809557
1742904268.837272
1742904268.875089
1742904268.900960
1742904268.943429
1742904268.969819
1742904269.007004
1742904269.036713
1742904269.078608
1742904269.103232
1742904269.141719
1742904269.174744
1742904269.200188
1742904269.245171
1742904269.270952
1742904269.312425
1742904269.336451
1742904269.373725
1742904269.405956
1742904269.447017
1742904269.470171
1742904269.506228
1742904269.541405
1742904269.577513
1742904269.604462
1742904269.638146
1742904269.677312
1742904269.704624
1742904269.745512
1742904269.767304
1742904269.813607
1742904269.836341
1742904269.875040
1742904269.902919
1742904269.943266
1742904269.970008
1742904270.006292
1742904270.038699
1742904270.074954
1742904270.111055
1742904270.137770
1742904270.173654
1742904270.207564
1742904270.244869
1742904270.271216
1742904270.306368
1742904270.340865
1742904270.377397
1742904270.404766
1742904270.441144
1742904270.474724
1742904270.511125
1742904270.537691
1742904270.577848
1742904270.602950
1742904270.638904
1742904270.679444
1742904270.701066
1742904270.747140
1742904270.770487
1742904270.811775
1742904270.834270
1742904270.881000
1742904270.903687
1742904270.945638
1742904270.967493
1742904271.013958
1742904271.036961
1742904271.074614
1742904271.101057
1742904271.144226
1742904271.171285
1742904271.213903
1742904271.234326
1742904271.279679
1742904271.303867
1742904271.344780
1742904271.367802
1742904271.412425
1742904271.437275
1742904271.480720
1742904271.501202
1742904271.544443
1742904271.571752
1742904271.609231
1742904271.636286
1742904271.675133
1742904271.711412
1742904271.737062
1742904271.769785
1742904271.805572
1742904271.838557
1742904271.872254
1742904271.906816
1742904271.940602
1742904271.979655
1742904272.004131
1742904272.039816
1742904272.074345
1742904272.110866
1742904272.137256
1742904272.174637
1742904272.205103
1742904272.243782
1742904272.271176
1742904272.309942
1742904272.337209
1742904272.381474
1742904272.403224
1742904272.439203
1742904272.478717
1742904272.505056
1742904272.543964
1742904272.570439
1742904272.615520
1742904272.637366
1742904272.676778
1742904272.702608
1742904272.745923
1742904272.770996
1742904272.812255
1742904272.835390
1742904272.881374
1742904272.903786
1742904272.947158
1742904272.968699
1742904273.016321
1742904273.036373
1742904273.079396
1742904273.102075
1742904273.148824
1742904273.170592
1742904273.211091
1742904273.235510
1742904273.281889
1742904273.304010
1742904273.349310
1742904273.368934
1742904273.415944
1742904273.437144
1742904273.482943
1742904273.502390
1742904273.549381
1742904273.570569
1742904273.614089
1742904273.635958
1742904273.683271
1742904273.703782
1742904273.748501
1742904273.769202
1742904273.815447
1742904273.837340
1742904273.881766
1742904273.902541
1742904273.948962
1742904273.970910
1742904274.015758
1742904274.035901
1742904274.082678
1742904274.104112
1742904274.149210
1742904274.169261
1742904274.215420
1742904274.237588
1742904274.280453
1742904274.302998
1742904274.349714
1742904274.370928
1742904274.416947
1742904274.436425
1742904274.483071
1742904274.504131
1742904274.545932
1742904274.569732
1742904274.617205
1742904274.637399
1742904274.682114
1742904274.703146
1742904274.750319
1742904274.770730
1742904274.817233
1742904274.836582
1742904274.873437
1742904274.907605
1742904274.941365
1742904274.969133
1742904275.004968
1742904275.040322
1742904275.073329
1742904275.102471
1742904275.138335
1742904275.173581
1742904275.213980
1742904275.236862
1742904275.283127
1742904275.304713
1742904275.350419
1742904275.370265
1742904275.414344
1742904275.438032
1742904275.483701
1742904275.503588
1742904275.550116
1742904275.571383
1742904275.614682
1742904275.637263
1742904275.681718
1742904275.704738
1742904275.746949
1742904275.770569
1742904275.815697
1742904275.837822
1742904275.884423
1742904275.903782
1742904275.947780
1742904275.971382
1742904276.018190
1742904276.037222
1742904276.082924
1742904276.104952
1742904276.151222
1742904276.170609
1742904276.217596
1742904276.238205
1742904276.283507
1742904276.303924
1742904276.351055
1742904276.371091
1742904276.417023
1742904276.437401
1742904276.484192
1742904276.504811
1742904276.550590
1742904276.570679
1742904276.615424
1742904276.638151
1742904276.684689
1742904276.704115
1742904276.750772
1742904276.771416
1742904276.815090
1742904276.837369
1742904276.884775
1742904276.904513
1742904276.947131
1742904276.970790
1742904277.017984
1742904277.037873
1742904277.082599
1742904277.104466
1742904277.147636
1742904277.174195
1742904277.214886
1742904277.238013
1742904277.284995
1742904277.304697
1742904277.351566
1742904277.371310
1742904277.417313
1742904277.438343
1742904277.483041
1742904277.516918
1742904277.538077
1742904277.582794
1742904277.605519
1742904277.650453
1742904277.672063
1742904277.714144
1742904277.738645
1742904277.783959
1742904277.805573
1742904277.848756
1742904277.871378
1742904277.915170
1742904277.942703
1742904277.972292
1742904278.018819
1742904278.038407
1742904278.083154
1742904278.104921
1742904278.148102
1742904278.175506
1742904278.218485
1742904278.238314
1742904278.285395
1742904278.305355
1742904278.349134
1742904278.372121
1742904278.417256
1742904278.439044
1742904278.482341
1742904278.505464
1742904278.550646
1742904278.572418
1742904278.619036
1742904278.638810
1742904278.682476
1742904278.705949
1742904278.751052
1742904278.772521
1742904278.816332
1742904278.839703
1742904278.882180
1742904278.906008
1742904278.951479
1742904278.972573
1742904279.019486
1742904279.039715
1742904279.084603
1742904279.106036
1742904279.150084
1742904279.172532
1742904279.217411
1742904279.239360
1742904279.285636
1742904279.305553
1742904279.352677
1742904279.371840
1742904279.419007
1742904279.438945
1742904279.482370
1742904279.509183
1742904279.551927
1742904279.572329
1742904279.615545
1742904279.645954
1742904279.683369
1742904279.706531
1742904279.752623
1742904279.772755
1742904279.818806
1742904279.840008
1742904279.883108
1742904279.910902
1742904279.952108
1742904279.972473
1742904280.018566
1742904280.039702
1742904280.085968
1742904280.105892
1742904280.153128
1742904280.173215
1742904280.219603
1742904280.239234
1742904280.282483
1742904280.307499
1742904280.351913
1742904280.372621
1742904280.418188
1742904280.439946
1742904280.486092
1742904280.506190
1742904280.551292
1742904280.573631
1742904280.616462
1742904280.639491
1742904280.686604
1742904280.706673
1742904280.749665
1742904280.773331
1742904280.818186
1742904280.840200
1742904280.885672
1742904280.906465
1742904280.951929
1742904280.974216
1742904281.018678
1742904281.039679
1742904281.082929
1742904281.107782
1742904281.154255
1742904281.173148
1742904281.219742
1742904281.240863
1742904281.285445
1742904281.306380
1742904281.353075
1742904281.374292
1742904281.418560
1742904281.439862
1742904281.487037
1742904281.508337
1742904281.552695
1742904281.573256
1742904281.620115
1742904281.641509
1742904281.687528
1742904281.706661
1742904281.753234
1742904281.775001
1742904281.819177
1742904281.840262
1742904281.884511
1742904281.910422
1742904281.952270
1742904281.973736
1742904282.020841
1742904282.041752
1742904282.084530
1742904282.107048
1742904282.150992
1742904282.179904
1742904282.217559
1742904282.240171
1742904282.283442
1742904282.313714
1742904282.350298
1742904282.373708
1742904282.420440
1742904282.441781
1742904282.484920
1742904282.507122
1742904282.550837
1742904282.578073
1742904282.620216
1742904282.640557
1742904282.687543
1742904282.708895
1742904282.754897
1742904282.774141
1742904282.819081
1742904282.842288
1742904282.885013
1742904282.907573
1742904282.951203
1742904282.980230
1742904283.020882
1742904283.040711
1742904283.084135
1742904283.113027
1742904283.152944
1742904283.174106
1742904283.221054
1742904283.243785
1742904283.287188
1742904283.307699
1742904283.353901
1742904283.376549
1742904283.420706
1742904283.440991
1742904283.484556
1742904283.511723
1742904283.553079
1742904283.574414
1742904283.622323
1742904283.643310
1742904283.685003
1742904283.708366
1742904283.754668
1742904283.777078
1742904283.819928
1742904283.841056
1742904283.886679
1742904283.910346
1742904283.951943
1742904283.975018
1742904284.017870
1742904284.046671
1742904284.087475
1742904284.107847
1742904284.151437
1742904284.178138
1742904284.219959
1742904284.241183
1742904284.284533
1742904284.312656
1742904284.354541
1742904284.374649
1742904284.419735
1742904284.444244
1742904284.487114
1742904284.507895
1742904284.554746
1742904284.577926
1742904284.622042
1742904284.641439
1742904284.688073
1742904284.710895
1742904284.754726
1742904284.775019
1742904284.819228
1742904284.846936
1742904284.887831
1742904284.908283
1742904284.952282
1742904284.979330
1742904285.020951
1742904285.041537
1742904285.084793
1742904285.114283
1742904285.151729
1742904285.174867
1742904285.219703
1742904285.244885
1742904285.288058
1742904285.308376
1742904285.351990
1742904285.381211
1742904285.421696
1742904285.441821
1742904285.485184
1742904285.511791
1742904285.554348
1742904285.575512
1742904285.618990
1742904285.648545
1742904285.685131
1742904285.709666
1742904285.755902
1742904285.778678
1742904285.820054
1742904285.853487
1742904285.875522
1742904285.922278
1742904285.946301
1742904285.987401
1742904286.013366
1742904286.048615
1742904286.082478
1742904286.119239
1742904286.149154
1742904286.177682
1742904286.219672
1742904286.245253
1742904286.287318
1742904286.308964
1742904286.351715
1742904286.382654
1742904286.420226
1742904286.442823
1742904286.488966
1742904286.512920
1742904286.553716
1742904286.576085
1742904286.620178
1742904286.647981
1742904286.685467
1742904286.710781
1742904286.754175
1742904286.779904
1742904286.820479
1742904286.842549
1742904286.887103
1742904286.912757
1742904286.954371
1742904286.975891
1742904287.017822
1742904287.047796
1742904287.088499
1742904287.109260
1742904287.156265
1742904287.180192
1742904287.221809
1742904287.242880
1742904287.289774
1742904287.313606
1742904287.353327
1742904287.377185
1742904287.422307
1742904287.445935
1742904287.488083
1742904287.509968
1742904287.556505
1742904287.580520
1742904287.621673
1742904287.643333
1742904287.686811
1742904287.715936
1742904287.753015
1742904287.776638
1742904287.823207
1742904287.846778
1742904287.886672
1742904287.909648
1742904287.953698
1742904287.982938
1742904288.020638
1742904288.043058
1742904288.087258
1742904288.116678
1742904288.152818
1742904288.176496
1742904288.223236
1742904288.247471
1742904288.287521
1742904288.310105
1742904288.355148
1742904288.381229
1742904288.420131
1742904288.445151
1742904288.487576
1742904288.517351
1742904288.553833
1742904288.576892
1742904288.621854
1742904288.647176
1742904288.688904
1742904288.710073
1742904288.754209
1742904288.783433
1742904288.820728
1742904288.843496
1742904288.888200
1742904288.914534
1742904288.956115
1742904288.976870
1742904289.021562
1742904289.047963
1742904289.089025
1742904289.110259
1742904289.155749
1742904289.181879
1742904289.219700
1742904289.243656
1742904289.288992
1742904289.314993
1742904289.352555
1742904289.377445
1742904289.422934
1742904289.448522
1742904289.487039
1742904289.510541
1742904289.555274
1742904289.583339
1742904289.621420
1742904289.643935
1742904289.689442
1742904289.714747
1742904289.756141
1742904289.777334
1742904289.823486
1742904289.848589
1742904289.887749
1742904289.910653
1742904289.956396
1742904289.982114
1742904290.019967
1742904290.043969
1742904290.089469
1742904290.114944
1742904290.152266
1742904290.177555
1742904290.222939
1742904290.249428
1742904290.289166
1742904290.310854
1742904290.356048
1742904290.382034
1742904290.419653
1742904290.444479
1742904290.488651
1742904290.517644
1742904290.553320
1742904290.577836
1742904290.624463
1742904290.648855
1742904290.688726
1742904290.711521
1742904290.754480
1742904290.784058
1742904290.820516
1742904290.844562
1742904290.890934
1742904290.915887
1742904290.955673
1742904290.977866
1742904291.025019
1742904291.049086
1742904291.088720
1742904291.111288
1742904291.157504
1742904291.182643
1742904291.222743
1742904291.244769
1742904291.291064
1742904291.315674
1742904291.355798
1742904291.378145
1742904291.422131
1742904291.450836
1742904291.488164
1742904291.511659
1742904291.558222
1742904291.582216
1742904291.623540
1742904291.644916
1742904291.686627
1742904291.720952
1742904291.753421
1742904291.778603
1742904291.821238
1742904291.852409
1742904291.888141
1742904291.911728
1742904291.953175
1742904291.985072
1742904292.018769
1742904292.045697
1742904292.087662
1742904292.119100
1742904292.155086
1742904292.178401
1742904292.220667
1742904292.252029
1742904292.284793
1742904292.311829
1742904292.353178
1742904292.381208
1742904292.420471
1742904292.445230
1742904292.487167
1742904292.517559
1742904292.552298
1742904292.579018
1742904292.623713
1742904292.649225
1742904292.690563
1742904292.712220
1742904292.754600
1742904292.785847
1742904292.821309
1742904292.845595
1742904292.887698
1742904292.921537
1742904292.952015
1742904292.978939
1742904293.020929
1742904293.052129
1742904293.087431
1742904293.112326
1742904293.155040
1742904293.183055
1742904293.223552
1742904293.245656
1742904293.288234
1742904293.318757
1742904293.355331
1742904293.379098
1742904293.420164
1742904293.451696
1742904293.488575
1742904293.512623
1742904293.555488
1742904293.585681
1742904293.621338
1742904293.646072
1742904293.687983
1742904293.718105
1742904293.757964
1742904293.779417
1742904293.822229
1742904293.854296
1742904293.886353
1742904293.914614
1742904293.953016
1742904293.986657
1742904294.020317
1742904294.048240
1742904294.086467
1742904294.118291
1742904294.156059
1742904294.187674
1742904294.212897
1742904294.256206
1742904294.285961
1742904294.321319
1742904294.356861
1742904294.379990
1742904294.424358
1742904294.450935
1742904294.491400
1742904294.513069
1742904294.555183
1742904294.582796
1742904294.623720
1742904294.646539
1742904294.689383
1742904294.721620
1742904294.755980
1742904294.780552
1742904294.822217
1742904294.851673
1742904294.889224
1742904294.916048
1742904294.954969
1742904294.990665
1742904295.020285
1742904295.048120
1742904295.089274
1742904295.118783
1742904295.156481
1742904295.180431
1742904295.224581
1742904295.251395
1742904295.292242
1742904295.313530
1742904295.358429
1742904295.383501
1742904295.424337
1742904295.447127
1742904295.486372
1742904295.519210
1742904295.555223
1742904295.581449
1742904295.621020
1742904295.655334
1742904295.690336
1742904295.715649
1742904295.755977
1742904295.789708
1742904295.821032
1742904295.851830
1742904295.891163
1742904295.918610
1742904295.954153
1742904295.983807
1742904296.024739
1742904296.054203
1742904296.088886
1742904296.116760
1742904296.156220
1742904296.188064
1742904296.222992
1742904296.249484
1742904296.291201
1742904296.320863
1742904296.355024
1742904296.384462
1742904296.419085
1742904296.456172
1742904296.487636
1742904296.518972
1742904296.554942
1742904296.589709
1742904296.621357
1742904296.652099
1742904296.691222
1742904296.720976
1742904296.756044
1742904296.785396
1742904296.824414
1742904296.854247
1742904296.889696
1742904296.919057
1742904296.957071
1742904296.984740
1742904297.023449
1742904297.051765
1742904297.092218
1742904297.121324
1742904297.156843
1742904297.184116
1742904297.223150
1742904297.253677
1742904297.289287
1742904297.317105
1742904297.353160
1742904297.386952
1742904297.421596
1742904297.448367
1742904297.489304
1742904297.523455
1742904297.553014
1742904297.585370
1742904297.624924
1742904297.650945
1742904297.690449
1742904297.715282
1742904297.758948
1742904297.787959
1742904297.823392
1742904297.848830
1742904297.890583
1742904297.919580
1742904297.958365
1742904297.982287
1742904298.024067
1742904298.055149
1742904298.090681
1742904298.117566
1742904298.158426
1742904298.188366
1742904298.224063
1742904298.248867
1742904298.290048
1742904298.322966
1742904298.358267
1742904298.382700
1742904298.424146
1742904298.454112
1742904298.489604
1742904298.518791
1742904298.559081
1742904298.587163
1742904298.621079
1742904298.652847
1742904298.690351
1742904298.725414
1742904298.756342
1742904298.784827
1742904298.825345
1742904298.854885
1742904298.890236
1742904298.917507
1742904298.957540
1742904298.989316
1742904299.025968
1742904299.048625
1742904299.090190
1742904299.124579
1742904299.153096
1742904299.186450
1742904299.224060
1742904299.256213
1742904299.291687
1742904299.316105
1742904299.357755
1742904299.392218
1742904299.422035
1742904299.453372
1742904299.489405
1742904299.526129
1742904299.553671
1742904299.588625
1742904299.623809
1742904299.656115
1742904299.688925
1742904299.720670
1742904299.756929
1742904299.790976
1742904299.825567
1742904299.849389
1742904299.890455
1742904299.922454
1742904299.959924
1742904299.982612
1742904300.021256
1742904300.057307
1742904300.090085
1742904300.120170
1742904300.159897
1742904300.186981
1742904300.227182
1742904300.250016
1742904300.294093
1742904300.319219
1742904300.359411
1742904300.383701
1742904300.423132
1742904300.457320
1742904300.492496
1742904300.515898
1742904300.559098
1742904300.588454
1742904300.627114
1742904300.649425
1742904300.692197
1742904300.722535
1742904300.760326
1742904300.782851
1742904300.825938
1742904300.855777
1742904300.894749
1742904300.916278
1742904300.959680
1742904300.987212
1742904301.028947
1742904301.049569
1742904301.094173
1742904301.119415
1742904301.160605
1742904301.183032
1742904301.225585
1742904301.256493
1742904301.294539
1742904301.316443
1742904301.359143
1742904301.388235
1742904301.428435
1742904301.449836
1742904301.492768
1742904301.523085
1742904301.556896
1742904301.586227
1742904301.622529
1742904301.653836
1742904301.690949
1742904301.718424
1742904301.759938
1742904301.785979
1742904301.821025
1742904301.850416
1742904301.891367
1742904301.926245
1742904301.953957
1742904301.987892
1742904302.024018
1742904302.059080
1742904302.087744
1742904302.121333
1742904302.157251
1742904302.190009
1742904302.224484
1742904302.253147
1742904302.293015
1742904302.320943
1742904302.360969
1742904302.384399
1742904302.424000
1742904302.463333
1742904302.486501
1742904302.528503
1742904302.550649
1742904302.597267
1742904302.620017
1742904302.663306
1742904302.686953
1742904302.729014
1742904302.752407
1742904302.797577
1742904302.820296
1742904302.861537
1742904302.886226
1742904302.925335
1742904302.962206
1742904302.984231
1742904303.030206
1742904303.053641
1742904303.095678
1742904303.117619
1742904303.163972
1742904303.186663
1742904303.224697
1742904303.255301
1742904303.295292
1742904303.321049
1742904303.361678
1742904303.384405
1742904303.430412
1742904303.453717
1742904303.496328
1742904303.517699
1742904303.564109
1742904303.587136
1742904303.627528
1742904303.651018
1742904303.696261
1742904303.720553
1742904303.764110
1742904303.784434
1742904303.830955
1742904303.853828
1742904303.895388
1742904303.917885
1742904303.964390
1742904303.987366
1742904304.029959
1742904304.051258
1742904304.095684
1742904304.119619
1742904304.163957
1742904304.184691
1742904304.229482
1742904304.253985
1742904304.292828
1742904304.318220
1742904304.362716
1742904304.387222
1742904304.429735
1742904304.451561
1742904304.496306
1742904304.520426
1742904304.559175
1742904304.585835
1742904304.630810
1742904304.653940
1742904304.692587
1742904304.720411
1742904304.762667
1742904304.788299
1742904304.827381
1742904304.852781
1742904304.897368
1742904304.920522
1742904304.962759
1742904304.985288
1742904305.030873
1742904305.053945
1742904305.097616
1742904305.118608
1742904305.164889
1742904305.186859
1742904305.227706
1742904305.253379
1742904305.299672
1742904305.320372
1742904305.360483
1742904305.387367
1742904305.428347
1742904305.455161
1742904305.499599
1742904305.518939
1742904305.565178
1742904305.587189
1742904305.632387
1742904305.652255
1742904305.698754
1742904305.720686
1742904305.763547
1742904305.785796
1742904305.831556
1742904305.854070
1742904305.899127
1742904305.919225
1742904305.965421
1742904305.987406
1742904306.030479
1742904306.052719
1742904306.099089
1742904306.120778
1742904306.165591
1742904306.185862
1742904306.232548
1742904306.254190
1742904306.299830
1742904306.319577
1742904306.365007
1742904306.387631
1742904306.432317
1742904306.452609
1742904306.499425
1742904306.520992
1742904306.565397
1742904306.586234
1742904306.632732
1742904306.654246
1742904306.699220
1742904306.719384
1742904306.765185
1742904306.787429
1742904306.832611
1742904306.853100
1742904306.900145
1742904306.920796
1742904306.965724
1742904306.986351
1742904307.033741
1742904307.053884
1742904307.101036
1742904307.119813
1742904307.165344
1742904307.187759
1742904307.230645
1742904307.253304
1742904307.300457
1742904307.320690
1742904307.366101
1742904307.386686
1742904307.433861
1742904307.454284
1742904307.499894
1742904307.520084
1742904307.565711
1742904307.588027
1742904307.634481
1742904307.653523
1742904307.700520
1742904307.720956
1742904307.765680
1742904307.786763
1742904307.834093
1742904307.854489
1742904307.899710
1742904307.920107
1742904307.965896
1742904307.988029
1742904308.033425
1742904308.053566
1742904308.100334
1742904308.121254
1742904308.164528
1742904308.187252
1742904308.230781
1742904308.254632
1742904308.300224
1742904308.320308
1742904308.365569
1742904308.388051
1742904308.434355
1742904308.453770
1742904308.500853
1742904308.521261
1742904308.565531
1742904308.587096
1742904308.634157
1742904308.654805
1742904308.695490
1742904308.720686
1742904308.766180
1742904308.788221
1742904308.834581
1742904308.853946
1742904308.901225
1742904308.920719
1742904308.962929
1742904308.987153
1742904309.031332
1742904309.054917
1742904309.098161
1742904309.120594
1742904309.166059
1742904309.187998
1742904309.231205
1742904309.253931
1742904309.296977
1742904309.322025
1742904309.366120
1742904309.387342
1742904309.433727
1742904309.454960
1742904309.497560
1742904309.520695
1742904309.566539
1742904309.588467
1742904309.633393
1742904309.654254
1742904309.701738
1742904309.721060
1742904309.766862
1742904309.787636
1742904309.833153
1742904309.855017
1742904309.899491
1742904309.921007
1742904309.964465
1742904309.988549
1742904310.031954
1742904310.054410
1742904310.101058
1742904310.121672
1742904310.163797
1742904310.187812
1742904310.235077
1742904310.254912
1742904310.301466
1742904310.321408
1742904310.363540
1742904310.389676
1742904310.432400
1742904310.454666
1742904310.501897
1742904310.521608
1742904310.566537
1742904310.588004
1742904310.631647
1742904310.656734
1742904310.701153
1742904310.721577
1742904310.768213
1742904310.788656
1742904310.830022
1742904310.867936
1742904310.888517
1742904310.931929
1742904310.959555
1742904311.000792
1742904311.022599
1742904311.064699
1742904311.088526
1742904311.135235
1742904311.155654
1742904311.194456
1742904311.227884
1742904311.261683
1742904311.298486
1742904311.322132
1742904311.361754
1742904311.393296
1742904311.432554
1742904311.455769
1742904311.502101
1742904311.521634
1742904311.564162
1742904311.589004
1742904311.636225
1742904311.655840
1742904311.702694
1742904311.722177
1742904311.768737
1742904311.789194
1742904311.832628
1742904311.855739
1742904311.902719
1742904311.922681
1742904311.969443
1742904311.988844
1742904312.035303
1742904312.056239
1742904312.102869
1742904312.122329
1742904312.169206
1742904312.189556
1742904312.234129
1742904312.255531
1742904312.298810
1742904312.325308
1742904312.366446
1742904312.389011
1742904312.435658
1742904312.456361
1742904312.503078
1742904312.522455
1742904312.569130
1742904312.589575
1742904312.635939
1742904312.655882
1742904312.702613
1742904312.723285
1742904312.768975
1742904312.789282
1742904312.836299
1742904312.856700
1742904312.900697
1742904312.922881
1742904312.963978
1742904312.999213
1742904313.023796
1742904313.065552
1742904313.090369
1742904313.136744
1742904313.157060
1742904313.198766
1742904313.223623
1742904313.269199
1742904313.290600
1742904313.327642
1742904313.364286
1742904313.397841
1742904313.433363
1742904313.456175
1742904313.499492
1742904313.523541
1742904313.568603
1742904313.589805
1742904313.633440
1742904313.658026
1742904313.701127
1742904313.723146
1742904313.767579
1742904313.794242
1742904313.836148
1742904313.856621
1742904313.904188
1742904313.924800
1742904313.971532
1742904313.990144
1742904314.037406
1742904314.057934
1742904314.100720
1742904314.123526
1742904314.170212
1742904314.191696
1742904314.234559
1742904314.257243
1742904314.300747
1742904314.327961
1742904314.369750
1742904314.390406
1742904314.435631
1742904314.457945
1742904314.502747
1742904314.523816
1742904314.570785
1742904314.591748
1742904314.636743
1742904314.657398
1742904314.700003
1742904314.727393
1742904314.769970
1742904314.790699
1742904314.837602
1742904314.859200
1742904314.903362
1742904314.923852
1742904314.971308
1742904314.992602
1742904315.033920
1742904315.058968
1742904315.101661
1742904315.127500
1742904315.169291
1742904315.190774
1742904315.236960
1742904315.259416
1742904315.303106
1742904315.324331
1742904315.369042
1742904315.390890
1742904315.437408
1742904315.457319
1742904315.503060
1742904315.526527
1742904315.570931
1742904315.590769
1742904315.637764
1742904315.659724
1742904315.702087
1742904315.723984
1742904315.766786
1742904315.796031
1742904315.836622
1742904315.857478
1742904315.903631
1742904315.926173
1742904315.968877
1742904315.990892
1742904316.034939
1742904316.063670
1742904316.103172
1742904316.124276
1742904316.170759
1742904316.193039
1742904316.235177
1742904316.257574
1742904316.304356
1742904316.326251
1742904316.370304
1742904316.391030
1742904316.437035
1742904316.460548
1742904316.504090
1742904316.524387
1742904316.568577
1742904316.596819
1742904316.638537
1742904316.657858
1742904316.703795
1742904316.727320
1742904316.770348
1742904316.791400
1742904316.838845
1742904316.861042
1742904316.905342
1742904316.924738
1742904316.970275
1742904316.993705
1742904317.037030
1742904317.058129
1742904317.101888
1742904317.128679
1742904317.172136
1742904317.191522
1742904317.238404
1742904317.261430
1742904317.297877
1742904317.324566
1742904317.360181
1742904317.400887
1742904317.431946
1742904317.461014
1742904317.502266
1742904317.530330
1742904317.572009
1742904317.591772
1742904317.635272
1742904317.663826
1742904317.705458
1742904317.725200
1742904317.771817
1742904317.795240
1742904317.837491
1742904317.858416
1742904317.902304
1742904317.931594
1742904317.969482
1742904317.992186
1742904318.038952
1742904318.062112
1742904318.103802
1742904318.125272
1742904318.170918
1742904318.195289
1742904318.237398
1742904318.258665
1742904318.301802
1742904318.332260
1742904318.368579
1742904318.392071
1742904318.435593
1742904318.464864
1742904318.503751
1742904318.525407
1742904318.569146
1742904318.596042
1742904318.638140
1742904318.659100
1742904318.701723
1742904318.731376
1742904318.768774
1742904318.794344
1742904318.837644
1742904318.863041
1742904318.904846
1742904318.925949
1742904318.969388
1742904318.998725
1742904319.036124
1742904319.059319
1742904319.105989
1742904319.130297
1742904319.171077
1742904319.202329
1742904319.225851
1742904319.269128
1742904319.299998
1742904319.336865
1742904319.365275
1742904319.397112
1742904319.433986
1742904319.470126
1742904319.499510
1742904319.530734
1742904319.570073
1742904319.596094
1742904319.638271
1742904319.660228
1742904319.704904
1742904319.729922
1742904319.771676
1742904319.793209
1742904319.838255
1742904319.864196
1742904319.902361
1742904319.927621
1742904319.968692
1742904320.001469
1742904320.037039
1742904320.059974
1742904320.103153
1742904320.133033
1742904320.169528
1742904320.194652
1742904320.239328
1742904320.263916
1742904320.304397
1742904320.327940
1742904320.370885
1742904320.399942
1742904320.438103
1742904320.459885
1742904320.503664
1742904320.532788
1742904320.570074
1742904320.596018
1742904320.637661
1742904320.664681
1742904320.702949
1742904320.731193
1742904320.767971
1742904320.803352
1742904320.833213
1742904320.864299
1742904320.901805
1742904320.935786
1742904320.966834
1742904320.997932
1742904321.037511
1742904321.066087
1742904321.104649
1742904321.126806
1742904321.170367
1742904321.199908
1742904321.235877
1742904321.260221
1742904321.305110
1742904321.333174
1742904321.369969
1742904321.394382
1742904321.439111
1742904321.464859
1742904321.505186
1742904321.529246
1742904321.571168
1742904321.599778
1742904321.638681
1742904321.663239
1742904321.705321
1742904321.731878
1742904321.771108
1742904321.797191
1742904321.834747
1742904321.871426
1742904321.900641
1742904321.931579
1742904321.969889
1742904322.000850
1742904322.038362
1742904322.060535
1742904322.105854
1742904322.131884
1742904322.172485
1742904322.193884
1742904322.239052
1742904322.265890
1742904322.304775
1742904322.327304
1742904322.372510
1742904322.398744
1742904322.437209
1742904322.460877
1742904322.506406
1742904322.532306
1742904322.571935
1742904322.594502
1742904322.639707
1742904322.665975
1742904322.706235
1742904322.727665
1742904322.773021
1742904322.798283
1742904322.838863
1742904322.861116
1742904322.907414
1742904322.931144
1742904322.972033
1742904322.994371
1742904323.040716
1742904323.065354
1742904323.106443
1742904323.127781
1742904323.174163
1742904323.199125
1742904323.239574
1742904323.261280
1742904323.307769
1742904323.332485
1742904323.372482
1742904323.396099
1742904323.437945
1742904323.467756
1742904323.506161
1742904323.530139
1742904323.570623
1742904323.600910
1742904323.638157
1742904323.665112
1742904323.705761
1742904323.732674
1742904323.771967
1742904323.795447
1742904323.840781
1742904323.865588
1742904323.905817
1742904323.928104
1742904323.973693
1742904323.999757
1742904324.039139
1742904324.061536
1742904324.104972
1742904324.133804
1742904324.173064
1742904324.194908
1742904324.237379
1742904324.269949
1742904324.302725
1742904324.328848
1742904324.373037
1742904324.400163
1742904324.439820
1742904324.461800
1742904324.507686
1742904324.532959
1742904324.573003
1742904324.595593
1742904324.638324
1742904324.667216
1742904324.705121
1742904324.732527
1742904324.771197
1742904324.802057
1742904324.838550
1742904324.863721
1742904324.902090
1742904324.938320
1742904324.971024
1742904324.995963
1742904325.038652
1742904325.068427
1742904325.104690
1742904325.128831
1742904325.171475
1742904325.203681
1742904325.238888
1742904325.262216
1742904325.304879
1742904325.337862
1742904325.368955
1742904325.397388
1742904325.436264
1742904325.471167
1742904325.503478
1742904325.531479
1742904325.573009
1742904325.600837
1742904325.639096
1742904325.664212
1742904325.701465
1742904325.738276
1742904325.767329
1742904325.800635
1742904325.840023
1742904325.866783
1742904325.906022
1742904325.929324
1742904325.975175
1742904326.000638
1742904326.041401
1742904326.062609
1742904326.104710
1742904326.135342
1742904326.171863
1742904326.195969
1742904326.238001
1742904326.270166
1742904326.305729
1742904326.329667
1742904326.371442
1742904326.404606
1742904326.436763
1742904326.466311
1742904326.505631
1742904326.538090
1742904326.573017
1742904326.600568
1742904326.640957
1742904326.667791
1742904326.707813
1742904326.730048
1742904326.771007
1742904326.806159
1742904326.836598
1742904326.867393
1742904326.902683
1742904326.935911
1742904326.971965
1742904326.997776
1742904327.036959
1742904327.070709
1742904327.104687
1742904327.130309
1742904327.171854
1742904327.204912
1742904327.238687
1742904327.263113
1742904327.306542
1742904327.336174
1742904327.370789
1742904327.396898
1742904327.440769
1742904327.467805
1742904327.508306
1742904327.535951
1742904327.563396
1742904327.607937
1742904327.637399
1742904327.672793
1742904327.703749
1742904327.732892
1742904327.773335
1742904327.804055
1742904327.840178
1742904327.864075
1742904327.903908
1742904327.938163
1742904327.972630
1742904327.998700
1742904328.037655
1742904328.071896
1742904328.106830
1742904328.130595
1742904328.170255
1742904328.203777
1742904328.238314
1742904328.267235
1742904328.305455
1742904328.339204
1742904328.374369
1742904328.397251
1742904328.441742
1742904328.468362
1742904328.507820
1742904328.530740
1742904328.571482
1742904328.605883
1742904328.640313
1742904328.663938
1742904328.703909
1742904328.740478
1742904328.769586
1742904328.798766
1742904328.839460
1742904328.868424
1742904328.905629
1742904328.933037
1742904328.974494
1742904329.002500
1742904329.037008
1742904329.068169
1742904329.106148
1742904329.139705
1742904329.174486
1742904329.197739
1742904329.239160
1742904329.273486
1742904329.302787
1742904329.335662
1742904329.374722
1742904329.404003
1742904329.439137
1742904329.467836
1742904329.506050
1742904329.538663
1742904329.574069
1742904329.601449
1742904329.639378
1742904329.673466
1742904329.706146
1742904329.735409
1742904329.775197
1742904329.802769
1742904329.838134
1742904329.868784
1742904329.908075
1742904329.936102
1742904329.970174
1742904330.003029
1742904330.037874
1742904330.072829
1742904330.106716
1742904330.132264
1742904330.173291
1742904330.204613
1742904330.239660
1742904330.268336
1742904330.308620
1742904330.338067
1742904330.370472
1742904330.402644
1742904330.439279
1742904330.473857
1742904330.504152
1742904330.534606
1742904330.575220
1742904330.604503
1742904330.641549
1742904330.664912
1742904330.708436
1742904330.738377
1742904330.774358
1742904330.798332
1742904330.841071
1742904330.871365
1742904330.906580
1742904330.933092
1742904330.974270
1742904331.006051
1742904331.041470
1742904331.065176
1742904331.109034
1742904331.138000
1742904331.176083
1742904331.198369
1742904331.238622
1742904331.274442
1742904331.303719
1742904331.338767
1742904331.371648
1742904331.409027
1742904331.439060
1742904331.469848
1742904331.507515
1742904331.538783
1742904331.576059
1742904331.599432
1742904331.641072
1742904331.672384
1742904331.708720
1742904331.732749
1742904331.771741
1742904331.802442
1742904331.836901
1742904331.865890
1742904331.907773
1742904331.940469
1742904331.972316
1742904332.000789
1742904332.041713
1742904332.071017
1742904332.109763
1742904332.132296
1742904332.173851
1742904332.207079
1742904332.242154
1742904332.266152
1742904332.311996
1742904332.335925
1742904332.375930
1742904332.399453
1742904332.441728
1742904332.472097
1742904332.510923
1742904332.532696
1742904332.577615
1742904332.602502
1742904332.643105
1742904332.665939
1742904332.711442
1742904332.735949
1742904332.775572
1742904332.800142
1742904332.842966
1742904332.870408
1742904332.910853
1742904332.932680
1742904332.975373
1742904333.004451
1742904333.043896
1742904333.066010
1742904333.110732
1742904333.136337
1742904333.176929
1742904333.200374
1742904333.239626
1742904333.275950
1742904333.302633
1742904333.342177
1742904333.368534
1742904333.406128
1742904333.442163
1742904333.467641
1742904333.508088
1742904333.540471
1742904333.576090
1742904333.599629
1742904333.644226
1742904333.670889
1742904333.712458
1742904333.733136
1742904333.776357
1742904333.803949
1742904333.844185
1742904333.866423
1742904333.909325
1742904333.938435
1742904333.976397
1742904334.000044
1742904334.044174
1742904334.070633
1742904334.107975
1742904334.134156
1742904334.178100
1742904334.203452
1742904334.241346
1742904334.267024
1742904334.313272
1742904334.336308
1742904334.378324
1742904334.400049
1742904334.444152
1742904334.469691
1742904334.511639
1742904334.533431
1742904334.577037
1742904334.604266
1742904334.643813
1742904334.666808
1742904334.712953
1742904334.735843
1742904334.774383
1742904334.802233
1742904334.843976
1742904334.870155
1742904334.908510
1742904334.934046
1742904334.977213
1742904335.003813
1742904335.041189
1742904335.068523
1742904335.110646
1742904335.136397
1742904335.177440
1742904335.200606
1742904335.245073
1742904335.269984
1742904335.312806
1742904335.333893
1742904335.377219
1742904335.404363
1742904335.443600
1742904335.468978
1742904335.514611
1742904335.535899
1742904335.576169
1742904335.603268
1742904335.646118
1742904335.670574
1742904335.711150
1742904335.736135
1742904335.774913
1742904335.812635
1742904335.838177
1742904335.879619
1742904335.901321
1742904335.948156
1742904335.969743
1742904336.009275
1742904336.038717
1742904336.069907
1742904336.109074
1742904336.144563
1742904336.171446
1742904336.206402
1742904336.242521
1742904336.274578
1742904336.311109
1742904336.335156
1742904336.382308
1742904336.403455
1742904336.441781
1742904336.471861
1742904336.513245
1742904336.536833
1742904336.575076
1742904336.606853
1742904336.641974
1742904336.677479
1742904336.705596
1742904336.742440
1742904336.772408
1742904336.814053
1742904336.837136
1742904336.879579
1742904336.903193
1742904336.945494
1742904336.972246
1742904337.009080
1742904337.038785
1742904337.080161
1742904337.104215
1742904337.145663
1742904337.169301
1742904337.215915
1742904337.236966
1742904337.276960
1742904337.303963
1742904337.346807
1742904337.371152
1742904337.411729
1742904337.437134
1742904337.480026
1742904337.504955
1742904337.542908
1742904337.570871
1742904337.615474
1742904337.637347
1742904337.675521
1742904337.708411
1742904337.743670
1742904337.771970
1742904337.812833
1742904337.837237
1742904337.876594
1742904337.905298
1742904337.939584
1742904337.977728
1742904338.005143
1742904338.047522
1742904338.068839
1742904338.113461
1742904338.137672
1742904338.179816
1742904338.202372
1742904338.249268
1742904338.270629
1742904338.309600
1742904338.336786
1742904338.383129
1742904338.403759
1742904338.449691
1742904338.469153
1742904338.515852
1742904338.537418
1742904338.579272
1742904338.602473
1742904338.648380
1742904338.670863
1742904338.711758
1742904338.737169
1742904338.781336
1742904338.804318
1742904338.849859
1742904338.869365
1742904338.914939
1742904338.937481
1742904338.982387
1742904339.002796
1742904339.049833
1742904339.070482
1742904339.116091
1742904339.136223
1742904339.183073
1742904339.203893
1742904339.250116
1742904339.269559
1742904339.315678
1742904339.337771
1742904339.381226
1742904339.403052
1742904339.449585
1742904339.470897
1742904339.514852
1742904339.536419
1742904339.583472
1742904339.603514
1742904339.650236
1742904339.669954
1742904339.716966
1742904339.737506
1742904339.783308
1742904339.803479
1742904339.850620
1742904339.871022
1742904339.917285
1742904339.937054
1742904339.982028
1742904340.004748
1742904340.047905
1742904340.070171
1742904340.116910
1742904340.137795
1742904340.182659
1742904340.203442
1742904340.250934
1742904340.270636
1742904340.314123
1742904340.336736
1742904340.383764
1742904340.404355
1742904340.450473
1742904340.470133
1742904340.517329
1742904340.537916
1742904340.583724
1742904340.603609
1742904340.650564
1742904340.671222
1742904340.715448
1742904340.737245
1742904340.782944
1742904340.804685
1742904340.851511
1742904340.870668
1742904340.917417
1742904340.938155
1742904340.981856
1742904341.003768
1742904341.046614
1742904341.072773
1742904341.114914
1742904341.137105
1742904341.183344
1742904341.204756
1742904341.250810
1742904341.270456
1742904341.317619
1742904341.338046
1742904341.384370
1742904341.404025
1742904341.450821
1742904341.471258
1742904341.514444
1742904341.537521
1742904341.584512
1742904341.604547
1742904341.651248
1742904341.671033
1742904341.717113
1742904341.738388
1742904341.784915
1742904341.804327
1742904341.848301
1742904341.871732
1742904341.919198
1742904341.937752
1742904341.981285
1742904342.004699
1742904342.048165
1742904342.070843
1742904342.114078
1742904342.138646
1742904342.182106
1742904342.204322
1742904342.247689
1742904342.271884
1742904342.316427
1742904342.337702
1742904342.381593
1742904342.405132
1742904342.451811
1742904342.471181
1742904342.517861
1742904342.538745
1742904342.582031
1742904342.605005
1742904342.651696
1742904342.671671
1742904342.718685
1742904342.738102
1742904342.775917
1742904342.814137
1742904342.842313
1742904342.873461
1742904342.916172
1742904342.938754
1742904342.981722
1742904343.005255
1742904343.051008
1742904343.072204
1742904343.116801
1742904343.138235
1742904343.183320
1742904343.205296
1742904343.249734
1742904343.271594
1742904343.315213
1742904343.338962
1742904343.384692
1742904343.404974
1742904343.450012
1742904343.472596
1742904343.519455
1742904343.538650
1742904343.585325
1742904343.605530
1742904343.649259
1742904343.672243
1742904343.717364
1742904343.739412
1742904343.782424
1742904343.805560
1742904343.851228
1742904343.872495
1742904343.919979
1742904343.938766
1742904343.982152
1742904344.006067
1742904344.049603
1742904344.072478
1742904344.118675
1742904344.139414
1742904344.179044
1742904344.219664
1742904344.239296
1742904344.280484
1742904344.316266
1742904344.343979
1742904344.385269
1742904344.406990
1742904344.453221
1742904344.473202
1742904344.516609
1742904344.539618
1742904344.585545
1742904344.606112
1742904344.649915
1742904344.673090
1742904344.719404
1742904344.739822
1742904344.786069
1742904344.806539
1742904344.849947
1742904344.877452
1742904344.918434
1742904344.939762
1742904344.982958
1742904345.010372
1742904345.050429
1742904345.072886
1742904345.118071
1742904345.139711
1742904345.182061
1742904345.206024
1742904345.249259
1742904345.274930
1742904345.319308
1742904345.339446
1742904345.382666
1742904345.409882
1742904345.451783
1742904345.472747
1742904345.519666
1742904345.540463
1742904345.587205
1742904345.606155
1742904345.653206
1742904345.673580
1742904345.720504
1742904345.739842
1742904345.786713
1742904345.807596
1742904345.851305
1742904345.873093
1742904345.920198
1742904345.940849
1742904345.986551
1742904346.006793
1742904346.052681
1742904346.074247
1742904346.119456
1742904346.140145
1742904346.183012
1742904346.213994
1742904346.249965
1742904346.273192
1742904346.316685
1742904346.344628
1742904346.385776
1742904346.406480
1742904346.452096
1742904346.474600
1742904346.517422
1742904346.539890
1742904346.586630
1742904346.607439
1742904346.650117
1742904346.673207
1742904346.719991
1742904346.741271
1742904346.787219
1742904346.806709
1742904346.852830
1742904346.874818
1742904346.919113
1742904346.940107
1742904346.983752
1742904347.009453
1742904347.048090
1742904347.073306
1742904347.120329
1742904347.141693
1742904347.184336
1742904347.206972
1742904347.252655
1742904347.275322
1742904347.322245
1742904347.340383
1742904347.386278
1742904347.409049
1742904347.454044
1742904347.473937
1742904347.521301
1742904347.542727
1742904347.584976
1742904347.607670
1742904347.654224
1742904347.676330
1742904347.719110
1742904347.740583
1742904347.788107
1742904347.809393
1742904347.855265
1742904347.873993
1742904347.921115
1742904347.942775
1742904347.985518
1742904348.007424
1742904348.054557
1742904348.076797
1742904348.119652
1742904348.140636
1742904348.184252
1742904348.213001
1742904348.252692
1742904348.273971
1742904348.319514
1742904348.343569
1742904348.385375
1742904348.407344
1742904348.453601
1742904348.476392
1742904348.518950
1742904348.540807
1742904348.582803
1742904348.615130
1742904348.651175
1742904348.674351
1742904348.720613
1742904348.743787
1742904348.784613
1742904348.807671
1742904348.851036
1742904348.878972
1742904348.919522
1742904348.941049
1742904348.985099
1742904349.011156
1742904349.054096
1742904349.074384
1742904349.122030
1742904349.143843
1742904349.185933
1742904349.207771
1742904349.255113
1742904349.275897
1742904349.321741
1742904349.341275
1742904349.387622
1742904349.411030
1742904349.454294
1742904349.474761
1742904349.518056
1742904349.544021
1742904349.586380
1742904349.607999
1742904349.651118
1742904349.682021
1742904349.718391
1742904349.744517
1742904349.786580
1742904349.811391
1742904349.854844
1742904349.875554
1742904349.921193
1742904349.945487
1742904349.987613
1742904350.008778
1742904350.051816
1742904350.081825
1742904350.117807
1742904350.141978
1742904350.184711
1742904350.214727
1742904350.253671
1742904350.275011
1742904350.319887
1742904350.344990
1742904350.386961
1742904350.408460
1742904350.453245
1742904350.479196
1742904350.520400
1742904350.541736
1742904350.588407
1742904350.612122
1742904350.653213
1742904350.675260
1742904350.721091
1742904350.745717
1742904350.787960
1742904350.808635
1742904350.856002
1742904350.878203
1742904350.920933
1742904350.942119
1742904350.985626
1742904351.013181
1742904351.054293
1742904351.075533
1742904351.118964
1742904351.148475
1742904351.185852
1742904351.208813
1742904351.256120
1742904351.279480
1742904351.321810
1742904351.342245
1742904351.386042
1742904351.415539
1742904351.452454
1742904351.476000
1742904351.521566
1742904351.546036
1742904351.588020
1742904351.609068
1742904351.655065
1742904351.678992
1742904351.720835
1742904351.743758
1742904351.787343
1742904351.814730
1742904351.852261
1742904351.878852
1742904351.920660
1742904351.947519
1742904351.988047
1742904352.009260
1742904352.053493
1742904352.082092
1742904352.119900
1742904352.142993
1742904352.185895
1742904352.212501
1742904352.253901
1742904352.276042
1742904352.320818
1742904352.346364
1742904352.388259
1742904352.409480
1742904352.457291
1742904352.478921
1742904352.520318
1742904352.552711
1742904352.576260
1742904352.621017
1742904352.647568
1742904352.683338
1742904352.719440
1742904352.743024
1742904352.786524
1742904352.815680
1742904352.853795
1742904352.876410
1742904352.920374
1742904352.945007
1742904352.987237
1742904353.009656
1742904353.055651
1742904353.079330
1742904353.120064
1742904353.143042
1742904353.186427
1742904353.216009
1742904353.251913
1742904353.276678
1742904353.321216
1742904353.349122
1742904353.386003
1742904353.409899
1742904353.456121
1742904353.481417
1742904353.520945
1742904353.543352
1742904353.587897
1742904353.615357
1742904353.652916
1742904353.677366
1742904353.721382
1742904353.749357
1742904353.786988
1742904353.811359
1742904353.853636
1742904353.883359
1742904353.920316
1742904353.945067
1742904353.988617
1742904354.014628
1742904354.054589
1742904354.077071
1742904354.121407
1742904354.149341
1742904354.187917
1742904354.210301
1742904354.255617
1742904354.279631
1742904354.320675
1742904354.343647
1742904354.388710
1742904354.415334
1742904354.454865
1742904354.477150
1742904354.521778
1742904354.546548
1742904354.586983
1742904354.610585
1742904354.656298
1742904354.682392
1742904354.719446
1742904354.744289
1742904354.789347
1742904354.814584
1742904354.853712
1742904354.877484
1742904354.921757
1742904354.950708
1742904354.979834
1742904355.021935
1742904355.051443
1742904355.078086
1742904355.119481
1742904355.148486
1742904355.187098
1742904355.211219
1742904355.257469
1742904355.281853
1742904355.321224
1742904355.344986
1742904355.387177
1742904355.417187
1742904355.450695
1742904355.482456
1742904355.518481
1742904355.553858
1742904355.584766
1742904355.615394
1742904355.652407
1742904355.688202
1742904355.717942
1742904355.744926
1742904355.787671
1742904355.817159
1742904355.856130
1742904355.877906
1742904355.923748
1742904355.948905
1742904355.988677
1742904356.012020
1742904356.054059
1742904356.086231
1742904356.119900
1742904356.148251
1742904356.185817
1742904356.221128
1742904356.249751
1742904356.280713
1742904356.320999
1742904356.349378
1742904356.389617
1742904356.411500
1742904356.455294
1742904356.484401
1742904356.519801
1742904356.545402
1742904356.590081
1742904356.615676
1742904356.656187
1742904356.678322
1742904356.720355
1742904356.752361
1742904356.787991
1742904356.811590
1742904356.854870
1742904356.886247
1742904356.917516
1742904356.946388
1742904356.988707
1742904357.018258
1742904357.055410
1742904357.078483
1742904357.120906
1742904357.151352
1742904357.189214
1742904357.212170
1742904357.254010
1742904357.285708
1742904357.319592
1742904357.348660
1742904357.387411
1742904357.420147
1742904357.452521
1742904357.483334
1742904357.520309
1742904357.551901
1742904357.589083
1742904357.614481
1742904357.652213
1742904357.687896
1742904357.719105
1742904357.750482
1742904357.789242
1742904357.818827
1742904357.855628
1742904357.882294
1742904357.920396
1742904357.952564
1742904357.989855
1742904358.015246
1742904358.054275
1742904358.088754
1742904358.119952
1742904358.150453
1742904358.187335
1742904358.222259
1742904358.253460
1742904358.282785
1742904358.320739
1742904358.356059
1742904358.385320
1742904358.412744
1742904358.454771
1742904358.485390
1742904358.521844
1742904358.545710
1742904358.588194
1742904358.619726
1742904358.654277
1742904358.679630
1742904358.720268
1742904358.754884
1742904358.785880
1742904358.813056
1742904358.855273
1742904358.887687
1742904358.917222
1742904358.947745
1742904358.989487
1742904359.017628
1742904359.058135
1742904359.079403
1742904359.119724
1742904359.155698
1742904359.185802
1742904359.212874
1742904359.254967
1742904359.284963
1742904359.323110
1742904359.346110
1742904359.388230
1742904359.417655
1742904359.458115
1742904359.479662
1742904359.520309
1742904359.552851
1742904359.584920
1742904359.618109
1742904359.651621
1742904359.687862
1742904359.721045
1742904359.751091
1742904359.789677
1742904359.819946
1742904359.854419
1742904359.884848
1742904359.923315
1742904359.953660
1742904359.987238
1742904360.018120
1742904360.054829
1742904360.088291
1742904360.123754
1742904360.146949
1742904360.185924
1742904360.223223
1742904360.252810
1742904360.280399
1742904360.321824
1742904360.351526
1742904360.388665
1742904360.413323
1742904360.456618
1742904360.484585
1742904360.525490
1742904360.547016
1742904360.588583
1742904360.620361
1742904360.653211
1742904360.680805
1742904360.719046
1742904360.754778
1742904360.789413
1742904360.822474
1742904360.851888
1742904360.889933
1742904360.913786
1742904360.955796
1742904360.987770
1742904361.024041
1742904361.053865
1742904361.080647
1742904361.119305
1742904361.152211
1742904361.184031
1742904361.215765
1742904361.256745
1742904361.287264
1742904361.321855
1742904361.347494
1742904361.387128
1742904361.421283
1742904361.456474
1742904361.480841
1742904361.519691
1742904361.555315
1742904361.590121
1742904361.614186
1742904361.654441
1742904361.689451
1742904361.724393
1742904361.747577
1742904361.786742
1742904361.819929
1742904361.849111
1742904361.885250
1742904361.925365
1742904361.953160
1742904361.987467
1742904362.017988
1742904362.057933
1742904362.086772
1742904362.123011
1742904362.148056
1742904362.189636
1742904362.220022
1742904362.255474
1742904362.281118
1742904362.322069
1742904362.354118
1742904362.389118
1742904362.414431
1742904362.454960
1742904362.489695
1742904362.520563
1742904362.547722
1742904362.589407
1742904362.620970
1742904362.655325
1742904362.681325
1742904362.723228
1742904362.754270
1742904362.788812
1742904362.815050
1742904362.856383
1742904362.888411
1742904362.924120
1742904362.948014
1742904362.991433
1742904363.019971
1742904363.059267
1742904363.081443
1742904363.123227
1742904363.154182
1742904363.188628
1742904363.214691
1742904363.255413
1742904363.290928
1742904363.320248
1742904363.348724
1742904363.389898
1742904363.421411
1742904363.457073
1742904363.481830
1742904363.522783
1742904363.557637
1742904363.586278
1742904363.619708
1742904363.659285
1742904363.687883
1742904363.723777
1742904363.749520
1742904363.791404
1742904363.822256
1742904363.858589
1742904363.883693
1742904363.925088
1742904363.952333
1742904363.993376
1742904364.015432
1742904364.057615
1742904364.088018
1742904364.124814
1742904364.148765
1742904364.189373
1742904364.225513
1742904364.255139
1742904364.282054
1742904364.324087
1742904364.357165
1742904364.386578
1742904364.415342
1742904364.459093
1742904364.488512
1742904364.524830
1742904364.548824
1742904364.590749
1742904364.621672
1742904364.660451
1742904364.682059
1742904364.724564
1742904364.753647
1742904364.792752
1742904364.815515
1742904364.861751
1742904364.885901
1742904364.926938
1742904364.948960
1742904364.991428
1742904365.024466
1742904365.054959
1742904365.082339
1742904365.128229
1742904365.152632
1742904365.193652
1742904365.215770
1742904365.258098
1742904365.290542
1742904365.321225
1742904365.350201
1742904365.392226
1742904365.420581
1742904365.459880
1742904365.482582
1742904365.526141
1742904365.554070
1742904365.593796
1742904365.616149
1742904365.661277
1742904365.685971
1742904365.727351
1742904365.749445
1742904365.793401
1742904365.820281
1742904365.858172
1742904365.883248
1742904365.925439
1742904365.955418
1742904365.995209
1742904366.016268
1742904366.059321
1742904366.090229
1742904366.125890
1742904366.151680
1742904366.190398
1742904366.226384
1742904366.256716
1742904366.286857
1742904366.327285
1742904366.353097
1742904366.394597
1742904366.416414
1742904366.458254
1742904366.492744
1742904366.522586
1742904366.550278
1742904366.595929
1742904366.619638
1742904366.662071
1742904366.683184
1742904366.725905
1742904366.755945
1742904366.795183
1742904366.816570
1742904366.863057
1742904366.885424
1742904366.925980
1742904366.950027
1742904366.993167
1742904367.020885
1742904367.058374
1742904367.083466
1742904367.130108
1742904367.153183
1742904367.193999
1742904367.216748
1742904367.258153
1742904367.290267
1742904367.325540
1742904367.350721
1742904367.396593
1742904367.419741
1742904367.459906
1742904367.483777
1742904367.528526
1742904367.553736
1742904367.592056
1742904367.619953
1742904367.662930
1742904367.686568
1742904367.725386
1742904367.753745
1742904367.793698
1742904367.821118
1742904367.859176
1742904367.885411
1742904367.927223
1742904367.954346
1742904367.996447
1742904368.017444
1742904368.064184
1742904368.086843
1742904368.125681
1742904368.153015
1742904368.190897
1742904368.224314
1742904368.262433
1742904368.284372
1742904368.324305
1742904368.361545
1742904368.387770
1742904368.422383
1742904368.457938
1742904368.494188
1742904368.520662
1742904368.553597
1742904368.594365
1742904368.620528
1742904368.658580
1742904368.684228
1742904368.730057
1742904368.753667
1742904368.791950
1742904368.817716
1742904368.860617
1742904368.887681
1742904368.925875
1742904368.951114
1742904368.998316
1742904369.020360
1742904369.061354
1742904369.084427
1742904369.131463
1742904369.153595
1742904369.196533
1742904369.222035
1742904369.251154
1742904369.297680
1742904369.320364
1742904369.362931
1742904369.387187
1742904369.422438
1742904369.457748
1742904369.494669
1742904369.520972
1742904369.554595
1742904369.595408
1742904369.620818
1742904369.662466
1742904369.684758
1742904369.729885
1742904369.753803
1742904369.792614
1742904369.819172
1742904369.858282
1742904369.894088
1742904369.921502
1742904369.956516
1742904369.992761
1742904370.025880
1742904370.061430
1742904370.087335
1742904370.128663
1742904370.154009
1742904370.193256
1742904370.220620
1742904370.260684
1742904370.288890
1742904370.332416
1742904370.351935
1742904370.397236
1742904370.420436
1742904370.459193
1742904370.485238
1742904370.529548
1742904370.553991
1742904370.593443
1742904370.618620
1742904370.659837
1742904370.692002
1742904370.727858
1742904370.751878
1742904370.795354
1742904370.820737
1742904370.866232
1742904370.885493
1742904370.927953
1742904370.954304
1742904370.997301
1742904371.018634
1742904371.059962
1742904371.090418
1742904371.128292
1742904371.151992
1742904371.191745
1742904371.223579
1742904371.262343
1742904371.285442
1742904371.325270
1742904371.357722
1742904371.393828
1742904371.418810
1742904371.459938
1742904371.490385
1742904371.527821
1742904371.552317
1742904371.593377
1742904371.623864
1742904371.662811
1742904371.685662
1742904371.728099
1742904371.754135
1742904371.799026
1742904371.819191
1742904371.863536
1742904371.887130
1742904371.932335
1742904371.952574
1742904371.992792
1742904372.024777
1742904372.063093
1742904372.085965
1742904372.126591
1742904372.160121
1742904372.190301
1742904372.219288
1742904372.260665
1742904372.287718
1742904372.329284
1742904372.353127
1742904372.394596
1742904372.421111
1742904372.467477
1742904372.486176
1742904372.531523
1742904372.553652
1742904372.600031
1742904372.619734
1742904372.665230
1742904372.687009
1742904372.732309
1742904372.753155
1742904372.798719
1742904372.820747
1742904372.863806
1742904372.886648
1742904372.932599
1742904372.954105
1742904373.000863
1742904373.020084
1742904373.067053
1742904373.087121
1742904373.133597
1742904373.153629
1742904373.199340
1742904373.220870
1742904373.267238
1742904373.286886
1742904373.333124
1742904373.353675
1742904373.394674
1742904373.420032
1742904373.467202
1742904373.487358
1742904373.534157
1742904373.553679
1742904373.599738
1742904373.620485
1742904373.663731
1742904373.686973
1742904373.732562
1742904373.754526
1742904373.797932
1742904373.820345
1742904373.864658
1742904373.888075
1742904373.931338
1742904373.953797
1742904373.998838
1742904374.021295
1742904374.065334
1742904374.087653
1742904374.134312
1742904374.154280
1742904374.197298
1742904374.220466
1742904374.265694
1742904374.288226
1742904374.331921
1742904374.354071
1742904374.399391
1742904374.421444
1742904374.467612
1742904374.487500
1742904374.533895
1742904374.554160
1742904374.600949
1742904374.620721
1742904374.665487
1742904374.688401
1742904374.734956
1742904374.754341
1742904374.800381
1742904374.821520
1742904374.867534
1742904374.887607
1742904374.933191
1742904374.955027
1742904375.001827
1742904375.021203
1742904375.064519
1742904375.088939
1742904375.134793
1742904375.154654
1742904375.198211
1742904375.222030
1742904375.264808
1742904375.287968
1742904375.335424
1742904375.354781
1742904375.401924
1742904375.421349
1742904375.467520
1742904375.488413
1742904375.531918
1742904375.554592
1742904375.600677
1742904375.621790
1742904375.668838
1742904375.688081
1742904375.733417
1742904375.755180
1742904375.801584
1742904375.821486
1742904375.859368
1742904375.898469
1742904375.922125
1742904375.959471
1742904375.996886
1742904376.022542
1742904376.067178
1742904376.088220
1742904376.135031
1742904376.155098
1742904376.201947
1742904376.221737
1742904376.264998
1742904376.289020
1742904376.332506
1742904376.355101
1742904376.397781
1742904376.424270
1742904376.466500
1742904376.488422
1742904376.531847
1742904376.555487
1742904376.597622
1742904376.621980
1742904376.659042
1742904376.701448
1742904376.722302
1742904376.759604
1742904376.793788
1742904376.833135
1742904376.855671
1742904376.891826
1742904376.933227
1742904376.955722
1742904376.999691
1742904377.022010
1742904377.068767
1742904377.089187
1742904377.136194
1742904377.155534
1742904377.201093
1742904377.222721
1742904377.267419
1742904377.289056
1742904377.335082
1742904377.355911
1742904377.391575
1742904377.421728
1742904377.465740
1742904377.490692
1742904377.534002
1742904377.561607
1742904377.588961
1742904377.632051
1742904377.659354
1742904377.700108
1742904377.726900
1742904377.757671
1742904377.799340
1742904377.825732
1742904377.867894
1742904377.889534
1742904377.935420
1742904377.956680
1742904378.002575
1742904378.022860
1742904378.066596
1742904378.090231
1742904378.136612
1742904378.156180
1742904378.201696
1742904378.223507
1742904378.266953
1742904378.289593
