1742884409.569239
1742884409.668349
1742884409.702087
1742884409.736842
1742884409.768861
1742884409.802586
1742884409.835934
1742884409.868893
1742884409.902071
1742884409.935442
1742884409.974262
1742884410.002505
1742884410.035765
1742884410.068262
1742884410.114524
1742884410.149198
1742884410.180421
1742884410.211615
1742884410.240892
1742884410.274916
1742884410.310621
1742884410.345356
1742884410.382140
1742884410.415932
1742884410.451248
1742884410.482204
1742884410.518280
1742884410.549362
1742884410.584825
1742884410.615786
1742884410.651288
1742884410.683331
1742884410.717286
1742884410.750542
1742884410.782743
1742884410.817283
1742884410.851605
1742884410.881193
1742884410.918796
1742884410.949289
1742884410.984767
1742884411.017283
1742884411.038620
1742884411.070019
1742884411.114550
1742884411.149841
1742884411.170026
1742884411.202684
1742884411.245343
1742884411.270589
1742884411.315687
1742884411.336003
1742884411.374281
1742884411.407055
1742884411.447750
1742884411.469341
1742884411.507840
1742884411.540528
1742884411.575078
1742884411.602988
1742884411.638905
1742884411.680036
1742884411.704630
1742884411.736097
1742884411.777091
1742884411.809674
1742884411.844558
1742884411.869583
1742884411.913500
1742884411.940522
1742884411.975711
1742884412.008852
1742884412.036235
1742884412.082061
1742884412.105815
1742884412.148113
1742884412.169817
1742884412.208501
1742884412.244400
1742884412.274261
1742884412.303205
1742884412.339836
1742884412.381015
1742884412.405792
1742884412.436487
1742884412.473480
1742884412.514209
1742884412.537769
1742884412.569877
1742884412.606745
1742884412.643771
1742884412.672982
1742884412.703346
1742884412.739187
1742884412.777392
1742884412.806306
1742884412.836775
1742884412.873237
1742884412.913757
1742884412.939002
1742884412.970103
1742884413.009015
1742884413.044260
1742884413.076581
1742884413.103473
1742884413.143253
1742884413.177353
1742884413.209913
1742884413.236976
1742884413.277510
1742884413.308056
1742884413.348431
1742884413.370373
1742884413.409800
1742884413.441419
1742884413.482468
1742884413.503627
1742884413.545531
1742884413.574022
1742884413.612976
1742884413.636985
1742884413.681725
1742884413.706946
1742884413.750049
1742884413.770553
1742884413.815246
1742884413.840734
1742884413.882790
1742884413.904064
1742884413.948349
1742884413.973593
1742884414.017596
1742884414.037357
1742884414.080641
1742884414.107556
1742884414.150216
1742884414.170983
1742884414.213750
1742884414.241251
1742884414.283518
1742884414.304508
1742884414.347262
1742884414.375029
1742884414.417186
1742884414.437735
1742884414.482793
1742884414.508093
1742884414.550030
1742884414.571119
1742884414.614697
1742884414.641118
1742884414.681568
1742884414.704453
1742884414.747898
1742884414.775984
1742884414.817673
1742884414.838020
1742884414.881250
1742884414.908428
1742884414.951153
1742884414.971292
1742884415.018611
1742884415.040078
1742884415.084495
1742884415.104727
1742884415.143908
1742884415.183463
1742884415.207011
1742884415.241113
1742884415.282820
1742884415.309620
1742884415.347634
1742884415.371657
1742884415.414498
1742884415.443974
1742884415.485451
1742884415.505003
1742884415.551394
1742884415.575853
1742884415.617529
1742884415.638508
1742884415.685423
1742884415.709248
1742884415.750623
1742884415.771874
1742884415.815755
1742884415.842338
1742884415.883470
1742884415.905202
1742884415.949884
1742884415.976703
1742884416.018406
1742884416.038699
1742884416.083935
1742884416.109794
1742884416.148559
1742884416.172265
1742884416.219455
1742884416.240945
1742884416.283175
1742884416.305647
1742884416.351505
1742884416.377058
1742884416.414889
1742884416.438853
1742884416.485805
1742884416.509095
1742884416.551356
1742884416.572205
1742884416.617409
1742884416.642154
1742884416.684074
1742884416.705701
1742884416.752288
1742884416.776868
1742884416.815402
1742884416.840384
1742884416.880582
1742884416.916237
1742884416.946357
1742884416.977114
1742884417.014059
1742884417.048279
1742884417.082143
1742884417.108753
1742884417.146692
1742884417.182063
1742884417.212607
1742884417.243143
1742884417.283680
1742884417.310568
1742884417.349722
1742884417.374609
1742884417.415940
1742884417.445085
1742884417.484757
1742884417.506073
1742884417.546723
1742884417.582467
1742884417.610973
1742884417.639330
1742884417.679973
1742884417.713500
1742884417.740790
1742884417.772702
1742884417.811398
1742884417.845785
1742884417.880582
1742884417.906025
1742884417.944440
1742884417.981365
1742884418.010480
1742884418.039435
1742884418.077547
1742884418.113890
1742884418.143269
1742884418.172909
1742884418.211626
1742884418.246777
1742884418.278974
1742884418.306031
1742884418.346851
1742884418.377610
1742884418.414524
1742884418.439556
1742884418.479542
1742884418.514941
1742884418.545707
1742884418.572951
1742884418.618999
1742884418.642562
1742884418.684047
1742884418.706387
1742884418.749577
1742884418.777757
1742884418.816102
1742884418.839941
1742884418.883295
1742884418.910989
1742884418.950820
1742884418.973217
1742884419.017176
1742884419.044431
1742884419.082026
1742884419.106529
1742884419.145362
1742884419.175193
1742884419.207058
1742884419.240209
1742884419.273646
1742884419.320108
1742884419.342919
1742884419.375904
1742884419.417657
1742884419.445759
1742884419.485899
1742884419.506882
1742884419.553336
1742884419.578321
1742884419.618610
1742884419.645096
1742884419.677924
1742884419.714588
1742884419.749921
1742884419.780078
1742884419.807372
1742884419.847570
1742884419.883258
1742884419.914273
1742884419.940449
1742884419.983437
1742884420.013055
1742884420.049275
1742884420.073992
1742884420.112576
1742884420.151828
1742884420.176837
1742884420.207047
1742884420.249467
1742884420.277920
1742884420.315669
1742884420.340447
1742884420.382022
1742884420.412637
1742884420.451530
1742884420.474013
1742884420.516642
1742884420.545980
1742884420.585178
1742884420.607402
1742884420.649772
1742884420.680826
1742884420.716274
1742884420.740785
1742884420.783419
1742884420.812472
1742884420.852473
1742884420.874364
1742884420.917950
1742884420.945543
1742884420.986079
1742884421.007658
1742884421.052731
1742884421.078190
1742884421.116357
1742884421.141001
1742884421.186105
1742884421.212079
1742884421.253165
1742884421.274538
1742884421.315107
1742884421.351018
1742884421.380601
1742884421.407802
1742884421.451794
1742884421.479464
1742884421.516741
1742884421.541071
1742884421.583979
1742884421.612937
1742884421.652632
1742884421.674672
1742884421.717651
1742884421.747111
1742884421.784963
1742884421.807957
1742884421.849407
1742884421.879549
1742884421.917300
1742884421.941466
1742884421.986726
1742884422.012136
1742884422.052832
1742884422.074855
1742884422.116348
1742884422.146869
1742884422.185726
1742884422.208230
1742884422.250991
1742884422.279531
1742884422.318215
1742884422.341583
1742884422.385745
1742884422.413014
1742884422.453711
1742884422.475075
1742884422.518475
1742884422.547100
1742884422.585411
1742884422.608394
1742884422.650717
1742884422.681858
1742884422.717438
1742884422.741771
1742884422.784140
1742884422.814028
1742884422.852154
1742884422.875258
1742884422.915055
1742884422.949531
1742884422.984230
1742884423.008651
1742884423.053408
1742884423.079599
1742884423.119641
1742884423.142210
1742884423.186840
1742884423.213189
1742884423.250449
1742884423.275439
1742884423.319053
1742884423.347002
1742884423.384507
1742884423.408810
1742884423.453003
1742884423.480277
1742884423.517633
1742884423.542259
1742884423.584567
1742884423.613949
1742884423.651630
1742884423.675672
1742884423.720685
1742884423.746610
1742884423.784146
1742884423.809174
1742884423.847337
1742884423.883723
1742884423.917721
1742884423.942503
1742884423.984725
1742884424.013691
1742884424.050896
1742884424.076110
1742884424.115925
1742884424.151886
1742884424.184986
1742884424.209656
1742884424.250100
1742884424.284694
1742884424.319619
1742884424.342904
1742884424.382566
1742884424.417025
1742884424.451774
1742884424.476907
1742884424.518395
1742884424.549136
1742884424.585407
1742884424.610104
1742884424.650633
1742884424.685326
1742884424.715340
1742884424.746065
1742884424.786943
1742884424.816098
1742884424.851138
1742884424.876720
1742884424.917930
1742884424.952382
1742884424.982816
1742884425.011155
1742884425.052815
1742884425.082147
1742884425.115918
1742884425.145216
1742884425.186790
1742884425.212655
1742884425.250085
1742884425.277886
1742884425.319910
1742884425.349036
1742884425.383215
1742884425.413176
1742884425.453747
1742884425.483351
1742884425.518648
1742884425.544251
1742884425.586117
1742884425.617063
1742884425.651726
1742884425.676863
1742884425.718750
1742884425.751455
1742884425.787178
1742884425.810195
1742884425.850587
1742884425.884906
1742884425.919629
1742884425.943628
1742884425.985209
1742884426.016495
1742884426.052063
1742884426.077450
1742884426.119544
1742884426.148897
1742884426.188380
1742884426.210407
1742884426.252324
1742884426.284499
1742884426.320527
1742884426.344019
1742884426.385739
1742884426.416854
1742884426.452452
1742884426.477157
1742884426.518804
1742884426.552376
1742884426.583191
1742884426.613509
1742884426.653672
1742884426.684371
1742884426.719441
1742884426.745611
1742884426.780148
1742884426.811380
1742884426.852081
1742884426.879795
1742884426.921078
1742884426.951753
1742884426.985976
1742884427.011109
1742884427.052729
1742884427.078856
1742884427.113905
1742884427.143888
1742884427.180896
1742884427.216366
1742884427.250180
1742884427.277885
1742884427.316622
1742884427.348183
1742884427.384023
1742884427.411211
1742884427.450506
1742884427.483161
1742884427.517706
1742884427.545287
1742884427.582715
1742884427.616265
1742884427.649177
1742884427.678401
1742884427.715348
1742884427.751040
1742884427.782220
1742884427.816002
1742884427.844785
1742884427.882924
1742884427.914216
1742884427.950380
1742884427.986861
1742884428.011751
1742884428.054537
1742884428.085065
1742884428.122585
1742884428.144837
1742884428.189168
1742884428.214259
1742884428.256698
1742884428.278170
1742884428.321807
1742884428.351669
1742884428.388713
1742884428.411619
1742884428.453043
1742884428.487652
1742884428.518256
1742884428.547590
1742884428.584776
1742884428.622046
1742884428.649800
1742884428.682583
1742884428.722911
1742884428.748487
1742884428.786502
1742884428.812533
1742884428.854590
1742884428.884508
1742884428.921052
1742884428.948479
1742884428.986521
1742884429.013022
1742884429.051616
1742884429.087645
1742884429.112821
1742884429.153604
1742884429.185450
1742884429.219799
1742884429.248422
1742884429.289498
1742884429.315795
1742884429.356961
1742884429.378806
1742884429.424653
1742884429.448363
1742884429.485998
1742884429.516361
1742884429.557288
1742884429.582097
1742884429.619816
1742884429.649921
1742884429.690643
1742884429.715428
1742884429.755915
1742884429.779485
1742884429.824519
1742884429.847966
1742884429.889326
1742884429.912649
1742884429.957719
1742884429.982066
1742884430.023621
1742884430.045797
1742884430.088634
1742884430.116151
1742884430.152067
1742884430.183205
1742884430.224308
1742884430.248950
1742884430.289651
1742884430.312423
1742884430.356418
1742884430.383551
1742884430.424902
1742884430.445876
1742884430.489071
1742884430.516581
1742884430.557709
1742884430.579282
1742884430.625806
1742884430.648725
1742884430.688794
1742884430.712600
1742884430.759421
1742884430.781934
1742884430.826207
1742884430.846169
1742884430.893070
1742884430.915378
1742884430.958975
1742884430.979486
1742884431.022527
1742884431.050314
1742884431.090575
1742884431.112907
1742884431.157180
1742884431.183153
1742884431.224853
1742884431.246510
1742884431.290861
1742884431.316421
1742884431.354494
1742884431.383513
1742884431.424116
1742884431.449856
1742884431.491572
1742884431.513130
1742884431.560424
1742884431.582508
1742884431.623610
1742884431.646528
1742884431.691466
1742884431.715962
1742884431.758401
1742884431.779886
1742884431.822880
1742884431.849715
1742884431.887908
1742884431.913278
1742884431.957188
1742884431.983305
1742884432.023882
1742884432.046479
1742884432.089931
1742884432.116591
1742884432.154322
1742884432.180676
1742884432.222571
1742884432.250747
1742884432.289494
1742884432.313425
1742884432.359735
1742884432.382729
1742884432.426828
1742884432.446920
1742884432.492795
1742884432.516149
1742884432.554790
1742884432.580304
1742884432.625397
1742884432.649287
1742884432.688200
1742884432.714212
1742884432.759622
1742884432.782624
1742884432.825509
1742884432.847255
1742884432.892798
1742884432.915954
1742884432.960182
1742884432.980438
1742884433.025108
1742884433.049482
1742884433.087748
1742884433.114245
1742884433.160234
1742884433.182825
1742884433.225076
1742884433.247418
1742884433.293119
1742884433.316048
1742884433.358589
1742884433.380726
1742884433.426940
1742884433.449447
1742884433.494727
1742884433.514076
1742884433.561169
1742884433.582922
1742884433.625637
1742884433.647677
1742884433.694612
1742884433.716308
1742884433.760319
1742884433.781058
1742884433.826773
1742884433.849548
1742884433.891684
1742884433.914405
1742884433.959338
1742884433.982903
1742884434.027596
1742884434.047860
1742884434.093611
1742884434.116554
1742884434.161043
1742884434.181342
1742884434.226369
1742884434.249773
1742884434.293868
1742884434.314968
1742884434.362541
1742884434.382805
1742884434.427885
1742884434.448116
1742884434.494691
1742884434.516736
1742884434.561965
1742884434.581584
1742884434.628734
1742884434.649806
1742884434.695772
1742884434.715217
1742884434.762325
1742884434.782853
1742884434.828822
1742884434.848542
1742884434.896001
1742884434.915765
1742884434.962099
1742884434.981805
1742884435.026526
1742884435.049833
1742884435.095782
1742884435.115404
1742884435.155162
1742884435.191197
1742884435.216835
1742884435.254424
1742884435.290186
1742884435.318385
1742884435.361480
1742884435.381975
1742884435.428427
1742884435.450081
1742884435.496086
1742884435.515500
1742884435.562354
1742884435.583135
1742884435.626242
1742884435.648986
1742884435.696072
1742884435.716402
1742884435.755942
1742884435.782384
1742884435.829092
1742884435.849730
1742884435.895551
1742884435.915617
1742884435.962759
1742884435.982938
1742884436.028536
1742884436.048967
1742884436.095999
1742884436.116382
1742884436.162761
1742884436.182329
1742884436.221615
1742884436.258833
1742884436.284603
1742884436.326328
1742884436.349447
1742884436.396239
1742884436.416755
1742884436.463442
1742884436.482604
1742884436.529669
1742884436.549840
1742884436.596050
1742884436.615894
1742884436.662473
1742884436.683626
1742884436.730280
1742884436.749581
1742884436.795498
1742884436.817081
1742884436.860327
1742884436.882987
1742884436.925910
1742884436.951735
1742884436.994615
1742884437.016076
1742884437.063079
1742884437.083173
1742884437.126283
1742884437.149500
1742884437.195454
1742884437.216984
1742884437.263389
1742884437.282814
1742884437.329536
1742884437.350111
1742884437.395843
1742884437.416312
1742884437.463248
1742884437.483556
1742884437.528332
1742884437.549630
1742884437.595379
1742884437.617242
1742884437.660350
1742884437.683116
1742884437.726983
1742884437.750533
1742884437.795419
1742884437.816393
1742884437.863268
1742884437.883659
1742884437.924520
1742884437.949825
1742884437.994603
1742884438.017496
1742884438.063943
1742884438.083413
1742884438.130035
1742884438.150880
1742884438.193179
1742884438.216656
1742884438.259352
1742884438.285283
1742884438.328821
1742884438.350115
1742884438.393061
1742884438.419725
1742884438.461977
1742884438.483624
1742884438.521036
1742884438.563181
1742884438.584396
1742884438.622807
1742884438.655634
1742884438.696083
1742884438.717745
1742884438.758783
1742884438.784297
1742884438.829299
1742884438.851021
1742884438.893302
1742884438.917446
1742884438.961124
1742884438.984489
1742884439.023500
1742884439.053623
1742884439.095148
1742884439.118430
1742884439.155025
1742884439.191426
1742884439.222950
1742884439.262861
1742884439.283907
1742884439.327722
1742884439.353414
1742884439.394194
1742884439.417476
1742884439.460483
1742884439.484441
1742884439.531099
1742884439.550848
1742884439.597217
1742884439.618019
1742884439.664502
1742884439.684167
1742884439.726445
1742884439.754028
1742884439.794770
1742884439.817713
1742884439.861330
1742884439.884880
1742884439.930760
1742884439.950966
1742884439.996411
1742884440.018254
1742884440.064366
1742884440.084489
1742884440.128229
1742884440.151919
1742884440.194372
1742884440.218042
1742884440.262797
1742884440.285227
1742884440.331887
1742884440.351372
1742884440.397228
1742884440.418420
1742884440.464635
1742884440.484697
1742884440.529761
1742884440.551752
1742884440.597654
1742884440.618000
1742884440.661212
1742884440.689376
1742884440.731017
1742884440.751412
1742884440.794074
1742884440.821171
1742884440.862733
1742884440.884756
1742884440.927925
1742884440.952576
1742884440.999359
1742884441.018284
1742884441.065027
1742884441.085886
1742884441.128600
1742884441.151512
1742884441.198783
1742884441.218980
1742884441.264252
1742884441.284851
1742884441.331298
1742884441.352630
1742884441.395096
1742884441.418333
1742884441.461484
1742884441.489483
1742884441.531109
1742884441.551857
1742884441.586502
1742884441.622875
1742884441.663360
1742884441.685077
1742884441.732249
1742884441.752750
1742884441.798905
1742884441.818631
1742884441.865865
1742884441.886721
1742884441.929797
1742884441.951957
1742884441.991989
1742884442.026052
1742884442.061739
1742884442.085246
1742884442.125602
1742884442.161137
1742884442.186571
1742884442.222913
1742884442.262916
1742884442.288515
1742884442.326866
1742884442.352722
1742884442.400208
1742884442.420210
1742884442.464380
1742884442.485580
1742884442.532130
1742884442.553960
1742884442.600531
1742884442.619183
1742884442.665809
1742884442.686931
1742884442.732894
1742884442.752364
1742884442.798453
1742884442.820963
1742884442.866018
1742884442.885857
1742884442.931742
1742884442.954815
1742884442.995068
1742884443.019126
1742884443.063113
1742884443.088445
1742884443.130592
1742884443.152585
1742884443.200028
1742884443.221158
1742884443.263838
1742884443.286012
1742884443.329844
1742884443.358459
1742884443.398864
1742884443.419541
1742884443.465774
1742884443.488139
1742884443.530794
1742884443.552899
1742884443.599928
1742884443.621753
1742884443.664673
1742884443.686199
1742884443.731871
1742884443.755309
1742884443.800709
1742884443.819745
1742884443.863372
1742884443.891650
1742884443.932184
1742884443.952989
1742884444.000500
1742884444.022411
1742884444.066150
1742884444.086372
1742884444.130460
1742884444.158609
1742884444.200146
1742884444.219770
1742884444.263075
1742884444.292820
1742884444.329939
1742884444.353581
1742884444.395114
1742884444.426622
1742884444.464360
1742884444.499276
1742884444.520232
1742884444.564148
1742884444.593563
1742884444.631451
1742884444.658194
1742884444.693310
1742884444.727865
1742884444.763332
1742884444.793415
1742884444.823664
1742884444.864678
1742884444.890994
1742884444.933237
1742884444.953580
1742884444.999180
1742884445.023019
1742884445.067702
1742884445.087146
1742884445.132245
1742884445.156416
1742884445.199940
1742884445.220446
1742884445.263703
1742884445.289308
1742884445.333151
1742884445.353854
1742884445.399021
1742884445.423027
1742884445.467898
1742884445.487153
1742884445.533605
1742884445.557224
1742884445.598643
1742884445.621305
1742884445.666192
1742884445.690427
1742884445.733441
1742884445.753966
1742884445.796737
1742884445.828506
1742884445.863918
1742884445.887438
1742884445.931178
1742884445.960113
1742884445.997692
1742884446.020993
1742884446.064576
1742884446.093928
1742884446.132980
1742884446.154028
1742884446.199081
1742884446.224204
1742884446.266185
1742884446.287629
1742884446.332420
1742884446.358270
1742884446.399509
1742884446.420987
1742884446.467329
1742884446.490569
1742884446.533088
1742884446.554373
1742884446.601086
1742884446.624634
1742884446.666136
1742884446.687800
1742884446.734702
1742884446.758279
1742884446.800114
1742884446.821214
1742884446.867566
1742884446.892207
1742884446.934065
1742884446.954672
1742884447.001588
1742884447.025192
1742884447.067938
1742884447.088013
1742884447.131151
1742884447.162041
1742884447.198092
1742884447.221719
1742884447.266027
1742884447.293627
1742884447.330555
1742884447.355398
1742884447.398949
1742884447.427698
1742884447.464739
1742884447.489580
1742884447.533416
1742884447.559363
1742884447.600195
1742884447.622484
1742884447.667021
1742884447.692254
1742884447.733650
1742884447.755327
1742884447.799546
1742884447.827874
1742884447.864557
1742884447.888599
1742884447.933013
1742884447.959679
1742884448.000933
1742884448.021761
1742884448.069700
1742884448.091140
1742884448.133274
1742884448.155226
1742884448.199934
1742884448.227717
1742884448.265978
1742884448.288781
1742884448.331593
1742884448.358808
1742884448.400203
1742884448.422138
1742884448.466626
1742884448.493553
1742884448.531393
1742884448.555265
1742884448.599911
1742884448.628405
1742884448.665285
1742884448.688987
1742884448.734802
1742884448.760152
1742884448.800391
1742884448.822226
1742884448.867596
1742884448.893485
1742884448.931930
1742884448.956113
1742884449.000551
1742884449.027560
1742884449.068597
1742884449.089096
1742884449.134945
1742884449.159651
1742884449.200984
1742884449.222807
1742884449.264496
1742884449.298170
1742884449.331916
1742884449.359189
1742884449.400663
1742884449.427434
1742884449.466129
1742884449.490584
1742884449.532595
1742884449.562740
1742884449.599708
1742884449.623216
1742884449.668857
1742884449.693657
1742884449.732560
1742884449.757198
1742884449.801752
1742884449.827253
1742884449.865644
1742884449.889841
1742884449.935056
1742884449.959892
1742884449.998935
1742884450.023100
1742884450.068013
1742884450.094145
1742884450.133152
1742884450.157225
1742884450.202281
1742884450.227240
1742884450.266313
1742884450.290168
1742884450.335058
1742884450.360044
1742884450.400206
1742884450.423119
1742884450.462528
1742884450.496652
1742884450.533347
1742884450.556260
1742884450.600761
1742884450.629689
1742884450.665996
1742884450.689788
1742884450.735500
1742884450.760602
1742884450.800730
1742884450.823089
1742884450.867666
1742884450.894640
1742884450.934740
1742884450.956577
1742884451.002810
1742884451.027721
1742884451.068188
1742884451.091171
1742884451.133777
1742884451.163586
1742884451.201253
1742884451.226525
1742884451.264302
1742884451.300157
1742884451.331140
1742884451.358942
1742884451.398011
1742884451.432004
1742884451.464940
1742884451.494082
1742884451.532127
1742884451.563242
1742884451.600534
1742884451.624024
1742884451.666863
1742884451.696385
1742884451.732380
1742884451.757041
1742884451.800379
1742884451.830534
1742884451.864998
1742884451.890241
1742884451.933745
1742884451.963414
1742884451.999726
1742884452.023752
1742884452.066517
1742884452.098380
1742884452.130722
1742884452.157683
1742884452.199994
1742884452.230129
1742884452.267405
1742884452.290626
1742884452.333502
1742884452.362456
1742884452.403259
1742884452.424053
1742884452.466885
1742884452.497416
1742884452.532991
1742884452.557956
1742884452.600543
1742884452.629215
1742884452.670320
1742884452.690749
1742884452.734780
1742884452.762007
1742884452.803366
1742884452.832433
1742884452.857856
1742884452.900599
1742884452.933607
1742884452.963415
1742884453.001367
1742884453.024876
1742884453.068970
1742884453.095439
1742884453.136273
1742884453.157813
1742884453.200496
1742884453.231655
1742884453.268053
1742884453.291820
1742884453.334117
1742884453.364301
1742884453.400101
1742884453.428668
1742884453.466996
1742884453.496740
1742884453.534524
1742884453.560328
1742884453.601634
1742884453.631334
1742884453.668576
1742884453.692467
1742884453.735994
1742884453.763151
1742884453.803628
1742884453.824733
1742884453.869506
1742884453.896270
1742884453.936769
1742884453.958133
1742884454.000893
1742884454.031336
1742884454.067394
1742884454.093079
1742884454.131609
1742884454.166783
1742884454.200808
1742884454.226459
1742884454.263638
1742884454.302705
1742884454.330035
1742884454.362783
1742884454.401839
1742884454.431968
1742884454.464334
1742884454.495592
1742884454.535982
1742884454.562686
1742884454.600525
1742884454.627095
1742884454.666246
1742884454.699007
1742884454.731982
1742884454.762727
1742884454.800418
1742884454.833930
1742884454.867737
1742884454.896060
1742884454.933236
1742884454.966825
1742884455.001228
1742884455.027412
1742884455.067936
1742884455.099960
1742884455.134366
1742884455.159652
1742884455.201859
1742884455.230784
1742884455.265784
1742884455.296266
1742884455.335319
1742884455.363315
1742884455.401157
1742884455.425727
1742884455.467240
1742884455.500865
1742884455.533067
1742884455.561961
1742884455.602123
1742884455.628655
1742884455.669945
1742884455.692812
1742884455.732980
1742884455.765809
1742884455.798473
1742884455.828003
1742884455.866448
1742884455.901613
1742884455.934645
1742884455.959449
1742884455.998998
1742884456.034807
1742884456.068847
1742884456.093106
1742884456.132358
1742884456.163496
1742884456.203734
1742884456.226381
1742884456.268416
1742884456.297501
1742884456.337739
1742884456.359354
1742884456.401193
1742884456.435207
1742884456.465938
1742884456.496496
1742884456.536335
1742884456.562903
1742884456.604192
1742884456.626105
1742884456.664930
1742884456.700218
1742884456.735189
1742884456.760059
1742884456.800144
1742884456.835832
1742884456.864408
1742884456.896892
1742884456.933901
1742884456.968878
1742884456.998747
1742884457.030636
1742884457.067446
1742884457.102574
1742884457.133901
1742884457.162068
1742884457.203122
1742884457.232787
1742884457.268099
1742884457.295889
1742884457.336488
1742884457.366264
1742884457.402389
1742884457.429006
1742884457.470447
1742884457.497558
1742884457.537359
1742884457.561464
1742884457.602882
1742884457.632665
1742884457.668462
1742884457.697988
1742884457.736324
1742884457.763851
1742884457.803825
1742884457.826878
1742884457.868538
1742884457.898930
1742884457.937200
1742884457.960190
1742884458.001481
1742884458.036677
1742884458.065670
1742884458.097157
1742884458.137498
1742884458.165496
1742884458.199457
1742884458.231023
1742884458.270269
1742884458.299905
1742884458.334257
1742884458.362915
1742884458.403271
1742884458.433481
1742884458.469048
1742884458.493766
1742884458.535043
1742884458.570015
1742884458.598927
1742884458.631685
1742884458.671430
1742884458.698681
1742884458.734674
1742884458.764442
1742884458.803759
1742884458.833754
1742884458.869404
1742884458.897042
1742884458.935860
1742884458.966938
1742884459.002603
1742884459.028846
1742884459.070795
1742884459.099996
1742884459.136810
1742884459.160960
1742884459.202382
1742884459.237029
1742884459.267026
1742884459.296311
1742884459.337591
1742884459.367664
1742884459.403170
1742884459.427647
1742884459.466458
1742884459.497229
1742884459.538528
1742884459.560852
1742884459.602604
1742884459.635697
1742884459.671851
1742884459.694937
1742884459.736953
1742884459.766060
1742884459.802192
1742884459.830896
1742884459.872461
1742884459.899312
1742884459.938797
1742884459.961097
1742884460.003217
1742884460.034895
1742884460.071465
1742884460.094471
1742884460.136780
1742884460.166762
1742884460.203695
1742884460.228227
1742884460.271531
1742884460.301325
1742884460.334880
1742884460.365607
1742884460.405747
1742884460.432031
1742884460.467336
1742884460.499843
1742884460.536575
1742884460.567372
1742884460.603659
1742884460.630708
1742884460.672502
1742884460.698954
1742884460.739616
1742884460.761490
1742884460.803498
1742884460.836937
1742884460.866838
1742884460.900043
1742884460.936156
1742884460.971172
1742884461.004729
1742884461.028286
1742884461.074718
1742884461.098265
1742884461.136193
1742884461.172182
1742884461.195201
1742884461.239088
1742884461.266311
1742884461.304809
1742884461.332974
1742884461.363879
1742884461.400044
1742884461.432810
1742884461.474552
1742884461.495409
1742884461.538840
1742884461.566289
1742884461.608094
1742884461.628627
1742884461.672150
1742884461.699068
1742884461.740092
1742884461.762146
1742884461.808822
1742884461.831842
1742884461.873965
1742884461.895387
1742884461.941380
1742884461.965816
1742884462.006732
1742884462.029598
1742884462.073027
1742884462.098583
1742884462.141036
1742884462.162593
1742884462.206349
1742884462.232087
1742884462.273365
1742884462.295800
1742884462.339133
1742884462.366571
1742884462.407235
1742884462.429129
1742884462.475362
1742884462.498949
1742884462.540293
1742884462.562299
1742884462.608089
1742884462.632155
1742884462.673829
1742884462.695655
1742884462.741409
1742884462.765271
1742884462.808276
1742884462.829078
1742884462.872199
1742884462.899118
1742884462.941010
1742884462.962385
1742884463.006315
1742884463.031733
1742884463.075036
1742884463.095979
1742884463.139658
1742884463.165679
1742884463.204115
1742884463.229355
1742884463.272918
1742884463.299065
1742884463.341090
1742884463.362701
1742884463.408228
1742884463.431927
1742884463.475420
1742884463.496039
1742884463.541019
1742884463.565830
1742884463.603796
1742884463.630004
1742884463.673331
1742884463.698941
1742884463.738083
1742884463.764082
1742884463.808595
1742884463.832247
1742884463.871317
1742884463.897215
1742884463.943070
1742884463.965640
1742884464.004445
1742884464.029764
1742884464.074838
1742884464.098916
1742884464.141364
1742884464.163160
1742884464.210004
1742884464.231820
1742884464.270570
1742884464.296525
1742884464.343374
1742884464.365702
1742884464.404887
1742884464.429910
1742884464.473249
1742884464.499968
1742884464.542467
1742884464.563458
1742884464.610021
1742884464.632081
1742884464.678083
1742884464.696818
1742884464.743443
1742884464.765017
1742884464.809896
1742884464.830096
1742884464.871982
1742884464.899495
1742884464.938661
1742884464.963714
1742884465.010633
1742884465.031990
1742884465.076829
1742884465.097055
1742884465.136332
1742884465.173791
1742884465.200568
1742884465.233068
1742884465.270562
1742884465.306188
1742884465.333706
1742884465.367835
1742884465.406567
1742884465.433322
1742884465.475685
1742884465.497325
1742884465.543727
1742884465.566008
1742884465.608822
1742884465.630619
1742884465.676873
1742884465.699293
1742884465.740914
1742884465.764809
1742884465.810050
1742884465.832571
1742884465.874129
1742884465.898002
1742884465.943205
1742884465.966248
1742884466.008474
1742884466.031123
1742884466.076309
1742884466.099548
1742884466.139144
1742884466.166384
1742884466.206776
1742884466.233839
1742884466.275919
1742884466.298426
1742884466.342615
1742884466.366699
1742884466.406696
1742884466.432951
1742884466.475466
1742884466.499824
1742884466.542056
1742884466.564704
1742884466.610760
1742884466.633003
1742884466.678867
1742884466.698172
1742884466.743710
1742884466.766499
1742884466.812572
1742884466.831707
1742884466.878951
1742884466.899269
1742884466.944300
1742884466.964775
1742884467.011706
1742884467.033085
1742884467.079488
1742884467.098411
1742884467.144225
1742884467.166493
1742884467.212919
1742884467.231791
1742884467.278936
1742884467.299526
1742884467.343119
1742884467.365118
1742884467.412252
1742884467.432862
1742884467.478305
1742884467.498682
1742884467.544680
1742884467.566619
1742884467.612807
1742884467.632311
1742884467.679715
1742884467.699331
1742884467.744477
1742884467.765589
1742884467.811905
1742884467.833283
1742884467.872723
1742884467.899431
1742884467.945390
1742884467.966515
1742884468.011258
1742884468.032118
1742884468.079569
1742884468.099480
1742884468.145292
1742884468.166277
1742884468.212399
1742884468.232608
1742884468.277884
1742884468.298798
1742884468.345281
1742884468.366572
1742884468.410658
1742884468.432313
1742884468.479774
1742884468.499651
1742884468.545429
1742884468.565676
1742884468.613323
1742884468.632770
1742884468.680102
1742884468.699025
1742884468.745476
1742884468.766926
1742884468.813100
1742884468.832512
1742884468.879703
1742884468.899736
1742884468.946247
1742884468.965902
1742884469.012967
1742884469.033097
1742884469.076653
1742884469.099374
1742884469.140121
1742884469.168453
1742884469.210495
1742884469.232717
1742884469.279058
1742884469.300282
1742884469.343352
1742884469.366015
1742884469.409114
1742884469.435027
1742884469.476694
1742884469.513061
1742884469.533184
1742884469.579699
1742884469.600728
1742884469.647793
1742884469.666716
1742884469.711768
1742884469.733122
1742884469.779910
1742884469.800652
1742884469.843389
1742884469.867087
1742884469.911940
1742884469.933644
1742884469.975743
1742884470.000262
1742884470.047375
1742884470.067042
1742884470.106811
1742884470.134413
1742884470.180514
1742884470.200538
1742884470.239669
1742884470.270425
1742884470.311960
1742884470.333943
1742884470.374928
1742884470.400720
1742884470.446333
1742884470.467379
1742884470.506155
1742884470.534861
1742884470.577938
1742884470.600912
1742884470.642107
1742884470.667368
1742884470.714103
1742884470.733838
1742884470.775895
1742884470.800595
1742884470.844234
1742884470.867128
1742884470.905895
1742884470.937443
1742884470.979368
1742884471.001049
1742884471.039669
1742884471.072821
1742884471.111509
1742884471.134632
1742884471.172118
1742884471.207250
1742884471.245550
1742884471.267753
1742884471.301232
1742884471.347609
1742884471.367309
1742884471.413747
1742884471.433845
1742884471.479630
1742884471.501030
1742884471.543170
1742884471.567151
1742884471.604376
1742884471.639774
1742884471.680218
1742884471.700669
1742884471.738297
1742884471.780168
1742884471.801217
1742884471.846439
1742884471.867836
1742884471.911079
1742884471.939036
1742884471.967930
1742884472.012757
1742884472.034685
1742884472.075865
1742884472.101134
1742884472.144770
1742884472.170640
1742884472.213028
1742884472.234162
1742884472.278149
1742884472.301593
1742884472.348383
1742884472.367656
1742884472.415103
1742884472.434595
1742884472.475504
1742884472.501186
1742884472.546001
1742884472.568356
1742884472.614285
1742884472.634550
1742884472.679760
1742884472.701540
1742884472.745252
1742884472.767792
1742884472.811733
1742884472.834888
1742884472.877698
1742884472.901207
1742884472.944638
1742884472.971398
1742884473.013472
1742884473.034510
1742884473.081386
1742884473.101912
1742884473.146905
1742884473.168107
1742884473.210528
1742884473.242529
1742884473.278159
1742884473.301555
1742884473.348259
1742884473.368867
1742884473.411856
1742884473.435425
1742884473.482154
1742884473.502634
1742884473.548987
1742884473.568662
1742884473.612292
1742884473.636154
1742884473.679690
1742884473.702772
1742884473.749622
1742884473.769758
1742884473.813700
1742884473.835560
1742884473.882317
1742884473.902935
1742884473.949166
1742884473.968513
1742884474.015196
1742884474.036185
1742884474.080012
1742884474.101779
1742884474.144340
1742884474.170975
1742884474.213508
1742884474.235168
1742884474.278593
1742884474.304233
1742884474.346393
1742884474.368698
1742884474.411728
1742884474.439634
1742884474.481587
1742884474.501991
1742884474.549211
1742884474.569776
1742884474.612617
1742884474.635433
1742884474.678904
1742884474.707348
1742884474.747611
1742884474.768802
1742884474.812333
1742884474.840293
1742884474.881973
1742884474.902151
1742884474.946464
1742884474.970837
1742884475.014085
1742884475.035533
1742884475.081378
1742884475.103819
1742884475.149169
1742884475.168999
1742884475.211553
1742884475.240669
1742884475.282734
1742884475.302400
1742884475.344042
1742884475.376121
1742884475.413443
1742884475.435761
1742884475.482384
1742884475.503938
1742884475.548623
1742884475.569191
1742884475.609910
1742884475.643863
1742884475.679648
1742884475.702574
1742884475.750121
1742884475.771596
1742884475.815537
1742884475.835995
1742884475.881111
1742884475.904482
1742884475.949607
1742884475.969539
1742884476.017115
1742884476.038729
1742884476.082653
1742884476.102811
1742884476.149614
1742884476.171859
1742884476.211486
1742884476.236225
1742884476.283473
1742884476.305420
1742884476.349421
1742884476.369646
1742884476.412963
1742884476.441352
1742884476.482469
1742884476.502989
1742884476.549200
1742884476.572054
1742884476.618317
1742884476.636536
1742884476.682783
1742884476.705878
1742884476.748051
1742884476.769866
1742884476.813604
1742884476.841746
1742884476.883508
1742884476.903172
1742884476.946521
1742884476.972412
1742884477.015888
1742884477.036574
1742884477.080704
1742884477.106252
1742884477.147553
1742884477.169901
1742884477.211784
1742884477.243155
1742884477.281278
1742884477.303357
1742884477.349686
1742884477.372835
1742884477.415176
1742884477.436864
1742884477.484252
1742884477.506752
1742884477.550123
1742884477.570319
1742884477.617975
1742884477.640118
1742884477.683063
1742884477.703648
1742884477.748638
1742884477.771567
1742884477.815389
1742884477.848752
1742884477.870521
1742884477.913798
1742884477.945187
1742884477.980091
1742884478.008225
1742884478.040793
1742884478.079621
1742884478.110831
1742884478.147529
1742884478.170516
1742884478.215675
1742884478.240169
1742884478.284187
1742884478.303982
1742884478.351590
1742884478.373278
1742884478.416252
1742884478.437339
1742884478.484513
1742884478.507401
1742884478.549558
1742884478.570795
1742884478.614508
1742884478.644080
1742884478.681423
1742884478.704121
1742884478.748073
1742884478.776422
1742884478.814038
1742884478.837950
1742884478.885323
1742884478.907088
1742884478.948701
1742884478.970903
1742884479.016153
1742884479.042069
1742884479.083750
1742884479.104350
1742884479.146501
1742884479.179960
1742884479.213152
1742884479.237722
1742884479.281647
1742884479.309265
1742884479.349637
1742884479.371085
1742884479.414586
1742884479.439529
1742884479.482914
1742884479.504579
1742884479.550501
1742884479.575039
1742884479.616890
1742884479.637911
1742884479.681727
1742884479.711180
1742884479.748534
1742884479.771297
1742884479.817588
1742884479.841867
1742884479.883659
1742884479.904698
1742884479.952082
1742884479.974723
1742884480.016797
1742884480.038051
1742884480.081722
1742884480.110739
1742884480.147748
1742884480.171438
1742884480.218166
1742884480.241746
1742884480.284347
1742884480.304866
1742884480.351661
1742884480.374902
1742884480.415507
1742884480.438399
1742884480.482087
1742884480.510705
1742884480.548718
1742884480.571712
1742884480.618453
1742884480.642774
1742884480.682931
1742884480.705141
1742884480.751733
1742884480.775728
1742884480.817247
1742884480.838426
1742884480.883058
1742884480.910470
1742884480.949969
1742884480.971989
1742884481.017162
1742884481.042997
1742884481.081735
1742884481.105301
1742884481.152797
1742884481.175330
1742884481.216220
1742884481.238649
1742884481.284074
1742884481.310184
1742884481.349247
1742884481.372300
1742884481.417436
1742884481.443189
1742884481.482415
1742884481.505453
1742884481.551127
1742884481.575811
1742884481.616726
1742884481.639105
1742884481.684496
1742884481.710087
1742884481.747970
1742884481.772844
1742884481.818627
1742884481.843076
1742884481.881258
1742884481.908540
1742884481.950366
1742884481.977750
1742884482.018256
1742884482.039196
1742884482.084792
1742884482.110730
1742884482.150266
1742884482.172464
1742884482.216019
1742884482.244975
1742884482.283882
1742884482.306000
1742884482.350943
1742884482.377298
1742884482.416467
1742884482.439274
1742884482.485134
1742884482.510815
1742884482.547089
1742884482.573775
1742884482.619467
1742884482.643265
1742884482.681325
1742884482.706864
1742884482.753068
1742884482.777136
1742884482.815090
1742884482.839694
1742884482.885703
1742884482.910962
1742884482.950172
1742884482.972944
1742884483.018270
1742884483.044625
1742884483.082654
1742884483.106400
1742884483.152351
1742884483.177617
1742884483.219298
1742884483.239718
1742884483.284886
1742884483.310904
1742884483.349437
1742884483.373089
1742884483.417678
1742884483.444323
1742884483.484412
1742884483.506557
1742884483.552539
1742884483.577648
1742884483.618127
1742884483.639865
1742884483.685762
1742884483.711541
1742884483.751539
1742884483.773724
1742884483.819225
1742884483.843247
1742884483.885636
1742884483.906825
1742884483.953288
1742884483.977732
1742884484.017151
1742884484.042156
1742884484.083980
1742884484.113320
1742884484.152030
1742884484.173633
1742884484.216841
1742884484.246916
1742884484.284774
1742884484.306927
1742884484.349716
1742884484.381090
1742884484.415845
1742884484.440621
1742884484.486202
1742884484.511616
1742884484.551875
1742884484.573747
1742884484.614760
1742884484.650550
1742884484.681253
1742884484.710021
1742884484.748245
1742884484.784216
1742884484.814057
1742884484.841447
1742884484.884173
1742884484.911264
1742884484.951762
1742884484.974005
1742884485.019619
1742884485.044567
1742884485.084826
1742884485.107587
1742884485.151689
1742884485.178568
1742884485.219552
1742884485.241011
1742884485.284659
1742884485.313235
1742884485.352180
1742884485.375223
1742884485.416432
1742884485.448448
1742884485.481216
1742884485.512232
1742884485.551467
1742884485.579830
1742884485.619207
1742884485.641233
1742884485.684254
1742884485.713354
1742884485.749104
1742884485.775780
1742884485.818251
1742884485.845910
1742884485.884945
1742884485.907924
1742884485.951464
1742884485.981355
1742884486.017032
1742884486.042851
1742884486.081593
1742884486.115031
1742884486.149356
1742884486.185338
1742884486.208326
1742884486.250339
1742884486.285429
1742884486.314274
1742884486.350567
1742884486.379855
1742884486.416969
1742884486.448112
1742884486.483623
1742884486.511060
1742884486.550212
1742884486.583085
1742884486.618553
1742884486.645295
1742884486.685684
1742884486.712129
1742884486.753429
1742884486.775204
1742884486.820216
1742884486.841316
1742884486.877516
1742884486.908554
1742884486.949963
1742884486.983198
1742884487.016864
1742884487.042096
1742884487.083702
1742884487.115310
1742884487.151311
1742884487.176658
1742884487.219773
1742884487.246580
1742884487.287117
1742884487.308767
1742884487.351148
1742884487.382934
1742884487.417285
1742884487.443942
1742884487.484990
1742884487.514659
1742884487.550723
1742884487.576409
1742884487.615925
1742884487.646903
1742884487.685902
1742884487.708816
1742884487.751083
1742884487.779629
1742884487.817282
1742884487.842348
1742884487.886582
1742884487.913888
1742884487.952060
1742884487.975721
1742884488.019658
1742884488.049005
1742884488.082807
1742884488.109096
1742884488.152940
1742884488.179875
1742884488.219304
1742884488.242159
1742884488.285726
1742884488.313869
1742884488.352000
1742884488.375551
1742884488.418102
1742884488.447215
1742884488.483617
1742884488.509447
1742884488.549081
1742884488.581556
1742884488.618661
1742884488.642624
1742884488.681643
1742884488.719986
1742884488.748326
1742884488.780449
1742884488.816841
1742884488.851757
1742884488.882455
1742884488.911615
1742884488.951874
1742884488.981491
1742884489.014660
1742884489.044766
1742884489.085121
1742884489.115724
1742884489.151558
1742884489.175937
1742884489.220961
1742884489.247217
1742884489.285412
1742884489.309370
1742884489.349073
1742884489.382219
1742884489.415775
1742884489.442831
1742884489.482172
1742884489.517749
1742884489.552697
1742884489.576150
1742884489.616021
1742884489.650163
1742884489.686269
1742884489.709664
1742884489.748984
1742884489.784324
1742884489.819646
1742884489.843191
1742884489.886595
1742884489.915246
1742884489.950096
1742884489.980769
1742884490.021307
1742884490.048397
1742884490.082997
1742884490.111783
1742884490.149637
1742884490.186202
1742884490.216706
1742884490.243083
1742884490.283736
1742884490.318865
1742884490.348149
1742884490.376277
1742884490.414384
1742884490.446771
1742884490.487248
1742884490.510034
1742884490.550977
1742884490.584734
1742884490.618205
1742884490.643478
1742884490.684471
1742884490.719007
1742884490.750165
1742884490.777029
1742884490.818520
1742884490.847375
1742884490.885766
1742884490.910210
1742884490.951652
1742884490.984150
1742884491.019331
1742884491.043547
1742884491.084869
1742884491.119326
1742884491.151567
1742884491.178057
1742884491.220106
1742884491.250993
1742884491.285004
1742884491.311759
1742884491.353190
1742884491.378712
1742884491.419813
1742884491.444852
1742884491.485517
1742884491.519791
1742884491.551227
1742884491.580274
1742884491.620994
1742884491.648584
1742884491.687634
1742884491.710940
1742884491.752400
1742884491.785745
1742884491.820924
1742884491.844412
1742884491.886159
1742884491.920943
1742884491.950387
1742884491.982168
1742884492.019291
1742884492.049914
1742884492.086871
1742884492.112553
1742884492.155501
1742884492.181351
1742884492.221117
1742884492.244566
1742884492.286170
1742884492.318313
1742884492.353055
1742884492.379889
1742884492.421060
1742884492.449147
1742884492.489486
1742884492.511691
1742884492.553253
1742884492.587505
1742884492.618495
1742884492.647757
1742884492.685070
1742884492.717689
1742884492.753630
1742884492.778054
1742884492.820143
1742884492.852747
1742884492.886331
1742884492.911469
1742884492.954131
1742884492.983870
1742884493.020455
1742884493.044812
1742884493.085589
1742884493.116453
1742884493.154613
1742884493.178064
1742884493.220951
1742884493.250964
1742884493.287785
1742884493.313457
1742884493.353867
1742884493.385215
1742884493.420138
1742884493.449600
1742884493.487433
1742884493.521091
1742884493.554941
1742884493.580745
1742884493.622552
1742884493.648519
1742884493.689947
1742884493.711941
1742884493.756464
1742884493.782726
1742884493.822756
1742884493.845250
1742884493.889374
1742884493.915177
1742884493.957027
1742884493.978473
1742884494.022636
1742884494.048891
1742884494.086414
1742884494.112196
1742884494.156926
1742884494.181201
1742884494.221719
1742884494.245221
1742884494.291984
1742884494.315093
1742884494.355991
1742884494.378629
1742884494.423254
1742884494.448514
1742884494.491232
1742884494.517405
1742884494.545574
1742884494.588885
1742884494.616616
1742884494.659149
1742884494.682333
1742884494.719241
1742884494.751094
1742884494.790552
1742884494.815676
1742884494.849445
1742884494.889674
1742884494.915085
1742884494.953761
1742884494.982262
1742884495.022651
1742884495.049041
1742884495.091094
1742884495.112524
1742884495.158819
1742884495.182097
1742884495.223938
1742884495.245694
1742884495.290028
1742884495.315754
1742884495.357375
1742884495.379340
1742884495.418933
1742884495.456604
1742884495.482634
1742884495.517412
1742884495.558197
1742884495.582382
1742884495.625466
1742884495.645961
1742884495.692431
1742884495.714333
1742884495.752752
1742884495.781328
1742884495.825613
1742884495.848553
1742884495.890510
1742884495.913201
1742884495.958769
1742884495.982442
1742884496.024517
1742884496.046675
1742884496.090298
1742884496.116286
1742884496.154921
1742884496.180574
1742884496.225137
1742884496.248790
1742884496.289202
1742884496.313018
1742884496.359651
1742884496.382595
1742884496.424728
1742884496.446388
1742884496.493849
1742884496.515263
1742884496.557942
1742884496.579807
1742884496.624544
1742884496.649226
1742884496.691532
1742884496.713200
1742884496.759113
1742884496.782664
1742884496.817992
1742884496.857977
1742884496.883005
1742884496.921580
1742884496.946611
1742884496.993265
1742884497.015424
1742884497.057177
1742884497.079928
1742884497.126877
1742884497.149125
1742884497.187937
1742884497.213763
1742884497.258262
1742884497.282556
1742884497.327410
1742884497.347013
1742884497.392506
1742884497.415765
1742884497.454275
1742884497.482732
1742884497.521543
1742884497.552499
1742884497.592770
1742884497.613866
1742884497.659487
1742884497.682630
1742884497.726399
1742884497.747242
1742884497.792267
1742884497.816052
1742884497.855218
1742884497.881005
1742884497.926829
1742884497.949420
1742884497.989001
1742884498.014982
1742884498.061621
1742884498.082490
1742884498.128205
1742884498.147704
1742884498.193820
1742884498.216291
1742884498.261306
1742884498.280886
1742884498.327591
1742884498.349438
1742884498.394087
1742884498.414160
1742884498.457357
1742884498.483849
1742884498.524119
1742884498.547747
1742884498.594907
1742884498.616158
1742884498.655988
1742884498.681988
1742884498.728478
1742884498.749479
1742884498.789627
1742884498.814658
1742884498.861704
1742884498.882835
1742884498.929391
1742884498.948005
1742884498.994808
1742884499.016344
1742884499.061599
1742884499.081276
1742884499.128651
1742884499.149225
1742884499.195172
1742884499.214699
1742884499.261331
1742884499.282602
1742884499.329022
1742884499.348141
1742884499.394429
1742884499.416425
1742884499.459672
1742884499.481440
1742884499.528390
1742884499.549270
1742884499.595082
1742884499.614884
1742884499.660730
1742884499.683170
1742884499.728718
1742884499.748248
1742884499.795444
1742884499.816163
1742884499.861275
1742884499.881848
1742884499.929442
1742884499.949371
1742884499.994004
1742884500.015345
1742884500.062423
1742884500.082976
1742884500.128239
1742884500.148694
1742884500.195421
1742884500.216770
1742884500.261875
1742884500.281953
1742884500.329221
1742884500.349271
1742884500.395710
1742884500.415449
1742884500.462781
1742884500.482713
1742884500.528728
1742884500.548817
1742884500.595498
1742884500.616366
1742884500.659424
1742884500.682355
1742884500.726867
1742884500.750085
1742884500.794873
1742884500.815635
1742884500.863119
1742884500.883111
1742884500.929773
1742884500.949076
1742884500.995603
1742884501.016857
1742884501.061134
1742884501.082285
1742884501.129951
1742884501.149772
1742884501.193578
1742884501.215770
1742884501.259691
1742884501.283398
1742884501.330376
1742884501.349196
1742884501.396463
1742884501.415890
1742884501.460257
1742884501.482514
1742884501.528474
1742884501.549582
1742884501.586112
1742884501.615998
1742884501.655682
1742884501.687864
1742884501.727997
1742884501.749145
1742884501.795939
1742884501.816760
1742884501.861657
1742884501.882720
1742884501.929814
1742884501.949949
1742884501.996337
1742884502.016317
1742884502.063427
1742884502.083554
1742884502.127461
1742884502.149767
1742884502.196369
1742884502.217046
1742884502.260145
1742884502.282918
1742884502.326537
1742884502.350390
1742884502.393931
1742884502.416506
1742884502.463463
1742884502.483502
1742884502.524832
1742884502.549675
1742884502.596427
1742884502.616765
1742884502.661946
1742884502.683141
1742884502.729540
1742884502.750197
1742884502.796696
1742884502.816773
1742884502.860428
1742884502.883083
1742884502.929359
1742884502.950476
1742884502.996329
1742884503.016887
1742884503.049576
1742884503.096999
1742884503.116573
1742884503.162530
1742884503.183217
1742884503.222583
1742884503.254585
1742884503.295729
1742884503.316545
1742884503.359089
1742884503.384016
1742884503.430037
1742884503.449981
1742884503.495833
1742884503.517073
1742884503.564341
1742884503.583420
1742884503.629641
1742884503.650367
1742884503.697735
1742884503.716769
1742884503.763065
1742884503.783759
1742884503.830864
1742884503.850293
1742884503.896773
1742884503.917158
1742884503.962740
1742884503.983637
1742884504.027103
1742884504.051089
1742884504.097338
1742884504.117476
1742884504.163442
1742884504.184166
1742884504.231424
1742884504.250564
1742884504.287152
1742884504.329912
1742884504.350984
1742884504.388166
1742884504.422574
1742884504.462978
1742884504.484502
1742884504.521296
1742884504.558823
1742884504.589019
1742884504.630827
1742884504.650641
1742884504.697564
1742884504.717680
1742884504.764911
1742884504.784276
1742884504.829131
1742884504.851465
1742884504.897460
1742884504.917594
1742884504.961184
1742884504.985098
1742884505.031449
1742884505.051148
1742884505.097968
1742884505.118522
1742884505.163124
1742884505.184378
1742884505.230412
1742884505.251625
1742884505.295006
1742884505.317715
1742884505.361361
1742884505.385905
1742884505.428131
1742884505.451181
1742884505.494715
1742884505.518575
1742884505.563959
1742884505.584689
1742884505.631800
1742884505.652064
1742884505.697962
1742884505.717995
1742884505.764908
1742884505.785609
1742884505.830325
1742884505.851351
1742884505.897799
1742884505.918846
1742884505.964150
1742884505.984826
1742884506.030873
1742884506.052335
1742884506.099414
1742884506.118415
1742884506.163492
1742884506.185738
1742884506.228250
1742884506.251680
1742884506.294947
1742884506.322200
1742884506.364982
1742884506.385059
1742884506.432312
1742884506.452903
1742884506.496947
1742884506.518329
1742884506.564138
1742884506.585919
1742884506.633415
1742884506.651905
1742884506.696739
1742884506.719526
1742884506.762451
1742884506.785196
1742884506.828829
1742884506.854250
1742884506.898550
1742884506.918712
1742884506.962274
1742884506.988050
1742884507.029435
1742884507.052125
1742884507.099588
1742884507.120449
1742884507.164167
1742884507.185511
1742884507.232618
1742884507.253305
1742884507.299194
1742884507.318875
1742884507.365794
1742884507.387946
1742884507.433898
1742884507.452526
1742884507.496667
1742884507.520896
1742884507.565112
1742884507.585717
1742884507.629076
1742884507.656522
1742884507.698991
1742884507.719120
1742884507.763373
1742884507.787252
1742884507.832673
1742884507.852445
1742884507.898816
1742884507.921272
1742884507.963389
1742884507.985975
1742884508.030914
1742884508.054648
1742884508.099538
1742884508.119281
1742884508.162960
1742884508.192069
1742884508.228708
1742884508.252634
1742884508.299256
1742884508.320998
1742884508.363253
1742884508.385986
1742884508.429179
1742884508.457202
1742884508.499075
1742884508.519419
1742884508.563172
1742884508.588280
1742884508.630515
1742884508.652766
1742884508.696224
1742884508.723923
1742884508.765541
1742884508.786210
1742884508.829416
1742884508.858329
1742884508.898521
1742884508.919733
1742884508.962349
1742884508.991226
1742884509.032822
1742884509.053031
1742884509.100441
1742884509.122157
1742884509.166334
1742884509.186424
1742884509.234001
1742884509.255914
1742884509.298048
1742884509.319846
1742884509.363631
1742884509.389124
1742884509.431567
1742884509.453229
1742884509.496496
1742884509.525769
1742884509.566754
1742884509.586614
1742884509.630226
1742884509.656719
1742884509.700062
1742884509.720002
1742884509.765348
1742884509.789810
1742884509.832370
1742884509.853579
1742884509.900715
1742884509.923028
1742884509.965717
1742884509.986874
1742884510.033749
1742884510.056582
1742884510.100790
1742884510.120350
1742884510.164328
1742884510.192036
1742884510.232164
1742884510.253632
1742884510.297283
1742884510.325305
1742884510.366570
1742884510.387018
1742884510.434490
1742884510.456143
1742884510.498804
1742884510.520344
1742884510.564190
1742884510.590493
1742884510.634841
1742884510.653828
1742884510.701237
1742884510.723559
1742884510.768075
1742884510.787359
1742884510.832810
1742884510.856934
1742884510.901626
1742884510.920672
1742884510.964034
1742884510.993314
1742884511.030875
1742884511.054068
1742884511.101644
1742884511.123696
1742884511.167833
1742884511.197609
1742884511.220996
1742884511.264502
1742884511.294706
1742884511.331847
1742884511.357159
1742884511.395338
1742884511.425307
1742884511.467471
1742884511.491483
1742884511.524583
1742884511.566388
1742884511.591865
1742884511.633879
1742884511.654453
1742884511.701913
1742884511.723949
1742884511.768358
1742884511.787825
1742884511.834733
1742884511.858073
1742884511.899678
1742884511.921226
1742884511.968175
1742884511.992428
1742884512.033543
1742884512.054584
1742884512.098296
1742884512.123940
1742884512.167260
1742884512.188117
1742884512.235076
1742884512.257098
1742884512.299715
1742884512.321647
1742884512.368306
1742884512.392203
1742884512.433965
1742884512.454741
1742884512.501214
1742884512.525782
1742884512.567474
1742884512.588158
1742884512.635643
1742884512.658220
1742884512.699329
1742884512.721534
1742884512.768681
1742884512.791847
1742884512.832918
1742884512.854941
1742884512.899783
1742884512.927882
1742884512.967149
1742884512.988269
1742884513.033296
1742884513.060036
1742884513.101191
1742884513.121866
1742884513.168987
1742884513.191736
1742884513.234450
1742884513.255191
1742884513.302565
1742884513.325981
1742884513.367122
1742884513.388565
1742884513.431148
1742884513.461334
1742884513.500416
1742884513.521971
1742884513.567480
1742884513.592836
1742884513.631560
1742884513.655477
1742884513.701947
1742884513.725691
1742884513.767434
1742884513.788773
1742884513.831449
1742884513.861565
1742884513.899493
1742884513.922209
1742884513.967040
1742884513.993084
1742884514.031139
1742884514.055779
1742884514.101296
1742884514.126240
1742884514.167971
1742884514.189019
1742884514.233508
1742884514.261386
1742884514.297895
1742884514.323112
1742884514.366481
1742884514.396045
1742884514.432626
1742884514.455916
1742884514.496986
1742884514.528858
1742884514.565072
1742884514.589272
1742884514.634340
1742884514.660788
1742884514.700262
1742884514.722521
1742884514.768643
1742884514.793336
1742884514.831628
1742884514.856646
1742884514.901868
1742884514.925246
1742884514.966879
1742884514.989481
1742884515.034795
1742884515.060160
1742884515.098917
1742884515.123113
1742884515.168298
1742884515.194114
1742884515.234136
1742884515.257947
1742884515.300127
1742884515.330058
1742884515.367689
1742884515.389869
1742884515.436004
1742884515.460426
1742884515.500161
1742884515.523004
1742884515.569422
1742884515.594039
1742884515.634677
1742884515.656481
1742884515.702536
1742884515.727551
1742884515.769299
1742884515.789823
1742884515.832753
1742884515.861625
1742884515.902029
1742884515.923140
1742884515.969487
1742884515.994409
1742884516.034205
1742884516.056554
1742884516.103263
1742884516.128204
1742884516.167122
1742884516.190896
1742884516.235992
1742884516.260532
1742884516.300383
1742884516.324045
1742884516.366616
1742884516.394540
1742884516.434872
1742884516.457250
1742884516.502893
1742884516.528614
1742884516.568397
1742884516.590279
1742884516.636277
1742884516.659903
1742884516.698217
1742884516.723668
1742884516.766811
1742884516.796703
1742884516.832558
1742884516.857204
1742884516.900682
1742884516.929926
1742884516.966052
1742884516.991897
1742884517.033617
1742884517.062637
1742884517.100789
1742884517.123930
1742884517.166564
1742884517.198545
1742884517.233593
1742884517.257638
1742884517.298325
1742884517.334117
1742884517.361788
1742884517.397225
1742884517.430153
1742884517.466340
1742884517.499626
1742884517.523942
1742884517.566772
1742884517.598137
1742884517.632868
1742884517.657395
1742884517.701049
1742884517.728564
1742884517.769110
1742884517.790767
1742884517.833883
1742884517.862077
1742884517.902233
1742884517.924228
1742884517.967289
1742884517.996812
1742884518.033286
1742884518.058229
1742884518.101113
1742884518.130359
1742884518.167014
1742884518.191950
1742884518.233733
1742884518.265620
1742884518.297936
1742884518.328656
1742884518.366877
1742884518.400391
1742884518.432754
1742884518.458798
1742884518.500211
1742884518.530731
1742884518.566901
1742884518.591411
1742884518.633803
1742884518.664953
1742884518.699267
1742884518.724725
1742884518.767512
1742884518.798672
1742884518.834676
1742884518.857839
1742884518.902082
1742884518.929595
1742884518.970408
1742884518.991532
1742884519.035198
1742884519.065436
1742884519.100489
1742884519.125900
1742884519.167313
1742884519.196593
1742884519.237386
1742884519.258373
1742884519.300938
1742884519.333868
1742884519.367802
1742884519.392293
1742884519.434065
1742884519.465580
1742884519.500798
1742884519.536012
1742884519.558562
1742884519.601079
1742884519.634623
1742884519.665220
1742884519.700339
1742884519.728867
1742884519.768923
1742884519.797534
1742884519.834646
1742884519.859652
1742884519.898663
1742884519.931238
1742884519.968270
1742884519.995924
1742884520.035516
1742884520.063999
1742884520.100519
1742884520.129938
1742884520.166961
1742884520.200652
1742884520.235431
1742884520.262505
1742884520.302138
1742884520.331440
1742884520.367949
1742884520.394590
1742884520.436286
1742884520.464692
1742884520.502719
1742884520.525506
1742884520.569407
1742884520.597426
1742884520.633731
1742884520.658837
1742884520.701369
1742884520.730234
1742884520.769273
1742884520.792277
1742884520.834727
1742884520.866026
1742884520.901122
1742884520.925732
1742884520.969309
1742884520.997366
1742884521.035119
1742884521.059272
1742884521.101986
1742884521.132624
1742884521.166423
1742884521.193124
1742884521.232521
1742884521.265388
1742884521.297851
1742884521.330031
1742884521.370638
1742884521.398084
1742884521.433735
1742884521.461176
1742884521.501874
1742884521.533728
1742884521.568375
1742884521.594716
1742884521.635022
1742884521.668697
1742884521.703700
1742884521.726298
1742884521.766437
1742884521.800702
1742884521.827557
1742884521.868262
1742884521.902866
1742884521.926180
1742884521.964645
1742884522.002405
1742884522.032761
1742884522.060152
1742884522.102153
1742884522.132500
1742884522.166529
1742884522.194641
1742884522.235505
1742884522.265688
1742884522.301139
1742884522.328634
1742884522.368688
1742884522.399187
1742884522.436052
1742884522.460126
1742884522.500900
1742884522.534802
1742884522.570312
1742884522.593454
1742884522.633935
1742884522.669465
1742884522.699884
1742884522.731325
1742884522.770091
1742884522.798143
1742884522.835670
1742884522.862933
1742884522.903359
1742884522.932019
1742884522.965211
1742884522.998239
1742884523.036814
1742884523.066775
1742884523.101505
1742884523.129815
1742884523.171071
1742884523.199896
1742884523.232524
1742884523.264463
1742884523.302401
1742884523.335825
1742884523.370651
1742884523.393956
1742884523.435538
1742884523.470119
1742884523.498449
1742884523.530829
1742884523.569691
1742884523.600135
1742884523.635477
1742884523.660694
1742884523.703212
1742884523.734159
1742884523.770674
1742884523.794026
1742884523.838277
1742884523.866882
1742884523.902935
1742884523.927875
1742884523.969513
1742884524.003171
1742884524.037116
1742884524.060804
1742884524.104156
1742884524.134446
1742884524.170529
1742884524.196502
1742884524.237183
1742884524.265257
1742884524.303588
1742884524.330051
1742884524.367701
1742884524.403938
1742884524.435403
1742884524.461579
1742884524.503646
1742884524.533414
1742884524.569969
1742884524.594220
1742884524.637927
1742884524.665458
1742884524.704923
1742884524.727535
1742884524.769124
1742884524.801513
1742884524.835871
1742884524.861206
1742884524.903186
1742884524.932519
1742884524.972166
1742884524.994328
1742884525.035972
1742884525.071328
1742884525.101721
1742884525.129591
1742884525.171121
1742884525.200322
1742884525.238658
1742884525.261197
1742884525.303821
1742884525.333612
1742884525.369541
1742884525.396931
1742884525.436622
1742884525.470338
1742884525.505223
1742884525.528042
1742884525.570253
1742884525.600704
1742884525.639199
1742884525.661454
1742884525.705439
1742884525.731643
1742884525.770885
1742884525.795233
1742884525.837087
1742884525.867275
1742884525.903266
1742884525.929817
1742884525.974141
1742884525.998089
1742884526.038685
1742884526.061728
1742884526.104456
1742884526.136204
1742884526.171605
1742884526.196542
1742884526.235045
1742884526.274595
1742884526.298377
1742884526.334572
1742884526.368446
1742884526.405313
1742884526.435330
1742884526.463627
1742884526.501564
1742884526.538953
1742884526.565711
1742884526.598359
1742884526.639159
1742884526.664909
1742884526.706875
1742884526.728510
1742884526.774802
1742884526.798217
1742884526.839145
1742884526.861914
1742884526.904928
1742884526.935212
1742884526.974199
1742884526.995365
1742884527.038035
1742884527.070954
1742884527.106148
1742884527.129007
1742884527.174949
1742884527.198445
1742884527.237760
1742884527.263444
1742884527.305897
1742884527.332991
1742884527.373680
1742884527.395631
1742884527.439186
1742884527.465818
1742884527.507234
1742884527.528940
1742884527.572892
1742884527.598805
1742884527.636193
1742884527.664039
1742884527.706503
1742884527.732224
1742884527.770084
1742884527.808014
1742884527.831082
1742884527.872563
1742884527.895922
1742884527.942742
1742884527.965822
1742884528.004415
1742884528.038712
1742884528.062743
1742884528.106082
1742884528.132481
1742884528.170578
1742884528.197389
1742884528.237739
1742884528.272459
1742884528.300210
1742884528.334194
1742884528.373760
1742884528.399630
1742884528.439589
1742884528.463132
1742884528.507328
1742884528.533144
1742884528.574081
1742884528.596207
1742884528.642960
1742884528.665660
1742884528.710069
1742884528.729788
1742884528.776044
1742884528.798994
1742884528.839421
1742884528.863603
1742884528.909664
1742884528.932342
1742884528.974713
1742884528.996913
1742884529.039344
1742884529.066153
1742884529.109455
1742884529.130025
1742884529.177704
1742884529.198731
1742884529.242864
1742884529.263285
1742884529.304630
1742884529.340528
1742884529.366937
1742884529.400768
1742884529.441436
1742884529.466087
1742884529.510809
1742884529.530124
1742884529.574560
1742884529.599502
1742884529.640226
1742884529.663511
1742884529.710205
1742884529.732703
1742884529.771944
1742884529.797329
1742884529.840736
1742884529.866921
1742884529.908947
1742884529.930415
1742884529.976820
1742884529.999415
1742884530.043096
1742884530.063844
1742884530.110931
1742884530.132450
1742884530.171120
1742884530.198752
1742884530.237038
1742884530.273341
1742884530.300420
1742884530.334618
1742884530.375227
1742884530.399332
1742884530.444208
1742884530.464033
1742884530.511487
1742884530.532542
1742884530.574368
1742884530.597314
1742884530.644811
1742884530.665456
1742884530.712035
1742884530.730964
1742884530.777533
1742884530.799205
1742884530.844164
1742884530.864139
1742884530.910500
1742884530.932798
1742884530.977680
1742884530.997629
1742884531.044948
1742884531.065918
1742884531.111840
1742884531.131061
1742884531.178486
1742884531.199306
1742884531.245103
1742884531.264554
1742884531.311207
1742884531.332771
1742884531.372518
1742884531.398047
1742884531.444125
1742884531.466064
1742884531.511962
1742884531.531357
1742884531.565555
1742884531.599308
1742884531.634630
1742884531.669249
1742884531.706415
1742884531.737686
1742884531.776722
1742884531.797987
1742884531.844779
1742884531.866525
1742884531.912857
1742884531.931784
1742884531.978712
1742884531.999656
1742884532.045608
1742884532.064957
1742884532.112300
1742884532.132903
1742884532.179339
1742884532.198470
1742884532.245563
1742884532.266057
1742884532.305880
1742884532.332921
1742884532.378743
1742884532.399689
1742884532.445815
1742884532.465252
1742884532.512524
1742884532.532809
1742884532.578915
1742884532.598573
1742884532.645630
1742884532.665550
1742884532.712120
1742884532.731924
1742884532.778919
1742884532.799425
1742884532.842948
1742884532.865361
1742884532.912623
1742884532.933055
1742884532.977946
1742884532.998803
1742884533.045854
1742884533.066596
1742884533.110241
1742884533.132367
1742884533.177150
1742884533.199906
1742884533.238107
1742884533.266962
1742884533.312695
1742884533.333113
1742884533.376852
1742884533.399012
1742884533.445700
1742884533.466719
1742884533.509406
1742884533.532461
1742884533.577546
1742884533.600063
1742884533.646829
1742884533.665769
1742884533.713453
1742884533.732677
1742884533.779670
1742884533.799169
1742884533.843457
1742884533.866828
1742884533.911338
1742884533.932476
1742884533.977786
1742884534.000454
1742884534.046159
1742884534.065917
1742884534.109135
1742884534.133903
1742884534.180011
1742884534.199432
1742884534.244903
1742884534.267241
1742884534.308350
1742884534.332909
1742884534.375482
1742884534.401364
1742884534.444440
1742884534.466178
1742884534.512521
1742884534.533672
1742884534.580728
1742884534.599610
1742884534.644102
1742884534.667017
1742884534.711790
1742884534.732781
1742884534.778644
1742884534.800171
1742884534.846338
1742884534.866254
1742884534.902984
1742884534.944932
1742884534.967238
1742884535.004126
1742884535.041119
1742884535.075523
1742884535.099688
1742884535.142404
1742884535.168746
1742884535.203761
1742884535.244572
1742884535.267358
1742884535.308351
1742884535.333067
1742884535.370787
1742884535.402049
1742884535.438598
1742884535.466389
1742884535.512675
1742884535.533487
1742884535.579886
1742884535.599929
1742884535.647198
1742884535.666858
1742884535.704600
1742884535.738115
1742884535.779019
1742884535.800833
1742884535.837407
1742884535.878048
1742884535.900879
1742884535.936736
1742884535.977761
1742884536.000790
1742884536.042010
1742884536.067415
1742884536.111002
1742884536.137870
1742884536.180788
1742884536.201037
1742884536.233463
1742884536.280389
1742884536.300925
1742884536.346650
1742884536.367718
1742884536.409426
1742884536.434505
1742884536.480065
1742884536.500489
1742884536.546693
1742884536.567546
1742884536.614481
1742884536.633879
1742884536.678655
1742884536.701052
1742884536.745852
1742884536.767232
1742884536.810453
1742884536.834269
1742884536.881230
1742884536.900660
1742884536.947044
1742884536.967729
1742884537.004179
1742884537.045622
1742884537.070334
1742884537.105368
1742884537.141938
1742884537.175720
1742884537.208884
1742884537.234383
1742884537.277600
1742884537.301674
1742884537.346748
1742884537.367655
1742884537.410961
1742884537.438097
1742884537.476897
1742884537.501272
1742884537.548478
1742884537.568149
1742884537.613123
1742884537.634393
1742884537.681722
1742884537.701322
1742884537.746407
1742884537.767721
1742884537.812973
1742884537.834857
1742884537.881901
1742884537.901233
1742884537.948437
1742884537.968463
1742884538.014452
1742884538.034753
1742884538.082058
1742884538.101994
1742884538.144596
1742884538.167925
1742884538.214597
1742884538.235401
1742884538.276626
1742884538.301310
1742884538.346891
1742884538.368655
1742884538.414482
1742884538.434944
1742884538.478567
1742884538.505421
1742884538.546384
1742884538.568309
1742884538.612030
1742884538.635907
1742884538.680817
1742884538.701641
1742884538.748782
1742884538.769135
1742884538.814010
1742884538.835063
1742884538.878322
1742884538.908286
1742884538.944409
1742884538.968567
1742884539.011054
1742884539.036556
1742884539.079571
1742884539.101953
1742884539.143589
1742884539.174960
1742884539.212606
1742884539.235273
1742884539.282501
1742884539.303162
1742884539.346146
1742884539.368589
1742884539.414061
1742884539.436451
1742884539.479651
1742884539.502113
1742884539.545755
1742884539.571999
1742884539.613302
1742884539.635640
1742884539.682294
1742884539.703851
1742884539.747674
1742884539.768987
1742884539.811579
1742884539.838079
1742884539.880294
1742884539.902369
1742884539.945958
1742884539.975081
1742884540.013454
1742884540.036050
1742884540.082018
1742884540.103023
1742884540.146141
1742884540.169587
1742884540.211746
1742884540.241737
1742884540.280981
1742884540.302635
1742884540.345875
1742884540.375423
1742884540.412982
1742884540.436093
1742884540.483173
1742884540.504746
1742884540.546861
1742884540.569494
1742884540.611931
1742884540.640015
1742884540.681351
1742884540.702725
1742884540.744587
1742884540.776227
1742884540.811240
1742884540.835949
1742884540.882330
1742884540.904882
1742884540.945331
1742884540.969439
1742884541.012681
1742884541.040780
1742884541.083107
1742884541.102858
1742884541.149722
1742884541.171835
1742884541.215487
1742884541.236240
1742884541.283376
1742884541.304854
1742884541.346548
1742884541.369592
1742884541.415289
1742884541.438526
1742884541.478477
1742884541.502960
1742884541.549522
1742884541.572306
1742884541.613762
1742884541.636350
1742884541.681618
1742884541.705677
1742884541.748253
1742884541.769798
1742884541.816907
1742884541.839346
1742884541.882641
1742884541.903255
1742884541.947964
1742884541.971730
1742884542.013790
1742884542.036918
1742884542.080259
1742884542.106772
1742884542.149314
1742884542.170294
1742884542.216050
1742884542.239515
1742884542.283192
1742884542.303535
1742884542.346668
1742884542.374490
1742884542.417584
1742884542.436997
1742884542.482928
1742884542.506818
1742884542.548412
1742884542.570395
1742884542.612697
1742884542.642705
1742884542.682317
1742884542.703507
1742884542.749317
1742884542.773192
1742884542.815993
1742884542.837105
1742884542.884078
1742884542.906880
1742884542.951038
1742884542.970420
1742884543.013899
1742884543.042103
1742884543.083382
1742884543.103920
1742884543.148689
1742884543.173784
1742884543.217417
1742884543.237247
1742884543.283515
1742884543.307195
1742884543.348834
1742884543.370714
1742884543.417018
1742884543.440900
1742884543.482969
1742884543.504076
1742884543.550931
1742884543.574789
1742884543.617126
1742884543.637540
1742884543.679355
1742884543.706966
1742884543.747792
1742884543.770811
1742884543.817753
1742884543.840524
1742884543.884116
1742884543.904324
1742884543.951110
1742884543.974428
1742884544.016906
1742884544.037631
1742884544.081564
1742884544.108894
1742884544.150354
1742884544.171094
1742884544.218783
1742884544.240406
1742884544.281604
1742884544.304401
1742884544.347827
1742884544.376526
1742884544.417527
1742884544.437814
1742884544.480938
1742884544.510698
1742884544.548006
1742884544.571129
1742884544.617454
1742884544.643203
1742884544.681792
1742884544.711180
1742884544.742044
1742884544.783017
1742884544.807161
1742884544.848918
1742884544.872430
1742884544.915556
1742884544.944258
1742884544.982306
1742884545.005522
1742884545.052111
1742884545.075813
1742884545.117920
1742884545.138479
1742884545.182069
1742884545.209919
1742884545.249625
1742884545.272000
1742884545.314997
1742884545.344457
1742884545.383266
1742884545.405599
1742884545.449533
1742884545.477496
1742884545.515598
1742884545.539997
1742884545.582122
1742884545.612054
1742884545.649847
1742884545.672595
1742884545.717474
1742884545.742512
1742884545.781115
1742884545.806447
1742884545.847434
1742884545.879686
1742884545.915375
1742884545.938781
1742884545.981576
1742884546.013081
1742884546.048213
1742884546.072285
1742884546.114994
1742884546.143991
1742884546.182575
1742884546.205868
1742884546.250680
1742884546.277263
1742884546.315712
1742884546.339246
1742884546.383533
1742884546.411810
1742884546.448402
1742884546.473283
1742884546.518707
1742884546.543556
1742884546.581757
1742884546.605828
1742884546.651116
1742884546.677079
1742884546.718062
1742884546.739076
1742884546.784904
1742884546.810430
1742884546.848413
1742884546.872273
1742884546.913816
1742884546.941152
1742884546.973110
1742884547.007953
1742884547.047750
1742884547.080010
1742884547.116087
1742884547.139233
1742884547.186378
1742884547.209861
1742884547.250140
1742884547.272546
1742884547.317532
1742884547.343819
1742884547.382459
1742884547.405985
1742884547.452215
1742884547.477528
1742884547.515966
1742884547.539229
1742884547.584400
1742884547.610738
1742884547.649774
1742884547.672637
1742884547.718720
1742884547.743353
1742884547.785356
1742884547.806228
1742884547.851334
1742884547.877672
1742884547.913519
1742884547.940485
1742884547.982908
1742884548.013242
1742884548.049927
1742884548.073422
1742884548.119640
1742884548.143998
1742884548.176321
1742884548.216557
1742884548.246104
1742884548.283043
1742884548.306751
1742884548.352695
1742884548.377871
1742884548.418400
1742884548.440167
1742884548.485559
1742884548.511003
1742884548.550887
1742884548.573570
1742884548.618395
1742884548.644582
1742884548.682945
1742884548.706582
1742884548.751713
1742884548.777757
1742884548.816469
1742884548.839858
1742884548.885615
1742884548.910763
1742884548.951745
1742884548.973296
1742884549.019541
1742884549.043678
1742884549.083699
1742884549.106980
1742884549.152453
1742884549.178000
1742884549.217383
1742884549.240091
1742884549.286505
1742884549.310687
1742884549.352269
1742884549.373604
1742884549.418126
1742884549.444205
1742884549.486005
1742884549.507007
1742884549.550291
1742884549.579880
1742884549.616269
1742884549.640466
1742884549.686771
1742884549.710972
1742884549.750776
1742884549.773861
1742884549.817147
1742884549.844846
1742884549.885336
1742884549.907263
1742884549.951056
1742884549.978821
1742884550.020020
1742884550.040802
1742884550.083505
1742884550.115250
1742884550.147217
1742884550.176243
1742884550.217366
1742884550.248214
1742884550.282076
1742884550.309846
1742884550.347372
1742884550.382891
1742884550.416771
1742884550.443402
1742884550.484177
1742884550.514329
1742884550.550379
1742884550.577620
1742884550.615949
1742884550.649337
1742884550.681351
1742884550.711903
1742884550.751337
1742884550.780825
1742884550.816588
1742884550.841077
1742884550.884114
1742884550.913457
1742884550.949943
1742884550.974400
1742884551.016357
1742884551.047019
1742884551.083033
1742884551.107722
1742884551.153091
1742884551.179066
1742884551.215571
1742884551.241194
1742884551.284505
1742884551.313808
1742884551.351989
1742884551.374538
1742884551.413631
1742884551.449611
1742884551.482965
1742884551.508159
1742884551.550690
1742884551.580990
1742884551.617428
1742884551.641501
1742884551.681913
1742884551.716779
1742884551.741319
1742884551.784709
1742884551.813978
1742884551.850191
1742884551.874905
1742884551.916774
1742884551.947992
1742884551.983626
1742884552.008231
1742884552.050347
1742884552.082457
1742884552.114793
1742884552.141918
1742884552.184428
1742884552.214174
1742884552.253212
1742884552.275057
1742884552.317476
1742884552.348026
1742884552.380890
1742884552.412876
1742884552.452559
1742884552.479784
1742884552.513767
1742884552.550024
1742884552.582938
1742884552.618426
1742884552.642528
1742884552.685607
1742884552.714496
1742884552.750731
1742884552.775470
1742884552.816479
1742884552.846571
1742884552.886076
1742884552.908692
1742884552.951949
1742884552.982160
1742884553.017928
1742884553.048568
1742884553.075592
1742884553.118088
1742884553.148014
1742884553.180632
1742884553.208753
1742884553.251627
1742884553.281743
1742884553.313960
1742884553.342703
1742884553.380173
1742884553.417432
1742884553.448225
1742884553.477627
1742884553.518049
1742884553.551559
1742884553.581522
1742884553.612008
1742884553.651132
1742884553.685373
1742884553.715450
1742884553.744642
1742884553.783495
1742884553.817569
1742884553.852076
1742884553.875916
1742884553.915217
1742884553.948015
1742884553.984275
1742884554.009259
1742884554.053314
1742884554.082079
1742884554.115491
1742884554.146433
1742884554.186014
1742884554.214385
1742884554.250567
1742884554.279609
1742884554.318245
1742884554.347395
1742884554.384054
1742884554.413455
1742884554.453616
1742884554.480569
1742884554.521072
1742884554.543655
1742884554.583038
1742884554.618182
1742884554.653315
1742884554.679258
1742884554.718433
1742884554.751786
1742884554.779572
1742884554.814381
1742884554.848549
1742884554.884102
1742884554.918433
1742884554.942951
1742884554.984219
1742884555.017365
1742884555.050442
1742884555.076353
1742884555.118320
1742884555.149879
1742884555.184140
1742884555.209857
1742884555.249729
1742884555.286057
1742884555.314178
1742884555.343386
1742884555.382981
1742884555.417950
1742884555.452249
1742884555.476599
1742884555.517042
1742884555.552186
1742884555.581900
1742884555.610489
1742884555.652199
1742884555.682772
1742884555.717503
1742884555.744623
1742884555.784821
1742884555.820349
1742884555.843606
1742884555.885965
1742884555.916815
1742884555.951857
1742884555.977112
1742884556.018176
1742884556.053340
1742884556.084035
1742884556.112433
1742884556.154282
1742884556.181033
1742884556.221843
1742884556.243766
1742884556.283824
1742884556.319243
1742884556.350114
1742884556.378482
1742884556.419873
1742884556.450219
1742884556.485468
1742884556.512992
1742884556.554311
1742884556.582592
1742884556.618278
1742884556.649188
1742884556.684017
1742884556.720417
1742884556.752036
1742884556.777855
1742884556.819555
1742884556.852098
1742884556.885636
1742884556.910834
1742884556.952318
1742884556.980901
1742884557.021416
1742884557.044170
1742884557.085907
1742884557.118146
1742884557.153979
1742884557.177595
1742884557.218954
1742884557.250414
1742884557.286632
1742884557.310998
1742884557.352531
1742884557.384675
1742884557.420802
1742884557.444424
1742884557.485844
1742884557.517513
1742884557.553643
1742884557.577798
1742884557.619724
1742884557.650814
1742884557.686921
1742884557.711205
1742884557.753243
1742884557.783651
1742884557.820141
1742884557.844724
1742884557.886353
1742884557.920804
1742884557.953283
1742884557.978960
1742884558.022956
1742884558.048111
1742884558.085755
1742884558.113009
1742884558.155274
1742884558.182469
1742884558.222863
1742884558.244944
1742884558.288244
1742884558.315743
1742884558.354626
1742884558.379593
1742884558.421068
1742884558.452451
1742884558.487889
1742884558.513659
1742884558.555752
1742884558.582482
1742884558.619834
1742884558.649916
1742884558.688376
1742884558.716042
1742884558.756062
1742884558.780187
1742884558.819438
1742884558.851468
1742884558.890264
1742884558.911829
1742884558.957573
1742884558.979223
1742884559.024741
1742884559.045246
1742884559.088600
1742884559.115000
1742884559.156488
1742884559.178554
1742884559.221651
1742884559.250614
1742884559.290893
1742884559.311967
1742884559.354173
1742884559.383280
1742884559.423279
1742884559.445237
1742884559.488651
1742884559.515530
1742884559.556129
1742884559.578767
1742884559.624264
1742884559.648759
1742884559.689020
1742884559.711989
1742884559.759261
1742884559.781416
1742884559.822302
1742884559.845543
1742884559.892632
1742884559.914816
1742884559.952846
1742884559.979250
1742884560.020804
1742884560.051891
1742884560.090926
1742884560.112343
1742884560.155697
1742884560.183053
1742884560.223450
1742884560.245713
1742884560.291998
1742884560.312666
1742884560.354254
1742884560.379307
1742884560.420494
1742884560.450972
1742884560.489084
1742884560.512581
1742884560.558593
1742884560.582277
1742884560.620644
1742884560.648460
1742884560.691384
1742884560.715431
1742884560.753362
1742884560.780061
1742884560.823483
1742884560.849279
1742884560.891065
1742884560.912836
1742884560.957006
1742884560.983324
1742884561.023571
1742884561.046110
1742884561.092914
1742884561.114247
1742884561.156388
1742884561.184940
1742884561.222456
1742884561.246171
1742884561.293176
1742884561.315719
1742884561.356878
1742884561.383330
1742884561.418376
1742884561.453706
1742884561.490085
1742884561.516202
1742884561.546731
1742884561.580471
1742884561.614182
1742884561.648303
1742884561.684035
1742884561.724933
1742884561.749138
1742884561.789801
1742884561.813182
1742884561.856884
1742884561.883144
1742884561.921462
1742884561.947419
1742884561.986812
1742884562.023746
1742884562.051050
1742884562.084903
1742884562.122037
1742884562.149907
1742884562.191895
1742884562.213722
1742884562.257342
1742884562.282562
1742884562.327384
1742884562.347016
1742884562.392322
1742884562.416127
1742884562.457556
1742884562.481371
1742884562.524520
1742884562.550453
1742884562.592321
1742884562.614025
1742884562.661472
1742884562.682271
1742884562.726949
1742884562.747535
1742884562.794649
1742884562.816080
1742884562.855535
1742884562.881205
1742884562.926577
1742884562.949275
1742884562.991294
1742884563.013933
1742884563.060855
1742884563.081378
1742884563.127835
1742884563.147516
1742884563.195327
1742884563.214582
1742884563.262108
1742884563.280796
1742884563.326954
1742884563.348203
1742884563.394476
1742884563.414170
1742884563.461367
1742884563.481987
1742884563.526329
1742884563.547451
1742884563.593975
1742884563.616133
1742884563.658056
1742884563.680913
1742884563.727171
1742884563.749359
1742884563.793790
1742884563.814346
1742884563.861580
1742884563.881940
1742884563.928485
1742884563.947793
1742884563.995187
1742884564.015305
1742884564.061651
1742884564.081256
1742884564.127311
1742884564.149325
1742884564.187866
1742884564.214768
1742884564.261700
1742884564.282785
1742884564.328925
1742884564.348099
1742884564.395207
1742884564.416154
1742884564.462378
1742884564.481483
1742884564.529205
1742884564.549014
1742884564.595275
1742884564.615099
1742884564.661490
1742884564.683075
1742884564.726337
1742884564.748445
1742884564.795790
1742884564.816267
1742884564.862617
1742884564.881959
1742884564.920774
1742884564.961181
1742884564.982799
1742884565.018507
1742884565.055788
1742884565.083925
1742884565.129107
1742884565.148544
1742884565.195827
1742884565.216108
1742884565.262907
1742884565.282138
1742884565.329219
1742884565.349205
1742884565.395848
1742884565.415436
1742884565.461828
1742884565.482674
1742884565.527540
1742884565.548936
1742884565.595786
1742884565.616026
1742884565.662116
1742884565.682173
1742884565.728713
1742884565.749820
1742884565.796177
1742884565.815604
1742884565.861448
1742884565.883206
1742884565.926229
1742884565.948994
1742884565.996248
1742884566.016533
1742884566.061897
1742884566.082542
1742884566.130044
1742884566.149615
1742884566.196861
1742884566.216038
1742884566.261720
1742884566.283603
1742884566.328357
1742884566.349276
1742884566.394077
1742884566.416851
1742884566.463340
1742884566.482913
1742884566.530203
1742884566.549932
1742884566.595719
1742884566.616192
1742884566.661552
1742884566.683801
1742884566.729659
1742884566.749619
1742884566.796470
1742884566.817232
1742884566.863552
1742884566.883035
1742884566.929449
1742884566.950276
1742884566.993997
1742884567.016223
1742884567.061538
1742884567.083834
1742884567.128588
1742884567.149528
1742884567.196653
1742884567.216236
1742884567.259784
1742884567.282867
1742884567.329594
1742884567.349903
1742884567.396854
1742884567.416417
1742884567.463322
1742884567.483704
1742884567.529799
1742884567.549759
1742884567.597044
1742884567.616606
1742884567.659575
1742884567.683138
1742884567.726797
1742884567.751097
1742884567.797698
1742884567.816686
1742884567.863712
1742884567.883324
1742884567.925328
1742884567.949970
1742884567.993173
1742884568.017300
1742884568.064110
1742884568.083447
1742884568.127005
1742884568.150608
1742884568.196941
1742884568.216884
1742884568.264094
1742884568.283458
1742884568.326941
1742884568.350521
1742884568.393922
1742884568.417768
1742884568.463213
1742884568.483724
1742884568.527500
1742884568.550764
1742884568.597476
1742884568.617138
1742884568.660773
1742884568.683987
1742884568.731365
1742884568.750541
1742884568.797599
1742884568.817368
1742884568.863061
1742884568.883808
1742884568.927022
1742884568.952273
1742884568.994028
1742884569.017075
1742884569.060605
1742884569.084324
1742884569.130568
1742884569.150666
1742884569.196724
1742884569.217476
1742884569.261379
1742884569.283721
1742884569.330738
1742884569.350836
1742884569.393703
1742884569.417608
1742884569.455425
1742884569.490524
1742884569.525561
1742884569.552337
1742884569.584210
1742884569.631805
1742884569.651111
1742884569.694618
1742884569.718438
1742884569.754059
1742884569.794738
1742884569.818144
1742884569.864429
1742884569.884242
1742884569.927016
1742884569.952027
1742884569.998433
1742884570.017633
1742884570.061725
1742884570.084883
1742884570.125311
1742884570.151569
1742884570.195549
1742884570.217734
1742884570.264431
1742884570.285015
1742884570.328475
1742884570.351209
1742884570.398367
1742884570.418347
1742884570.464093
1742884570.484765
1742884570.531387
1742884570.551747
1742884570.597975
1742884570.618232
1742884570.664759
1742884570.685635
1742884570.732315
1742884570.751611
1742884570.798760
1742884570.819047
1742884570.861728
1742884570.886102
1742884570.931178
1742884570.952394
1742884570.999452
1742884571.018433
1742884571.063656
1742884571.086268
1742884571.131459
1742884571.151892
1742884571.198660
1742884571.219303
1742884571.261691
1742884571.285437
1742884571.329046
1742884571.353737
1742884571.397247
1742884571.418467
1742884571.465292
1742884571.486349
1742884571.531251
1742884571.552007
1742884571.598597
1742884571.619612
1742884571.665606
1742884571.685211
1742884571.732691
1742884571.753559
1742884571.796110
1742884571.818635
1742884571.865061
1742884571.887049
1742884571.929966
1742884571.952092
1742884571.995296
1742884572.019783
1742884572.063965
1742884572.085482
1742884572.130899
1742884572.153657
1742884572.195986
1742884572.218668
1742884572.262354
1742884572.286743
1742884572.332996
1742884572.352184
1742884572.398326
1742884572.420187
1742884572.466315
1742884572.485643
1742884572.528899
1742884572.553848
1742884572.599710
1742884572.618907
1742884572.665088
1742884572.687386
1742884572.731967
1742884572.752379
1742884572.796217
1742884572.819927
1742884572.863207
1742884572.885590
1742884572.931269
1742884572.954359
1742884572.996817
1742884573.019014
1742884573.062238
1742884573.087175
1742884573.131733
1742884573.152606
1742884573.197018
1742884573.221318
1742884573.264605
1742884573.285953
1742884573.329311
1742884573.354592
1742884573.398021
1742884573.419238
1742884573.462538
1742884573.487873
1742884573.534075
1742884573.552729
1742884573.594701
1742884573.621633
1742884573.663260
1742884573.686015
1742884573.727938
1742884573.757464
1742884573.798214
1742884573.819331
1742884573.861440
1742884573.888974
1742884573.930915
1742884573.952807
1742884573.993467
1742884574.024805
1742884574.062622
1742884574.085965
1742884574.128507
1742884574.154971
1742884574.200347
1742884574.219514
1742884574.262619
1742884574.289237
1742884574.328272
1742884574.352895
1742884574.395533
1742884574.422124
1742884574.465946
1742884574.486473
1742884574.528965
1742884574.555344
1742884574.595078
1742884574.619743
1742884574.662073
1742884574.689237
1742884574.730876
1742884574.753115
1742884574.795127
1742884574.819480
1742884574.866631
1742884574.886648
1742884574.928731
1742884574.956203
1742884574.995448
1742884575.019961
1742884575.062465
1742884575.090761
1742884575.132650
1742884575.153483
1742884575.195129
1742884575.226141
1742884575.264132
1742884575.286769
1742884575.330131
1742884575.357568
1742884575.399607
1742884575.420347
1742884575.465917
1742884575.489466
1742884575.531793
1742884575.553781
1742884575.599824
1742884575.622759
1742884575.664550
1742884575.687037
1742884575.734249
1742884575.755443
1742884575.797423
1742884575.820511
1742884575.865482
1742884575.891141
1742884575.933073
1742884575.953928
1742884575.997444
1742884576.023278
1742884576.067338
1742884576.087414
1742884576.133161
1742884576.157349
1742884576.198238
1742884576.220829
1742884576.263775
1742884576.290965
1742884576.332362
1742884576.354142
1742884576.394700
1742884576.427416
1742884576.461784
1742884576.487415
1742884576.530090
1742884576.558678
1742884576.599437
1742884576.620777
1742884576.663363
1742884576.691417
1742884576.732123
1742884576.754282
1742884576.792835
1742884576.824193
1742884576.863940
1742884576.887512
1742884576.925928
1742884576.961378
1742884576.991772
1742884577.020990
1742884577.059480
1742884577.094783
1742884577.128454
1742884577.154378
1742884577.194050
1742884577.226717
1742884577.261547
1742884577.287773
1742884577.328671
1742884577.358562
1742884577.399968
1742884577.421131
1742884577.463414
1742884577.492127
1742884577.533099
1742884577.554710
1742884577.596970
1742884577.626017
1742884577.665184
1742884577.687862
1742884577.725862
1742884577.766454
1742884577.792000
1742884577.833266
1742884577.855225
1742884577.899945
1742884577.921456
1742884577.967852
1742884577.992976
1742884578.034615
1742884578.058445
1742884578.089690
1742884578.132718
1742884578.160697
1742884578.198278
1742884578.221648
1742884578.267766
1742884578.292616
1742884578.330813
1742884578.355134
1742884578.399806
1742884578.426705
1742884578.464263
1742884578.488637
1742884578.532598
1742884578.561163
1742884578.599023
1742884578.622042
1742884578.664923
1742884578.694804
1742884578.730378
1742884578.755275
1742884578.797095
1742884578.829790
