1742875808.622205
1742875808.721369
1742875808.754920
1742875808.789050
1742875808.823028
1742875808.855840
1742875808.888779
1742875808.921956
1742875808.955272
1742875808.988437
1742875809.022176
1742875809.055710
1742875809.088754
1742875809.135399
1742875809.161224
1742875809.195667
1742875809.225497
1742875809.264150
1742875809.296304
1742875809.330401
1742875809.367888
1742875809.398656
1742875809.434791
1742875809.465018
1742875809.502435
1742875809.537594
1742875809.567165
1742875809.604334
1742875809.636265
1742875809.671703
1742875809.702934
1742875809.737957
1742875809.768393
1742875809.803355
1742875809.837859
1742875809.869445
1742875809.903454
1742875809.936789
1742875809.967926
1742875810.003243
1742875810.037887
1742875810.070166
1742875810.092197
1742875810.122862
1742875810.169195
1742875810.200553
1742875810.222913
1742875810.255683
1742875810.299128
1742875810.322951
1742875810.369959
1742875810.389146
1742875810.427810
1742875810.463688
1742875810.491177
1742875810.522452
1742875810.564045
1742875810.590033
1742875810.632002
1742875810.655800
1742875810.693618
1742875810.733467
1742875810.756678
1742875810.789289
1742875810.829540
1742875810.857354
1742875810.899303
1742875810.922742
1742875810.964693
1742875810.990244
1742875811.033007
1742875811.056030
1742875811.092580
1742875811.133676
1742875811.156437
1742875811.189592
1742875811.224127
1742875811.259992
1742875811.301430
1742875811.322915
1742875811.357665
1742875811.399186
1742875811.423289
1742875811.456268
1742875811.490169
1742875811.533065
1742875811.556970
1742875811.589734
1742875811.623959
1742875811.664247
1742875811.689918
1742875811.723060
1742875811.756621
1742875811.793094
1742875811.828761
1742875811.856547
1742875811.890117
1742875811.926847
1742875811.962098
1742875811.989856
1742875812.023427
1742875812.061732
1742875812.094424
1742875812.123306
1742875812.159003
1742875812.195830
1742875812.223841
1742875812.256591
1742875812.294392
1742875812.328555
1742875812.364053
1742875812.390059
1742875812.424745
1742875812.466086
1742875812.490519
1742875812.523286
1742875812.560775
1742875812.595488
1742875812.631303
1742875812.656942
1742875812.693192
1742875812.735026
1742875812.757455
1742875812.790245
1742875812.831862
1742875812.857391
1742875812.904018
1742875812.923756
1742875812.965857
1742875812.991078
1742875813.036806
1742875813.057146
1742875813.101905
1742875813.124298
1742875813.168979
1742875813.190555
1742875813.233659
1742875813.258337
1742875813.303242
1742875813.323991
1742875813.371209
1742875813.391566
1742875813.434948
1742875813.457502
1742875813.503238
1742875813.525214
1742875813.571237
1742875813.590979
1742875813.635745
1742875813.658531
1742875813.698867
1742875813.724360
1742875813.768637
1742875813.791449
1742875813.834712
1742875813.857569
1742875813.901121
1742875813.925401
1742875813.969581
1742875813.991112
1742875814.037476
1742875814.058738
1742875814.105524
1742875814.124505
1742875814.167763
1742875814.191347
1742875814.238989
1742875814.257979
1742875814.303557
1742875814.326015
1742875814.372497
1742875814.391381
1742875814.438001
1742875814.459297
1742875814.491195
1742875814.535975
1742875814.559051
1742875814.605675
1742875814.624754
1742875814.670664
1742875814.693004
1742875814.737033
1742875814.758112
1742875814.803884
1742875814.826138
1742875814.868963
1742875814.891636
1742875814.935126
1742875814.959772
1742875815.005086
1742875815.025064
1742875815.067994
1742875815.093111
1742875815.136287
1742875815.158417
1742875815.201620
1742875815.228071
1742875815.269179
1742875815.291719
1742875815.335421
1742875815.362921
1742875815.393285
1742875815.437461
1742875815.460070
1742875815.496592
1742875815.531540
1742875815.568996
1742875815.596225
1742875815.626206
1742875815.668814
1742875815.695273
1742875815.737538
1742875815.758615
1742875815.805810
1742875815.828051
1742875815.869122
1742875815.891972
1742875815.935709
1742875815.961253
1742875816.000733
1742875816.025424
1742875816.068193
1742875816.094877
1742875816.134363
1742875816.158730
1742875816.202162
1742875816.228310
1742875816.267092
1742875816.292229
1742875816.336468
1742875816.361692
1742875816.402406
1742875816.425747
1742875816.467949
1742875816.495764
1742875816.538198
1742875816.559150
1742875816.602931
1742875816.627594
1742875816.672647
1742875816.692461
1742875816.735339
1742875816.763840
1742875816.805655
1742875816.825938
1742875816.866939
1742875816.899128
1742875816.935356
1742875816.959165
1742875817.005492
1742875817.029135
1742875817.071617
1742875817.092646
1742875817.136301
1742875817.164782
1742875817.205336
1742875817.225712
1742875817.271723
1742875817.295825
1742875817.339958
1742875817.359550
1742875817.402710
1742875817.432016
1742875817.468776
1742875817.492826
1742875817.538901
1742875817.562707
1742875817.606607
1742875817.626310
1742875817.668384
1742875817.695931
1742875817.740617
1742875817.759818
1742875817.807195
1742875817.829945
1742875817.870762
1742875817.892951
1742875817.937769
1742875817.962907
1742875818.005394
1742875818.026466
1742875818.069639
1742875818.096930
1742875818.138734
1742875818.159857
1742875818.203580
1742875818.230556
1742875818.271340
1742875818.293294
1742875818.337076
1742875818.363712
1742875818.405682
1742875818.426696
1742875818.472795
1742875818.497059
1742875818.539239
1742875818.560042
1742875818.604784
1742875818.633867
1742875818.667591
1742875818.703319
1742875818.727085
1742875818.772722
1742875818.797854
1742875818.838998
1742875818.860338
1742875818.907294
1742875818.930314
1742875818.972209
1742875818.993615
1742875819.038949
1742875819.063303
1742875819.104281
1742875819.127081
1742875819.171807
1742875819.197859
1742875819.239642
1742875819.260580
1742875819.304282
1742875819.332214
1742875819.373760
1742875819.393827
1742875819.439245
1742875819.463608
1742875819.505607
1742875819.527315
1742875819.570118
1742875819.596702
1742875819.638379
1742875819.661027
1742875819.704272
1742875819.733810
1742875819.773088
1742875819.794194
1742875819.841328
1742875819.863605
1742875819.905539
1742875819.927525
1742875819.972362
1742875819.998744
1742875820.037265
1742875820.061078
1742875820.108015
1742875820.131754
1742875820.172768
1742875820.194446
1742875820.239607
1742875820.264326
1742875820.305300
1742875820.327795
1742875820.374691
1742875820.399030
1742875820.437341
1742875820.462013
1742875820.506674
1742875820.531693
1742875820.573206
1742875820.594739
1742875820.640022
1742875820.664801
1742875820.706484
1742875820.729374
1742875820.773194
1742875820.799825
1742875820.839793
1742875820.861873
1742875820.907462
1742875820.932904
1742875820.970837
1742875820.995683
1742875821.040125
1742875821.065130
1742875821.105628
1742875821.128325
1742875821.173624
1742875821.199372
1742875821.237076
1742875821.261852
1742875821.305861
1742875821.334080
1742875821.368737
1742875821.395952
1742875821.440646
1742875821.466358
1742875821.503711
1742875821.528478
1742875821.573838
1742875821.599180
1742875821.641473
1742875821.661856
1742875821.707160
1742875821.733105
1742875821.773170
1742875821.795029
1742875821.841425
1742875821.866576
1742875821.904276
1742875821.928595
1742875821.974693
1742875822.000348
1742875822.041018
1742875822.062064
1742875822.107421
1742875822.133472
1742875822.173827
1742875822.195272
1742875822.241181
1742875822.266634
1742875822.305313
1742875822.329923
1742875822.374976
1742875822.400184
1742875822.441048
1742875822.462492
1742875822.507949
1742875822.533737
1742875822.574206
1742875822.595653
1742875822.641832
1742875822.666764
1742875822.705394
1742875822.729155
1742875822.774796
1742875822.800265
1742875822.839191
1742875822.862538
1742875822.908452
1742875822.933931
1742875822.974686
1742875822.995834
1742875823.041252
1742875823.066956
1742875823.106385
1742875823.129108
1742875823.174867
1742875823.200919
1742875823.241466
1742875823.262682
1742875823.309034
1742875823.333843
1742875823.374620
1742875823.395966
1742875823.442210
1742875823.463780
1742875823.507972
1742875823.529411
1742875823.576422
1742875823.600005
1742875823.639188
1742875823.664641
1742875823.705851
1742875823.736688
1742875823.772180
1742875823.798269
1742875823.839792
1742875823.869756
1742875823.906178
1742875823.929873
1742875823.976156
1742875824.001042
1742875824.041510
1742875824.063403
1742875824.106230
1742875824.137892
1742875824.169558
1742875824.201583
1742875824.238893
1742875824.268123
1742875824.307339
1742875824.331320
1742875824.372869
1742875824.401598
1742875824.442147
1742875824.464146
1742875824.509074
1742875824.534463
1742875824.574294
1742875824.600274
1742875824.641456
1742875824.670265
1742875824.706245
1742875824.730342
1742875824.773105
1742875824.802706
1742875824.840036
1742875824.863707
1742875824.906245
1742875824.938809
1742875824.971255
1742875824.999580
1742875825.038455
1742875825.072985
1742875825.102066
1742875825.134112
1742875825.173160
1742875825.203378
1742875825.238289
1742875825.264247
1742875825.307711
1742875825.334977
1742875825.376588
1742875825.397072
1742875825.440332
1742875825.470174
1742875825.506001
1742875825.531127
1742875825.575831
1742875825.601704
1742875825.642178
1742875825.663932
1742875825.705894
1742875825.739386
1742875825.774771
1742875825.798102
1742875825.840826
1742875825.869419
1742875825.906976
1742875825.934331
1742875825.974456
1742875826.003107
1742875826.038971
1742875826.068432
1742875826.105393
1742875826.137326
1742875826.173484
1742875826.199648
1742875826.240881
1742875826.269734
1742875826.306495
1742875826.331918
1742875826.372547
1742875826.407958
1742875826.437935
1742875826.466269
1742875826.505853
1742875826.540860
1742875826.571465
1742875826.600206
1742875826.639325
1742875826.674176
1742875826.703547
1742875826.731893
1742875826.773091
1742875826.805661
1742875826.841324
1742875826.876056
1742875826.897776
1742875826.943337
1742875826.969036
1742875827.009849
1742875827.035995
1742875827.069592
1742875827.106246
1742875827.139775
1742875827.173104
1742875827.198910
1742875827.237392
1742875827.273544
1742875827.305042
1742875827.335178
1742875827.374727
1742875827.403337
1742875827.437872
1742875827.466509
1742875827.507579
1742875827.539838
1742875827.573685
1742875827.598169
1742875827.641010
1742875827.674372
1742875827.705165
1742875827.732757
1742875827.774040
1742875827.807676
1742875827.836438
1742875827.868877
1742875827.908679
1742875827.936879
1742875827.973625
1742875827.998820
1742875828.037850
1742875828.070509
1742875828.109400
1742875828.131743
1742875828.170958
1742875828.206498
1742875828.240500
1742875828.266537
1742875828.306638
1742875828.341378
1742875828.372373
1742875828.403089
1742875828.440784
1742875828.467164
1742875828.508744
1742875828.535919
1742875828.576156
1742875828.605382
1742875828.639082
1742875828.670489
1742875828.703277
1742875828.740891
1742875828.773434
1742875828.799253
1742875828.840728
1742875828.869741
1742875828.910152
1742875828.932276
1742875828.973654
1742875829.008535
1742875829.038487
1742875829.069271
1742875829.107942
1742875829.138522
1742875829.174304
1742875829.199293
1742875829.240136
1742875829.273021
1742875829.307438
1742875829.335433
1742875829.373181
1742875829.408535
1742875829.439232
1742875829.470446
1742875829.507107
1742875829.542317
1742875829.571860
1742875829.604887
1742875829.639733
1742875829.675099
1742875829.706006
1742875829.735744
1742875829.773081
1742875829.808838
1742875829.839266
1742875829.868534
1742875829.910075
1742875829.937320
1742875829.977645
1742875829.999251
1742875830.040416
1742875830.073028
1742875830.107727
1742875830.133688
1742875830.176669
1742875830.206196
1742875830.241119
1742875830.266926
1742875830.307785
1742875830.343033
1742875830.374688
1742875830.401077
1742875830.442141
1742875830.473505
1742875830.508941
1742875830.534118
1742875830.575900
1742875830.605174
1742875830.640746
1742875830.667816
1742875830.708766
1742875830.737771
1742875830.778221
1742875830.799676
1742875830.840841
1742875830.877130
1742875830.906086
1742875830.936970
1742875830.974084
1742875831.009359
1742875831.038595
1742875831.071050
1742875831.105238
1742875831.140318
1742875831.175561
1742875831.200245
1742875831.240946
1742875831.276572
1742875831.306025
1742875831.336956
1742875831.378287
1742875831.405137
1742875831.439674
1742875831.467046
1742875831.503507
1742875831.538655
1742875831.575782
1742875831.600344
1742875831.640006
1742875831.675431
1742875831.708394
1742875831.736221
1742875831.773665
1742875831.809908
1742875831.842301
1742875831.869581
1742875831.909869
1742875831.938031
1742875831.977865
1742875832.001142
1742875832.041634
1742875832.077056
1742875832.107390
1742875832.138372
1742875832.176413
1742875832.206785
1742875832.241657
1742875832.272067
1742875832.308716
1742875832.340760
1742875832.377246
1742875832.403238
1742875832.443684
1742875832.475737
1742875832.508355
1742875832.538811
1742875832.579467
1742875832.604304
1742875832.640111
1742875832.673728
1742875832.708718
1742875832.743662
1742875832.774099
1742875832.805232
1742875832.840252
1742875832.877188
1742875832.907232
1742875832.938671
1742875832.978424
1742875833.004925
1742875833.043976
1742875833.069732
1742875833.112084
1742875833.138836
1742875833.178971
1742875833.201193
1742875833.244515
1742875833.271973
1742875833.313630
1742875833.334202
1742875833.377171
1742875833.406800
1742875833.446842
1742875833.467725
1742875833.509794
1742875833.541768
1742875833.574855
1742875833.603357
1742875833.640185
1742875833.677758
1742875833.705702
1742875833.738897
1742875833.780178
1742875833.804959
1742875833.845289
1742875833.867879
1742875833.905534
1742875833.938853
1742875833.969316
1742875834.006761
1742875834.041134
1742875834.076606
1742875834.111284
1742875834.136247
1742875834.178632
1742875834.205685
1742875834.247981
1742875834.268674
1742875834.311080
1742875834.338935
1742875834.379345
1742875834.404324
1742875834.447307
1742875834.471376
1742875834.504905
1742875834.540380
1742875834.577062
1742875834.611921
1742875834.638618
1742875834.680355
1742875834.704031
1742875834.742889
1742875834.779802
1742875834.803223
1742875834.840441
1742875834.881463
1742875834.904766
1742875834.940476
1742875834.977667
1742875835.006495
1742875835.046583
1742875835.068493
1742875835.114735
1742875835.138090
1742875835.176723
1742875835.214078
1742875835.235528
1742875835.279486
1742875835.306090
1742875835.346877
1742875835.371447
1742875835.406737
1742875835.438636
1742875835.479997
1742875835.505477
1742875835.540947
1742875835.576512
1742875835.612957
1742875835.638782
1742875835.673797
1742875835.710820
1742875835.741874
1742875835.778733
1742875835.802413
1742875835.845880
1742875835.872212
1742875835.913692
1742875835.935810
1742875835.979134
1742875836.005973
1742875836.048474
1742875836.069166
1742875836.110814
1742875836.143496
1742875836.181097
1742875836.203003
1742875836.249450
1742875836.271678
1742875836.309786
1742875836.341127
1742875836.376931
1742875836.409993
1742875836.448308
1742875836.470021
1742875836.515987
1742875836.538389
1742875836.576976
1742875836.605752
1742875836.647531
1742875836.672815
1742875836.715138
1742875836.736471
1742875836.781435
1742875836.805511
1742875836.848384
1742875836.869646
1742875836.915628
1742875836.938696
1742875836.977740
1742875837.003122
1742875837.047339
1742875837.072031
1742875837.110049
1742875837.138797
1742875837.180819
1742875837.206515
1742875837.247983
1742875837.269850
1742875837.315241
1742875837.338804
1742875837.381580
1742875837.403260
1742875837.449026
1742875837.472092
1742875837.511385
1742875837.538619
1742875837.581977
1742875837.605528
1742875837.646917
1742875837.671629
1742875837.709795
1742875837.745398
1742875837.773744
1742875837.809555
1742875837.845056
1742875837.873788
1742875837.913386
1742875837.936931
1742875837.983721
1742875838.005070
1742875838.044103
1742875838.070573
1742875838.117103
1742875838.138779
1742875838.184299
1742875838.203694
1742875838.249657
1742875838.272064
1742875838.312314
1742875838.337871
1742875838.384538
1742875838.405288
1742875838.444627
1742875838.472311
1742875838.515391
1742875838.539063
1742875838.582672
1742875838.604237
1742875838.650134
1742875838.671620
1742875838.717100
1742875838.737561
1742875838.784336
1742875838.805524
1742875838.845475
1742875838.871257
1742875838.918333
1742875838.938384
1742875838.983262
1742875839.004239
1742875839.045958
1742875839.073568
1742875839.113479
1742875839.138009
1742875839.184947
1742875839.205261
1742875839.250665
1742875839.271296
1742875839.318821
1742875839.338075
1742875839.384837
1742875839.404424
1742875839.450759
1742875839.472633
1742875839.516329
1742875839.537934
1742875839.584441
1742875839.605745
1742875839.645719
1742875839.672540
1742875839.717710
1742875839.738827
1742875839.784962
1742875839.804708
1742875839.851368
1742875839.872537
1742875839.918635
1742875839.938156
1742875839.977540
1742875840.006696
1742875840.048938
1742875840.071629
1742875840.116205
1742875840.139511
1742875840.183791
1742875840.204847
1742875840.251239
1742875840.272769
1742875840.315812
1742875840.338197
1742875840.385230
1742875840.406211
1742875840.451425
1742875840.471682
1742875840.518732
1742875840.539385
1742875840.585368
1742875840.604988
1742875840.652401
1742875840.672031
1742875840.715440
1742875840.738216
1742875840.785607
1742875840.805799
1742875840.852349
1742875840.871932
1742875840.919055
1742875840.938887
1742875840.984941
1742875841.005027
1742875841.050358
1742875841.072789
1742875841.117759
1742875841.138479
1742875841.185445
1742875841.206353
1742875841.252764
1742875841.271940
1742875841.318797
1742875841.339298
1742875841.385656
1742875841.405287
1742875841.452423
1742875841.472663
1742875841.515925
1742875841.538719
1742875841.580644
1742875841.610409
1742875841.651433
1742875841.672123
1742875841.718547
1742875841.739693
1742875841.786579
1742875841.805736
1742875841.852701
1742875841.872601
1742875841.915838
1742875841.939169
1742875841.984938
1742875842.006282
1742875842.045470
1742875842.072575
1742875842.115336
1742875842.140175
1742875842.185869
1742875842.205864
1742875842.252202
1742875842.273234
1742875842.319526
1742875842.339184
1742875842.383873
1742875842.406842
1742875842.450561
1742875842.472567
1742875842.520138
1742875842.539465
1742875842.586017
1742875842.606018
1742875842.649234
1742875842.674037
1742875842.715755
1742875842.739258
1742875842.786881
1742875842.806124
1742875842.852402
1742875842.872693
1742875842.917998
1742875842.940211
1742875842.983573
1742875843.006110
1742875843.053217
1742875843.072957
1742875843.119662
1742875843.139605
1742875843.186710
1742875843.206370
1742875843.253418
1742875843.273007
1742875843.316658
1742875843.340256
1742875843.385112
1742875843.406344
1742875843.452958
1742875843.473392
1742875843.517349
1742875843.552909
1742875843.573310
1742875843.616698
1742875843.645181
1742875843.684379
1742875843.709891
1742875843.750505
1742875843.773834
1742875843.817660
1742875843.842788
1742875843.877975
1742875843.912082
1742875843.952174
1742875843.974036
1742875844.016427
1742875844.040283
1742875844.087642
1742875844.107232
1742875844.151447
1742875844.173867
1742875844.219603
1742875844.240787
1742875844.282276
1742875844.307628
1742875844.354108
1742875844.374049
1742875844.413230
1742875844.443977
1742875844.486064
1742875844.507499
1742875844.551959
1742875844.573896
1742875844.620041
1742875844.640971
1742875844.682738
1742875844.707488
1742875844.754539
1742875844.774440
1742875844.815768
1742875844.840921
1742875844.884700
1742875844.912208
1742875844.941401
1742875844.984277
1742875845.007889
1742875845.054195
1742875845.073957
1742875845.121197
1742875845.141281
1742875845.187829
1742875845.207386
1742875845.253350
1742875845.274813
1742875845.320780
1742875845.340712
1742875845.379734
1742875845.418708
1742875845.441690
1742875845.478603
1742875845.517789
1742875845.544813
1742875845.585822
1742875845.607400
1742875845.654341
1742875845.674988
1742875845.718596
1742875845.740833
1742875845.784520
1742875845.812063
1742875845.853498
1742875845.874266
1742875845.920874
1742875845.941876
1742875845.984829
1742875846.008017
1742875846.054637
1742875846.075370
1742875846.121876
1742875846.141117
1742875846.187929
1742875846.208668
1742875846.251692
1742875846.274591
1742875846.318584
1742875846.343808
1742875846.386946
1742875846.407847
1742875846.451398
1742875846.477187
1742875846.516983
1742875846.542215
1742875846.584531
1742875846.612183
1742875846.652798
1742875846.674898
1742875846.719417
1742875846.742583
1742875846.789842
1742875846.808310
1742875846.854326
1742875846.877679
1742875846.919531
1742875846.941438
1742875846.987191
1742875847.008666
1742875847.049287
1742875847.075032
1742875847.122057
1742875847.143590
1742875847.189241
1742875847.208349
1742875847.251371
1742875847.279080
1742875847.321021
1742875847.341738
1742875847.388856
1742875847.409821
1742875847.451547
1742875847.474966
1742875847.521924
1742875847.543568
1742875847.588929
1742875847.608506
1742875847.655540
1742875847.676960
1742875847.722269
1742875847.741916
1742875847.789148
1742875847.809759
1742875847.853143
1742875847.875195
1742875847.921958
1742875847.944099
1742875847.985290
1742875848.008614
1742875848.056171
1742875848.077498
1742875848.124161
1742875848.142225
1742875848.185946
1742875848.213263
1742875848.254491
1742875848.275634
1742875848.317629
1742875848.345700
1742875848.388950
1742875848.409012
1742875848.456493
1742875848.477989
1742875848.520755
1742875848.542366
1742875848.589351
1742875848.610556
1742875848.656363
1742875848.675800
1742875848.718816
1742875848.746369
1742875848.788794
1742875848.809166
1742875848.852906
1742875848.882093
1742875848.918690
1742875848.942492
1742875848.986292
1742875849.013576
1742875849.055948
1742875849.075799
1742875849.123377
1742875849.144997
1742875849.187664
1742875849.209283
1742875849.256493
1742875849.279189
1742875849.323178
1742875849.342685
1742875849.380472
1742875849.422422
1742875849.445855
1742875849.479192
1742875849.521306
1742875849.546415
1742875849.588675
1742875849.609477
1742875849.652810
1742875849.681515
1742875849.722921
1742875849.742916
1742875849.789444
1742875849.812933
1742875849.855113
1742875849.876369
1742875849.922641
1742875849.947011
1742875849.988672
1742875850.009752
1742875850.057131
1742875850.079654
1742875850.122058
1742875850.143214
1742875850.186684
1742875850.216533
1742875850.252655
1742875850.279862
1742875850.321040
1742875850.349716
1742875850.387404
1742875850.411340
1742875850.456972
1742875850.480601
1742875850.523072
1742875850.544082
1742875850.587117
1742875850.616735
1742875850.653965
1742875850.680585
1742875850.722165
1742875850.746847
1742875850.785772
1742875850.814483
1742875850.854476
1742875850.884393
1742875850.920426
1742875850.943945
1742875850.986976
1742875851.016443
1742875851.051931
1742875851.076931
1742875851.123763
1742875851.143333
1742875851.189820
1742875851.210305
1742875851.255008
1742875851.280522
1742875851.321985
1742875851.343633
1742875851.388376
1742875851.414644
1742875851.456422
1742875851.476991
1742875851.523715
1742875851.546806
1742875851.588716
1742875851.610468
1742875851.654191
1742875851.681845
1742875851.721749
1742875851.744236
1742875851.787378
1742875851.817542
1742875851.853506
1742875851.888874
1742875851.910728
1742875851.958375
1742875851.982045
1742875852.023040
1742875852.048582
1742875852.082418
1742875852.120697
1742875852.150269
1742875852.188775
1742875852.211129
1742875852.254756
1742875852.283703
1742875852.319550
1742875852.344476
1742875852.391346
1742875852.415039
1742875852.453581
1742875852.477945
1742875852.523214
1742875852.548207
1742875852.589885
1742875852.611035
1742875852.656652
1742875852.681960
1742875852.723586
1742875852.744649
1742875852.789364
1742875852.815659
1742875852.854282
1742875852.878196
1742875852.922682
1742875852.950172
1742875852.988778
1742875853.011493
1742875853.056488
1742875853.081991
1742875853.124267
1742875853.144638
1742875853.187871
1742875853.217753
1742875853.252216
1742875853.278726
1742875853.323703
1742875853.349138
1742875853.389172
1742875853.411387
1742875853.458250
1742875853.482294
1742875853.520510
1742875853.546215
1742875853.590768
1742875853.614429
1742875853.655951
1742875853.679241
1742875853.720829
1742875853.752015
1742875853.788252
1742875853.815126
1742875853.856655
1742875853.882942
1742875853.923459
1742875853.946139
1742875853.990732
1742875854.016503
1742875854.055846
1742875854.079523
1742875854.121845
1742875854.152057
1742875854.188173
1742875854.212149
1742875854.256085
1742875854.285757
1742875854.321818
1742875854.345947
1742875854.392120
1742875854.416064
1742875854.454793
1742875854.478832
1742875854.523701
1742875854.550036
1742875854.590109
1742875854.612225
1742875854.658119
1742875854.683585
1742875854.724595
1742875854.745692
1742875854.791887
1742875854.816571
1742875854.855685
1742875854.880060
1742875854.922635
1742875854.953016
1742875854.988988
1742875855.012803
1742875855.055236
1742875855.085409
1742875855.121432
1742875855.146223
1742875855.191990
1742875855.216665
1742875855.255995
1742875855.279046
1742875855.325110
1742875855.350072
1742875855.388629
1742875855.412602
1742875855.458925
1742875855.483404
1742875855.522864
1742875855.546109
1742875855.592581
1742875855.617093
1742875855.655977
1742875855.679577
1742875855.721579
1742875855.753100
1742875855.788935
1742875855.812979
1742875855.858704
1742875855.883359
1742875855.921752
1742875855.946934
1742875855.988961
1742875856.019814
1742875856.056740
1742875856.079642
1742875856.125281
1742875856.151413
1742875856.191921
1742875856.213024
1742875856.256368
1742875856.287844
1742875856.319428
1742875856.351107
1742875856.388756
1742875856.420360
1742875856.455899
1742875856.481083
1742875856.523270
1742875856.553006
1742875856.589103
1742875856.614881
1742875856.656684
1742875856.685941
1742875856.724115
1742875856.747379
1742875856.790767
1742875856.819503
1742875856.857475
1742875856.882550
1742875856.923293
1742875856.954699
1742875856.987202
1742875857.016820
1742875857.057558
1742875857.086549
1742875857.122953
1742875857.148520
1742875857.190455
1742875857.220128
1742875857.254379
1742875857.283700
1742875857.322963
1742875857.354912
1742875857.387861
1742875857.415173
1742875857.456916
1742875857.485970
1742875857.520338
1742875857.548434
1742875857.586813
1742875857.622776
1742875857.652693
1742875857.683563
1742875857.723263
1742875857.753191
1742875857.789319
1742875857.813729
1742875857.856599
1742875857.887129
1742875857.924441
1742875857.947118
1742875857.988952
1742875858.023886
1742875858.054042
1742875858.083743
1742875858.123557
1742875858.155827
1742875858.189824
1742875858.214989
1742875858.256456
1742875858.289524
1742875858.322193
1742875858.352164
1742875858.388293
1742875858.424009
1742875858.456722
1742875858.484277
1742875858.524441
1742875858.553693
1742875858.589157
1742875858.618214
1742875858.657547
1742875858.687204
1742875858.723607
1742875858.750174
1742875858.789331
1742875858.822048
1742875858.857825
1742875858.882240
1742875858.921590
1742875858.956406
1742875858.988552
1742875859.016609
1742875859.057266
1742875859.087186
1742875859.123304
1742875859.147907
1742875859.189050
1742875859.223457
1742875859.257491
1742875859.281113
1742875859.324246
1742875859.352882
1742875859.391192
1742875859.414590
1742875859.455284
1742875859.488160
1742875859.521013
1742875859.550598
1742875859.588840
1742875859.623819
1742875859.653366
1742875859.685926
1742875859.724908
1742875859.754226
1742875859.789281
1742875859.816167
1742875859.855364
1742875859.889702
1742875859.924173
1742875859.948818
1742875859.987304
1742875860.021614
1742875860.056439
1742875860.084944
1742875860.126325
1742875860.154004
1742875860.188078
1742875860.223674
1742875860.248440
1742875860.291016
1742875860.322479
1742875860.356894
1742875860.390501
1742875860.420102
1742875860.458219
1742875860.487751
1742875860.523364
1742875860.553741
1742875860.588810
1742875860.624074
1742875860.658315
1742875860.686545
1742875860.725660
1742875860.755144
1742875860.789580
1742875860.819758
1742875860.858218
1742875860.888335
1742875860.924427
1742875860.948738
1742875860.987375
1742875861.025347
1742875861.055045
1742875861.083923
1742875861.124710
1742875861.156538
1742875861.191854
1742875861.215433
1742875861.253741
1742875861.290247
1742875861.325021
1742875861.349868
1742875861.391595
1742875861.420424
1742875861.455888
1742875861.482600
1742875861.518970
1742875861.553745
1742875861.591356
1742875861.617541
1742875861.658938
1742875861.688997
1742875861.724746
1742875861.752838
1742875861.789333
1742875861.823877
1742875861.859394
1742875861.884631
1742875861.925889
1742875861.955719
1742875861.991005
1742875862.020510
1742875862.052924
1742875862.093560
1742875862.122667
1742875862.154236
1742875862.191682
1742875862.224610
1742875862.256509
1742875862.287812
1742875862.322444
1742875862.357668
1742875862.392799
1742875862.420300
1742875862.459945
1742875862.489555
1742875862.526185
1742875862.553586
1742875862.594068
1742875862.621080
1742875862.655897
1742875862.690649
1742875862.721932
1742875862.757135
1742875862.793393
1742875862.819093
1742875862.857006
1742875862.893416
1742875862.922941
1742875862.954732
1742875862.990826
1742875863.025451
1742875863.056810
1742875863.086268
1742875863.124531
1742875863.159025
1742875863.187594
1742875863.221049
1742875863.255580
1742875863.290827
1742875863.326193
1742875863.349714
1742875863.392067
1742875863.422789
1742875863.456755
1742875863.484407
1742875863.527019
1742875863.556536
1742875863.592177
1742875863.616660
1742875863.657919
1742875863.691044
1742875863.723819
1742875863.752293
1742875863.793001
1742875863.821269
1742875863.859364
1742875863.885020
1742875863.926989
1742875863.955253
1742875863.991036
1742875864.021286
1742875864.061015
1742875864.088286
1742875864.127800
1742875864.150214
1742875864.193026
1742875864.223986
1742875864.260131
1742875864.284487
1742875864.324601
1742875864.356667
1742875864.395599
1742875864.417068
1742875864.462764
1742875864.487142
1742875864.528601
1742875864.550398
1742875864.593075
1742875864.625928
1742875864.657962
1742875864.687495
1742875864.728004
1742875864.755252
1742875864.793462
1742875864.820108
1742875864.860969
1742875864.888606
1742875864.926725
1742875864.954619
1742875864.992679
1742875865.026193
1742875865.058059
1742875865.088709
1742875865.122204
1742875865.162285
1742875865.187704
1742875865.221682
1742875865.257012
1742875865.289069
1742875865.322032
1742875865.354847
1742875865.395809
1742875865.420750
1742875865.460554
1742875865.484177
1742875865.526265
1742875865.559233
1742875865.590055
1742875865.617985
1742875865.658941
1742875865.691784
1742875865.726800
1742875865.750809
1742875865.793133
1742875865.823612
1742875865.860557
1742875865.884280
1742875865.927778
1742875865.955309
1742875865.994745
1742875866.017619
1742875866.064347
1742875866.087508
1742875866.128886
1742875866.151113
1742875866.188199
1742875866.226075
1742875866.261960
1742875866.284593
1742875866.330424
1742875866.354288
1742875866.392427
1742875866.419993
1742875866.462040
1742875866.489093
1742875866.527053
1742875866.551633
1742875866.594417
1742875866.621762
1742875866.663082
1742875866.685302
1742875866.729462
1742875866.755080
1742875866.796960
1742875866.819292
1742875866.858373
1742875866.891883
1742875866.930703
1742875866.951823
1742875866.995856
1742875867.021887
1742875867.060146
1742875867.085744
1742875867.124275
1742875867.162859
1742875867.188411
1742875867.224372
1742875867.257283
1742875867.295393
1742875867.322941
1742875867.356584
1742875867.395342
1742875867.422362
1742875867.462631
1742875867.485092
1742875867.528392
1742875867.555559
1742875867.596886
1742875867.618524
1742875867.661518
1742875867.689030
1742875867.726450
1742875867.752474
1742875867.795787
1742875867.821914
1742875867.860468
1742875867.885543
1742875867.932094
1742875867.954601
1742875867.993562
1742875868.019711
1742875868.058628
1742875868.095939
1742875868.122671
1742875868.156696
1742875868.196933
1742875868.222581
1742875868.264202
1742875868.285633
1742875868.327585
1742875868.356231
1742875868.397207
1742875868.419652
1742875868.465631
1742875868.488433
1742875868.530560
1742875868.563757
1742875868.586285
1742875868.632319
1742875868.655168
1742875868.694584
1742875868.723278
1742875868.761464
1742875868.788871
1742875868.830747
1742875868.856140
1742875868.897785
1742875868.920697
1742875868.962919
1742875868.989301
1742875869.025693
1742875869.058032
1742875869.099652
1742875869.121751
1742875869.157919
1742875869.193079
1742875869.229243
1742875869.255722
1742875869.290842
1742875869.326404
1742875869.362698
1742875869.389642
1742875869.423907
1742875869.461114
1742875869.491352
1742875869.532009
1742875869.552884
1742875869.599650
1742875869.621230
1742875869.666303
1742875869.686289
1742875869.731325
1742875869.755472
1742875869.798291
1742875869.819742
1742875869.863351
1742875869.889701
1742875869.928773
1742875869.953145
1742875869.999708
1742875870.022098
1742875870.060784
1742875870.087155
1742875870.133564
1742875870.155285
1742875870.194667
1742875870.220552
1742875870.266968
1742875870.288467
1742875870.335012
1742875870.353502
1742875870.400339
1742875870.421957
1742875870.466164
1742875870.487004
1742875870.533372
1742875870.555343
1742875870.600687
1742875870.620396
1742875870.666842
1742875870.688884
1742875870.732200
1742875870.754149
1742875870.801517
1742875870.822001
1742875870.861630
1742875870.888480
1742875870.932928
1742875870.955661
1742875870.994941
1742875871.020926
1742875871.068211
1742875871.088366
1742875871.132971
1742875871.153839
1742875871.200980
1742875871.221859
1742875871.267722
1742875871.287420
1742875871.334488
1742875871.355423
1742875871.401458
1742875871.420778
1742875871.466680
1742875871.489059
1742875871.531889
1742875871.554221
1742875871.601657
1742875871.621602
1742875871.667346
1742875871.687463
1742875871.734429
1742875871.755545
1742875871.801188
1742875871.821125
1742875871.868581
1742875871.888689
1742875871.935023
1742875871.954518
1742875872.001103
1742875872.022422
1742875872.067919
1742875872.088029
1742875872.133902
1742875872.155958
1742875872.200557
1742875872.221293
1742875872.267593
1742875872.289260
1742875872.333902
1742875872.354697
1742875872.401161
1742875872.422835
1742875872.468237
1742875872.488083
1742875872.535614
1742875872.555687
1742875872.599273
1742875872.621717
1742875872.668936
1742875872.689404
1742875872.735233
1742875872.754902
1742875872.797810
1742875872.823877
1742875872.864989
1742875872.889158
1742875872.935566
1742875872.955769
1742875873.001902
1742875873.021917
1742875873.068245
1742875873.089548
1742875873.135684
1742875873.155072
1742875873.202163
1742875873.222287
1742875873.268814
1742875873.288316
1742875873.335259
1742875873.355883
1742875873.399731
1742875873.421783
1742875873.468558
1742875873.489277
1742875873.535956
1742875873.555239
1742875873.598536
1742875873.622967
1742875873.665605
1742875873.688614
1742875873.734510
1742875873.756184
1742875873.802534
1742875873.822130
1742875873.865919
1742875873.890840
1742875873.933058
1742875873.955455
1742875874.002640
1742875874.022934
1742875874.069616
1742875874.088854
1742875874.136126
1742875874.156021
1742875874.202238
1742875874.222252
1742875874.268993
1742875874.289756
1742875874.334791
1742875874.355755
1742875874.397792
1742875874.423386
1742875874.466786
1742875874.489047
1742875874.536109
1742875874.556494
1742875874.602570
1742875874.622470
1742875874.669236
1742875874.689843
1742875874.736492
1742875874.755970
1742875874.802957
1742875874.823177
1742875874.869966
1742875874.889653
1742875874.935068
1742875874.956834
1742875875.002044
1742875875.022968
1742875875.066381
1742875875.092539
1742875875.135672
1742875875.156068
1742875875.202897
1742875875.223475
1742875875.269083
1742875875.289466
1742875875.337074
1742875875.356383
1742875875.399820
1742875875.422873
1742875875.463677
1742875875.496464
1742875875.529568
1742875875.556989
1742875875.603627
1742875875.623125
1742875875.669456
1742875875.689750
1742875875.732491
1742875875.759720
1742875875.801388
1742875875.823122
1742875875.865621
1742875875.892753
1742875875.934273
1742875875.956749
1742875876.003126
1742875876.023638
1742875876.068009
1742875876.090220
1742875876.133266
1742875876.161583
1742875876.203161
1742875876.223581
1742875876.268271
1742875876.290512
1742875876.336617
1742875876.356833
1742875876.400458
1742875876.423985
1742875876.465550
1742875876.490551
1742875876.537397
1742875876.557471
1742875876.602921
1742875876.623748
1742875876.670992
1742875876.690805
1742875876.734135
1742875876.757851
1742875876.803875
1742875876.824132
1742875876.869239
1742875876.899999
1742875876.923764
1742875876.971022
1742875876.990907
1742875877.037396
1742875877.058099
1742875877.102053
1742875877.124724
1742875877.171369
1742875877.190987
1742875877.228980
1742875877.260645
1742875877.303027
1742875877.324144
1742875877.361185
1742875877.401245
1742875877.424408
1742875877.468160
1742875877.490502
1742875877.537251
1742875877.557870
1742875877.602589
1742875877.623931
1742875877.671185
1742875877.691551
1742875877.734623
1742875877.757343
1742875877.800769
1742875877.825301
1742875877.869551
1742875877.890826
1742875877.934368
1742875877.958288
1742875878.004234
1742875878.024218
1742875878.067666
1742875878.092050
1742875878.135188
1742875878.157986
1742875878.200622
1742875878.225370
1742875878.272557
1742875878.291259
1742875878.338103
1742875878.359247
1742875878.404447
1742875878.424488
1742875878.470502
1742875878.492376
1742875878.536475
1742875878.557805
1742875878.604331
1742875878.625597
1742875878.669465
1742875878.691131
1742875878.734725
1742875878.762213
1742875878.802748
1742875878.824798
1742875878.868568
1742875878.897413
1742875878.937774
1742875878.958081
1742875879.001718
1742875879.028530
1742875879.071073
1742875879.091553
1742875879.138331
1742875879.159397
1742875879.205121
1742875879.224882
1742875879.271219
1742875879.292979
1742875879.339542
1742875879.358449
1742875879.401886
1742875879.429115
1742875879.469763
1742875879.491492
1742875879.537880
1742875879.559672
1742875879.604848
1742875879.624922
1742875879.668400
1742875879.696290
1742875879.738225
1742875879.758408
1742875879.805851
1742875879.826808
1742875879.873463
1742875879.891844
1742875879.938758
1742875879.960142
1742875880.004488
1742875880.025149
1742875880.072584
1742875880.093188
1742875880.138917
1742875880.158727
1742875880.205467
1742875880.227469
1742875880.272666
1742875880.292060
1742875880.334220
1742875880.362586
1742875880.405679
1742875880.425356
1742875880.472476
1742875880.494611
1742875880.536861
1742875880.558730
1742875880.606046
1742875880.628051
1742875880.672392
1742875880.692131
1742875880.738981
1742875880.761549
1742875880.803866
1742875880.825444
1742875880.872331
1742875880.895136
1742875880.938038
1742875880.958899
1742875881.002596
1742875881.031426
1742875881.071450
1742875881.092270
1742875881.135702
1742875881.165224
1742875881.203023
1742875881.225649
1742875881.272506
1742875881.295154
1742875881.338089
1742875881.359160
1742875881.405501
1742875881.428774
1742875881.471340
1742875881.492549
1742875881.538912
1742875881.560956
1742875881.606131
1742875881.625952
1742875881.670566
1742875881.694762
1742875881.739387
1742875881.759379
1742875881.805227
1742875881.829701
1742875881.872222
1742875881.892682
1742875881.936530
1742875881.962953
1742875882.006756
1742875882.026108
1742875882.073658
1742875882.095799
1742875882.139764
1742875882.159490
1742875882.206184
1742875882.229529
1742875882.273257
1742875882.292988
1742875882.339022
1742875882.362780
1742875882.406686
1742875882.426468
1742875882.471703
1742875882.495790
1742875882.539600
1742875882.559858
1742875882.606167
1742875882.629774
1742875882.674004
1742875882.693311
1742875882.736833
1742875882.765830
1742875882.804585
1742875882.826796
1742875882.873765
1742875882.897046
1742875882.938371
1742875882.960128
1742875883.004151
1742875883.030765
1742875883.071776
1742875883.093426
1742875883.136853
1742875883.167144
1742875883.203449
1742875883.226702
1742875883.272938
1742875883.297504
1742875883.333980
1742875883.362581
1742875883.405405
1742875883.430620
1742875883.471086
1742875883.493535
1742875883.540307
1742875883.563868
1742875883.607277
1742875883.627038
1742875883.672708
1742875883.698156
1742875883.739952
1742875883.760324
1742875883.806932
1742875883.830073
1742875883.871934
1742875883.893648
1742875883.937342
1742875883.967380
1742875884.002731
1742875884.028805
1742875884.071727
1742875884.098492
1742875884.136514
1742875884.160806
1742875884.205176
1742875884.231126
1742875884.272767
1742875884.293976
1742875884.336678
1742875884.367993
1742875884.403722
1742875884.427601
1742875884.471650
1742875884.500575
1742875884.538332
1742875884.560763
1742875884.603442
1742875884.635301
1742875884.670863
1742875884.694187
1742875884.740456
1742875884.764974
1742875884.804358
1742875884.827919
1742875884.872653
1742875884.899250
1742875884.937162
1742875884.962196
1742875885.005073
1742875885.034363
1742875885.071073
1742875885.094681
1742875885.139190
1742875885.165261
1742875885.206288
1742875885.239937
1742875885.261353
1742875885.304905
1742875885.335126
1742875885.371619
1742875885.401553
1742875885.432450
1742875885.471384
1742875885.501232
1742875885.537814
1742875885.561471
1742875885.605745
1742875885.632756
1742875885.673318
1742875885.694766
1742875885.737692
1742875885.767537
1742875885.804009
1742875885.827987
1742875885.875164
1742875885.897956
1742875885.938825
1742875885.961472
1742875886.008136
1742875886.032300
1742875886.070845
1742875886.095047
1742875886.139273
1742875886.168270
1742875886.206797
1742875886.228383
1742875886.274344
1742875886.299481
1742875886.339037
1742875886.361962
1742875886.406008
1742875886.434157
1742875886.473908
1742875886.495575
1742875886.540241
1742875886.566369
1742875886.605353
1742875886.628892
1742875886.674470
1742875886.699912
1742875886.737858
1742875886.763731
1742875886.806012
1742875886.835266
1742875886.871263
1742875886.898669
1742875886.939379
1742875886.968855
1742875887.005446
1742875887.033322
1742875887.071416
1742875887.102104
1742875887.137787
1742875887.166855
1742875887.203897
1742875887.239017
1742875887.268848
1742875887.298926
1742875887.335523
1742875887.371888
1742875887.402449
1742875887.432147
1742875887.469347
1742875887.505751
1742875887.535321
1742875887.565978
1742875887.602801
1742875887.638638
1742875887.668906
1742875887.700046
1742875887.735570
1742875887.772170
1742875887.802476
1742875887.833639
1742875887.872540
1742875887.902543
1742875887.939078
1742875887.963802
1742875888.005623
1742875888.035921
1742875888.072124
1742875888.100621
1742875888.136985
1742875888.172250
1742875888.204005
1742875888.232347
1742875888.273888
1742875888.300969
1742875888.339069
1742875888.362790
1742875888.402809
1742875888.440742
1742875888.468003
1742875888.500294
1742875888.539320
1742875888.569469
1742875888.605653
1742875888.629674
1742875888.674742
1742875888.701357
1742875888.741212
1742875888.762925
1742875888.807270
1742875888.833554
1742875888.874175
1742875888.896373
1742875888.938244
1742875888.969553
1742875889.007762
1742875889.030009
1742875889.075507
1742875889.101147
1742875889.141106
1742875889.163206
1742875889.206476
1742875889.237952
1742875889.272162
1742875889.296699
1742875889.343283
1742875889.366540
1742875889.406335
1742875889.429878
1742875889.471593
1742875889.503748
1742875889.538534
1742875889.563913
1742875889.605869
1742875889.637809
1742875889.669536
1742875889.697300
1742875889.742415
1742875889.767849
1742875889.804730
1742875889.830297
1742875889.873682
1742875889.901928
1742875889.942167
1742875889.963490
1742875890.005751
1742875890.038881
1742875890.071327
1742875890.098971
1742875890.137795
1742875890.172192
1742875890.207052
1742875890.230662
1742875890.274185
1742875890.303755
1742875890.340988
1742875890.363836
1742875890.406138
1742875890.439155
1742875890.474084
1742875890.497422
1742875890.541049
1742875890.570805
1742875890.603056
1742875890.635174
1742875890.674698
1742875890.702162
1742875890.743258
1742875890.764104
1742875890.807394
1742875890.836949
1742875890.873290
1742875890.899711
1742875890.939903
1742875890.970994
1742875891.004409
1742875891.035761
1742875891.073869
1742875891.102157
1742875891.143438
1742875891.164280
1742875891.206456
1742875891.240640
1742875891.271534
1742875891.302241
1742875891.339207
1742875891.372649
1742875891.406698
1742875891.434297
1742875891.470362
1742875891.501624
1742875891.537656
1742875891.568865
1742875891.605807
1742875891.639391
1742875891.672475
1742875891.701827
1742875891.741569
1742875891.769948
1742875891.807269
1742875891.835825
1742875891.874165
1742875891.906866
1742875891.941477
1742875891.968073
1742875892.009103
1742875892.032976
1742875892.074319
1742875892.102686
1742875892.139436
1742875892.173905
1742875892.202877
1742875892.241454
1742875892.269569
1742875892.308799
1742875892.338278
1742875892.371842
1742875892.405271
1742875892.439633
1742875892.474126
1742875892.502731
1742875892.539720
1742875892.575446
1742875892.605190
1742875892.636725
1742875892.673584
1742875892.707441
1742875892.738228
1742875892.769044
1742875892.806290
1742875892.841066
1742875892.872693
1742875892.903216
1742875892.939459
1742875892.974540
1742875893.007592
1742875893.033040
1742875893.073975
1742875893.107971
1742875893.138838
1742875893.170014
1742875893.208936
1742875893.238456
1742875893.272724
1742875893.303250
1742875893.342448
1742875893.371841
1742875893.406271
1742875893.433634
1742875893.474368
1742875893.504139
1742875893.539252
1742875893.572874
1742875893.598647
1742875893.638489
1742875893.673127
1742875893.707809
1742875893.738526
1742875893.768431
1742875893.807783
1742875893.837952
1742875893.873145
1742875893.899448
1742875893.940076
1742875893.975194
1742875894.000477
1742875894.033022
1742875894.072780
1742875894.108009
1742875894.140378
1742875894.166804
1742875894.209999
1742875894.237091
1742875894.277397
1742875894.299007
1742875894.339522
1742875894.375693
1742875894.406720
1742875894.433580
1742875894.473796
1742875894.507610
1742875894.543171
1742875894.566012
1742875894.607508
1742875894.639561
1742875894.675327
1742875894.699495
1742875894.741752
1742875894.770444
1742875894.808105
1742875894.835630
1742875894.876112
1742875894.905874
1742875894.941688
1742875894.970128
1742875895.009434
1742875895.039467
1742875895.075241
1742875895.103414
1742875895.142454
1742875895.172352
1742875895.207925
1742875895.236860
1742875895.277347
1742875895.304355
1742875895.339658
1742875895.371750
1742875895.402982
1742875895.437740
1742875895.468474
1742875895.510095
1742875895.537197
1742875895.576318
1742875895.606562
1742875895.637970
1742875895.674210
1742875895.710354
1742875895.740795
1742875895.769642
1742875895.810691
1742875895.838562
1742875895.874522
1742875895.904243
1742875895.942368
1742875895.976307
1742875896.008448
1742875896.036362
1742875896.077565
1742875896.105040
1742875896.142310
1742875896.169518
1742875896.210529
1742875896.239819
1742875896.276417
1742875896.303220
1742875896.342928
1742875896.373503
1742875896.410112
1742875896.437021
1742875896.478478
1742875896.504704
1742875896.544644
1742875896.570596
1742875896.608227
1742875896.643245
1742875896.674224
1742875896.704883
1742875896.745168
1742875896.770719
1742875896.808684
1742875896.837417
1742875896.877320
1742875896.905086
1742875896.945778
1742875896.967115
1742875897.010591
1742875897.040396
1742875897.076213
1742875897.102297
1742875897.143294
1742875897.175832
1742875897.211438
1742875897.236204
1742875897.273513
1742875897.309619
1742875897.340901
1742875897.370436
1742875897.410399
1742875897.438144
1742875897.478710
1742875897.500644
1742875897.546036
1742875897.570907
1742875897.611379
1742875897.634151
1742875897.676900
1742875897.706452
1742875897.746767
1742875897.767392
1742875897.814047
1742875897.837400
1742875897.879316
1742875897.900912
1742875897.947079
1742875897.970826
1742875898.012693
1742875898.034174
1742875898.077098
1742875898.106076
1742875898.144704
1742875898.167474
1742875898.211609
1742875898.238332
1742875898.276372
1742875898.302889
1742875898.343889
1742875898.374784
1742875898.411011
1742875898.435950
1742875898.478765
1742875898.504303
1742875898.546781
1742875898.568681
1742875898.613327
1742875898.637929
1742875898.680145
1742875898.702123
1742875898.743872
1742875898.775991
1742875898.812237
1742875898.836766
1742875898.876042
1742875898.911063
1742875898.939100
1742875898.978999
1742875899.004184
1742875899.041832
1742875899.078250
1742875899.103292
1742875899.145588
1742875899.171178
1742875899.212943
1742875899.235083
1742875899.279443
1742875899.304765
1742875899.347091
1742875899.368336
1742875899.411874
1742875899.438985
1742875899.476500
1742875899.501738
1742875899.547650
1742875899.571027
1742875899.610095
1742875899.635197
1742875899.678099
1742875899.705594
1742875899.746778
1742875899.768447
1742875899.812144
1742875899.839131
1742875899.877362
1742875899.902034
1742875899.944728
1742875899.972191
1742875900.009820
1742875900.035572
1742875900.081521
1742875900.104727
1742875900.146155
1742875900.168600
1742875900.214415
1742875900.238164
1742875900.281242
1742875900.302028
1742875900.344002
1742875900.378175
1742875900.405835
1742875900.441812
1742875900.476803
1742875900.508737
1742875900.539028
1742875900.580972
1742875900.605085
1742875900.643837
1742875900.669180
1742875900.716509
1742875900.737618
1742875900.782171
1742875900.802382
1742875900.845423
1742875900.872176
1742875900.909141
1742875900.940003
1742875900.981494
1742875901.005044
1742875901.041982
1742875901.072403
1742875901.108821
1742875901.145359
1742875901.173141
1742875901.213542
1742875901.238214
1742875901.278946
1742875901.305885
1742875901.342563
1742875901.377411
1742875901.410198
1742875901.447207
1742875901.469570
1742875901.513602
1742875901.538613
1742875901.577868
1742875901.604440
1742875901.650133
1742875901.671412
1742875901.712348
1742875901.736199
1742875901.783106
1742875901.804378
1742875901.851102
1742875901.871983
1742875901.916549
1742875901.936449
1742875901.981587
1742875902.005797
1742875902.048501
1742875902.072041
1742875902.106514
1742875902.147696
1742875902.172084
1742875902.210970
1742875902.236384
1742875902.283189
1742875902.305334
1742875902.345086
1742875902.370002
1742875902.417225
1742875902.438458
1742875902.484426
1742875902.503379
1742875902.549627
1742875902.572049
1742875902.613751
1742875902.636955
1742875902.684068
1742875902.704692
1742875902.749147
1742875902.770338
1742875902.817437
1742875902.838588
1742875902.881219
1742875902.904070
1742875902.950066
1742875902.972140
1742875903.012421
1742875903.038307
1742875903.078204
1742875903.106153
1742875903.145468
1742875903.171906
1742875903.216374
1742875903.238810
1742875903.278398
1742875903.305210
1742875903.350898
1742875903.372185
1742875903.417055
1742875903.437198
1742875903.482568
1742875903.505237
1742875903.548822
1742875903.570550
1742875903.617681
1742875903.638742
1742875903.684213
1742875903.704044
1742875903.749705
1742875903.772443
1742875903.818402
1742875903.837749
1742875903.881080
1742875903.906628
1742875903.946397
1742875903.970905
1742875904.017971
1742875904.038912
1742875904.084769
1742875904.104567
1742875904.151917
1742875904.171889
1742875904.218099
1742875904.237705
1742875904.285209
1742875904.305276
1742875904.347770
1742875904.371116
1742875904.418340
1742875904.438961
1742875904.484843
1742875904.504617
1742875904.551438
1742875904.572374
1742875904.618372
1742875904.638011
1742875904.685180
1742875904.705725
1742875904.751476
1742875904.771645
1742875904.818241
1742875904.839051
1742875904.882504
1742875904.904957
1742875904.951023
1742875904.972784
1742875905.018604
1742875905.038288
1742875905.081423
1742875905.106419
1742875905.145495
1742875905.172153
1742875905.217499
1742875905.239247
1742875905.285362
1742875905.305085
1742875905.352392
1742875905.372268
1742875905.418041
1742875905.438337
1742875905.484022
1742875905.506471
1742875905.548773
1742875905.571631
1742875905.618379
1742875905.639520
1742875905.683258
1742875905.705289
1742875905.752027
1742875905.772685
1742875905.817889
1742875905.838553
1742875905.880661
1742875905.906448
1742875905.952538
1742875905.972071
1742875906.015838
1742875906.039571
1742875906.086612
1742875906.105516
1742875906.148277
1742875906.173884
1742875906.215547
1742875906.238837
1742875906.285023
1742875906.306360
1742875906.349040
1742875906.372373
1742875906.418499
1742875906.439513
1742875906.485883
1742875906.505714
1742875906.549055
1742875906.572942
1742875906.619258
1742875906.639019
1742875906.685847
1742875906.706175
1742875906.748499
1742875906.772501
1742875906.816627
1742875906.840279
1742875906.883869
1742875906.905718
1742875906.946600
1742875906.975790
1742875907.016566
1742875907.038682
1742875907.084665
1742875907.106654
1742875907.151498
1742875907.172521
1742875907.219013
1742875907.239806
1742875907.282410
1742875907.306102
1742875907.352814
1742875907.372804
1742875907.420026
1742875907.439450
1742875907.484664
1742875907.506733
1742875907.549985
1742875907.572894
1742875907.619922
1742875907.639439
1742875907.686452
1742875907.706120
1742875907.752262
1742875907.773189
1742875907.819603
1742875907.839833
1742875907.887209
1742875907.906374
1742875907.949461
1742875907.972846
1742875908.015834
1742875908.043287
1742875908.085306
1742875908.106336
1742875908.153831
1742875908.173037
1742875908.220208
1742875908.239740
1742875908.282332
1742875908.306992
1742875908.352573
1742875908.373124
1742875908.416816
1742875908.440760
1742875908.484704
1742875908.506531
1742875908.552936
1742875908.573601
1742875908.620002
1742875908.639952
1742875908.683861
1742875908.707083
1742875908.748329
1742875908.773677
1742875908.819660
1742875908.840321
1742875908.883914
1742875908.907075
1742875908.951733
1742875908.974255
1742875909.017253
1742875909.040611
1742875909.086069
1742875909.107338
1742875909.151135
1742875909.174298
1742875909.220477
1742875909.240691
1742875909.287665
1742875909.307231
1742875909.353277
1742875909.374296
1742875909.420868
1742875909.440509
1742875909.484683
1742875909.508012
1742875909.551343
1742875909.573754
1742875909.620366
1742875909.640691
1742875909.684021
1742875909.707050
1742875909.750715
1742875909.777184
1742875909.818518
1742875909.840430
1742875909.886825
1742875909.907671
1742875909.950519
1742875909.973931
1742875910.020225
1742875910.040801
1742875910.087025
1742875910.107195
1742875910.153610
1742875910.174797
1742875910.220322
1742875910.249845
1742875910.274172
1742875910.317697
1742875910.345694
1742875910.386291
1742875910.409038
1742875910.450591
1742875910.474754
1742875910.521684
1742875910.542360
1742875910.585088
1742875910.608942
1742875910.651065
1742875910.680440
1742875910.708844
1742875910.749926
1742875910.778154
1742875910.819199
1742875910.841059
1742875910.884545
1742875910.909124
1742875910.951707
1742875910.974500
1742875911.017804
1742875911.044438
1742875911.085073
1742875911.108684
1742875911.151518
1742875911.180167
1742875911.221473
1742875911.241426
1742875911.283703
1742875911.313543
1742875911.354213
1742875911.374731
1742875911.420720
1742875911.442093
1742875911.486375
1742875911.507989
1742875911.554950
1742875911.576493
1742875911.619613
1742875911.641330
1742875911.684152
1742875911.709519
1742875911.755679
1742875911.774860
1742875911.821030
1742875911.843024
1742875911.885225
1742875911.908465
1742875911.955444
1742875911.976797
1742875912.019976
1742875912.041847
1742875912.085186
1742875912.112796
1742875912.155540
1742875912.175057
1742875912.221720
1742875912.244433
1742875912.285458
1742875912.308799
1742875912.350803
1742875912.382747
1742875912.420146
1742875912.442919
1742875912.488550
1742875912.510793
1742875912.550382
1742875912.577803
1742875912.619606
1742875912.648633
1742875912.685728
1742875912.709468
1742875912.755213
1742875912.777767
1742875912.820382
1742875912.842175
1742875912.886121
1742875912.915518
1742875912.951906
1742875912.976722
1742875913.019775
1742875913.048580
1742875913.087245
1742875913.108973
1742875913.156107
1742875913.178690
1742875913.221601
1742875913.242483
1742875913.289851
1742875913.311753
1742875913.356126
1742875913.375787
1742875913.421149
1742875913.445491
1742875913.489173
1742875913.509072
1742875913.556425
1742875913.578441
1742875913.621534
1742875913.642509
1742875913.684854
1742875913.714989
1742875913.755300
1742875913.775857
1742875913.821935
1742875913.845757
1742875913.889164
1742875913.909521
1742875913.953119
1742875913.979827
1742875914.021742
1742875914.042649
1742875914.088821
1742875914.112081
1742875914.155276
1742875914.175954
1742875914.218976
1742875914.249223
1742875914.285042
1742875914.309790
1742875914.352669
1742875914.381844
1742875914.422993
1742875914.442880
1742875914.488786
1742875914.512568
1742875914.555283
1742875914.576253
1742875914.623236
1742875914.645906
1742875914.690296
1742875914.709784
1742875914.757278
1742875914.779287
1742875914.822924
1742875914.843161
1742875914.887144
1742875914.916412
1742875914.953255
1742875914.976530
1742875915.019965
1742875915.049455
1742875915.085943
1742875915.110384
1742875915.153798
1742875915.182333
1742875915.220421
1742875915.243474
1742875915.289898
1742875915.313787
1742875915.355691
1742875915.376719
1742875915.420060
1742875915.449380
1742875915.488401
1742875915.510137
1742875915.557494
1742875915.580326
1742875915.622412
1742875915.643392
1742875915.690721
1742875915.713189
1742875915.754781
1742875915.776773
1742875915.821973
1742875915.847358
1742875915.889059
1742875915.910140
1742875915.957559
1742875915.979808
1742875916.021815
1742875916.043810
1742875916.091052
1742875916.114346
1742875916.156369
1742875916.177137
1742875916.220348
1742875916.249731
1742875916.286214
1742875916.310301
1742875916.355420
1742875916.380806
1742875916.422736
1742875916.443817
1742875916.491041
1742875916.514422
1742875916.555812
1742875916.577186
1742875916.623574
1742875916.648099
1742875916.689356
1742875916.710607
1742875916.753969
1742875916.784324
1742875916.820412
1742875916.844303
1742875916.890603
1742875916.914590
1742875916.955696
1742875916.977676
1742875917.022323
1742875917.050220
1742875917.091290
1742875917.111014
1742875917.154405
1742875917.183913
1742875917.222226
1742875917.246839
1742875917.288769
1742875917.317621
1742875917.355551
1742875917.378089
1742875917.421154
1742875917.451247
1742875917.487271
1742875917.511329
1742875917.554723
1742875917.583546
1742875917.620792
1742875917.644430
1742875917.688827
1742875917.715399
1742875917.755956
1742875917.777727
1742875917.825037
1742875917.848335
1742875917.890478
1742875917.911124
1742875917.956706
1742875917.982288
1742875918.020730
1742875918.044797
1742875918.089522
1742875918.116030
1742875918.153500
1742875918.178229
1742875918.223075
1742875918.249027
1742875918.286491
1742875918.311637
1742875918.356542
1742875918.382830
1742875918.421034
1742875918.444982
1742875918.489537
1742875918.517989
1742875918.557428
1742875918.583159
1742875918.611457
1742875918.655691
1742875918.685141
1742875918.722043
1742875918.751060
1742875918.782083
1742875918.819621
1742875918.855117
1742875918.885163
1742875918.913518
1742875918.955180
1742875918.985475
1742875919.023180
1742875919.045573
1742875919.090113
1742875919.116911
1742875919.156262
1742875919.180665
1742875919.222783
1742875919.252023
1742875919.288616
1742875919.313677
1742875919.357569
1742875919.382901
1742875919.423495
1742875919.445538
1742875919.488638
1742875919.518266
1742875919.557811
1742875919.578971
1742875919.625268
1742875919.650328
1742875919.689052
1742875919.713933
1742875919.755336
1742875919.787244
1742875919.821449
1742875919.849144
1742875919.886315
1742875919.922478
1742875919.953851
1742875919.979442
1742875920.021607
1742875920.052315
1742875920.089855
1742875920.112432
1742875920.159112
1742875920.183490
1742875920.223110
1742875920.245922
1742875920.292033
1742875920.317007
1742875920.355615
1742875920.379619
1742875920.422243
1742875920.452899
1742875920.490107
1742875920.512670
1742875920.558987
1742875920.583955
1742875920.624201
1742875920.646334
1742875920.689841
1742875920.720177
1742875920.755848
1742875920.780850
1742875920.822289
1742875920.852763
1742875920.890024
1742875920.913089
1742875920.956081
1742875920.986705
1742875921.022720
1742875921.046608
1742875921.090527
1742875921.119603
1742875921.156030
1742875921.180309
1742875921.222618
1742875921.253483
1742875921.288521
1742875921.314300
1742875921.356472
1742875921.386064
1742875921.423828
1742875921.446407
1742875921.485534
1742875921.518763
1742875921.550271
1742875921.584304
1742875921.622374
1742875921.654458
1742875921.689411
1742875921.713127
1742875921.758292
1742875921.784963
1742875921.825513
1742875921.846601
1742875921.890671
1742875921.919472
1742875921.955518
1742875921.980355
1742875922.022312
1742875922.053016
1742875922.090448
1742875922.113455
1742875922.156448
1742875922.186731
1742875922.221304
1742875922.251014
1742875922.290869
1742875922.319273
1742875922.356726
1742875922.381336
1742875922.422945
1742875922.453632
1742875922.489569
1742875922.513877
1742875922.556049
1742875922.589607
1742875922.619765
1742875922.651356
1742875922.691472
1742875922.719276
1742875922.756969
1742875922.780628
1742875922.823081
1742875922.855010
1742875922.887277
1742875922.915867
1742875922.955212
1742875922.987732
1742875923.023319
1742875923.047596
1742875923.092572
1742875923.118657
1742875923.157721
1742875923.181624
1742875923.223906
1742875923.254300
1742875923.291140
1742875923.316098
1742875923.356017
1742875923.390932
1742875923.421402
1742875923.450353
1742875923.490234
1742875923.520622
1742875923.556866
1742875923.580708
1742875923.624334
1742875923.652156
1742875923.692224
1742875923.714185
1742875923.757528
1742875923.786872
1742875923.822847
1742875923.847890
1742875923.890960
1742875923.919974
1742875923.957286
1742875923.981052
1742875924.023598
1742875924.054813
1742875924.091386
1742875924.114771
1742875924.157838
1742875924.187638
1742875924.220498
1742875924.252503
1742875924.290951
1742875924.318276
1742875924.358519
1742875924.381179
1742875924.424948
1742875924.452597
1742875924.489836
1742875924.516070
1742875924.556445
1742875924.590464
1742875924.620246
1742875924.652768
1742875924.689308
1742875924.724892
1742875924.755604
1742875924.783789
1742875924.823948
1742875924.856041
1742875924.890497
1742875924.915118
1742875924.959379
1742875924.986979
1742875925.024133
1742875925.048606
1742875925.088327
1742875925.124912
1742875925.153424
1742875925.185970
1742875925.222940
1742875925.256895
1742875925.291137
1742875925.315498
1742875925.355390
1742875925.389879
1742875925.425061
1742875925.448469
1742875925.487625
1742875925.520987
1742875925.554584
1742875925.583717
1742875925.624353
1742875925.654682
1742875925.686722
1742875925.719172
1742875925.755671
1742875925.789536
1742875925.824607
1742875925.851756
1742875925.891942
1742875925.922263
1742875925.957086
1742875925.985751
1742875926.024097
1742875926.052770
1742875926.091394
1742875926.115674
1742875926.156113
1742875926.190772
1742875926.220123
1742875926.251602
1742875926.292607
1742875926.320358
1742875926.359273
1742875926.382138
1742875926.424349
1742875926.453577
1742875926.492122
1742875926.515805
1742875926.556489
1742875926.591376
1742875926.625743
1742875926.649161
1742875926.691068
1742875926.721235
1742875926.754897
1742875926.787127
1742875926.825799
1742875926.854616
1742875926.892176
1742875926.926665
1742875926.949395
1742875926.989650
1742875927.025188
1742875927.056270
1742875927.092453
1742875927.122359
1742875927.156579
1742875927.192216
1742875927.221715
1742875927.257126
1742875927.287457
1742875927.322719
1742875927.357984
1742875927.387760
1742875927.424903
1742875927.453489
1742875927.492788
1742875927.517376
1742875927.558444
1742875927.591669
1742875927.625389
1742875927.649657
1742875927.690455
1742875927.725522
1742875927.755738
1742875927.785795
1742875927.827603
1742875927.853363
1742875927.891797
1742875927.916575
1742875927.958981
1742875927.988158
1742875928.025815
1742875928.050695
1742875928.092676
1742875928.121731
1742875928.157803
1742875928.184086
1742875928.225901
1742875928.255513
1742875928.291675
1742875928.317519
1742875928.358036
1742875928.390561
1742875928.427263
1742875928.449833
1742875928.491461
1742875928.520968
1742875928.561266
1742875928.583218
1742875928.624776
1742875928.660753
1742875928.690764
1742875928.719251
1742875928.760688
1742875928.790638
1742875928.826957
1742875928.850331
1742875928.892077
1742875928.926184
1742875928.958696
1742875928.984308
1742875929.026291
1742875929.054496
1742875929.093261
1742875929.117336
1742875929.159743
1742875929.189803
1742875929.225809
1742875929.254195
1742875929.294490
1742875929.321105
1742875929.361117
1742875929.386322
1742875929.425842
1742875929.455206
1742875929.495912
1742875929.517254
1742875929.560931
1742875929.590214
1742875929.628642
1742875929.650759
1742875929.693329
1742875929.723664
1742875929.759754
1742875929.784083
1742875929.826576
1742875929.856797
1742875929.893658
1742875929.917289
1742875929.960517
1742875929.990007
1742875930.027041
1742875930.050906
1742875930.093289
1742875930.122576
1742875930.159913
1742875930.184492
1742875930.229045
1742875930.253491
1742875930.292049
1742875930.319324
1742875930.361706
1742875930.387660
1742875930.425976
1742875930.451132
1742875930.494555
1742875930.520738
1742875930.558573
1742875930.584897
1742875930.625766
1742875930.657081
1742875930.693668
1742875930.717869
1742875930.758370
1742875930.794290
1742875930.822216
1742875930.856120
1742875930.894547
1742875930.922167
1742875930.958912
1742875930.988017
1742875931.028898
1742875931.054598
1742875931.091968
1742875931.122215
1742875931.160587
1742875931.188470
1742875931.229890
1742875931.252841
1742875931.293412
1742875931.324419
1742875931.360528
1742875931.387902
1742875931.429373
1742875931.454406
1742875931.496194
1742875931.518186
1742875931.564015
1742875931.588104
1742875931.626367
1742875931.654975
1742875931.692256
1742875931.727231
1742875931.756044
1742875931.788715
1742875931.827950
1742875931.855444
1742875931.893471
1742875931.918963
1742875931.961677
1742875931.987852
1742875932.026132
1742875932.052543
1742875932.093913
1742875932.127604
1742875932.155681
1742875932.189499
1742875932.227972
1742875932.255165
1742875932.296609
1742875932.318374
1742875932.360876
1742875932.391596
1742875932.429176
1742875932.451903
1742875932.495302
1742875932.522385
1742875932.564990
1742875932.585194
1742875932.630859
1742875932.654576
1742875932.697202
1742875932.718702
1742875932.764117
1742875932.788115
1742875932.829203
1742875932.852808
1742875932.896092
1742875932.922239
1742875932.960243
1742875932.985974
1742875933.030158
1742875933.055645
1742875933.094529
1742875933.118926
1742875933.164177
1742875933.188442
1742875933.226264
1742875933.255893
1742875933.296721
1742875933.322271
1742875933.364572
1742875933.385884
1742875933.428743
1742875933.455625
1742875933.494294
1742875933.519341
1742875933.565952
1742875933.588288
1742875933.626473
1742875933.655200
1742875933.696181
1742875933.722564
1742875933.760256
1742875933.787353
1742875933.829048
1742875933.855578
1742875933.898100
1742875933.919431
1742875933.963962
1742875933.988557
1742875934.032639
1742875934.052951
1742875934.096364
1742875934.122711
1742875934.161759
1742875934.186820
1742875934.232817
1742875934.254868
1742875934.294253
1742875934.319656
1742875934.366106
1742875934.388556
1742875934.427778
1742875934.453136
1742875934.498491
1742875934.521717
1742875934.561013
1742875934.586980
1742875934.631215
1742875934.655345
1742875934.694595
1742875934.721811
1742875934.760876
1742875934.794046
1742875934.826800
1742875934.856551
1742875934.894388
1742875934.926731
1742875934.959608
1742875934.990962
1742875935.030361
1742875935.056634
1742875935.098383
1742875935.120370
1742875935.164689
1742875935.188718
1742875935.232987
1742875935.260139
1742875935.286897
1742875935.333395
1742875935.355713
1742875935.400709
1742875935.421973
1742875935.462474
1742875935.488802
1742875935.528442
1742875935.556823
1742875935.593039
1742875935.629200
1742875935.655646
1742875935.696754
1742875935.720556
1742875935.766835
1742875935.788823
1742875935.829655
1742875935.853995
1742875935.901692
1742875935.921113
1742875935.967322
1742875935.987303
1742875936.033014
1742875936.055838
1742875936.101074
1742875936.120630
1742875936.167277
1742875936.188859
1742875936.230771
1742875936.253963
1742875936.299909
1742875936.322206
1742875936.366545
1742875936.387347
1742875936.432979
1742875936.455656
1742875936.498542
1742875936.521004
1742875936.568369
1742875936.588768
1742875936.633711
1742875936.654323
1742875936.701757
1742875936.722052
1742875936.767787
1742875936.787847
1742875936.834300
1742875936.855791
1742875936.901844
1742875936.921351
1742875936.967823
1742875936.988762
1742875937.033372
1742875937.054948
1742875937.101664
1742875937.122514
1742875937.168081
1742875937.188037
1742875937.235040
1742875937.255821
1742875937.302066
1742875937.321603
1742875937.368724
1742875937.389189
1742875937.431289
1742875937.455617
1742875937.501170
1742875937.522678
1742875937.567740
1742875937.588182
1742875937.635344
1742875937.655675
1742875937.701195
1742875937.721523
1742875937.766222
1742875937.789295
1742875937.834983
1742875937.854830
1742875937.901433
1742875937.922641
1742875937.968408
1742875937.988240
1742875938.034949
1742875938.056175
1742875938.101783
1742875938.121865
1742875938.169349
1742875938.188933
1742875938.235918
1742875938.255200
1742875938.290686
1742875938.325023
1742875938.365308
1742875938.388429
1742875938.435065
1742875938.456242
1742875938.502435
1742875938.521996
1742875938.568632
1742875938.589402
1742875938.636575
1742875938.655396
1742875938.701908
1742875938.722675
1742875938.769052
1742875938.788878
1742875938.836206
1742875938.855740
1742875938.900815
1742875938.922230
1742875938.969085
1742875938.989637
1742875939.036798
1742875939.055863
1742875939.099018
1742875939.123115
1742875939.166390
1742875939.189180
1742875939.236119
1742875939.256013
1742875939.302768
1742875939.322701
1742875939.369633
1742875939.389522
1742875939.435789
1742875939.456125
1742875939.501372
1742875939.523464
1742875939.568964
1742875939.589363
1742875939.635336
1742875939.656719
1742875939.702161
1742875939.722743
1742875939.768726
1742875939.789830
1742875939.837320
1742875939.856134
1742875939.899761
1742875939.923335
1742875939.969967
1742875939.989413
1742875940.036719
1742875940.056473
1742875940.103656
1742875940.122883
1742875940.169545
1742875940.190104
1742875940.236950
1742875940.256333
1742875940.303587
1742875940.323096
1742875940.365013
1742875940.389536
1742875940.435758
1742875940.456709
1742875940.500159
1742875940.522849
1742875940.570323
1742875940.589784
1742875940.637115
1742875940.656378
1742875940.700359
1742875940.723769
1742875940.768592
1742875940.789914
1742875940.836848
1742875940.856710
1742875940.900407
1742875940.923523
1742875940.967014
1742875940.990264
1742875941.037262
1742875941.056831
1742875941.100860
1742875941.124140
1742875941.167844
1742875941.190390
1742875941.233856
1742875941.257665
1742875941.299309
1742875941.324014
1742875941.369146
1742875941.390721
1742875941.436324
1742875941.457300
1742875941.502778
1742875941.524548
1742875941.568018
1742875941.590889
1742875941.634667
1742875941.658359
1742875941.703027
1742875941.724301
1742875941.765397
1742875941.797598
1742875941.834663
1742875941.857980
1742875941.903968
1742875941.924411
1742875941.969701
1742875941.990851
1742875942.030814
1742875942.065907
1742875942.100919
1742875942.124732
1742875942.170882
1742875942.191318
1742875942.235602
1742875942.257213
1742875942.303581
1742875942.324858
1742875942.364841
1742875942.391600
1742875942.437099
1742875942.458009
1742875942.504165
1742875942.524103
1742875942.570217
1742875942.591353
1742875942.636531
1742875942.657400
1742875942.704576
1742875942.725124
1742875942.768926
1742875942.791092
1742875942.836965
1742875942.858354
1742875942.904754
1742875942.924668
1742875942.967523
1742875942.996393
1742875943.036969
1742875943.058397
1742875943.104330
1742875943.125265
1742875943.169366
1742875943.192603
1742875943.236931
1742875943.259203
1742875943.303369
1742875943.325053
1742875943.368713
1742875943.396685
1742875943.437908
1742875943.457987
1742875943.501624
1742875943.527821
1742875943.571414
1742875943.599056
1742875943.624758
1742875943.672231
1742875943.692793
1742875943.736015
1742875943.761995
1742875943.798298
1742875943.830323
1742875943.871210
1742875943.893756
1742875943.934206
1742875943.959426
1742875944.002027
1742875944.030650
1742875944.066081
1742875944.094213
1742875944.137460
1742875944.160403
1742875944.203778
1742875944.227098
1742875944.272053
1742875944.293553
1742875944.338607
1742875944.359105
1742875944.405835
1742875944.427080
1742875944.469685
1742875944.494184
1742875944.539496
1742875944.561233
1742875944.603660
1742875944.627750
1742875944.669937
1742875944.698128
1742875944.732137
1742875944.765245
1742875944.801974
1742875944.831736
1742875944.861183
1742875944.903217
1742875944.929913
1742875944.972135
1742875944.992009
1742875945.039350
1742875945.060842
1742875945.103484
1742875945.126851
1742875945.167591
1742875945.195666
1742875945.239040
1742875945.259664
1742875945.305583
1742875945.328096
1742875945.372216
1742875945.392454
1742875945.435049
1742875945.464932
1742875945.505488
1742875945.525863
1742875945.572333
1742875945.595339
1742875945.638997
1742875945.659303
1742875945.706443
1742875945.728707
1742875945.771695
1742875945.792339
1742875945.838426
1742875945.861118
1742875945.903977
1742875945.925697
1742875945.971140
1742875945.995043
1742875946.038838
1742875946.059125
1742875946.104329
1742875946.128121
1742875946.170621
1742875946.192428
1742875946.237678
1742875946.262140
1742875946.304046
1742875946.325831
1742875946.369768
1742875946.398293
1742875946.439150
1742875946.459271
1742875946.506397
1742875946.528884
1742875946.572093
1742875946.592518
1742875946.639886
1742875946.661817
1742875946.703887
1742875946.726009
1742875946.771368
1742875946.795035
1742875946.839464
1742875946.859519
1742875946.902755
1742875946.929541
1742875946.970225
1742875946.992973
1742875947.038661
1742875947.062011
1742875947.105263
1742875947.126299
1742875947.169998
1742875947.198554
1742875947.236526
1742875947.259887
1742875947.303298
1742875947.333101
1742875947.370244
1742875947.394460
1742875947.438235
1742875947.462937
1742875947.504595
1742875947.527609
1742875947.571049
1742875947.596397
1742875947.638885
1742875947.662559
1742875947.706709
1742875947.727858
1742875947.772201
1742875947.795832
1742875947.839041
1742875947.863994
1742875947.905767
1742875947.926891
1742875947.970139
1742875947.999868
1742875948.036095
1742875948.060402
1742875948.104195
1742875948.130386
1742875948.171893
1742875948.193478
1742875948.236457
1742875948.266266
1742875948.301960
1742875948.326699
1742875948.369081
1742875948.397757
1742875948.439446
1742875948.460213
1742875948.507812
1742875948.529310
1742875948.574083
1742875948.593603
1742875948.638637
1742875948.663908
1742875948.705783
1742875948.727022
1742875948.773680
1742875948.798177
1742875948.840162
1742875948.860493
1742875948.907313
1742875948.930507
1742875948.972512
1742875948.993934
1742875949.036420
1742875949.067178
1742875949.105266
1742875949.127229
1742875949.174217
1742875949.198312
1742875949.237143
1742875949.260917
1742875949.307856
1742875949.331562
1742875949.373550
1742875949.394128
1742875949.441634
1742875949.464963
1742875949.507266
1742875949.528109
1742875949.573731
1742875949.598308
1742875949.636610
1742875949.665978
1742875949.702503
1742875949.738112
1742875949.768117
1742875949.798298
1742875949.834012
1742875949.871682
1742875949.899800
1742875949.927592
1742875949.973222
1742875949.998566
1742875950.039892
1742875950.060924
1742875950.107519
1742875950.130605
1742875950.172145
1742875950.194394
1742875950.239859
1742875950.265631
1742875950.306267
1742875950.327811
1742875950.373240
1742875950.397934
1742875950.440168
1742875950.461230
1742875950.508310
1742875950.530905
1742875950.572812
1742875950.594624
1742875950.641568
1742875950.665116
1742875950.706204
1742875950.728059
1742875950.772475
1742875950.798806
1742875950.836892
1742875950.861412
1742875950.907922
1742875950.933190
1742875950.972159
1742875950.994973
1742875951.040482
1742875951.066629
1742875951.105187
1742875951.128502
1742875951.171904
1742875951.200430
1742875951.239540
1742875951.262139
1742875951.308625
1742875951.332593
1742875951.371287
1742875951.397877
1742875951.439439
1742875951.464179
1742875951.501301
1742875951.531249
1742875951.571831
1742875951.600900
1742875951.640965
1742875951.664690
1742875951.706951
1742875951.733404
1742875951.774248
1742875951.796064
1742875951.840703
1742875951.866886
1742875951.906813
1742875951.939646
1742875951.962172
1742875952.007925
1742875952.030314
1742875952.073983
1742875952.099083
1742875952.132725
1742875952.172160
1742875952.200763
1742875952.240642
1742875952.262233
1742875952.307558
1742875952.333812
1742875952.372981
1742875952.395568
1742875952.434685
1742875952.465702
1742875952.498191
1742875952.529057
1742875952.566888
1742875952.599361
1742875952.639545
1742875952.662467
1742875952.709168
1742875952.732959
1742875952.772187
1742875952.795667
1742875952.842063
1742875952.866530
1742875952.905718
1742875952.929167
1742875952.975480
1742875952.999261
1742875953.038747
1742875953.065155
1742875953.105925
1742875953.136303
1742875953.171450
1742875953.200048
1742875953.238079
1742875953.270363
1742875953.306184
1742875953.332693
1742875953.370565
1742875953.406460
1742875953.438033
1742875953.467376
1742875953.504635
1742875953.537598
1742875953.572363
1742875953.599054
1742875953.637076
1742875953.673398
1742875953.703707
1742875953.734341
1742875953.772076
1742875953.805718
1742875953.836809
1742875953.863681
1742875953.906388
1742875953.935716
1742875953.973801
1742875953.996405
1742875954.038225
1742875954.063427
1742875954.099394
1742875954.129544
1742875954.174111
1742875954.198312
1742875954.239790
1742875954.263517
1742875954.306796
1742875954.336285
1742875954.372175
1742875954.396896
1742875954.438999
1742875954.471096
1742875954.506160
1742875954.530058
1742875954.574154
1742875954.600179
1742875954.640494
1742875954.663468
1742875954.706328
1742875954.735826
1742875954.774337
1742875954.797133
1742875954.840079
1742875954.869991
1742875954.906595
1742875954.931095
1742875954.972585
1742875955.003839
1742875955.041079
1742875955.065887
1742875955.105321
1742875955.137213
1742875955.174008
1742875955.201971
1742875955.238610
1742875955.273330
1742875955.303001
1742875955.338120
1742875955.368921
1742875955.407579
1742875955.437965
1742875955.468754
1742875955.502990
1742875955.539294
1742875955.572534
1742875955.602177
1742875955.638857
1742875955.671282
1742875955.704362
1742875955.735597
1742875955.771913
1742875955.807026
1742875955.837528
1742875955.868084
1742875955.907572
1742875955.937171
1742875955.973371
1742875955.997428
1742875956.039972
1742875956.069361
1742875956.105498
1742875956.130705
1742875956.172106
1742875956.201643
1742875956.242860
1742875956.264133
1742875956.306115
1742875956.335759
1742875956.371720
1742875956.397485
1742875956.439492
1742875956.469524
1742875956.505762
1742875956.530887
1742875956.576488
1742875956.601949
1742875956.642442
1742875956.664329
1742875956.707386
1742875956.736599
1742875956.774459
1742875956.797808
1742875956.840388
1742875956.870403
1742875956.906451
1742875956.931144
1742875956.974798
1742875957.002720
1742875957.039358
1742875957.064857
1742875957.106841
1742875957.140560
1742875957.169490
1742875957.200794
1742875957.241658
1742875957.269600
1742875957.309918
1742875957.331545
1742875957.372628
1742875957.406960
1742875957.438917
1742875957.467919
1742875957.509264
1742875957.537934
1742875957.571316
1742875957.603043
1742875957.641743
1742875957.669908
1742875957.710383
1742875957.731902
1742875957.771788
1742875957.806008
1742875957.842094
1742875957.865830
1742875957.907657
1742875957.936752
1742875957.974025
1742875957.998521
1742875958.036819
1742875958.073649
1742875958.103390
1742875958.131620
1742875958.175712
1742875958.203285
1742875958.239432
1742875958.264999
1742875958.303737
1742875958.341888
1742875958.370685
1742875958.398388
1742875958.437174
1742875958.473481
1742875958.505559
1742875958.531873
1742875958.570749
1742875958.605106
1742875958.638355
1742875958.665312
1742875958.705220
1742875958.737327
1742875958.770102
1742875958.799344
1742875958.841315
1742875958.872117
1742875958.906258
1742875958.932160
1742875958.972014
1742875959.007044
1742875959.040847
1742875959.065741
1742875959.107516
1742875959.136985
1742875959.174025
1742875959.199001
1742875959.239504
1742875959.273896
1742875959.309365
1742875959.332435
1742875959.371850
1742875959.406075
1742875959.441716
1742875959.466129
1742875959.507338
1742875959.542707
1742875959.573185
1742875959.603162
1742875959.643377
1742875959.670435
1742875959.708046
1742875959.736001
1742875959.776450
1742875959.806207
1742875959.842324
1742875959.869020
1742875959.910015
1742875959.939627
1742875959.975451
1742875959.999526
1742875960.041155
1742875960.070716
1742875960.108584
1742875960.132794
1742875960.173769
1742875960.206235
1742875960.241597
1742875960.276347
1742875960.299485
1742875960.340102
1742875960.371801
1742875960.407014
1742875960.440177
1742875960.466248
1742875960.507020
1742875960.541321
1742875960.571736
1742875960.599477
1742875960.640075
1742875960.675640
1742875960.705611
1742875960.732987
1742875960.774647
1742875960.806858
1742875960.843379
1742875960.866379
1742875960.907051
1742875960.942781
1742875960.971925
1742875960.999973
1742875961.041086
1742875961.072709
1742875961.108701
1742875961.133158
1742875961.177491
1742875961.205523
1742875961.240596
1742875961.267219
1742875961.309427
1742875961.337775
1742875961.376780
1742875961.400124
1742875961.442016
1742875961.476764
1742875961.506684
1742875961.537217
1742875961.576542
1742875961.608161
1742875961.643235
1742875961.668126
1742875961.709008
1742875961.740142
1742875961.775256
1742875961.802842
1742875961.844528
1742875961.873597
1742875961.910573
1742875961.935211
1742875961.973435
1742875962.010109
1742875962.040235
1742875962.072129
1742875962.107013
1742875962.143817
1742875962.174433
1742875962.203804
1742875962.244415
1742875962.270422
1742875962.312139
1742875962.334008
1742875962.376046
1742875962.406812
1742875962.444258
1742875962.467228
1742875962.507962
1742875962.541391
1742875962.573296
1742875962.602341
1742875962.643739
1742875962.673679
1742875962.710980
1742875962.734005
1742875962.775330
1742875962.809640
1742875962.842924
1742875962.867503
1742875962.909971
1742875962.942318
1742875962.976380
1742875963.001117
1742875963.042751
1742875963.076457
1742875963.106216
1742875963.136852
1742875963.177249
1742875963.207563
1742875963.243411
1742875963.268232
1742875963.312578
1742875963.338388
1742875963.378168
1742875963.401228
1742875963.444396
1742875963.471722
1742875963.512996
1742875963.534667
1742875963.576878
1742875963.607611
1742875963.645489
1742875963.669873
1742875963.711545
1742875963.738826
1742875963.775027
1742875963.806402
1742875963.844261
1742875963.872365
1742875963.913877
1742875963.934875
1742875963.976337
1742875964.006193
1742875964.044870
1742875964.068193
1742875964.113913
1742875964.137478
1742875964.174117
1742875964.201512
1742875964.247141
1742875964.270992
1742875964.309874
1742875964.335018
1742875964.375216
1742875964.411364
1742875964.438441
1742875964.469862
1742875964.512252
1742875964.537772
1742875964.574909
1742875964.601685
1742875964.645124
1742875964.671400
1742875964.712561
1742875964.734970
1742875964.782569
1742875964.804195
1742875964.845809
1742875964.868492
1742875964.912944
1742875964.938598
1742875964.981044
1742875965.002083
1742875965.044606
1742875965.072033
1742875965.114189
1742875965.135374
1742875965.178901
1742875965.205613
1742875965.247331
1742875965.268719
1742875965.313236
1742875965.339411
1742875965.377479
1742875965.403641
1742875965.449392
1742875965.471625
1742875965.514025
1742875965.536115
1742875965.582549
1742875965.605245
1742875965.647101
1742875965.670474
1742875965.716380
1742875965.738446
1742875965.778018
1742875965.805309
1742875965.846316
1742875965.872808
1742875965.914915
1742875965.936043
1742875965.983341
1742875966.004868
1742875966.046879
1742875966.069235
1742875966.110232
1742875966.145340
1742875966.172269
1742875966.203507
1742875966.249297
1742875966.271198
1742875966.313420
1742875966.335819
1742875966.379644
1742875966.404999
1742875966.444010
1742875966.469224
1742875966.516151
1742875966.538008
1742875966.582567
1742875966.602884
1742875966.648635
1742875966.671858
1742875966.714569
1742875966.736392
1742875966.781664
1742875966.805252
1742875966.846750
1742875966.869581
1742875966.914387
1742875966.938423
1742875966.982815
1742875967.003191
1742875967.045299
1742875967.073205
1742875967.117267
1742875967.136461
1742875967.183808
1742875967.204488
1742875967.251130
1742875967.269952
1742875967.315860
1742875967.338656
1742875967.383706
1742875967.403373
1742875967.449718
1742875967.472110
1742875967.510913
1742875967.537045
1742875967.583274
1742875967.605397
1742875967.648614
1742875967.670114
1742875967.716269
1742875967.738702
1742875967.777209
1742875967.805331
1742875967.849793
1742875967.872055
1742875967.916099
1742875967.937166
1742875967.983728
1742875968.005496
1742875968.042731
1742875968.072963
1742875968.113408
1742875968.139866
1742875968.178108
1742875968.203797
1742875968.250809
1742875968.271776
1742875968.318195
1742875968.337212
1742875968.381729
1742875968.405336
1742875968.451757
1742875968.470560
1742875968.517600
1742875968.538272
1742875968.584982
1742875968.606560
1742875968.637060
1742875968.684436
1742875968.705623
1742875968.746948
1742875968.773365
1742875968.808417
1742875968.846373
1742875968.873619
1742875968.914314
1742875968.937301
1742875968.984272
1742875969.005621
1742875969.044788
1742875969.071285
1742875969.118127
1742875969.139030
1742875969.178662
1742875969.204761
1742875969.250952
1742875969.270761
1742875969.308505
1742875969.338595
1742875969.383655
1742875969.405832
1742875969.451338
1742875969.471441
1742875969.518625
1742875969.538851
1742875969.583805
1742875969.604696
1742875969.652358
1742875969.671971
1742875969.718592
1742875969.738358
1742875969.784352
1742875969.806087
1742875969.852103
1742875969.871656
1742875969.918151
1742875969.939080
1742875969.981848
1742875970.005117
1742875970.050730
1742875970.072514
1742875970.118590
1742875970.138358
1742875970.185109
1742875970.205889
1742875970.250939
1742875970.271633
1742875970.318504
1742875970.339395
1742875970.385594
1742875970.405030
1742875970.451627
1742875970.472558
1742875970.519182
1742875970.538403
1742875970.582462
1742875970.606079
1742875970.652253
1742875970.671882
1742875970.716642
1742875970.739652
1742875970.785803
1742875970.805322
1742875970.851618
1742875970.872574
1742875970.915991
1742875970.938533
1742875970.984983
1742875971.005865
1742875971.048959
1742875971.071963
1742875971.118799
1742875971.139282
1742875971.182853
1742875971.205348
1742875971.251888
1742875971.272298
1742875971.319266
1742875971.338678
1742875971.383166
1742875971.406146
1742875971.453028
1742875971.471998
1742875971.506110
1742875971.551569
1742875971.572071
1742875971.605821
1742875971.647619
1742875971.673275
1742875971.716174
1742875971.738961
1742875971.779597
1742875971.806594
1742875971.852771
1742875971.872097
1742875971.915539
1742875971.938686
1742875971.972039
1742875972.013370
1742875972.039903
1742875972.081963
1742875972.105449
1742875972.145361
1742875972.177145
1742875972.213739
1742875972.238857
1742875972.278473
1742875972.310520
1742875972.351140
1742875972.372358
1742875972.412992
1742875972.440155
1742875972.483311
1742875972.505668
1742875972.546708
1742875972.573352
1742875972.617712
1742875972.639067
1742875972.680709
1742875972.707007
1742875972.749148
1742875972.772625
1742875972.810920
1742875972.846598
1742875972.873453
1742875972.905822
1742875972.943426
1742875972.980474
1742875973.006802
1742875973.039205
1742875973.077602
1742875973.112490
1742875973.140237
1742875973.172700
1742875973.214058
1742875973.240144
1742875973.286878
1742875973.306254
1742875973.344250
1742875973.382102
1742875973.406888
1742875973.439507
1742875973.478053
1742875973.513787
1742875973.540495
1742875973.572776
1742875973.613292
1742875973.640306
1742875973.686979
1742875973.706432
1742875973.746803
1742875973.773947
1742875973.820631
1742875973.839751
1742875973.878590
1742875973.913363
1742875973.945362
1742875973.973155
1742875974.019259
1742875974.040094
1742875974.085815
1742875974.106671
1742875974.150985
1742875974.173900
1742875974.219401
1742875974.240222
1742875974.282203
1742875974.307361
1742875974.352925
1742875974.373469
1742875974.413632
1742875974.440745
1742875974.486773
1742875974.506882
1742875974.550376
1742875974.574175
1742875974.620400
1742875974.640237
1742875974.683310
1742875974.707188
1742875974.750610
1742875974.773630
1742875974.819255
1742875974.840699
1742875974.886224
1742875974.907112
1742875974.951834
1742875974.974254
1742875975.020624
1742875975.040589
1742875975.083431
1742875975.108092
1742875975.148664
1742875975.173918
1742875975.213499
1742875975.247899
1742875975.275093
1742875975.307128
1742875975.347563
1742875975.374456
1742875975.420529
1742875975.440644
1742875975.482200
1742875975.508423
1742875975.552587
1742875975.574099
1742875975.615670
1742875975.642570
1742875975.683337
1742875975.707409
1742875975.748232
1742875975.775409
1742875975.821465
1742875975.840995
1742875975.886834
1742875975.908342
1742875975.948888
1742875975.974207
1742875976.019991
1742875976.041802
1742875976.088810
1742875976.107790
1742875976.145558
1742875976.185614
1742875976.209293
1742875976.240928
1742875976.286802
1742875976.308637
1742875976.349124
1742875976.374397
1742875976.418555
1742875976.442588
1742875976.488210
1742875976.507873
1742875976.548298
1742875976.577512
1742875976.621492
1742875976.641476
1742875976.683656
1742875976.710180
1742875976.750265
1742875976.774731
1742875976.817928
1742875976.842172
1742875976.886213
1742875976.909748
1742875976.954400
1742875976.974813
1742875977.018293
1742875977.042121
1742875977.088489
1742875977.109582
1742875977.145133
1742875977.182039
1742875977.213703
1742875977.254348
1742875977.275119
1742875977.318329
1742875977.345988
1742875977.387362
1742875977.408380
1742875977.454222
1742875977.477235
1742875977.522563
1742875977.541909
1742875977.577937
1742875977.609354
1742875977.641892
1742875977.674959
1742875977.708241
1742875977.741657
1742875977.774940
1742875977.808420
1742875977.841711
1742875977.875017
1742875977.908297
1742875977.941789
