1742349791.430622
1742349791.529804
1742349791.564357
1742349791.597885
1742349791.632719
1742349791.664850
1742349791.697861
1742349791.730717
1742349791.763889
1742349791.797218
1742349791.837929
1742349791.864147
1742349791.897490
1742349791.936000
1742349791.977576
1742349792.008292
1742349792.044040
1742349792.070710
1742349792.099787
1742349792.135873
1742349792.174288
1742349792.207223
1742349792.242272
1742349792.276102
1742349792.312270
1742349792.345959
1742349792.378504
1742349792.412860
1742349792.444214
1742349792.480280
1742349792.512132
1742349792.546654
1742349792.578402
1742349792.612975
1742349792.644716
1742349792.680534
1742349792.711772
1742349792.746573
1742349792.778574
1742349792.813056
1742349792.845719
1742349792.878437
1742349792.900512
1742349792.931447
1742349792.968107
1742349793.004129
1742349793.031598
1742349793.064426
1742349793.103414
1742349793.131595
1742349793.169201
1742349793.197827
1742349793.236552
1742349793.268159
1742349793.304231
1742349793.331288
1742349793.367609
1742349793.403915
1742349793.435380
1742349793.464502
1742349793.507865
1742349793.531585
1742349793.577685
1742349793.598209
1742349793.638470
1742349793.665293
1742349793.709462
1742349793.731547
1742349793.777981
1742349793.798670
1742349793.845762
1742349793.865134
1742349793.905408
1742349793.932203
1742349793.978396
1742349793.998449
1742349794.042047
1742349794.065633
1742349794.111882
1742349794.131951
1742349794.171616
1742349794.205781
1742349794.232267
1742349794.266058
1742349794.308161
1742349794.332172
1742349794.378433
1742349794.398609
1742349794.437847
1742349794.467905
1742349794.509954
1742349794.531822
1742349794.566675
1742349794.607320
1742349794.632564
1742349794.665147
1742349794.700237
1742349794.740273
1742349794.765901
1742349794.798452
1742349794.839360
1742349794.865895
1742349794.911789
1742349794.932162
1742349794.972613
1742349794.999605
1742349795.045558
1742349795.065406
1742349795.103644
1742349795.138250
1742349795.170269
1742349795.198679
1742349795.240491
1742349795.266509
1742349795.311023
1742349795.332165
1742349795.368190
1742349795.408046
1742349795.433080
1742349795.465570
1742349795.507164
1742349795.533628
1742349795.578848
1742349795.599036
1742349795.638420
1742349795.670872
1742349795.707636
1742349795.732366
1742349795.778234
1742349795.800425
1742349795.844806
1742349795.865773
1742349795.911589
1742349795.933769
1742349795.978613
1742349795.999315
1742349796.042321
1742349796.067532
1742349796.109900
1742349796.132551
1742349796.174072
1742349796.200470
1742349796.243705
1742349796.265937
1742349796.309222
1742349796.334754
1742349796.377205
1742349796.399373
1742349796.440847
1742349796.467767
1742349796.509658
1742349796.532774
1742349796.573867
1742349796.600655
1742349796.644629
1742349796.666124
1742349796.705635
1742349796.739512
1742349796.771845
1742349796.799624
1742349796.839402
1742349796.870585
1742349796.909554
1742349796.933024
1742349796.973863
1742349796.999958
1742349797.041184
1742349797.066247
1742349797.110854
1742349797.134115
1742349797.174992
1742349797.199804
1742349797.244290
1742349797.269098
1742349797.312080
1742349797.333309
1742349797.375870
1742349797.402372
1742349797.444650
1742349797.466702
1742349797.511369
1742349797.535725
1742349797.574665
1742349797.600059
1742349797.644924
1742349797.668544
1742349797.711651
1742349797.733472
1742349797.779290
1742349797.802653
1742349797.840495
1742349797.866930
1742349797.911621
1742349797.936015
1742349797.977859
1742349798.000235
1742349798.045660
1742349798.069206
1742349798.111769
1742349798.133633
1742349798.177080
1742349798.205036
1742349798.245417
1742349798.267333
1742349798.311932
1742349798.336755
1742349798.378149
1742349798.400655
1742349798.445524
1742349798.469836
1742349798.512765
1742349798.533918
1742349798.578846
1742349798.603603
1742349798.645739
1742349798.667498
1742349798.711081
1742349798.738493
1742349798.779033
1742349798.800698
1742349798.845546
1742349798.870632
1742349798.911949
1742349798.934146
1742349798.978708
1742349799.003889
1742349799.045764
1742349799.067540
1742349799.112639
1742349799.136214
1742349799.178616
1742349799.200943
1742349799.245967
1742349799.270652
1742349799.312708
1742349799.334496
1742349799.379286
1742349799.404683
1742349799.445117
1742349799.467765
1742349799.511229
1742349799.537158
1742349799.578974
1742349799.601050
1742349799.645864
1742349799.670919
1742349799.712031
1742349799.734460
1742349799.779499
1742349799.804905
1742349799.845972
1742349799.867995
1742349799.912603
1742349799.938468
1742349799.978703
1742349800.001138
1742349800.043722
1742349800.075526
1742349800.108891
1742349800.134884
1742349800.178237
1742349800.205932
1742349800.245735
1742349800.268008
1742349800.310248
1742349800.342067
1742349800.378156
1742349800.401481
1742349800.442330
1742349800.470487
1742349800.513640
1742349800.534856
1742349800.578414
1742349800.606102
1742349800.646253
1742349800.668715
1742349800.704634
1742349800.736113
1742349800.776659
1742349800.802260
1742349800.845205
1742349800.874229
1742349800.912280
1742349800.935185
1742349800.978297
1742349801.006885
1742349801.044843
1742349801.068608
1742349801.111434
1742349801.141881
1742349801.178840
1742349801.202496
1742349801.247797
1742349801.272730
1742349801.312707
1742349801.345060
1742349801.368765
1742349801.412479
1742349801.441532
1742349801.477331
1742349801.507744
1742349801.540214
1742349801.577752
1742349801.608917
1742349801.644293
1742349801.671275
1742349801.711844
1742349801.740920
1742349801.778071
1742349801.803544
1742349801.846325
1742349801.874927
1742349801.911051
1742349801.937151
1742349801.980433
1742349802.006658
1742349802.044244
1742349802.070219
1742349802.113315
1742349802.142093
1742349802.178333
1742349802.203931
1742349802.245080
1742349802.275756
1742349802.311410
1742349802.339243
1742349802.379181
1742349802.408459
1742349802.445026
1742349802.473712
1742349802.511283
1742349802.545252
1742349802.578070
1742349802.606553
1742349802.646175
1742349802.674478
1742349802.713634
1742349802.737839
1742349802.780523
1742349802.809385
1742349802.845168
1742349802.872844
1742349802.912674
1742349802.942713
1742349802.979140
1742349803.004642
1742349803.045879
1742349803.075647
1742349803.112187
1742349803.140932
1742349803.179131
1742349803.208313
1742349803.247297
1742349803.271019
1742349803.312255
1742349803.344289
1742349803.378430
1742349803.407806
1742349803.444487
1742349803.478732
1742349803.510017
1742349803.541233
1742349803.577965
1742349803.611067
1742349803.645388
1742349803.673123
1742349803.710794
1742349803.745122
1742349803.777607
1742349803.806030
1742349803.846196
1742349803.875599
1742349803.911902
1742349803.936876
1742349803.984202
1742349804.006064
1742349804.047893
1742349804.070231
1742349804.116204
1742349804.140874
1742349804.180615
1742349804.203798
1742349804.249980
1742349804.274350
1742349804.313859
1742349804.337959
1742349804.379955
1742349804.409675
1742349804.445295
1742349804.473953
1742349804.511940
1742349804.542189
1742349804.581724
1742349804.604347
1742349804.646604
1742349804.676639
1742349804.713694
1742349804.741868
1742349804.780825
1742349804.809936
1742349804.847844
1742349804.874643
1742349804.915384
1742349804.942728
1742349804.982954
1742349805.005178
1742349805.048941
1742349805.075549
1742349805.116035
1742349805.140897
1742349805.178555
1742349805.207850
1742349805.247712
1742349805.275452
1742349805.312642
1742349805.343866
1742349805.381165
1742349805.407972
1742349805.447120
1742349805.478292
1742349805.513784
1742349805.540658
1742349805.580608
1742349805.610287
1742349805.646583
1742349805.672151
1742349805.714342
1742349805.743317
1742349805.780694
1742349805.805213
1742349805.846118
1742349805.875659
1742349805.915526
1742349805.938090
1742349805.983038
1742349806.006667
1742349806.047914
1742349806.071975
1742349806.114599
1742349806.144131
1742349806.181493
1742349806.205100
1742349806.250042
1742349806.275869
1742349806.316862
1742349806.338093
1742349806.380661
1742349806.411788
1742349806.446905
1742349806.475431
1742349806.514622
1742349806.543946
1742349806.579957
1742349806.607811
1742349806.648146
1742349806.677303
1742349806.713753
1742349806.739363
1742349806.782437
1742349806.810306
1742349806.848094
1742349806.873748
1742349806.914945
1742349806.944003
1742349806.980447
1742349807.009745
1742349807.046727
1742349807.079741
1742349807.112656
1742349807.144035
1742349807.180027
1742349807.213955
1742349807.246863
1742349807.276696
1742349807.314925
1742349807.344716
1742349807.381141
1742349807.409959
1742349807.446214
1742349807.482083
1742349807.512020
1742349807.543553
1742349807.581163
1742349807.611793
1742349807.647268
1742349807.675318
1742349807.715800
1742349807.743583
1742349807.780153
1742349807.808415
1742349807.845809
1742349807.881298
1742349807.912374
1742349807.943339
1742349807.980090
1742349808.012309
1742349808.043707
1742349808.076291
1742349808.113182
1742349808.147945
1742349808.178621
1742349808.208812
1742349808.248107
1742349808.278511
1742349808.310838
1742349808.344238
1742349808.381034
1742349808.411933
1742349808.446597
1742349808.475262
1742349808.515703
1742349808.544426
1742349808.579282
1742349808.608037
1742349808.648527
1742349808.677746
1742349808.712304
1742349808.743299
1742349808.782026
1742349808.811043
1742349808.847406
1742349808.875734
1742349808.916168
1742349808.945655
1742349808.981181
1742349809.010466
1742349809.047840
1742349809.079686
1742349809.114323
1742349809.143924
1742349809.179705
1742349809.212681
1742349809.245108
1742349809.276916
1742349809.316509
1742349809.343973
1742349809.381478
1742349809.410427
1742349809.447798
1742349809.479770
1742349809.513145
1742349809.544068
1742349809.582033
1742349809.611263
1742349809.648704
1742349809.682375
1742349809.706268
1742349809.748639
1742349809.782580
1742349809.812330
1742349809.847173
1742349809.878286
1742349809.915165
1742349809.948857
1742349809.978029
1742349810.012822
1742349810.044742
1742349810.083738
1742349810.112810
1742349810.144104
1742349810.179099
1742349810.212190
1742349810.247579
1742349810.276925
1742349810.314544
1742349810.348593
1742349810.381905
1742349810.408730
1742349810.450090
1742349810.478313
1742349810.514555
1742349810.543927
1742349810.583420
1742349810.612334
1742349810.648053
1742349810.677480
1742349810.717427
1742349810.745454
1742349810.778952
1742349810.813416
1742349810.845142
1742349810.881778
1742349810.916213
1742349810.944490
1742349810.981665
1742349811.017145
1742349811.046724
1742349811.080313
1742349811.111440
1742349811.150124
1742349811.180580
1742349811.211677
1742349811.249130
1742349811.278408
1742349811.318215
1742349811.341685
1742349811.383157
1742349811.412616
1742349811.448293
1742349811.479372
1742349811.514002
1742349811.548816
1742349811.584768
1742349811.607547
1742349811.648966
1742349811.679819
1742349811.717124
1742349811.741156
1742349811.782314
1742349811.811742
1742349811.850003
1742349811.874419
1742349811.915397
1742349811.947221
1742349811.982519
1742349812.009237
1742349812.051188
1742349812.079417
1742349812.117038
1742349812.142727
1742349812.184808
1742349812.212960
1742349812.249390
1742349812.276764
1742349812.318070
1742349812.346231
1742349812.382980
1742349812.410285
1742349812.451269
1742349812.480601
1742349812.515958
1742349812.545049
1742349812.583877
1742349812.613895
1742349812.651081
1742349812.677742
1742349812.718887
1742349812.747524
1742349812.783059
1742349812.811318
1742349812.852264
1742349812.880422
1742349812.918971
1742349812.941453
1742349812.983544
1742349813.013271
1742349813.048521
1742349813.079095
1742349813.117326
1742349813.145829
1742349813.186079
1742349813.209563
1742349813.252014
1742349813.280978
1742349813.316484
1742349813.345732
1742349813.383809
1742349813.414226
1742349813.450579
1742349813.479319
1742349813.515776
1742349813.547316
1742349813.580598
1742349813.612311
1742349813.649986
1742349813.680640
1742349813.717857
1742349813.742027
1742349813.784011
1742349813.811945
1742349813.850313
1742349813.877759
1742349813.916060
1742349813.949506
1742349813.981606
1742349814.013085
1742349814.051532
1742349814.081173
1742349814.118567
1742349814.142571
1742349814.184049
1742349814.213761
1742349814.251694
1742349814.276211
1742349814.318911
1742349814.346599
1742349814.385195
1742349814.409564
1742349814.448596
1742349814.484788
1742349814.516847
1742349814.546486
1742349814.586620
1742349814.612131
1742349814.652730
1742349814.676765
1742349814.718555
1742349814.748202
1742349814.786316
1742349814.811034
1742349814.850517
1742349814.883148
1742349814.918157
1742349814.946460
1742349814.983822
1742349815.017258
1742349815.051610
1742349815.080380
1742349815.119404
1742349815.145422
1742349815.187184
1742349815.208909
1742349815.253138
1742349815.277773
1742349815.318763
1742349815.344723
1742349815.386516
1742349815.412610
1742349815.449073
1742349815.482218
1742349815.517987
1742349815.548320
1742349815.585567
1742349815.610534
1742349815.652942
1742349815.679060
1742349815.720942
1742349815.742311
1742349815.788150
1742349815.812089
1742349815.854059
1742349815.875768
1742349815.921512
1742349815.945290
1742349815.986814
1742349816.009081
1742349816.054019
1742349816.079133
1742349816.120815
1742349816.142558
1742349816.187518
1742349816.212169
1742349816.253641
1742349816.275878
1742349816.322140
1742349816.345414
1742349816.383201
1742349816.412579
1742349816.453530
1742349816.479477
1742349816.520690
1742349816.542765
1742349816.588370
1742349816.611914
1742349816.653898
1742349816.676209
1742349816.719686
1742349816.746016
1742349816.784609
1742349816.810106
1742349816.853686
1742349816.879745
1742349816.921453
1742349816.943015
1742349816.986068
1742349817.013283
1742349817.055975
1742349817.076388
1742349817.122503
1742349817.145754
1742349817.188538
1742349817.209764
1742349817.253549
1742349817.279832
1742349817.321960
1742349817.343152
1742349817.389128
1742349817.412659
1742349817.455711
1742349817.476735
1742349817.520521
1742349817.546687
1742349817.588028
1742349817.610254
1742349817.652043
1742349817.682702
1742349817.723874
1742349817.743466
1742349817.790138
1742349817.812135
1742349817.856744
1742349817.876969
1742349817.922099
1742349817.945692
1742349817.988269
1742349818.023227
1742349818.043983
1742349818.090115
1742349818.112845
1742349818.154624
1742349818.180246
1742349818.222823
1742349818.243862
1742349818.290965
1742349818.312658
1742349818.351013
1742349818.381592
1742349818.424017
1742349818.446177
1742349818.484062
1742349818.514883
1742349818.553192
1742349818.580229
1742349818.615241
1742349818.651621
1742349818.684168
1742349818.716778
1742349818.747441
1742349818.786809
1742349818.813232
1742349818.855508
1742349818.877522
1742349818.924550
1742349818.945941
1742349818.991836
1742349819.010869
1742349819.056275
1742349819.079738
1742349819.119122
1742349819.145192
1742349819.190999
1742349819.212053
1742349819.253361
1742349819.278284
1742349819.325007
1742349819.346028
1742349819.388225
1742349819.411240
1742349819.456654
1742349819.479828
1742349819.516267
1742349819.548658
1742349819.588501
1742349819.614009
1742349819.655680
1742349819.677871
1742349819.725312
1742349819.745485
1742349819.792028
1742349819.811222
1742349819.858476
1742349819.879379
1742349819.923562
1742349819.944630
1742349819.991155
1742349820.012959
1742349820.057167
1742349820.078049
1742349820.124997
1742349820.146438
1742349820.191772
1742349820.211416
1742349820.258689
1742349820.279115
1742349820.325230
1742349820.345141
1742349820.392212
1742349820.412107
1742349820.458911
1742349820.478286
1742349820.525244
1742349820.546145
1742349820.592243
1742349820.611559
1742349820.658434
1742349820.679837
1742349820.721614
1742349820.745141
1742349820.792520
1742349820.812751
1742349820.858594
1742349820.878653
1742349820.925858
1742349820.946103
1742349820.992544
1742349821.011937
1742349821.058300
1742349821.080018
1742349821.126021
1742349821.145456
1742349821.192635
1742349821.212714
1742349821.258394
1742349821.278748
1742349821.325704
1742349821.346427
1742349821.391497
1742349821.412421
1742349821.457385
1742349821.480099
1742349821.520657
1742349821.546126
1742349821.586946
1742349821.613934
1742349821.659906
1742349821.679086
1742349821.725665
1742349821.746586
1742349821.792727
1742349821.812444
1742349821.856406
1742349821.879974
1742349821.926130
1742349821.946114
1742349821.992863
1742349822.013058
1742349822.058952
1742349822.079260
1742349822.123883
1742349822.146814
1742349822.192639
1742349822.212654
1742349822.259471
1742349822.280223
1742349822.325787
1742349822.345986
1742349822.393410
1742349822.412704
1742349822.456102
1742349822.479392
1742349822.523982
1742349822.547172
1742349822.592557
1742349822.612927
1742349822.659834
1742349822.680056
1742349822.725832
1742349822.746238
1742349822.792674
1742349822.813590
1742349822.860635
1742349822.879669
1742349822.926643
1742349822.947073
1742349822.990626
1742349823.013312
1742349823.049554
1742349823.084999
1742349823.125360
1742349823.146688
1742349823.193572
1742349823.213915
1742349823.258291
1742349823.280159
1742349823.326593
1742349823.347614
1742349823.392926
1742349823.413634
1742349823.460298
1742349823.480548
1742349823.526836
1742349823.546844
1742349823.593385
1742349823.613958
1742349823.660230
1742349823.680058
1742349823.726692
1742349823.747277
1742349823.790628
1742349823.813369
1742349823.859463
1742349823.880292
1742349823.923495
1742349823.947053
1742349823.993730
1742349824.013988
1742349824.058492
1742349824.080226
1742349824.123780
1742349824.147448
1742349824.191750
1742349824.213638
1742349824.258155
1742349824.280715
1742349824.327102
1742349824.347117
1742349824.390671
1742349824.414267
1742349824.458718
1742349824.480692
1742349824.524432
1742349824.547780
1742349824.588144
1742349824.614314
1742349824.660056
1742349824.680896
1742349824.722554
1742349824.747630
1742349824.794883
1742349824.814048
1742349824.859739
1742349824.880978
1742349824.925880
1742349824.947684
1742349824.993074
1742349825.014627
1742349825.059330
1742349825.081531
1742349825.127607
1742349825.147969
1742349825.192357
1742349825.214505
1742349825.260240
1742349825.281399
1742349825.325858
1742349825.348187
1742349825.394113
1742349825.414499
1742349825.457115
1742349825.482566
1742349825.524555
1742349825.547871
1742349825.592206
1742349825.614929
1742349825.660366
1742349825.681229
1742349825.724500
1742349825.750260
1742349825.792581
1742349825.814366
1742349825.858375
1742349825.881619
1742349825.926605
1742349825.947938
1742349825.994920
1742349826.014506
1742349826.055563
1742349826.081436
1742349826.128331
1742349826.148247
1742349826.194305
1742349826.214774
1742349826.257832
1742349826.281812
1742349826.328493
1742349826.357083
1742349826.381315
1742349826.428541
1742349826.448740
1742349826.496345
1742349826.516280
1742349826.557019
1742349826.582220
1742349826.628785
1742349826.649085
1742349826.692450
1742349826.715540
1742349826.759745
1742349826.782667
1742349826.825454
1742349826.849113
1742349826.892291
1742349826.919614
1742349826.957825
1742349826.982871
1742349827.026500
1742349827.048747
1742349827.093347
1742349827.116042
1742349827.160960
1742349827.182767
1742349827.224560
1742349827.249112
1742349827.291381
1742349827.320532
1742349827.349938
1742349827.392951
1742349827.417086
1742349827.459615
1742349827.483488
1742349827.527666
1742349827.550159
1742349827.594363
1742349827.616727
1742349827.659276
1742349827.684343
1742349827.728713
1742349827.748820
1742349827.794800
1742349827.816248
1742349827.862047
1742349827.882097
1742349827.927681
1742349827.949972
1742349827.995226
1742349828.015461
1742349828.062443
1742349828.083470
1742349828.130220
1742349828.148939
1742349828.195185
1742349828.216963
1742349828.262531
1742349828.282188
1742349828.328727
1742349828.350645
1742349828.394014
1742349828.415560
1742349828.462987
1742349828.483301
1742349828.529820
1742349828.549063
1742349828.596053
1742349828.617838
1742349828.662592
1742349828.682764
1742349828.726195
1742349828.753543
1742349828.796745
1742349828.816038
1742349828.859993
1742349828.887493
1742349828.929253
1742349828.949593
1742349828.993449
1742349829.021725
1742349829.062163
1742349829.085108
1742349829.126418
1742349829.154917
1742349829.196253
1742349829.216315
1742349829.259910
1742349829.287617
1742349829.328121
1742349829.351363
1742349829.390839
1742349829.425769
1742349829.452446
1742349829.493965
1742349829.518901
1742349829.562355
1742349829.585958
1742349829.626815
1742349829.651885
1742349829.694017
1742349829.721878
1742349829.751835
1742349829.794470
1742349829.818443
1742349829.860492
1742349829.883016
1742349829.930404
1742349829.951872
1742349829.995799
1742349830.016617
1742349830.061883
1742349830.085183
1742349830.127933
1742349830.149883
1742349830.196961
1742349830.220033
1742349830.261295
1742349830.283371
1742349830.326981
1742349830.354932
1742349830.396481
1742349830.416532
1742349830.463660
1742349830.485940
1742349830.527995
1742349830.550232
1742349830.594312
1742349830.619583
1742349830.663069
1742349830.683288
1742349830.727127
1742349830.754178
1742349830.792388
1742349830.819865
1742349830.861991
1742349830.886620
1742349830.930879
1742349830.950434
1742349830.993546
1742349831.022876
1742349831.059895
1742349831.086393
1742349831.127482
1742349831.155152
1742349831.195334
1742349831.218334
1742349831.261905
1742349831.287000
1742349831.328470
1742349831.352599
1742349831.394396
1742349831.423291
1742349831.462861
1742349831.486107
1742349831.528947
1742349831.553898
1742349831.597231
1742349831.617945
1742349831.662598
1742349831.686798
1742349831.730644
1742349831.750969
1742349831.794623
1742349831.820767
1742349831.864211
1742349831.883917
1742349831.929504
1742349831.954039
1742349831.996711
1742349832.017808
1742349832.060188
1742349832.090844
1742349832.126959
1742349832.153641
1742349832.195287
1742349832.221155
1742349832.263246
1742349832.284265
1742349832.331429
1742349832.354376
1742349832.397595
1742349832.417613
1742349832.464642
1742349832.487896
1742349832.529437
1742349832.551661
1742349832.594886
1742349832.623913
1742349832.660150
1742349832.688759
1742349832.729525
1742349832.755537
1742349832.797394
1742349832.818067
1742349832.862995
1742349832.888368
1742349832.930285
1742349832.953219
1742349832.997367
1742349833.021863
1742349833.062849
1742349833.085954
1742349833.128000
1742349833.157479
1742349833.194428
1742349833.222226
1742349833.261976
1742349833.290185
1742349833.327823
1742349833.355580
1742349833.397047
1742349833.422476
1742349833.463003
1742349833.487021
1742349833.530985
1742349833.555767
1742349833.596895
1742349833.619022
1742349833.665253
1742349833.689281
1742349833.727032
1742349833.755973
1742349833.792320
1742349833.827536
1742349833.858898
1742349833.888536
1742349833.929600
1742349833.956168
1742349833.994735
1742349834.021121
1742349834.063056
1742349834.088549
1742349834.129797
1742349834.152667
1742349834.196052
1742349834.224702
1742349834.259978
1742349834.287954
1742349834.329521
1742349834.357716
1742349834.395028
1742349834.419117
1742349834.464224
1742349834.489683
1742349834.527745
1742349834.554213
1742349834.595587
1742349834.624176
1742349834.663100
1742349834.698166
1742349834.718994
1742349834.763822
1742349834.791545
1742349834.830091
1742349834.859098
1742349834.892903
1742349834.925776
1742349834.962109
1742349834.992042
1742349835.026894
1742349835.056996
1742349835.094780
1742349835.125815
1742349835.158578
1742349835.193287
1742349835.229048
1742349835.259923
1742349835.291372
1742349835.326877
1742349835.362171
1742349835.392078
1742349835.427111
1742349835.458920
1742349835.496052
1742349835.526061
1742349835.563071
1742349835.586504
1742349835.631742
1742349835.657271
1742349835.694643
1742349835.724367
1742349835.763988
1742349835.791256
1742349835.826871
1742349835.857663
1742349835.898766
1742349835.924112
1742349835.957818
1742349835.994182
1742349836.028858
1742349836.059179
1742349836.090529
1742349836.129364
1742349836.158824
1742349836.197248
1742349836.220435
1742349836.262590
1742349836.292873
1742349836.327825
1742349836.356880
1742349836.394619
1742349836.426061
1742349836.462510
1742349836.488358
1742349836.529325
1742349836.559059
1742349836.593589
1742349836.624142
1742349836.660352
1742349836.695613
1742349836.726575
1742349836.758073
1742349836.796916
1742349836.821543
1742349836.857574
1742349836.888885
1742349836.930005
1742349836.959537
1742349836.995519
1742349837.024649
1742349837.062347
1742349837.093092
1742349837.128676
1742349837.158476
1742349837.192955
1742349837.229240
1742349837.260921
1742349837.292720
1742349837.327990
1742349837.362795
1742349837.393072
1742349837.428998
1742349837.455035
1742349837.497183
1742349837.526715
1742349837.562360
1742349837.591735
1742349837.631329
1742349837.660140
1742349837.694621
1742349837.725750
1742349837.764307
1742349837.794252
1742349837.826376
1742349837.861349
1742349837.895291
1742349837.926488
1742349837.958256
1742349837.995016
1742349838.026355
1742349838.064646
1742349838.087699
1742349838.130665
1742349838.160100
1742349838.196124
1742349838.222098
1742349838.264173
1742349838.293168
1742349838.329444
1742349838.356288
1742349838.394340
1742349838.430278
1742349838.460627
1742349838.492581
1742349838.528752
1742349838.559726
1742349838.596052
1742349838.623611
1742349838.663437
1742349838.693919
1742349838.729331
1742349838.757202
1742349838.795546
1742349838.827317
1742349838.861758
1742349838.891033
1742349838.930146
1742349838.960554
1742349838.996319
1742349839.025458
1742349839.064176
1742349839.094137
1742349839.130071
1742349839.158844
1742349839.195240
1742349839.230586
1742349839.260352
1742349839.295088
1742349839.327260
1742349839.362988
1742349839.397171
1742349839.426127
1742349839.464333
1742349839.494308
1742349839.530220
1742349839.559663
1742349839.595961
1742349839.630855
1742349839.663127
1742349839.692832
1742349839.730387
1742349839.761113
1742349839.797273
1742349839.826058
1742349839.865491
1742349839.892793
1742349839.933257
1742349839.954983
1742349839.996455
1742349840.026434
1742349840.066539
1742349840.088472
1742349840.133533
1742349840.159397
1742349840.197831
1742349840.224749
1742349840.264546
1742349840.294413
1742349840.331133
1742349840.358783
1742349840.399192
1742349840.425958
1742349840.465089
1742349840.489496
1742349840.529878
1742349840.559620
1742349840.599303
1742349840.622222
1742349840.661403
1742349840.696390
1742349840.728814
1742349840.760200
1742349840.794540
1742349840.830949
1742349840.862002
1742349840.893546
1742349840.930927
1742349840.962049
1742349840.994513
1742349841.027405
1742349841.062420
1742349841.094819
1742349841.127626
1742349841.161191
1742349841.196527
1742349841.230093
1742349841.263394
1742349841.293112
1742349841.331567
1742349841.360594
1742349841.397713
1742349841.425602
1742349841.466738
1742349841.493830
1742349841.530667
1742349841.560079
1742349841.595727
1742349841.627887
1742349841.664666
1742349841.693440
1742349841.730056
1742349841.762902
1742349841.796954
1742349841.826656
1742349841.866129
1742349841.893387
1742349841.930562
1742349841.958327
1742349841.998952
1742349842.027702
1742349842.064314
1742349842.090276
1742349842.134172
1742349842.160148
1742349842.200907
1742349842.222431
1742349842.259146
1742349842.291542
1742349842.332758
1742349842.357210
1742349842.398385
1742349842.428032
1742349842.460772
1742349842.495088
1742349842.528396
1742349842.560999
1742349842.597861
1742349842.623157
1742349842.663103
1742349842.696833
1742349842.732064
1742349842.759124
1742349842.796332
1742349842.830343
1742349842.864268
1742349842.894169
1742349842.932371
1742349842.962205
1742349842.995624
1742349843.032172
1742349843.056271
1742349843.097417
1742349843.132393
1742349843.162634
1742349843.199182
1742349843.228453
1742349843.262931
1742349843.298816
1742349843.330110
1742349843.360986
1742349843.394087
1742349843.430791
1742349843.465545
1742349843.494435
1742349843.534327
1742349843.561288
1742349843.597223
1742349843.627499
1742349843.664583
1742349843.698330
1742349843.728323
1742349843.763060
1742349843.796845
1742349843.831958
1742349843.866050
1742349843.891058
1742349843.932405
1742349843.961671
1742349843.996811
1742349844.027688
1742349844.064065
1742349844.099172
1742349844.131026
1742349844.161287
1742349844.199362
1742349844.228242
1742349844.262855
1742349844.292855
1742349844.334635
1742349844.361685
1742349844.398717
1742349844.424147
1742349844.465094
1742349844.499267
1742349844.528419
1742349844.560826
1742349844.595634
1742349844.631760
1742349844.665712
1742349844.690245
1742349844.728767
1742349844.764033
1742349844.794693
1742349844.823609
1742349844.860026
1742349844.896363
1742349844.928012
1742349844.957105
1742349844.994545
1742349845.030108
1742349845.060761
1742349845.090246
1742349845.127299
1742349845.161840
1742349845.193438
1742349845.223714
1742349845.260413
1742349845.294428
1742349845.328365
1742349845.357302
1742349845.394242
1742349845.429963
1742349845.457474
1742349845.491882
1742349845.528523
1742349845.559826
1742349845.596316
1742349845.624170
1742349845.660995
1742349845.697198
1742349845.727435
1742349845.756720
1742349845.793137
1742349845.829648
1742349845.860850
1742349845.891041
1742349845.927925
1742349845.962370
1742349845.993893
1742349846.024274
1742349846.060716
1742349846.094706
1742349846.129529
1742349846.157561
1742349846.194617
1742349846.230098
1742349846.261346
1742349846.290866
1742349846.328930
1742349846.360009
1742349846.396637
1742349846.424556
1742349846.461483
1742349846.497234
1742349846.527558
1742349846.558706
1742349846.595704
1742349846.627338
1742349846.662607
1742349846.691227
1742349846.728555
1742349846.764632
1742349846.795080
1742349846.824634
1742349846.862360
1742349846.893946
1742349846.929557
1742349846.958071
1742349846.995183
1742349847.030496
1742349847.061172
1742349847.094035
1742349847.128839
1742349847.163453
1742349847.195427
1742349847.226194
1742349847.262901
1742349847.294851
1742349847.331023
1742349847.358653
1742349847.395672
1742349847.429521
1742349847.462983
1742349847.494058
1742349847.529328
1742349847.563028
1742349847.597540
1742349847.627261
1742349847.662351
1742349847.695652
1742349847.729195
1742349847.762820
1742349847.795535
1742349847.828412
1742349847.864372
1742349847.894839
1742349847.931009
1742349847.962334
1742349847.997184
1742349848.025456
1742349848.062696
1742349848.097991
1742349848.129293
1742349848.159904
1742349848.196953
1742349848.228874
1742349848.263583
1742349848.292280
1742349848.329430
1742349848.363227
1742349848.397421
1742349848.425549
1742349848.463519
1742349848.496769
1742349848.530161
1742349848.558945
1742349848.595993
1742349848.629652
1742349848.663466
1742349848.692437
1742349848.729084
1742349848.764393
1742349848.795856
1742349848.825863
1742349848.862572
1742349848.897417
1742349848.930629
1742349848.959148
1742349848.996051
1742349849.030775
1742349849.062689
1742349849.093227
1742349849.128868
1742349849.162921
1742349849.199087
1742349849.226010
1742349849.263010
1742349849.297201
1742349849.329004
1742349849.359287
1742349849.396468
1742349849.430914
1742349849.464504
1742349849.492694
1742349849.529762
1742349849.565289
1742349849.597945
1742349849.629312
1742349849.663799
1742349849.695696
1742349849.729304
1742349849.765303
1742349849.796077
1742349849.832488
1742349849.863203
1742349849.896731
1742349849.931964
1742349849.962951
1742349849.997567
1742349850.026697
1742349850.062428
1742349850.097657
1742349850.129553
1742349850.159923
1742349850.196574
1742349850.230166
1742349850.264237
1742349850.293177
1742349850.331030
1742349850.364386
1742349850.396466
1742349850.426564
1742349850.463327
1742349850.498837
1742349850.530891
1742349850.560639
1742349850.597600
1742349850.629992
1742349850.665387
1742349850.693360
1742349850.730017
1742349850.765275
1742349850.796718
1742349850.826604
1742349850.864390
1742349850.896672
1742349850.932085
1742349850.960901
1742349850.997336
1742349851.029918
1742349851.066211
1742349851.093652
1742349851.129961
1742349851.165572
1742349851.197388
1742349851.227982
1742349851.264861
1742349851.296585
1742349851.332128
1742349851.363767
1742349851.393647
1742349851.431268
1742349851.466304
1742349851.496897
1742349851.532925
1742349851.564226
1742349851.599497
1742349851.630239
1742349851.666433
1742349851.696616
1742349851.732039
1742349851.764274
1742349851.797772
1742349851.831717
1742349851.863543
1742349851.898506
1742349851.931307
1742349851.962095
1742349851.997801
1742349852.031530
1742349852.063996
1742349852.096562
1742349852.132397
1742349852.162939
1742349852.197180
1742349852.228690
1742349852.266071
1742349852.296840
1742349852.333266
1742349852.360906
1742349852.397639
1742349852.432874
1742349852.463431
1742349852.499709
1742349852.529840
1742349852.566472
1742349852.597743
1742349852.628842
1742349852.664026
1742349852.700600
1742349852.732629
1742349852.762128
1742349852.798792
1742349852.832995
1742349852.863882
1742349852.896380
1742349852.932501
1742349852.963500
1742349852.999840
1742349853.027914
1742349853.065925
1742349853.097298
1742349853.133501
1742349853.161296
1742349853.199937
1742349853.231021
1742349853.264929
1742349853.298746
1742349853.338232
1742349853.362747
1742349853.408809
1742349853.428324
1742349853.473887
1742349853.496095
1742349853.542128
1742349853.561711
1742349853.608495
1742349853.629278
1742349853.674395
1742349853.695267
1742349853.739936
1742349853.762948
1742349853.805510
1742349853.828510
1742349853.874734
1742349853.896220
1742349853.939897
1742349853.961997
1742349854.006921
1742349854.029509
1742349854.075525
1742349854.095097
1742349854.142456
1742349854.162313
1742349854.204565
1742349854.228980
1742349854.276122
1742349854.296234
1742349854.338141
1742349854.362167
1742349854.409473
1742349854.429192
1742349854.473816
1742349854.495293
1742349854.542504
1742349854.562684
1742349854.609682
1742349854.628745
1742349854.675066
1742349854.696526
1742349854.742479
1742349854.762123
1742349854.808971
1742349854.829805
1742349854.875607
1742349854.895415
1742349854.942018
1742349854.963124
1742349855.008972
1742349855.029088
1742349855.074442
1742349855.096502
1742349855.140951
1742349855.162525
1742349855.208642
1742349855.229872
1742349855.277014
1742349855.295943
1742349855.339146
1742349855.364629
1742349855.405920
1742349855.429746
1742349855.475625
1742349855.496628
1742349855.543277
1742349855.562655
1742349855.608530
1742349855.629965
1742349855.676370
1742349855.696156
1742349855.743749
1742349855.762806
1742349855.807467
1742349855.829377
1742349855.872202
1742349855.897764
1742349855.939769
1742349855.963052
1742349856.009796
1742349856.030076
1742349856.076525
1742349856.096541
1742349856.143400
1742349856.163400
1742349856.209525
1742349856.229934
1742349856.276483
1742349856.296905
1742349856.342368
1742349856.363336
1742349856.406940
1742349856.430290
1742349856.475508
1742349856.497008
1742349856.539846
1742349856.567247
1742349856.608874
1742349856.630239
1742349856.669833
1742349856.701936
1742349856.742543
1742349856.763154
1742349856.810404
1742349856.830270
1742349856.877364
1742349856.896641
1742349856.933710
1742349856.969465
1742349857.000594
1742349857.035999
1742349857.066489
1742349857.108870
1742349857.130617
1742349857.176458
1742349857.196825
1742349857.244034
1742349857.263699
1742349857.306839
1742349857.329977
1742349857.373714
1742349857.400098
1742349857.439683
1742349857.463786
1742349857.511079
1742349857.530480
1742349857.575965
1742349857.597096
1742349857.643550
1742349857.664079
1742349857.711284
1742349857.730403
1742349857.776103
1742349857.797310
1742349857.843236
1742349857.864260
1742349857.908168
1742349857.932834
1742349857.973505
1742349857.997361
1742349858.040782
1742349858.064428
1742349858.106722
1742349858.130588
1742349858.178008
1742349858.197342
1742349858.238904
1742349858.263950
1742349858.310570
1742349858.330832
1742349858.371774
1742349858.397494
1742349858.444319
1742349858.464340
1742349858.506212
1742349858.530868
1742349858.577095
1742349858.597626
1742349858.640759
1742349858.664434
1742349858.711267
1742349858.731153
1742349858.772424
1742349858.797489
1742349858.841559
1742349858.864945
1742349858.905272
1742349858.931149
1742349858.971870
1742349859.006362
1742349859.031751
1742349859.075332
1742349859.098471
1742349859.141850
1742349859.165254
1742349859.209548
1742349859.231910
1742349859.278051
1742349859.297633
1742349859.342831
1742349859.365256
1742349859.406184
1742349859.431505
1742349859.474766
1742349859.501550
1742349859.544757
1742349859.565466
1742349859.609605
1742349859.631916
1742349859.676747
1742349859.707995
1742349859.731380
1742349859.777366
1742349859.799025
1742349859.845144
1742349859.866580
1742349859.910692
1742349859.931702
1742349859.978263
1742349859.999367
1742349860.041849
1742349860.066071
1742349860.109570
1742349860.133755
1742349860.175430
1742349860.198989
1742349860.245691
1742349860.265951
1742349860.307257
1742349860.332372
1742349860.375748
1742349860.401277
1742349860.441185
1742349860.466190
1742349860.512134
1742349860.533170
1742349860.576444
1742349860.599425
1742349860.645418
1742349860.666403
1742349860.708091
1742349860.733075
1742349860.772359
1742349860.801776
1742349860.831484
1742349860.874650
1742349860.902738
1742349860.944381
1742349860.965312
1742349861.011893
1742349861.033083
1742349861.076450
1742349861.101164
1742349861.139618
1742349861.175447
1742349861.202854
1742349861.243570
1742349861.267863
1742349861.312913
1742349861.334241
1742349861.375944
1742349861.401132
1742349861.443482
1742349861.469936
1742349861.509168
1742349861.534735
1742349861.578646
1742349861.601122
1742349861.643190
1742349861.668242
1742349861.707609
1742349861.740366
1742349861.768843
1742349861.808070
1742349861.839446
1742349861.875302
1742349861.902044
1742349861.942921
1742349861.971690
1742349862.012108
1742349862.032597
1742349862.077734
1742349862.101140
1742349862.143093
1742349862.166297
1742349862.210608
1742349862.234812
1742349862.277295
1742349862.299301
1742349862.342937
1742349862.371479
1742349862.412448
1742349862.432543
1742349862.476202
1742349862.504800
1742349862.545156
1742349862.566301
1742349862.612713
1742349862.634228
1742349862.676225
1742349862.700080
1742349862.742946
1742349862.771141
1742349862.812084
1742349862.833071
1742349862.876141
1742349862.904951
1742349862.942673
1742349862.966924
1742349863.012766
1742349863.036180
1742349863.079270
1742349863.099684
1742349863.142741
1742349863.171986
1742349863.209627
1742349863.235493
1742349863.277398
1742349863.300452
1742349863.344866
1742349863.366576
1742349863.411861
1742349863.436147
1742349863.479686
1742349863.499797
1742349863.545717
1742349863.569297
1742349863.611890
1742349863.634559
1742349863.674580
1742349863.709233
1742349863.737215
1742349863.777993
1742349863.802539
1742349863.844069
1742349863.872926
1742349863.907418
1742349863.939649
1742349863.975947
1742349864.009718
1742349864.036845
1742349864.077958
1742349864.103568
1742349864.145306
1742349864.167028
1742349864.214321
1742349864.236156
1742349864.280440
1742349864.300047
1742349864.342895
1742349864.371296
1742349864.412785
1742349864.433357
1742349864.476517
1742349864.503758
1742349864.545048
1742349864.567752
1742349864.609622
1742349864.640662
1742349864.676642
1742349864.701411
1742349864.744667
1742349864.771494
1742349864.812397
1742349864.833680
1742349864.880364
1742349864.903859
1742349864.945693
1742349864.967235
1742349865.011606
1742349865.038603
1742349865.080007
1742349865.100916
1742349865.145602
1742349865.171247
1742349865.213645
1742349865.234561
1742349865.281126
1742349865.304606
1742349865.345446
1742349865.369385
1742349865.412614
1742349865.438006
1742349865.480146
1742349865.501099
1742349865.546618
1742349865.571383
1742349865.613527
1742349865.635218
1742349865.679176
1742349865.706815
1742349865.743116
1742349865.772249
1742349865.811495
1742349865.840159
1742349865.876479
1742349865.905905
1742349865.942536
1742349865.976648
1742349866.010945
1742349866.037562
1742349866.078909
1742349866.107091
1742349866.143888
1742349866.167946
1742349866.211500
1742349866.238252
1742349866.279441
1742349866.301157
1742349866.346294
1742349866.371854
1742349866.413154
1742349866.434546
1742349866.481380
1742349866.504862
1742349866.545256
1742349866.568493
1742349866.611943
1742349866.640452
1742349866.677919
1742349866.701570
1742349866.746608
1742349866.772088
1742349866.809565
1742349866.835731
1742349866.878380
1742349866.906806
1742349866.943840
1742349866.968731
1742349867.013188
1742349867.039106
1742349867.079437
1742349867.101557
1742349867.146057
1742349867.172853
1742349867.210371
1742349867.236499
1742349867.281013
1742349867.306000
1742349867.345231
1742349867.369272
1742349867.413537
1742349867.438857
1742349867.478038
1742349867.505063
1742349867.545201
1742349867.574805
1742349867.611821
1742349867.638199
1742349867.679652
1742349867.707583
1742349867.743873
1742349867.772667
1742349867.812800
1742349867.841501
1742349867.879796
1742349867.904639
1742349867.945389
1742349867.974554
1742349868.011833
1742349868.047278
1742349868.068739
1742349868.114051
1742349868.138932
1742349868.177053
1742349868.205063
1742349868.245960
1742349868.271244
1742349868.311664
1742349868.340962
1742349868.371606
1742349868.412974
1742349868.440112
1742349868.477516
1742349868.502021
1742349868.545947
1742349868.574341
1742349868.610804
1742349868.635781
1742349868.681448
1742349868.706767
1742349868.743912
1742349868.772502
1742349868.809128
1742349868.844826
1742349868.874646
1742349868.903658
1742349868.945079
1742349868.974920
1742349869.010979
1742349869.035887
1742349869.081741
1742349869.106627
1742349869.145221
1742349869.171482
1742349869.213337
1742349869.240660
1742349869.280698
1742349869.302879
1742349869.348297
1742349869.370311
1742349869.414587
1742349869.436877
1742349869.478963
1742349869.509106
1742349869.544302
1742349869.574859
1742349869.610808
1742349869.642592
1742349869.678905
1742349869.706874
1742349869.744640
1742349869.777606
1742349869.812966
1742349869.841093
1742349869.877933
1742349869.909300
1742349869.945915
1742349869.972282
1742349870.010045
1742349870.045818
1742349870.078537
1742349870.106014
1742349870.143781
1742349870.178654
1742349870.208755
1742349870.242415
1742349870.276112
1742349870.311191
1742349870.342349
1742349870.372429
1742349870.413529
1742349870.441438
1742349870.481533
1742349870.503095
1742349870.545831
1742349870.575881
1742349870.613799
1742349870.636635
1742349870.679386
1742349870.709811
1742349870.745712
1742349870.773385
1742349870.814258
1742349870.842880
1742349870.879445
1742349870.904497
1742349870.946236
1742349870.975722
1742349871.012578
1742349871.036633
1742349871.082778
1742349871.107514
1742349871.147016
1742349871.170240
1742349871.215625
1742349871.240852
1742349871.281055
1742349871.303753
1742349871.348059
1742349871.375174
1742349871.415294
1742349871.437352
1742349871.479509
1742349871.510439
1742349871.546217
1742349871.572621
1742349871.613083
1742349871.642693
1742349871.678667
1742349871.707181
1742349871.746656
1742349871.776981
1742349871.811770
1742349871.840726
1742349871.879155
1742349871.910783
1742349871.943266
1742349871.976994
1742349872.010987
1742349872.046672
1742349872.078700
1742349872.108741
1742349872.145890
1742349872.178313
1742349872.209776
1742349872.241391
1742349872.280460
1742349872.310558
1742349872.345838
1742349872.371175
1742349872.413358
1742349872.443391
1742349872.478996
1742349872.504949
1742349872.543628
1742349872.579605
1742349872.610374
1742349872.641450
1742349872.681386
1742349872.708917
1742349872.748013
1742349872.771095
1742349872.812238
1742349872.844033
1742349872.877853
1742349872.909157
1742349872.945439
1742349872.979360
1742349873.013113
1742349873.038208
1742349873.080828
1742349873.109788
1742349873.144602
1742349873.174164
1742349873.212425
1742349873.243226
1742349873.279655
1742349873.307087
1742349873.346601
1742349873.376894
1742349873.412500
1742349873.441910
1742349873.481993
1742349873.510225
1742349873.546167
1742349873.576139
1742349873.615147
1742349873.642337
1742349873.681156
1742349873.706715
1742349873.747259
1742349873.779014
1742349873.810373
1742349873.845900
1742349873.876603
1742349873.914172
1742349873.946733
1742349873.976121
1742349874.014766
1742349874.044308
1742349874.077278
1742349874.113698
1742349874.142751
1742349874.181787
1742349874.210412
1742349874.244116
1742349874.278986
1742349874.313623
1742349874.343443
1742349874.376169
1742349874.409049
1742349874.447370
1742349874.477175
1742349874.507616
1742349874.547525
1742349874.577053
1742349874.614423
1742349874.638514
1742349874.679410
1742349874.715357
1742349874.744595
1742349874.775912
1742349874.816532
1742349874.843288
1742349874.883009
1742349874.905799
1742349874.947330
1742349874.976944
1742349875.015971
1742349875.039011
1742349875.077881
1742349875.110378
1742349875.142969
1742349875.175767
1742349875.216536
1742349875.243532
1742349875.280229
1742349875.306923
1742349875.347314
1742349875.378034
1742349875.413912
1742349875.442677
1742349875.479191
1742349875.514397
1742349875.545861
1742349875.577062
1742349875.612384
1742349875.646568
1742349875.679407
1742349875.710467
1742349875.746702
1742349875.780376
1742349875.814966
1742349875.843809
1742349875.880450
1742349875.913646
1742349875.947496
1742349875.977019
1742349876.013413
1742349876.047940
1742349876.082255
1742349876.109921
1742349876.149295
1742349876.177651
1742349876.215214
1742349876.243295
1742349876.281908
1742349876.311431
1742349876.346966
1742349876.382083
1742349876.406044
1742349876.450753
1742349876.478413
1742349876.514812
1742349876.546693
1742349876.578632
1742349876.613806
1742349876.649388
1742349876.680368
1742349876.710858
1742349876.747485
1742349876.783124
1742349876.812620
1742349876.845102
1742349876.879582
1742349876.914655
1742349876.948668
1742349876.976787
1742349877.014776
1742349877.045754
1742349877.082191
1742349877.107467
1742349877.148497
1742349877.179850
1742349877.215012
1742349877.242375
1742349877.283009
1742349877.311932
1742349877.347655
1742349877.377044
1742349877.418403
1742349877.443510
1742349877.484268
1742349877.508080
1742349877.548609
1742349877.578303
1742349877.614418
1742349877.644252
1742349877.683363
1742349877.712070
1742349877.747583
1742349877.778554
1742349877.814168
1742349877.850368
1742349877.880684
1742349877.910435
1742349877.949782
1742349877.979127
1742349878.016165
1742349878.044512
1742349878.081952
1742349878.112977
1742349878.150447
1742349878.175615
1742349878.213498
1742349878.249483
1742349878.279693
1742349878.311634
1742349878.346911
1742349878.382667
1742349878.413674
1742349878.444778
1742349878.481927
1742349878.516099
1742349878.544935
1742349878.578310
1742349878.615419
1742349878.647875
1742349878.683254
1742349878.711039
1742349878.750534
1742349878.780281
1742349878.818159
1742349878.842807
1742349878.885495
1742349878.910848
1742349878.950612
1742349878.976102
1742349879.017594
1742349879.046636
1742349879.082643
1742349879.109069
1742349879.148561
1742349879.181890
1742349879.217451
1742349879.242470
1742349879.283263
1742349879.312129
1742349879.351643
1742349879.375750
1742349879.419386
1742349879.444198
1742349879.482430
1742349879.511707
1742349879.551039
1742349879.580627
1742349879.619169
1742349879.641570
1742349879.684282
1742349879.713363
1742349879.752248
1742349879.777506
1742349879.818167
1742349879.844504
1742349879.886999
1742349879.910357
1742349879.950460
1742349879.980652
1742349880.020792
1742349880.043605
1742349880.085026
1742349880.112167
1742349880.151113
1742349880.177619
1742349880.219722
1742349880.244532
1742349880.285959
1742349880.308458
1742349880.350189
1742349880.380365
1742349880.421364
1742349880.441199
1742349880.486323
1742349880.511082
1742349880.549511
1742349880.577825
1742349880.615627
1742349880.651355
1742349880.678438
1742349880.717360
1742349880.746095
1742349880.787552
1742349880.810865
1742349880.851442
1742349880.877763
1742349880.916294
1742349880.950038
1742349880.976279
1742349881.014835
1742349881.047770
1742349881.083925
1742349881.110554
1742349881.151566
1742349881.178481
1742349881.218924
1742349881.242152
1742349881.285474
1742349881.311818
1742349881.351695
1742349881.376499
1742349881.421344
1742349881.444632
1742349881.483150
1742349881.512996
1742349881.551851
1742349881.578763
1742349881.620548
1742349881.642565
1742349881.686166
1742349881.711416
1742349881.750120
1742349881.780126
1742349881.815352
1742349881.848443
1742349881.883401
1742349881.912302
1742349881.952655
1742349881.979055
1742349882.020342
1742349882.042905
1742349882.088617
1742349882.111463
1742349882.152164
1742349882.177252
1742349882.217199
1742349882.249427
1742349882.282088
1742349882.312895
1742349882.351751
1742349882.378574
1742349882.419375
1742349882.443549
1742349882.482868
1742349882.519154
1742349882.545480
1742349882.586248
1742349882.611809
1742349882.653255
1742349882.679595
1742349882.717463
1742349882.747647
1742349882.785427
1742349882.813505
1742349882.847505
1742349882.883104
1742349882.919600
1742349882.946106
1742349882.982307
1742349883.011960
1742349883.047143
1742349883.081764
1742349883.113290
1742349883.151281
1742349883.178659
1742349883.217836
1742349883.245166
1742349883.283915
1742349883.318302
1742349883.347558
1742349883.382718
1742349883.416154
1742349883.451341
1742349883.479323
1742349883.521022
1742349883.544721
1742349883.586507
1742349883.612813
1742349883.654842
1742349883.677495
1742349883.721678
1742349883.744542
1742349883.784176
1742349883.814728
1742349883.856244
1742349883.878551
1742349883.920778
1742349883.944982
1742349883.988368
1742349884.011898
1742349884.054765
1742349884.077887
1742349884.124595
1742349884.144935
1742349884.189186
1742349884.210534
1742349884.256800
1742349884.278685
1742349884.319269
1742349884.345415
1742349884.382925
1742349884.417561
1742349884.444172
1742349884.490710
1742349884.511352
1742349884.556251
1742349884.576692
1742349884.623572
1742349884.644977
1742349884.690769
1742349884.712942
1742349884.743334
1742349884.789281
1742349884.812205
1742349884.854965
1742349884.879171
1742349884.917563
1742349884.948390
1742349884.990164
1742349885.012181
1742349885.053615
1742349885.078300
1742349885.123995
1742349885.145323
1742349885.186288
1742349885.212216
1742349885.255064
1742349885.279066
1742349885.316816
1742349885.348311
1742349885.388917
1742349885.412012
1742349885.453366
1742349885.478774
1742349885.524843
1742349885.545164
1742349885.590089
1742349885.610933
1742349885.658244
1742349885.678750
1742349885.720169
1742349885.745431
1742349885.791714
1742349885.811739
1742349885.855533
1742349885.877984
1742349885.922677
1742349885.945505
1742349885.984013
1742349886.012785
1742349886.050630
1742349886.083225
1742349886.119204
1742349886.145824
1742349886.191233
1742349886.212392
1742349886.253056
1742349886.279100
1742349886.325302
1742349886.345111
1742349886.388030
1742349886.411666
1742349886.456750
1742349886.478792
1742349886.517465
1742349886.549315
1742349886.589833
1742349886.612163
1742349886.650155
1742349886.681991
1742349886.722726
1742349886.745869
1742349886.782653
1742349886.817683
1742349886.853921
1742349886.880002
1742349886.918636
1742349886.945886
1742349886.992063
1742349887.012029
1742349887.051606
1742349887.079402
1742349887.125190
1742349887.145013
1742349887.184167
1742349887.216070
1742349887.256841
1742349887.279349
1742349887.322923
1742349887.344909
1742349887.388545
1742349887.412621
1742349887.454603
1742349887.479240
1742349887.523745
1742349887.546256
1742349887.584642
1742349887.616618
1742349887.658012
1742349887.679290
1742349887.718610
1742349887.749136
1742349887.791409
1742349887.812905
1742349887.859137
1742349887.878809
1742349887.925126
1742349887.946291
1742349887.992773
1742349888.012261
1742349888.059354
1742349888.079170
1742349888.122208
1742349888.145889
1742349888.189109
1742349888.213917
1742349888.255186
1742349888.279254
1742349888.326446
1742349888.345628
1742349888.385213
1742349888.415591
1742349888.458844
1742349888.479395
1742349888.516302
1742349888.551619
1742349888.590265
1742349888.613055
1742349888.652582
1742349888.679783
1742349888.727037
1742349888.745926
1742349888.790516
1742349888.812480
1742349888.856290
1742349888.880977
1742349888.921866
1742349888.946211
1742349888.992659
1742349889.012882
1742349889.059272
1742349889.079361
1742349889.122505
1742349889.149332
1742349889.187840
1742349889.212868
1742349889.259702
1742349889.279311
1742349889.323647
1742349889.346406
1742349889.393444
1742349889.412778
1742349889.456146
1742349889.479499
1742349889.526406
1742349889.546320
1742349889.592475
1742349889.612987
1742349889.659594
1742349889.680006
1742349889.725394
1742349889.746394
1742349889.793012
1742349889.813178
1742349889.854154
1742349889.879879
1742349889.926275
1742349889.946573
1742349889.991151
1742349890.013208
1742349890.056411
1742349890.081153
1742349890.122250
1742349890.146640
1742349890.194000
1742349890.213519
1742349890.259522
1742349890.280169
1742349890.326307
1742349890.347043
1742349890.389611
1742349890.413207
1742349890.460791
1742349890.480364
1742349890.522440
1742349890.546667
1742349890.593954
1742349890.613733
1742349890.653491
1742349890.683229
1742349890.726342
1742349890.746977
1742349890.789272
1742349890.813757
1742349890.859060
1742349890.880564
1742349890.926781
1742349890.946875
1742349890.993245
1742349891.013663
1742349891.055857
1742349891.080279
1742349891.127414
1742349891.147591
1742349891.188323
1742349891.213964
1742349891.257686
1742349891.281121
1742349891.322157
1742349891.347307
1742349891.393999
1742349891.414509
1742349891.456682
1742349891.480467
1742349891.527371
1742349891.547883
1742349891.589663
1742349891.614141
1742349891.660885
1742349891.681034
1742349891.720673
1742349891.752214
1742349891.793468
1742349891.814895
1742349891.856970
1742349891.881461
1742349891.925507
1742349891.950479
1742349891.990893
1742349892.015228
1742349892.061901
1742349892.081897
1742349892.124287
1742349892.148667
1742349892.194802
1742349892.215585
1742349892.257971
1742349892.281758
1742349892.327487
1742349892.348855
1742349892.389557
1742349892.414804
1742349892.458383
1742349892.483131
1742349892.517832
1742349892.554284
1742349892.589165
1742349892.620517
1742349892.649057
1742349892.693852
1742349892.715316
1742349892.757320
1742349892.782258
1742349892.824043
1742349892.852054
1742349892.894306
1742349892.914324
1742349892.956517
1742349892.985734
1742349893.027563
1742349893.057544
1742349893.081007
1742349893.125164
1742349893.149940
1742349893.195196
1742349893.217221
1742349893.252959
1742349893.287864
1742349893.324180
1742349893.353755
1742349893.382609
1742349893.428604
1742349893.450078
1742349893.492157
1742349893.514947
1742349893.559886
1742349893.583286
1742349893.628796
1742349893.648091
1742349893.695214
1742349893.716778
1742349893.759662
1742349893.783113
1742349893.828644
1742349893.850222
1742349893.894955
1742349893.915717
1742349893.961743
1742349893.981347
1742349894.027254
1742349894.049759
1742349894.095612
1742349894.117652
1742349894.160879
1742349894.182188
1742349894.228529
1742349894.250574
1742349894.293568
1742349894.314895
1742349894.358724
1742349894.385618
1742349894.428629
1742349894.448535
1742349894.494108
1742349894.517890
1742349894.559045
1742349894.581672
1742349894.625746
1742349894.650648
1742349894.692433
1742349894.715120
1742349894.756940
1742349894.784870
1742349894.826193
1742349894.848456
1742349894.895567
1742349894.917684
1742349894.955757
1742349894.983483
1742349895.026372
1742349895.051488
1742349895.093542
1742349895.115265
1742349895.160844
1742349895.183924
1742349895.228316
1742349895.248627
1742349895.295561
1742349895.318160
1742349895.359175
1742349895.382372
1742349895.429931
1742349895.451995
1742349895.494636
1742349895.515699
1742349895.556997
1742349895.588732
1742349895.625555
1742349895.649828
1742349895.695488
1742349895.719067
1742349895.762460
1742349895.783315
1742349895.829744
1742349895.852035
1742349895.895347
1742349895.916751
1742349895.961150
1742349895.984666
1742349896.027544
1742349896.052064
1742349896.093830
1742349896.121643
1742349896.159964
1742349896.186748
1742349896.227364
1742349896.252960
1742349896.295591
1742349896.316310
1742349896.358754
1742349896.389360
1742349896.426463
1742349896.450318
1742349896.489708
1742349896.525495
1742349896.553730
1742349896.586523
1742349896.627480
1742349896.652556
1742349896.694975
1742349896.716375
1742349896.762036
1742349896.785692
1742349896.829658
1742349896.849552
1742349896.896755
1742349896.919268
1742349896.960169
1742349896.983856
1742349897.026562
1742349897.053215
1742349897.095595
1742349897.117092
1742349897.159922
1742349897.189331
1742349897.227090
1742349897.249642
1742349897.296347
1742349897.319699
1742349897.361351
1742349897.383016
1742349897.429652
1742349897.452881
1742349897.494731
1742349897.516437
1742349897.562720
1742349897.587246
1742349897.629133
1742349897.649886
1742349897.695772
1742349897.720798
1742349897.762353
1742349897.783505
1742349897.825392
1742349897.852809
1742349897.886203
1742349897.917062
1742349897.949767
1742349897.983112
1742349898.016417
1742349898.057711
1742349898.087620
1742349898.128728
1742349898.153794
1742349898.194665
1742349898.219886
1742349898.261552
1742349898.289548
1742349898.321178
1742349898.361547
1742349898.389491
1742349898.429986
1742349898.450328
1742349898.493966
1742349898.523122
1742349898.559157
1742349898.584547
1742349898.630867
1742349898.654220
1742349898.695063
1742349898.717360
1742349898.762669
1742349898.787937
1742349898.829450
1742349898.850955
1742349898.895804
1742349898.921229
1742349898.963620
1742349898.984312
1742349899.029474
1742349899.054918
1742349899.093357
1742349899.118486
1742349899.160474
1742349899.189055
1742349899.226534
1742349899.250983
1742349899.290439
1742349899.326761
1742349899.354801
1742349899.388202
1742349899.425812
1742349899.458323
1742349899.493756
1742349899.517798
1742349899.563405
1742349899.588476
1742349899.626803
1742349899.652100
1742349899.696319
1742349899.722257
1742349899.763273
1742349899.784480
1742349899.828953
1742349899.856882
1742349899.896900
1742349899.918261
1742349899.962441
1742349899.990324
1742349900.028441
1742349900.055680
1742349900.095504
1742349900.124696
1742349900.161789
1742349900.189697
1742349900.226325
1742349900.259239
1742349900.294678
1742349900.322551
1742349900.360321
1742349900.392802
1742349900.428482
1742349900.452128
1742349900.497039
1742349900.522304
1742349900.564182
1742349900.584789
1742349900.629812
1742349900.656144
1742349900.697764
1742349900.718186
1742349900.764000
1742349900.789119
1742349900.829170
1742349900.851353
1742349900.897048
1742349900.922529
1742349900.959856
1742349900.986642
1742349901.029477
1742349901.056612
1742349901.091607
1742349901.117674
1742349901.154518
1742349901.190022
1742349901.221466
1742349901.254409
1742349901.293939
1742349901.324840
1742349901.359809
1742349901.391441
1742349901.418426
1742349901.465660
1742349901.488654
1742349901.527597
1742349901.556884
1742349901.589051
1742349901.626403
1742349901.660258
1742349901.693571
1742349901.719965
1742349901.760150
1742349901.792747
1742349901.828959
1742349901.852625
1742349901.898087
1742349901.922913
1742349901.962997
1742349901.986432
1742349902.030735
1742349902.056473
1742349902.095109
1742349902.123025
1742349902.159270
1742349902.194995
1742349902.224755
1742349902.259801
1742349902.291268
1742349902.330023
1742349902.357662
1742349902.389905
1742349902.427614
1742349902.458660
1742349902.495213
1742349902.519275
1742349902.562881
1742349902.591749
1742349902.629858
1742349902.652568
1742349902.696038
1742349902.725410
1742349902.761801
1742349902.788600
1742349902.829315
1742349902.858776
1742349902.895124
1742349902.922541
1742349902.959761
1742349902.996294
1742349903.026488
1742349903.058985
1742349903.093335
1742349903.129246
1742349903.159411
1742349903.192548
1742349903.226470
1742349903.261733
1742349903.291254
1742349903.324469
1742349903.360660
1742349903.394568
1742349903.423716
1742349903.457482
1742349903.493988
1742349903.525681
1742349903.564014
1742349903.586902
1742349903.629599
1742349903.658954
1742349903.695418
1742349903.724313
1742349903.763057
1742349903.792343
1742349903.827510
1742349903.858273
1742349903.894869
1742349903.926475
1742349903.962096
1742349903.989865
1742349904.029071
1742349904.061671
1742349904.097022
1742349904.123545
1742349904.163250
1742349904.193006
1742349904.229003
1742349904.258087
1742349904.296976
1742349904.326193
1742349904.363013
1742349904.388973
1742349904.427274
1742349904.461774
1742349904.489035
1742349904.522232
1742349904.558036
1742349904.591601
1742349904.624908
1742349904.656930
1742349904.693117
1742349904.729383
1742349904.758553
1742349904.791668
1742349904.830326
1742349904.860312
1742349904.896009
1742349904.923313
1742349904.963613
1742349904.991872
1742349905.030579
1742349905.055896
1742349905.095231
1742349905.129005
1742349905.160296
1742349905.191942
1742349905.229162
1742349905.261033
1742349905.293766
1742349905.325190
1742349905.363520
1742349905.392289
1742349905.430078
1742349905.458463
1742349905.497944
1742349905.524930
1742349905.561496
1742349905.591746
1742349905.628084
1742349905.662582
1742349905.696363
1742349905.725636
1742349905.760187
1742349905.796911
1742349905.828952
1742349905.859407
1742349905.895067
1742349905.927486
1742349905.963685
1742349905.991563
1742349906.032553
1742349906.058055
1742349906.099034
1742349906.125417
1742349906.163090
1742349906.196311
1742349906.229401
1742349906.258867
1742349906.298590
1742349906.324764
1742349906.363687
1742349906.392200
1742349906.429139
1742349906.459567
1742349906.493960
1742349906.526908
1742349906.560911
1742349906.595221
1742349906.628990
1742349906.658378
1742349906.698552
1742349906.725894
1742349906.763157
1742349906.791948
1742349906.829743
1742349906.862414
1742349906.896761
1742349906.924805
1742349906.962881
1742349906.995449
1742349907.030313
1742349907.056730
1742349907.097840
1742349907.126829
1742349907.163322
1742349907.189268
1742349907.230942
1742349907.259636
1742349907.297087
1742349907.323116
1742349907.364106
1742349907.391757
1742349907.432160
1742349907.457009
1742349907.497626
1742349907.526889
1742349907.558326
1742349907.592824
1742349907.624873
1742349907.663539
1742349907.697874
1742349907.723754
1742349907.764506
1742349907.793306
1742349907.831241
1742349907.856699
1742349907.897647
1742349907.928286
1742349907.963717
1742349907.990579
1742349908.032638
1742349908.059607
1742349908.097139
1742349908.126578
1742349908.161600
1742349908.195790
1742349908.232142
1742349908.259007
1742349908.296718
1742349908.331361
1742349908.362543
1742349908.393492
1742349908.429175
1742349908.463471
1742349908.497121
1742349908.525018
1742349908.565004
1742349908.593720
1742349908.630063
1742349908.656585
1742349908.697733
1742349908.727511
1742349908.762136
1742349908.790055
1742349908.830944
1742349908.860349
1742349908.899554
1742349908.922309
1742349908.962047
1742349908.997343
1742349909.030244
1742349909.059323
1742349909.098754
1742349909.127562
1742349909.162301
1742349909.194047
1742349909.229756
1742349909.265186
1742349909.293666
1742349909.326696
1742349909.361634
1742349909.397190
1742349909.428907
1742349909.458237
1742349909.497438
1742349909.527609
1742349909.563769
1742349909.589340
1742349909.630749
1742349909.660669
1742349909.697800
1742349909.732319
1742349909.755993
1742349909.797446
1742349909.828400
1742349909.865807
1742349909.895153
1742349909.925591
1742349909.965633
1742349909.993848
1742349910.034373
1742349910.055875
1742349910.098075
1742349910.127777
1742349910.162710
1742349910.192505
1742349910.231669
1742349910.261846
1742349910.297353
1742349910.327242
1742349910.367694
1742349910.393183
1742349910.431917
1742349910.459274
1742349910.500297
1742349910.529480
1742349910.568014
1742349910.589782
1742349910.630211
1742349910.663658
1742349910.698622
1742349910.723110
1742349910.768068
1742349910.793163
1742349910.829992
1742349910.856470
1742349910.898445
1742349910.928106
1742349910.967347
1742349910.989609
1742349911.033613
1742349911.060815
1742349911.100477
1742349911.123013
1742349911.164861
1742349911.194868
1742349911.233376
1742349911.257207
1742349911.299380
1742349911.330317
1742349911.365962
1742349911.390091
1742349911.433601
1742349911.461113
1742349911.499815
1742349911.523291
1742349911.567126
1742349911.594246
1742349911.633761
1742349911.656661
1742349911.699967
1742349911.728120
1742349911.765675
1742349911.791603
1742349911.833164
1742349911.862578
1742349911.901798
1742349911.923682
1742349911.967195
1742349911.996692
1742349912.035200
1742349912.057014
1742349912.100284
1742349912.130077
1742349912.166265
1742349912.193401
1742349912.235182
1742349912.260992
1742349912.298551
1742349912.327365
1742349912.368551
1742349912.393917
1742349912.436248
1742349912.457318
1742349912.501319
1742349912.528179
1742349912.568018
1742349912.590894
1742349912.633364
1742349912.663436
1742349912.701263
1742349912.724279
1742349912.768402
1742349912.794249
1742349912.836072
1742349912.857569
1742349912.900270
1742349912.930779
1742349912.966197
1742349912.994382
1742349913.027916
1742349913.063813
1742349913.091996
1742349913.136546
1742349913.158756
1742349913.201033
1742349913.228084
1742349913.265492
1742349913.295529
1742349913.335043
1742349913.360068
1742349913.399907
1742349913.428945
1742349913.470487
1742349913.494271
1742349913.534718
1742349913.559539
1742349913.594773
1742349913.632941
1742349913.662196
1742349913.702519
1742349913.725519
1742349913.767977
1742349913.792239
1742349913.834774
1742349913.861377
1742349913.902882
1742349913.925534
1742349913.964823
1742349913.998006
1742349914.036227
1742349914.058746
1742349914.102579
1742349914.128086
1742349914.166557
1742349914.195904
1742349914.232735
1742349914.267297
1742349914.297040
1742349914.331673
1742349914.362303
1742349914.403775
1742349914.427786
1742349914.469028
1742349914.493646
1742349914.536504
1742349914.560981
1742349914.600476
1742349914.629560
1742349914.670260
1742349914.694349
1742349914.733768
1742349914.761331
1742349914.803494
1742349914.825176
1742349914.860909
1742349914.896953
1742349914.937595
1742349914.960556
1742349915.002523
1742349915.027168
1742349915.068285
1742349915.096047
1742349915.129734
1742349915.170058
1742349915.194391
1742349915.236950
1742349915.258488
1742349915.304230
1742349915.327492
1742349915.366590
1742349915.392917
1742349915.437686
1742349915.461256
1742349915.500383
1742349915.526161
1742349915.573112
1742349915.593947
1742349915.633459
1742349915.661131
1742349915.699247
1742349915.736324
1742349915.761966
1742349915.799056
1742349915.831778
1742349915.869329
1742349915.896279
1742349915.932967
1742349915.962262
1742349916.003958
1742349916.028994
1742349916.065718
1742349916.096879
1742349916.134796
1742349916.161833
1742349916.201978
1742349916.228075
1742349916.266881
1742349916.295726
1742349916.336667
1742349916.360848
1742349916.407232
1742349916.427285
1742349916.469853
1742349916.494653
1742349916.536551
1742349916.562160
1742349916.599206
1742349916.634171
1742349916.665533
1742349916.702778
1742349916.727732
1742349916.765656
1742349916.804126
1742349916.828192
1742349916.868138
1742349916.894842
1742349916.937015
1742349916.961977
1742349916.998452
1742349917.034421
1742349917.067801
1742349917.096150
1742349917.138084
1742349917.160506
1742349917.206280
1742349917.228500
1742349917.266970
1742349917.295707
1742349917.331717
1742349917.362305
1742349917.398867
1742349917.432085
1742349917.471196
1742349917.494582
1742349917.535800
1742349917.561249
1742349917.607614
1742349917.627885
1742349917.672423
1742349917.694027
1742349917.739115
1742349917.761265
1742349917.806363
1742349917.826721
1742349917.873892
1742349917.894925
1742349917.933951
1742349917.962921
1742349918.002408
1742349918.029277
1742349918.072945
1742349918.094080
1742349918.140960
1742349918.161268
1742349918.205736
1742349918.228589
1742349918.274722
1742349918.294302
1742349918.339603
1742349918.361570
1742349918.406911
1742349918.427495
1742349918.475030
1742349918.494793
1742349918.536840
1742349918.561144
1742349918.606480
1742349918.628470
1742349918.670204
1742349918.695007
1742349918.740292
1742349918.761306
1742349918.805143
1742349918.827635
1742349918.874308
1742349918.895171
1742349918.936291
1742349918.961216
1742349919.007902
1742349919.028110
1742349919.073000
1742349919.094243
1742349919.140536
1742349919.161310
1742349919.203325
1742349919.228646
1742349919.272274
1742349919.295748
1742349919.337683
1742349919.361458
1742349919.406228
1742349919.428549
1742349919.472713
1742349919.494200
1742349919.539284
1742349919.561727
1742349919.601104
1742349919.629526
1742349919.672269
1742349919.695684
1742349919.740130
1742349919.761310
1742349919.807602
1742349919.828891
1742349919.871937
1742349919.895057
1742349919.942246
1742349919.961520
1742349920.007118
1742349920.027983
1742349920.071811
1742349920.097936
1742349920.136146
1742349920.162258
1742349920.207859
1742349920.228919
1742349920.275073
1742349920.294830
1742349920.342066
1742349920.361769
1742349920.408434
1742349920.428413
1742349920.474987
1742349920.495496
1742349920.540702
1742349920.561630
1742349920.608876
1742349920.628795
1742349920.674557
1742349920.695056
1742349920.737566
1742349920.763145
1742349920.802194
1742349920.829051
1742349920.865660
1742349920.897080
1742349920.928513
1742349920.974652
1742349920.996017
1742349921.040781
1742349921.061817
1742349921.108812
1742349921.129009
1742349921.176289
1742349921.195312
1742349921.240099
1742349921.262596
1742349921.307704
1742349921.328705
1742349921.373691
1742349921.395835
1742349921.442067
1742349921.462096
1742349921.507943
1742349921.529175
1742349921.572387
1742349921.595587
1742349921.638818
1742349921.662583
1742349921.709352
1742349921.728751
1742349921.775049
1742349921.795869
1742349921.843011
1742349921.862143
1742349921.909249
1742349921.928951
1742349921.976212
1742349921.995738
1742349922.039003
1742349922.065279
1742349922.108658
1742349922.129081
1742349922.176390
1742349922.195701
1742349922.242841
1742349922.262469
1742349922.307033
1742349922.329474
1742349922.372455
1742349922.396275
1742349922.439845
1742349922.463213
1742349922.508738
1742349922.529757
1742349922.573537
1742349922.596534
1742349922.641795
1742349922.662955
1742349922.705894
1742349922.731233
1742349922.774407
1742349922.796138
1742349922.840862
1742349922.863039
1742349922.905915
1742349922.929229
1742349922.973389
1742349922.996213
1742349923.039243
1742349923.062500
1742349923.106183
1742349923.129773
1742349923.176506
1742349923.195965
1742349923.239005
1742349923.264136
1742349923.307844
1742349923.329462
1742349923.375974
1742349923.396529
1742349923.439369
1742349923.463055
1742349923.510411
1742349923.530150
1742349923.575153
1742349923.596499
1742349923.640324
1742349923.663912
1742349923.709645
1742349923.729676
1742349923.775106
1742349923.796693
1742349923.843990
1742349923.863129
1742349923.908251
1742349923.930078
1742349923.977225
1742349923.996492
1742349924.041264
1742349924.064011
1742349924.109915
1742349924.130042
1742349924.177270
1742349924.197367
1742349924.240245
1742349924.264518
1742349924.307915
1742349924.331225
1742349924.375880
1742349924.397533
1742349924.442258
1742349924.464211
1742349924.508495
1742349924.530640
1742349924.575336
1742349924.597887
1742349924.641140
1742349924.663626
1742349924.710700
1742349924.731222
1742349924.775906
1742349924.796955
1742349924.840309
1742349924.866904
1742349924.905904
1742349924.931480
1742349924.972638
1742349924.999910
1742349925.042226
1742349925.063861
1742349925.111024
1742349925.132009
1742349925.178280
1742349925.197126
1742349925.241762
1742349925.265199
1742349925.307372
1742349925.331888
1742349925.374346
1742349925.400354
1742349925.441056
1742349925.464703
1742349925.507863
1742349925.534825
1742349925.576499
1742349925.596923
1742349925.641007
1742349925.667082
1742349925.709611
1742349925.730608
1742349925.774032
1742349925.800101
1742349925.839403
1742349925.865942
1742349925.908278
1742349925.934896
1742349925.976585
1742349925.997521
1742349926.042132
1742349926.069026
1742349926.111275
1742349926.130944
1742349926.178108
1742349926.199260
1742349926.242274
1742349926.265755
1742349926.308711
1742349926.334213
1742349926.378012
1742349926.408466
1742349926.431194
1742349926.478965
1742349926.500590
1742349926.543340
1742349926.567415
1742349926.609689
1742349926.633553
1742349926.676695
1742349926.700653
1742349926.743175
1742349926.766823
1742349926.810104
1742349926.834276
1742349926.875861
1742349926.900799
1742349926.943755
1742349926.967333
1742349927.009004
1742349927.033554
1742349927.078045
1742349927.101160
1742349927.143303
1742349927.166961
1742349927.208399
1742349927.237931
1742349927.272325
1742349927.303322
1742349927.344846
1742349927.367667
1742349927.408480
1742349927.434070
1742349927.476052
1742349927.504939
1742349927.538237
1742349927.572193
1742349927.608254
1742349927.637365
1742349927.672712
1742349927.702162
1742349927.743925
1742349927.768537
1742349927.809678
1742349927.834933
1742349927.877906
1742349927.901827
1742349927.943277
1742349927.967772
1742349928.011378
1742349928.035179
1742349928.073436
1742349928.102026
1742349928.145169
1742349928.168575
1742349928.210392
1742349928.234165
1742349928.279368
1742349928.302767
1742349928.344101
1742349928.366539
1742349928.409944
1742349928.438755
1742349928.470728
1742349928.506782
1742349928.541377
1742349928.572672
1742349928.598493
1742349928.643809
1742349928.668802
1742349928.710767
1742349928.732088
1742349928.775577
1742349928.803923
1742349928.845211
1742349928.865516
1742349928.910090
1742349928.935181
1742349928.978969
1742349928.998792
1742349929.044664
1742349929.069262
1742349929.111754
1742349929.132268
1742349929.176268
1742349929.202097
1742349929.244077
1742349929.265710
1742349929.311757
1742349929.335939
1742349929.378290
1742349929.399045
1742349929.446524
1742349929.468300
1742349929.513012
1742349929.532498
1742349929.579675
1742349929.602542
1742349929.643413
1742349929.665727
1742349929.711704
1742349929.736051
1742349929.775245
1742349929.800883
1742349929.842586
1742349929.872045
1742349929.910482
1742349929.933058
1742349929.980091
1742349930.001985
1742349930.046321
1742349930.066182
1742349930.111108
1742349930.136223
1742349930.178523
1742349930.199963
1742349930.246482
1742349930.270514
1742349930.312427
1742349930.333135
1742349930.379637
1742349930.403426
1742349930.445086
1742349930.468834
1742349930.511187
1742349930.537782
1742349930.579278
1742349930.600907
1742349930.642860
1742349930.668759
1742349930.711135
1742349930.733260
1742349930.779627
1742349930.803655
1742349930.846304
1742349930.866426
1742349930.911014
1742349930.937539
1742349930.975497
1742349930.999637
1742349931.045920
1742349931.069032
1742349931.111581
1742349931.133290
1742349931.178342
1742349931.203746
1742349931.245033
1742349931.266467
1742349931.313091
1742349931.337602
1742349931.378992
1742349931.400098
1742349931.445185
1742349931.470723
1742349931.512155
1742349931.533254
1742349931.576611
1742349931.604491
1742349931.645144
1742349931.666954
1742349931.711898
1742349931.737545
1742349931.778012
1742349931.800475
1742349931.845712
1742349931.871001
1742349931.909159
1742349931.934463
1742349931.977458
1742349932.006364
1742349932.042727
1742349932.068059
1742349932.112838
1742349932.138413
1742349932.176398
1742349932.202800
1742349932.244611
1742349932.273502
1742349932.310648
1742349932.335287
1742349932.379770
1742349932.405291
1742349932.444139
1742349932.471368
1742349932.512186
1742349932.539700
1742349932.578942
1742349932.601638
1742349932.646588
1742349932.671827
1742349932.711093
1742349932.734194
1742349932.779717
1742349932.805025
1742349932.843061
1742349932.867617
1742349932.912591
1742349932.938625
1742349932.976960
1742349933.000994
1742349933.046878
1742349933.072489
1742349933.112598
1742349933.134264
1742349933.180110
1742349933.204138
1742349933.242554
1742349933.271966
1742349933.309921
1742349933.341609
1742349933.377934
1742349933.401081
1742349933.446425
1742349933.471425
1742349933.513696
1742349933.534459
1742349933.577780
1742349933.606771
1742349933.645572
1742349933.667944
1742349933.714160
1742349933.738699
1742349933.778465
1742349933.801507
1742349933.847080
1742349933.872702
1742349933.913630
1742349933.934816
1742349933.980703
1742349934.006237
1742349934.045654
1742349934.069574
1742349934.111274
1742349934.140583
1742349934.179269
1742349934.202008
1742349934.244652
1742349934.274708
1742349934.311242
1742349934.338679
1742349934.376092
1742349934.409052
1742349934.445024
1742349934.471164
1742349934.513005
1742349934.539505
1742349934.580036
1742349934.601831
1742349934.646833
1742349934.671876
1742349934.713214
1742349934.744522
1742349934.768492
1742349934.814294
1742349934.835452
1742349934.879012
1742349934.908150
1742349934.937383
1742349934.978961
1742349935.005701
1742349935.045066
1742349935.068310
1742349935.107431
1742349935.141244
1742349935.176236
1742349935.201855
1742349935.244405
1742349935.274374
1742349935.312789
1742349935.335241
1742349935.377234
1742349935.410988
1742349935.441638
1742349935.469035
1742349935.512050
1742349935.540919
1742349935.578765
1742349935.602074
1742349935.645461
1742349935.673835
1742349935.714127
1742349935.735512
1742349935.779095
1742349935.807971
1742349935.843320
1742349935.869957
1742349935.911016
1742349935.941463
1742349935.977846
1742349936.002634
1742349936.046136
1742349936.073499
1742349936.113480
1742349936.135996
1742349936.179267
1742349936.207674
1742349936.246548
1742349936.269703
1742349936.311685
1742349936.341894
1742349936.379264
1742349936.406173
1742349936.447275
1742349936.474346
1742349936.514797
1742349936.536520
1742349936.578733
1742349936.608826
1742349936.644786
1742349936.670468
1742349936.712654
1742349936.740835
1742349936.778891
1742349936.806296
1742349936.846611
1742349936.869259
1742349936.913639
1742349936.940962
1742349936.977722
1742349937.002560
1742349937.047806
1742349937.073744
1742349937.115010
1742349937.136182
1742349937.178819
1742349937.205822
1742349937.247082
1742349937.269370
1742349937.311105
1742349937.343033
1742349937.377974
1742349937.403279
1742349937.445159
1742349937.475671
1742349937.511609
1742349937.536276
1742349937.580565
1742349937.607642
1742349937.644587
1742349937.669716
1742349937.711559
1742349937.742269
1742349937.776364
1742349937.803668
1742349937.845865
1742349937.875182
1742349937.913874
1742349937.936482
1742349937.978470
1742349938.007995
1742349938.048864
1742349938.069881
1742349938.112085
1742349938.143049
1742349938.175422
1742349938.204477
1742349938.242282
1742349938.279089
1742349938.308614
1742349938.340319
1742349938.381002
1742349938.408264
1742349938.448943
1742349938.470086
1742349938.513136
1742349938.542162
1742349938.576325
1742349938.608308
1742349938.645795
1742349938.676815
1742349938.713361
1742349938.736756
1742349938.779254
1742349938.807868
1742349938.847449
1742349938.870213
1742349938.914765
1742349938.941325
1742349938.981914
1742349939.003552
1742349939.047442
1742349939.074731
1742349939.114458
1742349939.137150
1742349939.179532
1742349939.208137
1742349939.244646
1742349939.270455
1742349939.312516
1742349939.341896
1742349939.379063
1742349939.403726
1742349939.446430
1742349939.476013
1742349939.513013
1742349939.537101
1742349939.579984
1742349939.607979
1742349939.647008
1742349939.670581
1742349939.712811
1742349939.742578
1742349939.780011
1742349939.804219
1742349939.846841
1742349939.876757
1742349939.911133
1742349939.938768
1742349939.980526
1742349940.010028
1742349940.042190
1742349940.075499
1742349940.111603
1742349940.146197
1742349940.179848
1742349940.204404
1742349940.244703
1742349940.278190
1742349940.314169
1742349940.337792
1742349940.379659
1742349940.409041
1742349940.448551
1742349940.471384
1742349940.514022
1742349940.542963
1742349940.576115
1742349940.609710
1742349940.645817
1742349940.677909
1742349940.712814
1742349940.740417
1742349940.781912
1742349940.807929
1742349940.849366
1742349940.871456
1742349940.912127
1742349940.946205
1742349940.977571
1742349941.005819
1742349941.046894
1742349941.076862
1742349941.114838
1742349941.138065
1742349941.179397
1742349941.209743
1742349941.248002
1742349941.271634
1742349941.312928
1742349941.343383
1742349941.378168
1742349941.407465
1742349941.449106
1742349941.476657
1742349941.513277
1742349941.538188
1742349941.579201
1742349941.614372
1742349941.643596
1742349941.672241
1742349941.712666
1742349941.744936
1742349941.778850
1742349941.805706
1742349941.847163
1742349941.877360
1742349941.911246
1742349941.940574
1742349941.981869
1742349942.010590
1742349942.046705
1742349942.074249
1742349942.115242
1742349942.144855
1742349942.180547
1742349942.207360
1742349942.246387
1742349942.280552
1742349942.315273
1742349942.339785
1742349942.381794
1742349942.410415
1742349942.445609
1742349942.476434
1742349942.513993
1742349942.544878
1742349942.580249
1742349942.609727
1742349942.649772
1742349942.678409
1742349942.715795
1742349942.739295
1742349942.781315
1742349942.810854
1742349942.847260
1742349942.872420
1742349942.911230
1742349942.947225
1742349942.978916
1742349943.010244
1742349943.041905
1742349943.077865
1742349943.105656
1742349943.146199
1742349943.178520
1742349943.214501
1742349943.243382
1742349943.277293
1742349943.311641
1742349943.347921
1742349943.377292
1742349943.411142
1742349943.446528
1742349943.481754
1742349943.511969
1742349943.543130
1742349943.578095
1742349943.611725
1742349943.647911
1742349943.672915
1742349943.715472
1742349943.743767
1742349943.781664
1742349943.806112
1742349943.848419
1742349943.878191
1742349943.914981
1742349943.939988
1742349943.983527
1742349944.010947
1742349944.051345
1742349944.072715
1742349944.117329
1742349944.142840
1742349944.183488
1742349944.206296
1742349944.251544
1742349944.276390
1742349944.317786
1742349944.340589
1742349944.381161
1742349944.412450
1742349944.448615
1742349944.477722
1742349944.515261
1742349944.546501
1742349944.583964
1742349944.607714
1742349944.649582
1742349944.679577
1742349944.716771
1742349944.739910
1742349944.783160
1742349944.811592
1742349944.851796
1742349944.873223
1742349944.915935
1742349944.944329
1742349944.983284
1742349945.006478
1742349945.050918
1742349945.076310
1742349945.118330
1742349945.139917
1742349945.185168
1742349945.209325
1742349945.251112
1742349945.273257
1742349945.318119
1742349945.343147
1742349945.384400
1742349945.406915
1742349945.453106
1742349945.476584
1742349945.519099
1742349945.540368
1742349945.584987
1742349945.609502
1742349945.648111
1742349945.674488
1742349945.720290
1742349945.742718
1742349945.781761
1742349945.807675
1742349945.846523
1742349945.883069
1742349945.912038
1742349945.945190
1742349945.981824
1742349946.012052
1742349946.050614
1742349946.073624
1742349946.120012
1742349946.143331
1742349946.185596
1742349946.207474
1742349946.251125
1742349946.277231
1742349946.316423
1742349946.345238
1742349946.383769
1742349946.410462
1742349946.450997
1742349946.477030
1742349946.515431
1742349946.546734
1742349946.587017
1742349946.607727
1742349946.653943
1742349946.677077
1742349946.719674
1742349946.741063
1742349946.785167
1742349946.811036
1742349946.853520
1742349946.874204
1742349946.921284
1742349946.943144
1742349946.981670
1742349947.008072
1742349947.053082
1742349947.076935
1742349947.117811
1742349947.141105
1742349947.184565
1742349947.211162
1742349947.249577
1742349947.277734
1742349947.318856
1742349947.344347
1742349947.386002
1742349947.407769
1742349947.451022
1742349947.477600
1742349947.520517
1742349947.541110
1742349947.587165
1742349947.610193
1742349947.651001
1742349947.675189
1742349947.720667
1742349947.741118
1742349947.783406
1742349947.809780
1742349947.849250
1742349947.882478
1742349947.918982
1742349947.942834
1742349947.984801
1742349948.011301
1742349948.052935
1742349948.075107
1742349948.120490
1742349948.143842
1742349948.186369
1742349948.208768
1742349948.254590
1742349948.277300
1742349948.319103
1742349948.343555
1742349948.388202
1742349948.410778
1742349948.451479
1742349948.477545
1742349948.519774
1742349948.544157
1742349948.580520
1742349948.616020
1742349948.648082
1742349948.685942
1742349948.711333
1742349948.751169
1742349948.777619
1742349948.820199
1742349948.844182
1742349948.882480
1742349948.912895
1742349948.954561
1742349948.977526
1742349949.019896
1742349949.043984
1742349949.080210
1742349949.115485
1742349949.150737
1742349949.177996
1742349949.213260
1742349949.251595
1742349949.278386
1742349949.319956
1742349949.342199
1742349949.389450
1742349949.410541
1742349949.454766
1742349949.475594
1742349949.522787
1742349949.543836
1742349949.588360
1742349949.609397
1742349949.656536
1742349949.677062
1742349949.724016
1742349949.742495
1742349949.788987
1742349949.810648
1742349949.857040
1742349949.875755
1742349949.922913
1742349949.943846
1742349949.988701
1742349950.009309
1742349950.056643
1742349950.077147
1742349950.122959
1742349950.142656
1742349950.189796
1742349950.210894
1742349950.253147
1742349950.276900
1742349950.319033
1742349950.344911
1742349950.390306
1742349950.409904
1742349950.456763
1742349950.477623
1742349950.523825
1742349950.543739
1742349950.588877
1742349950.610954
1742349950.657032
1742349950.677031
1742349950.721556
1742349950.744667
1742349950.790030
1742349950.810083
1742349950.857190
1742349950.877616
1742349950.921746
1742349950.943249
1742349950.990732
1742349951.010608
1742349951.055633
1742349951.076778
1742349951.123658
1742349951.144319
1742349951.188608
1742349951.210014
1742349951.256619
1742349951.277654
1742349951.324145
1742349951.344947
1742349951.383836
1742349951.417602
1742349951.443294
1742349951.490969
1742349951.511046
1742349951.554491
1742349951.578195
1742349951.618617
1742349951.644815
1742349951.690899
1742349951.710777
1742349951.753061
1742349951.777985
1742349951.823246
1742349951.844926
1742349951.886246
1742349951.911198
1742349951.955814
1742349951.978341
1742349952.017634
1742349952.044865
1742349952.090990
1742349952.111197
1742349952.154860
1742349952.177196
1742349952.220423
1742349952.245370
1742349952.285406
1742349952.311063
1742349952.356532
1742349952.377170
1742349952.420639
1742349952.443831
1742349952.477998
1742349952.516922
1742349952.552506
1742349952.577027
1742349952.623621
1742349952.643909
1742349952.678819
1742349952.710388
1742349952.750631
1742349952.781595
1742349952.822004
1742349952.843811
1742349952.888787
1742349952.910564
1742349952.953847
1742349952.977209
1742349953.024425
1742349953.044132
1742349953.088066
1742349953.110554
1742349953.156448
1742349953.177476
1742349953.222970
1742349953.243990
1742349953.287616
1742349953.311561
1742349953.356920
1742349953.377527
1742349953.423663
1742349953.444218
1742349953.490753
1742349953.510896
1742349953.551864
1742349953.578582
1742349953.622561
1742349953.644050
1742349953.685670
1742349953.711762
1742349953.758272
1742349953.777743
1742349953.815215
1742349953.853710
1742349953.878372
1742349953.910863
1742349953.950548
1742349953.983300
1742349954.018294
1742349954.044224
1742349954.082490
1742349954.115936
1742349954.151524
1742349954.177723
1742349954.218598
1742349954.245220
1742349954.291742
1742349954.311329
1742349954.353179
1742349954.378736
1742349954.422120
1742349954.444532
1742349954.490697
1742349954.511494
1742349954.554887
1742349954.577990
1742349954.620861
1742349954.645278
1742349954.688231
1742349954.711372
1742349954.758632
1742349954.778492
1742349954.823737
1742349954.844907
1742349954.890200
1742349954.911695
1742349954.958745
1742349954.978325
1742349955.024608
1742349955.045196
1742349955.091421
1742349955.111663
1742349955.157978
1742349955.178560
1742349955.222120
1742349955.244971
1742349955.291255
1742349955.311988
1742349955.357885
1742349955.378642
1742349955.418377
1742349955.451057
1742349955.484840
1742349955.511663
1742349955.554487
1742349955.579160
1742349955.624838
1742349955.645237
1742349955.686953
1742349955.712772
1742349955.758765
1742349955.778733
1742349955.821948
1742349955.845502
1742349955.888680
1742349955.912028
1742349955.957084
1742349955.979174
1742349956.025609
1742349956.045526
1742349956.090151
1742349956.112717
1742349956.158160
1742349956.179039
1742349956.224983
1742349956.246033
1742349956.292676
1742349956.312669
1742349956.357926
1742349956.379405
1742349956.426952
1742349956.445889
1742349956.490551
1742349956.513428
1742349956.558843
1742349956.579173
1742349956.622513
1742349956.647768
1742349956.690104
1742349956.712459
1742349956.758968
1742349956.779850
1742349956.824781
1742349956.845879
1742349956.891494
1742349956.913510
1742349956.958129
1742349956.979501
1742349957.023158
1742349957.047009
1742349957.090273
1742349957.112707
1742349957.155898
1742349957.179942
1742349957.226287
1742349957.246107
1742349957.292672
1742349957.314051
1742349957.359745
1742349957.379705
1742349957.423383
1742349957.448010
1742349957.494466
1742349957.512933
1742349957.556275
1742349957.582237
1742349957.627324
1742349957.646553
1742349957.689668
1742349957.715205
1742349957.759730
1742349957.779811
1742349957.822019
1742349957.848891
1742349957.891632
1742349957.913106
1742349957.959616
1742349957.980751
1742349958.027188
1742349958.046608
1742349958.090313
1742349958.116807
1742349958.155992
1742349958.180186
1742349958.227593
1742349958.248374
1742349958.291348
1742349958.313655
1742349958.357157
1742349958.383747
1742349958.426916
1742349958.446897
1742349958.494026
1742349958.515289
1742349958.559204
1742349958.580299
1742349958.627898
1742349958.648390
1742349958.694636
1742349958.713532
1742349958.759795
1742349958.782503
1742349958.827885
1742349958.847261
1742349958.892760
1742349958.915574
1742349958.960403
1742349958.980443
1742349959.023378
1742349959.049536
1742349959.088980
1742349959.113720
1742349959.159363
1742349959.182129
1742349959.226928
1742349959.246933
1742349959.294638
1742349959.315555
1742349959.358891
1742349959.380509
1742349959.425048
1742349959.449735
1742349959.491000
1742349959.514033
1742349959.557157
1742349959.583774
1742349959.623188
1742349959.647391
1742349959.693371
1742349959.715840
1742349959.759925
1742349959.780702
1742349959.827640
1742349959.847839
1742349959.894894
1742349959.916817
1742349959.952869
1742349959.986824
1742349960.022128
1742349960.056090
1742349960.081904
1742349960.127988
1742349960.148978
1742349960.193561
1742349960.214312
1742349960.260443
1742349960.283222
1742349960.321905
1742349960.347958
1742349960.392650
1742349960.417060
1742349960.461436
1742349960.481252
1742349960.522233
1742349960.553737
1742349960.588834
1742349960.614509
