1742260986.341987
1742260986.408159
1742260986.441655
1742260986.476698
1742260986.508547
1742260986.542423
1742260986.575052
1742260986.608216
1742260986.641588
1742260986.674770
1742260986.708314
1742260986.742286
1742260986.775875
1742260986.808285
1742260986.853091
1742260986.888281
1742260986.915798
1742260986.956474
1742260986.980035
1742260987.021701
1742260987.054250
1742260987.084091
1742260987.119203
1742260987.149719
1742260987.190678
1742260987.221120
1742260987.257189
1742260987.290922
1742260987.323199
1742260987.355508
1742260987.390067
1742260987.423254
1742260987.455784
1742260987.489780
1742260987.522217
1742260987.558151
1742260987.589676
1742260987.622162
1742260987.657496
1742260987.690524
1742260987.723614
1742260987.757577
1742260987.780804
1742260987.809768
1742260987.853394
1742260987.889624
1742260987.910426
1742260987.942701
1742260987.990049
1742260988.009814
1742260988.056841
1742260988.076300
1742260988.119926
1742260988.144053
1742260988.187279
1742260988.209835
1742260988.244843
1742260988.286754
1742260988.311701
1742260988.342934
1742260988.389747
1742260988.410257
1742260988.455095
1742260988.476362
1742260988.515674
1742260988.549660
1742260988.581310
1742260988.609611
1742260988.654403
1742260988.677418
1742260988.723177
1742260988.743091
1742260988.785852
1742260988.811003
1742260988.856731
1742260988.876623
1742260988.915558
1742260988.949172
1742260988.985360
1742260989.009831
1742260989.052748
1742260989.077675
1742260989.123268
1742260989.143281
1742260989.189745
1742260989.210147
1742260989.257964
1742260989.276838
1742260989.322578
1742260989.344165
1742260989.390626
1742260989.410338
1742260989.456999
1742260989.477398
1742260989.523523
1742260989.543823
1742260989.585634
1742260989.611233
1742260989.656072
1742260989.676998
1742260989.718334
1742260989.744944
1742260989.791096
1742260989.810520
1742260989.851121
1742260989.878078
1742260989.921734
1742260989.943795
1742260989.986847
1742260990.011221
1742260990.056822
1742260990.077101
1742260990.117784
1742260990.144732
1742260990.191214
1742260990.210659
1742260990.249150
1742260990.287687
1742260990.311347
1742260990.343659
1742260990.387614
1742260990.410825
1742260990.457378
1742260990.477265
1742260990.518572
1742260990.544844
1742260990.588694
1742260990.610630
1742260990.654040
1742260990.677902
1742260990.722138
1742260990.744002
1742260990.785770
1742260990.811481
1742260990.858058
1742260990.877455
1742260990.914792
1742260990.955509
1742260990.977937
1742260991.010662
1742260991.055727
1742260991.077684
1742260991.122594
1742260991.144269
1742260991.187846
1742260991.211203
1742260991.254235
1742260991.277618
1742260991.319375
1742260991.345139
1742260991.386260
1742260991.411067
1742260991.457235
1742260991.478217
1742260991.525104
1742260991.544385
1742260991.589959
1742260991.611508
1742260991.655520
1742260991.677859
1742260991.723730
1742260991.744773
1742260991.789796
1742260991.811355
1742260991.855528
1742260991.878464
1742260991.916721
1742260991.944850
1742260991.981682
1742260992.017720
1742260992.049321
1742260992.078048
1742260992.115090
1742260992.150854
1742260992.181327
1742260992.211328
1742260992.248674
1742260992.284796
1742260992.318961
1742260992.344785
1742260992.390986
1742260992.411894
1742260992.457746
1742260992.478294
1742260992.521293
1742260992.545433
1742260992.589285
1742260992.611701
1742260992.654756
1742260992.679061
1742260992.725626
1742260992.745205
1742260992.787523
1742260992.812641
1742260992.859187
1742260992.878736
1742260992.920746
1742260992.945723
1742260992.992338
1742260993.011961
1742260993.055436
1742260993.079237
1742260993.122545
1742260993.145307
1742260993.191244
1742260993.212841
1742260993.258597
1742260993.278762
1742260993.325761
1742260993.346464
1742260993.392465
1742260993.412172
1742260993.457718
1742260993.480222
1742260993.525924
1742260993.545752
1742260993.588791
1742260993.613583
1742260993.653204
1742260993.678957
1742260993.725303
1742260993.746443
1742260993.792220
1742260993.812625
1742260993.858467
1742260993.880633
1742260993.923293
1742260993.945904
1742260993.991625
1742260994.013618
1742260994.056188
1742260994.079490
1742260994.116784
1742260994.158434
1742260994.180872
1742260994.216612
1742260994.253063
1742260994.288177
1742260994.316087
1742260994.347351
1742260994.389799
1742260994.414847
1742260994.457736
1742260994.479380
1742260994.525761
1742260994.547963
1742260994.591084
1742260994.612842
1742260994.659975
1742260994.681536
1742260994.724120
1742260994.746249
1742260994.789970
1742260994.816303
1742260994.854098
1742260994.879782
1742260994.927478
1742260994.947816
1742260994.991210
1742260995.013206
1742260995.056786
1742260995.082146
1742260995.121872
1742260995.146444
1742260995.190414
1742260995.216747
1742260995.258844
1742260995.279904
1742260995.323728
1742260995.349855
1742260995.388930
1742260995.413124
1742260995.456833
1742260995.483730
1742260995.525501
1742260995.546733
1742260995.589380
1742260995.616363
1742260995.659155
1742260995.680238
1742260995.726932
1742260995.749299
1742260995.791236
1742260995.813481
1742260995.856831
1742260995.885452
1742260995.925097
1742260995.946853
1742260995.990235
1742260996.017861
1742260996.060027
1742260996.080271
1742260996.124008
1742260996.150906
1742260996.193874
1742260996.220091
1742260996.247030
1742260996.291726
1742260996.316836
1742260996.361073
1742260996.383551
1742260996.416712
1742260996.458175
1742260996.484097
1742260996.524474
1742260996.547165
1742260996.591014
1742260996.620039
1742260996.657301
1742260996.680497
1742260996.724299
1742260996.752393
1742260996.793054
1742260996.813898
1742260996.857467
1742260996.884338
1742260996.926536
1742260996.947389
1742260996.990184
1742260997.019309
1742260997.060041
1742260997.080719
1742260997.123893
1742260997.150547
1742260997.192552
1742260997.216729
1742260997.251641
1742260997.292982
1742260997.317307
1742260997.351549
1742260997.391842
1742260997.419454
1742260997.459571
1742260997.480952
1742260997.527150
1742260997.550965
1742260997.593623
1742260997.614359
1742260997.657616
1742260997.687104
1742260997.724604
1742260997.747735
1742260997.795005
1742260997.818186
1742260997.860008
1742260997.881199
1742260997.923903
1742260997.957652
1742260997.984981
1742260998.021801
1742260998.054005
1742260998.094069
1742260998.118701
1742260998.153945
1742260998.189138
1742260998.223924
1742260998.256993
1742260998.282406
1742260998.325261
1742260998.353906
1742260998.391385
1742260998.415976
1742260998.459426
1742260998.485631
1742260998.527282
1742260998.548430
1742260998.591719
1742260998.622531
1742260998.657343
1742260998.681740
1742260998.724029
1742260998.755935
1742260998.790544
1742260998.815016
1742260998.858492
1742260998.887286
1742260998.924144
1742260998.948207
1742260998.991126
1742260999.020336
1742260999.057650
1742260999.081795
1742260999.124847
1742260999.156332
1742260999.191712
1742260999.215337
1742260999.259437
1742260999.287295
1742260999.326919
1742260999.348593
1742260999.392092
1742260999.421390
1742260999.458871
1742260999.482503
1742260999.528286
1742260999.553024
1742260999.591024
1742260999.615715
1742260999.662675
1742260999.686370
1742260999.726726
1742260999.748793
1742260999.794092
1742260999.819757
1742260999.857782
1742260999.883274
1742260999.926065
1742260999.955379
1742260999.992641
1742261000.017227
1742261000.062135
1742261000.086260
1742261000.124695
1742261000.152508
1742261000.194263
1742261000.221661
1742261000.262246
1742261000.282685
1742261000.327423
1742261000.353960
1742261000.393652
1742261000.418992
1742261000.460777
1742261000.488453
1742261000.526644
1742261000.551192
1742261000.593489
1742261000.622576
1742261000.659526
1742261000.683229
1742261000.727334
1742261000.755476
1742261000.794165
1742261000.816119
1742261000.859045
1742261000.888643
1742261000.925890
1742261000.949788
1742261000.995563
1742261001.020837
1742261001.058116
1742261001.083999
1742261001.127968
1742261001.153948
1742261001.192142
1742261001.216337
1742261001.262609
1742261001.286862
1742261001.325091
1742261001.350102
1742261001.393936
1742261001.422941
1742261001.459506
1742261001.482986
1742261001.527830
1742261001.554163
1742261001.591754
1742261001.616399
1742261001.660624
1742261001.690006
1742261001.727360
1742261001.749735
1742261001.794720
1742261001.821181
1742261001.859589
1742261001.883522
1742261001.928995
1742261001.954792
1742261001.993618
1742261002.017551
1742261002.062952
1742261002.087615
1742261002.128071
1742261002.151908
1742261002.194251
1742261002.224083
1742261002.259811
1742261002.287635
1742261002.325685
1742261002.356967
1742261002.394839
1742261002.417767
1742261002.460190
1742261002.492542
1742261002.523231
1742261002.553565
1742261002.591344
1742261002.626758
1742261002.656857
1742261002.686417
1742261002.723772
1742261002.761630
1742261002.788713
1742261002.820679
1742261002.857567
1742261002.894074
1742261002.923751
1742261002.951434
1742261002.993498
1742261003.023453
1742261003.060665
1742261003.083856
1742261003.129743
1742261003.155363
1742261003.194689
1742261003.217261
1742261003.262866
1742261003.287729
1742261003.327049
1742261003.350544
1742261003.396928
1742261003.421506
1742261003.460431
1742261003.483983
1742261003.529886
1742261003.555136
1742261003.594583
1742261003.617456
1742261003.662953
1742261003.687060
1742261003.726923
1742261003.751057
1742261003.797514
1742261003.822301
1742261003.862976
1742261003.884259
1742261003.930572
1742261003.954182
1742261003.994828
1742261004.017838
1742261004.061245
1742261004.091861
1742261004.124365
1742261004.156354
1742261004.190508
1742261004.222561
1742261004.263097
1742261004.284883
1742261004.327332
1742261004.354311
1742261004.394092
1742261004.420484
1742261004.458586
1742261004.494905
1742261004.524322
1742261004.560714
1742261004.584737
1742261004.629250
1742261004.656331
1742261004.693702
1742261004.725376
1742261004.753461
1742261004.795150
1742261004.823049
1742261004.862753
1742261004.884489
1742261004.919832
1742261004.951630
1742261004.984766
1742261005.027343
1742261005.056204
1742261005.095914
1742261005.122344
1742261005.156266
1742261005.189575
1742261005.229554
1742261005.256831
1742261005.288677
1742261005.326495
1742261005.358995
1742261005.391543
1742261005.422205
1742261005.462250
1742261005.491080
1742261005.526223
1742261005.554171
1742261005.594724
1742261005.626410
1742261005.661596
1742261005.686720
1742261005.728061
1742261005.759274
1742261005.791451
1742261005.824030
1742261005.860634
1742261005.894160
1742261005.929098
1742261005.955499
1742261005.994823
1742261006.026056
1742261006.058848
1742261006.092294
1742261006.125793
1742261006.159294
1742261006.193861
1742261006.222408
1742261006.262647
1742261006.292313
1742261006.326996
1742261006.356351
1742261006.396659
1742261006.425908
1742261006.460138
1742261006.488881
1742261006.528113
1742261006.557989
1742261006.592352
1742261006.622016
1742261006.662021
1742261006.691348
1742261006.726044
1742261006.755105
1742261006.796384
1742261006.825522
1742261006.861522
1742261006.888244
1742261006.924232
1742261006.962424
1742261006.994730
1742261007.020435
1742261007.058693
1742261007.091532
1742261007.124915
1742261007.154013
1742261007.193066
1742261007.229668
1742261007.257249
1742261007.290525
1742261007.329338
1742261007.357836
1742261007.395004
1742261007.421084
1742261007.459892
1742261007.493012
1742261007.527878
1742261007.557350
1742261007.597356
1742261007.624229
1742261007.661778
1742261007.687431
1742261007.728079
1742261007.760652
1742261007.795598
1742261007.821374
1742261007.861433
1742261007.892414
1742261007.927961
1742261007.956975
1742261007.997031
1742261008.024125
1742261008.063447
1742261008.087318
1742261008.127801
1742261008.162425
1742261008.191370
1742261008.224381
1742261008.260377
1742261008.294925
1742261008.330093
1742261008.353809
1742261008.394155
1742261008.429199
1742261008.459569
1742261008.491702
1742261008.527094
1742261008.561274
1742261008.595874
1742261008.621003
1742261008.661793
1742261008.694510
1742261008.728579
1742261008.755376
1742261008.795971
1742261008.825365
1742261008.858091
1742261008.895723
1742261008.924692
1742261008.964300
1742261008.992154
1742261009.023923
1742261009.063290
1742261009.092707
1742261009.126411
1742261009.155815
1742261009.196996
1742261009.225444
1742261009.262023
1742261009.286851
1742261009.326551
1742261009.360004
1742261009.395444
1742261009.420185
1742261009.459407
1742261009.494596
1742261009.529010
1742261009.553762
1742261009.593365
1742261009.627136
1742261009.661971
1742261009.687188
1742261009.726196
1742261009.761171
1742261009.795507
1742261009.820587
1742261009.860914
1742261009.895463
1742261009.929060
1742261009.953861
1742261009.994718
1742261010.029072
1742261010.061371
1742261010.087597
1742261010.129753
1742261010.158910
1742261010.199217
1742261010.220785
1742261010.263017
1742261010.294651
1742261010.329987
1742261010.357258
1742261010.394979
1742261010.430243
1742261010.460845
1742261010.493382
1742261010.527752
1742261010.561882
1742261010.597533
1742261010.621101
1742261010.662447
1742261010.693615
1742261010.729115
1742261010.754818
1742261010.796038
1742261010.829084
1742261010.863932
1742261010.887914
1742261010.929078
1742261010.965298
1742261010.994023
1742261011.024090
1742261011.062524
1742261011.097236
1742261011.127551
1742261011.156708
1742261011.195650
1742261011.230754
1742261011.261892
1742261011.288107
1742261011.324503
1742261011.360740
1742261011.396490
1742261011.421227
1742261011.463083
1742261011.494962
1742261011.531245
1742261011.554844
1742261011.596051
1742261011.631119
1742261011.659155
1742261011.692973
1742261011.732817
1742261011.760012
1742261011.797054
1742261011.823462
1742261011.865967
1742261011.891881
1742261011.932896
1742261011.956147
1742261011.997984
1742261012.026188
1742261012.064050
1742261012.091718
1742261012.132656
1742261012.160074
1742261012.199808
1742261012.221891
1742261012.267645
1742261012.291769
1742261012.332102
1742261012.355812
1742261012.398149
1742261012.428110
1742261012.462605
1742261012.489827
1742261012.530804
1742261012.561699
1742261012.600685
1742261012.621869
1742261012.664597
1742261012.694896
1742261012.730299
1742261012.757344
1742261012.798073
1742261012.828983
1742261012.864983
1742261012.896124
1742261012.922206
1742261012.964562
1742261012.993939
1742261013.034775
1742261013.059608
1742261013.095241
1742261013.129979
1742261013.166066
1742261013.193577
1742261013.227831
1742261013.263908
1742261013.297789
1742261013.327706
1742261013.361374
1742261013.397215
1742261013.432671
1742261013.460261
1742261013.496214
1742261013.529829
1742261013.563725
1742261013.596796
1742261013.627376
1742261013.665488
1742261013.695846
1742261013.734588
1742261013.755974
1742261013.799314
1742261013.827122
1742261013.868740
1742261013.889300
1742261013.933845
1742261013.959246
1742261013.997686
1742261014.023709
1742261014.065074
1742261014.098347
1742261014.131436
1742261014.159252
1742261014.201311
1742261014.226413
1742261014.262036
1742261014.293871
1742261014.331127
1742261014.363872
1742261014.400455
1742261014.425395
1742261014.467463
1742261014.493256
1742261014.531929
1742261014.558075
1742261014.596720
1742261014.633064
1742261014.659985
1742261014.694349
1742261014.732126
1742261014.760984
1742261014.798885
1742261014.824261
1742261014.867043
1742261014.894011
1742261014.936065
1742261014.956451
1742261014.999379
1742261015.027672
1742261015.067850
1742261015.090413
1742261015.135027
1742261015.160047
1742261015.198558
1742261015.224543
1742261015.268218
1742261015.293096
1742261015.331835
1742261015.357379
1742261015.403842
1742261015.426342
1742261015.465299
1742261015.490758
1742261015.536609
1742261015.559488
1742261015.600702
1742261015.623528
1742261015.668276
1742261015.693522
1742261015.735778
1742261015.756865
1742261015.801684
1742261015.826706
1742261015.869837
1742261015.890304
1742261015.936386
1742261015.959789
1742261015.998633
1742261016.025681
1742261016.067853
1742261016.094222
1742261016.134000
1742261016.157747
1742261016.205006
1742261016.226060
1742261016.271697
1742261016.290696
1742261016.337549
1742261016.359821
1742261016.402507
1742261016.423787
1742261016.470408
1742261016.493311
1742261016.538068
1742261016.557582
1742261016.604570
1742261016.626712
1742261016.666118
1742261016.690745
1742261016.737559
1742261016.760040
1742261016.798929
1742261016.824203
1742261016.870857
1742261016.893285
1742261016.934931
1742261016.957301
1742261017.001480
1742261017.027574
1742261017.065558
1742261017.092385
1742261017.137464
1742261017.160123
1742261017.199017
1742261017.225472
1742261017.271419
1742261017.293186
1742261017.338526
1742261017.357823
1742261017.404722
1742261017.426417
1742261017.471932
1742261017.491160
1742261017.537914
1742261017.560078
1742261017.602967
1742261017.624560
1742261017.671629
1742261017.693319
1742261017.739212
1742261017.758087
1742261017.805252
1742261017.826413
1742261017.870143
1742261017.891558
1742261017.937149
1742261017.960167
1742261018.000109
1742261018.026416
1742261018.070471
1742261018.093441
1742261018.137060
1742261018.158445
1742261018.204223
1742261018.226691
1742261018.272291
1742261018.291991
1742261018.338677
1742261018.360265
1742261018.405541
1742261018.425456
1742261018.464296
1742261018.504905
1742261018.527054
1742261018.567652
1742261018.593760
1742261018.640056
1742261018.659626
1742261018.698093
1742261018.733184
1742261018.761412
1742261018.800881
1742261018.825474
1742261018.872463
1742261018.893658
1742261018.939831
1742261018.958836
1742261019.005852
1742261019.027064
1742261019.065705
1742261019.094166
1742261019.134181
1742261019.161684
1742261019.201710
1742261019.225565
1742261019.272277
1742261019.293650
1742261019.338030
1742261019.359011
1742261019.398902
1742261019.435562
1742261019.460801
1742261019.502072
1742261019.527122
1742261019.566636
1742261019.595115
1742261019.636641
1742261019.660262
1742261019.704991
1742261019.727514
1742261019.765711
1742261019.795814
1742261019.837372
1742261019.861610
1742261019.901099
1742261019.927490
1742261019.972366
1742261019.993835
1742261020.035860
1742261020.060809
1742261020.103501
1742261020.129342
1742261020.165481
1742261020.197585
1742261020.238520
1742261020.261039
1742261020.303559
1742261020.327096
1742261020.372714
1742261020.394174
1742261020.435499
1742261020.461009
1742261020.504527
1742261020.528337
1742261020.564205
1742261020.601631
1742261020.631962
1742261020.672153
1742261020.692984
1742261020.740144
1742261020.760477
1742261020.806020
1742261020.826573
1742261020.873429
1742261020.893458
1742261020.937287
1742261020.959553
1742261021.006007
1742261021.027472
1742261021.073368
1742261021.093068
1742261021.139860
1742261021.160837
1742261021.205958
1742261021.233660
1742261021.259796
1742261021.306221
1742261021.327655
1742261021.372826
1742261021.394530
1742261021.436162
1742261021.460691
1742261021.503615
1742261021.527861
1742261021.566609
1742261021.594986
1742261021.640844
1742261021.661016
1742261021.702157
1742261021.727524
1742261021.774316
1742261021.794274
1742261021.836792
1742261021.860908
1742261021.904354
1742261021.927830
1742261021.969708
1742261021.994559
1742261022.037535
1742261022.061229
1742261022.098597
1742261022.133896
1742261022.168434
1742261022.198026
1742261022.228467
1742261022.270397
1742261022.294264
1742261022.341553
1742261022.360398
1742261022.407568
1742261022.427109
1742261022.470280
1742261022.493699
1742261022.537177
1742261022.563396
1742261022.604758
1742261022.627282
1742261022.674111
1742261022.694548
1742261022.741305
1742261022.760732
1742261022.807175
1742261022.827712
1742261022.874876
1742261022.894307
1742261022.935800
1742261022.964606
1742261023.005667
1742261023.027485
1742261023.070340
1742261023.095009
1742261023.141141
1742261023.160831
1742261023.208136
1742261023.227764
1742261023.274374
1742261023.294443
1742261023.340841
1742261023.361529
1742261023.408153
1742261023.427796
1742261023.474278
1742261023.494659
1742261023.538090
1742261023.561152
1742261023.604136
1742261023.631237
1742261023.673352
1742261023.694452
1742261023.740319
1742261023.761386
1742261023.807527
1742261023.828016
1742261023.871859
1742261023.894938
1742261023.942020
1742261023.961247
1742261024.004662
1742261024.030271
1742261024.071398
1742261024.094800
1742261024.138160
1742261024.165740
1742261024.208932
1742261024.228053
1742261024.271695
1742261024.295640
1742261024.340050
1742261024.361679
1742261024.407403
1742261024.428701
1742261024.475597
1742261024.495047
1742261024.538119
1742261024.561935
1742261024.608750
1742261024.628390
1742261024.674810
1742261024.695485
1742261024.742551
1742261024.761747
1742261024.807593
1742261024.828909
1742261024.875284
1742261024.895198
1742261024.942070
1742261024.962415
1742261025.005197
1742261025.028649
1742261025.075043
1742261025.095780
1742261025.142261
1742261025.161895
1742261025.208924
1742261025.229548
1742261025.272650
1742261025.295537
1742261025.336039
1742261025.370887
1742261025.404932
1742261025.428830
1742261025.475731
1742261025.496046
1742261025.539505
1742261025.562123
1742261025.607681
1742261025.629527
1742261025.674175
1742261025.695593
1742261025.741808
1742261025.763120
1742261025.810469
1742261025.829128
1742261025.876461
1742261025.896529
1742261025.938530
1742261025.963685
1742261026.007364
1742261026.030777
1742261026.076375
1742261026.095932
1742261026.143133
1742261026.163589
1742261026.208489
1742261026.229268
1742261026.274208
1742261026.297854
1742261026.340494
1742261026.363248
1742261026.406866
1742261026.431910
1742261026.476199
1742261026.496198
1742261026.538254
1742261026.567340
1742261026.608811
1742261026.629443
1742261026.674078
1742261026.699302
1742261026.742229
1742261026.762830
1742261026.806074
1742261026.834999
1742261026.875558
1742261026.896287
1742261026.941962
1742261026.964769
1742261027.007543
1742261027.029484
1742261027.077012
1742261027.098302
1742261027.141463
1742261027.162969
1742261027.206407
1742261027.235215
1742261027.276645
1742261027.296279
1742261027.339981
1742261027.367951
1742261027.410015
1742261027.429746
1742261027.473748
1742261027.501901
1742261027.542860
1742261027.563107
1742261027.605914
1742261027.635987
1742261027.673467
1742261027.696576
1742261027.741731
1742261027.764907
1742261027.809085
1742261027.829882
1742261027.876869
1742261027.899045
1742261027.941821
1742261027.963491
1742261028.006918
1742261028.035737
1742261028.074431
1742261028.096667
1742261028.143356
1742261028.165867
1742261028.208648
1742261028.229963
1742261028.277240
1742261028.298466
1742261028.341587
1742261028.363393
1742261028.407484
1742261028.435956
1742261028.473715
1742261028.497467
1742261028.544429
1742261028.565044
1742261028.611233
1742261028.630363
1742261028.677570
1742261028.700092
1742261028.741862
1742261028.763775
1742261028.809863
1742261028.830520
1742261028.876472
1742261028.897180
1742261028.940754
1742261028.968512
1742261029.009912
1742261029.030416
1742261029.077927
1742261029.099782
1742261029.144247
1742261029.163902
1742261029.207209
1742261029.236420
1742261029.277979
1742261029.297237
1742261029.341927
1742261029.369902
1742261029.411294
1742261029.430694
1742261029.478379
1742261029.500185
1742261029.543503
1742261029.574548
1742261029.597651
1742261029.641858
1742261029.669494
1742261029.709999
1742261029.734485
1742261029.767201
1742261029.808247
1742261029.836696
1742261029.876768
1742261029.897504
1742261029.943124
1742261029.967609
1742261030.008731
1742261030.030919
1742261030.076184
1742261030.098441
1742261030.141286
1742261030.164841
1742261030.209044
1742261030.234679
1742261030.276151
1742261030.297787
1742261030.340957
1742261030.371510
1742261030.407678
1742261030.433967
1742261030.475613
1742261030.501823
1742261030.543140
1742261030.565606
1742261030.609184
1742261030.635458
1742261030.677265
1742261030.698027
1742261030.744292
1742261030.768469
1742261030.810389
1742261030.831402
1742261030.875220
1742261030.901380
1742261030.943589
1742261030.964777
1742261031.006977
1742261031.034568
1742261031.076798
1742261031.098438
1742261031.144653
1742261031.169047
1742261031.209356
1742261031.233378
1742261031.275479
1742261031.303969
1742261031.341964
1742261031.365429
1742261031.412485
1742261031.435451
1742261031.477582
1742261031.498540
1742261031.542422
1742261031.569053
1742261031.610570
1742261031.631829
1742261031.674965
1742261031.704193
1742261031.743578
1742261031.765251
1742261031.811649
1742261031.836080
1742261031.871497
1742261031.898528
1742261031.945652
1742261031.969074
1742261032.008199
1742261032.031853
1742261032.075842
1742261032.105017
1742261032.143428
1742261032.165406
1742261032.208432
1742261032.239007
1742261032.275372
1742261032.300537
1742261032.344635
1742261032.369511
1742261032.407519
1742261032.436249
1742261032.473936
1742261032.509359
1742261032.538463
1742261032.569878
1742261032.610129
1742261032.638756
1742261032.675089
1742261032.699176
1742261032.741977
1742261032.772956
1742261032.810946
1742261032.832373
1742261032.877495
1742261032.903127
1742261032.943193
1742261032.965916
1742261033.010678
1742261033.037258
1742261033.078107
1742261033.099408
1742261033.145309
1742261033.170461
1742261033.208715
1742261033.233245
1742261033.277215
1742261033.304438
1742261033.344010
1742261033.365949
1742261033.413576
1742261033.435041
1742261033.477118
1742261033.499324
1742261033.546161
1742261033.570320
1742261033.608088
1742261033.633000
1742261033.677667
1742261033.705207
1742261033.744252
1742261033.766221
1742261033.811188
1742261033.836983
1742261033.877872
1742261033.899676
1742261033.942462
1742261033.971966
1742261034.008239
1742261034.037912
1742261034.077669
1742261034.104569
1742261034.143493
1742261034.169160
1742261034.207156
1742261034.242505
1742261034.273978
1742261034.305367
1742261034.341484
1742261034.376871
1742261034.406680
1742261034.440414
1742261034.473179
1742261034.510882
1742261034.540339
1742261034.574046
1742261034.606680
1742261034.644679
1742261034.673529
1742261034.703031
1742261034.743763
1742261034.773551
1742261034.809700
1742261034.833439
1742261034.877698
1742261034.906560
1742261034.943288
1742261034.966712
1742261035.011770
1742261035.038640
1742261035.077739
1742261035.100176
1742261035.145325
1742261035.171619
1742261035.209859
1742261035.234291
1742261035.276916
1742261035.307275
1742261035.344860
1742261035.367057
1742261035.411922
1742261035.438495
1742261035.478583
1742261035.500340
1742261035.545882
1742261035.571834
1742261035.610527
1742261035.633876
1742261035.678521
1742261035.705153
1742261035.744405
1742261035.767466
1742261035.811308
1742261035.840515
1742261035.877960
1742261035.900641
1742261035.946971
1742261035.971467
1742261036.011664
1742261036.035365
1742261036.079820
1742261036.105206
1742261036.145352
1742261036.168975
1742261036.210595
1742261036.241236
1742261036.275976
1742261036.305357
1742261036.344341
1742261036.374688
1742261036.410859
1742261036.438158
1742261036.476805
1742261036.508694
1742261036.541376
1742261036.572505
1742261036.610109
1742261036.643530
1742261036.674161
1742261036.705341
1742261036.744987
1742261036.772374
1742261036.812830
1742261036.834400
1742261036.877251
1742261036.907818
1742261036.944906
1742261036.967754
1742261037.011760
1742261037.038341
1742261037.078027
1742261037.101661
1742261037.144179
1742261037.176259
1742261037.209987
1742261037.236723
1742261037.275205
1742261037.310758
1742261037.342407
1742261037.370425
1742261037.408156
1742261037.443267
1742261037.474730
1742261037.505101
1742261037.544126
1742261037.575869
1742261037.609996
1742261037.635583
1742261037.671547
1742261037.712136
1742261037.739037
1742261037.773298
1742261037.810519
1742261037.844632
1742261037.877157
1742261037.913108
1742261037.935309
1742261037.977463
1742261038.010633
1742261038.040269
1742261038.077194
1742261038.106201
1742261038.145729
1742261038.173737
1742261038.210554
1742261038.240057
1742261038.278830
1742261038.307975
1742261038.343548
1742261038.373670
1742261038.411164
1742261038.442401
1742261038.478557
1742261038.503776
1742261038.542087
1742261038.576250
1742261038.611011
1742261038.639545
1742261038.679883
1742261038.707006
1742261038.747183
1742261038.769445
1742261038.810093
1742261038.843845
1742261038.877484
1742261038.907123
1742261038.943801
1742261038.977192
1742261039.011930
1742261039.040538
1742261039.076795
1742261039.111871
1742261039.140773
1742261039.175665
1742261039.209816
1742261039.243562
1742261039.278140
1742261039.307474
1742261039.343831
1742261039.377494
1742261039.407674
1742261039.441192
1742261039.475998
1742261039.510965
1742261039.540494
1742261039.573699
1742261039.609280
1742261039.644875
1742261039.674599
1742261039.702773
1742261039.740429
1742261039.778646
1742261039.808279
1742261039.835773
1742261039.874308
1742261039.912848
1742261039.939803
1742261039.969057
1742261040.007547
1742261040.043679
1742261040.074508
1742261040.102457
1742261040.142058
1742261040.176372
1742261040.207959
1742261040.235929
1742261040.278819
1742261040.307725
1742261040.344166
1742261040.374657
1742261040.402811
1742261040.443619
1742261040.479259
1742261040.506906
1742261040.536147
1742261040.574764
1742261040.606833
1742261040.646717
1742261040.669633
1742261040.707306
1742261040.744846
1742261040.775059
1742261040.803925
1742261040.843108
1742261040.876733
1742261040.909108
1742261040.936587
1742261040.975346
1742261041.010487
1742261041.045738
1742261041.069864
1742261041.108618
1742261041.140784
1742261041.179347
1742261041.203191
1742261041.244483
1742261041.277537
1742261041.306688
1742261041.336945
1742261041.371685
1742261041.412739
1742261041.442490
1742261041.470498
1742261041.511533
1742261041.543150
1742261041.578898
1742261041.603358
1742261041.645080
1742261041.674173
1742261041.710020
1742261041.737029
1742261041.777130
1742261041.811634
1742261041.846663
1742261041.870312
1742261041.910445
1742261041.944679
1742261041.979393
1742261042.003552
1742261042.046033
1742261042.076445
1742261042.112533
1742261042.137268
1742261042.179400
1742261042.209974
1742261042.246495
1742261042.271132
1742261042.311584
1742261042.347280
1742261042.376900
1742261042.408457
1742261042.446247
1742261042.477122
1742261042.512829
1742261042.541900
1742261042.578604
1742261042.609785
1742261042.640353
1742261042.674339
1742261042.711662
1742261042.747116
1742261042.777865
1742261042.805943
1742261042.846943
1742261042.877032
1742261042.912945
1742261042.937780
1742261042.979052
1742261043.011864
1742261043.047608
1742261043.070946
1742261043.111842
1742261043.148269
1742261043.178152
1742261043.207203
1742261043.248445
1742261043.277167
1742261043.312262
1742261043.338534
1742261043.379344
1742261043.410441
1742261043.447199
1742261043.471079
1742261043.512823
1742261043.544286
1742261043.579682
1742261043.605036
1742261043.641813
1742261043.681508
1742261043.710711
1742261043.740517
1742261043.780722
1742261043.809040
1742261043.847832
1742261043.871649
1742261043.913084
1742261043.948568
1742261043.977904
1742261044.009225
1742261044.049701
1742261044.075057
1742261044.116215
1742261044.138272
1742261044.178837
1742261044.211569
1742261044.248253
1742261044.271779
1742261044.312577
1742261044.345326
1742261044.381644
1742261044.405560
1742261044.448990
1742261044.476386
1742261044.515066
1742261044.541177
1742261044.581948
1742261044.611839
1742261044.648351
1742261044.674216
1742261044.715529
1742261044.745347
1742261044.782993
1742261044.805092
1742261044.849838
1742261044.875587
1742261044.916166
1742261044.938519
1742261044.981761
1742261045.008885
1742261045.046653
1742261045.072745
1742261045.114232
1742261045.146259
1742261045.177615
1742261045.208670
1742261045.246043
1742261045.278680
1742261045.317022
1742261045.338520
1742261045.383913
1742261045.408726
1742261045.446351
1742261045.472755
1742261045.514516
1742261045.547621
1742261045.578195
1742261045.610197
1742261045.649446
1742261045.675666
1742261045.716711
1742261045.738795
1742261045.782574
1742261045.809734
1742261045.847240
1742261045.872879
1742261045.916056
1742261045.943383
1742261045.983884
1742261046.005541
1742261046.051273
1742261046.075857
1742261046.114225
1742261046.139650
1742261046.183955
1742261046.208720
1742261046.250426
1742261046.272412
1742261046.319230
1742261046.342463
1742261046.384796
1742261046.409386
1742261046.445312
1742261046.479315
1742261046.515877
1742261046.542386
1742261046.577232
1742261046.613968
1742261046.646316
1742261046.683105
1742261046.705835
1742261046.752395
1742261046.775731
1742261046.818584
1742261046.839495
1742261046.884740
1742261046.909141
1742261046.946244
1742261046.973480
1742261047.018620
1742261047.042227
1742261047.085108
1742261047.106105
1742261047.149423
1742261047.176598
1742261047.214461
1742261047.239906
1742261047.282545
1742261047.311786
1742261047.350845
1742261047.372848
1742261047.416434
1742261047.442906
1742261047.484750
1742261047.506299
1742261047.547776
1742261047.582850
1742261047.609391
1742261047.644401
1742261047.683010
1742261047.709715
1742261047.748348
1742261047.773579
1742261047.819168
1742261047.842836
1742261047.880548
1742261047.910810
1742261047.951581
1742261047.976524
1742261048.017666
1742261048.039917
1742261048.083229
1742261048.109995
1742261048.145777
1742261048.173359
1742261048.220258
1742261048.242319
1742261048.286366
1742261048.306677
1742261048.349874
1742261048.376864
1742261048.415353
1742261048.440403
1742261048.484425
1742261048.510460
1742261048.551619
1742261048.573538
1742261048.619791
1742261048.643243
1742261048.682984
1742261048.708082
1742261048.751748
1742261048.776479
1742261048.814923
1742261048.841462
1742261048.885626
1742261048.910128
1742261048.948893
1742261048.973821
1742261049.019682
1742261049.042368
1742261049.087691
1742261049.107172
1742261049.151820
1742261049.176355
1742261049.218839
1742261049.240532
1742261049.287415
1742261049.309877
1742261049.355170
1742261049.374180
1742261049.421187
1742261049.443173
1742261049.489105
1742261049.507799
1742261049.552487
1742261049.576577
1742261049.619736
1742261049.640865
1742261049.687619
1742261049.709268
1742261049.754888
1742261049.774313
1742261049.821684
1742261049.842450
1742261049.888368
1742261049.907634
1742261049.952552
1742261049.976596
1742261050.019238
1742261050.041159
1742261050.086587
1742261050.109966
1742261050.151417
1742261050.174308
1742261050.219557
1742261050.243403
1742261050.286342
1742261050.307948
1742261050.354372
1742261050.376720
1742261050.416371
1742261050.441428
1742261050.487924
1742261050.508606
1742261050.555502
1742261050.574965
1742261050.621680
1742261050.643163
1742261050.688922
1742261050.708371
1742261050.755536
1742261050.776642
1742261050.822578
1742261050.841613
1742261050.888285
1742261050.910141
1742261050.955593
1742261050.974856
1742261051.021694
1742261051.043259
1742261051.088730
1742261051.108355
1742261051.154181
1742261051.176729
1742261051.222668
1742261051.241773
1742261051.288950
1742261051.310213
1742261051.355247
1742261051.375156
1742261051.422515
1742261051.443524
1742261051.489522
1742261051.508950
1742261051.555802
1742261051.576751
1742261051.621786
1742261051.641976
1742261051.688533
1742261051.710106
1742261051.755997
1742261051.775441
1742261051.822168
1742261051.843661
1742261051.883733
1742261051.908731
1742261051.954947
1742261051.977187
1742261052.022930
1742261052.042274
1742261052.089212
1742261052.110248
1742261052.155486
1742261052.175731
1742261052.223099
1742261052.243522
1742261052.290041
1742261052.309253
1742261052.355902
1742261052.377192
1742261052.422366
1742261052.442637
1742261052.489784
1742261052.510474
1742261052.556706
1742261052.576237
1742261052.622728
1742261052.643772
1742261052.689142
1742261052.709507
1742261052.748071
1742261052.781486
1742261052.812714
1742261052.843639
1742261052.880110
1742261052.921531
1742261052.943914
1742261052.980478
1742261053.016712
1742261053.047469
1742261053.088559
1742261053.109395
1742261053.156528
1742261053.176735
1742261053.220122
1742261053.242762
1742261053.290127
1742261053.310123
1742261053.357155
1742261053.376154
1742261053.423367
1742261053.443764
1742261053.490078
1742261053.509672
1742261053.555817
1742261053.577446
1742261053.620539
1742261053.643037
1742261053.690101
1742261053.710167
1742261053.753532
1742261053.776338
1742261053.823601
1742261053.843439
1742261053.885502
1742261053.909997
1742261053.956133
1742261053.977408
1742261054.020860
1742261054.043088
1742261054.090311
1742261054.110841
1742261054.157263
1742261054.176747
1742261054.222769
1742261054.244254
1742261054.290675
1742261054.310024
1742261054.353039
1742261054.378484
1742261054.420433
1742261054.443807
1742261054.490229
1742261054.511119
1742261054.557880
1742261054.586482
1742261054.610417
1742261054.657458
1742261054.677935
1742261054.722918
1742261054.744593
1742261054.788070
1742261054.810589
1742261054.857149
1742261054.877748
1742261054.916875
1742261054.948984
1742261054.989995
1742261055.010910
1742261055.055547
1742261055.077523
1742261055.122094
1742261055.145341
1742261055.184486
1742261055.212836
1742261055.257920
1742261055.277527
1742261055.318939
1742261055.344898
1742261055.389089
1742261055.411381
1742261055.454992
1742261055.477385
1742261055.523938
1742261055.544933
1742261055.585212
1742261055.611436
1742261055.654711
1742261055.677946
1742261055.718235
1742261055.744746
1742261055.789786
1742261055.811459
1742261055.851712
1742261055.878806
1742261055.924232
1742261055.944698
1742261055.986022
1742261056.011503
1742261056.058409
1742261056.078040
1742261056.120010
1742261056.145090
1742261056.189724
1742261056.211708
1742261056.252415
1742261056.278297
1742261056.324759
1742261056.344942
1742261056.387194
1742261056.411566
1742261056.456360
1742261056.478814
1742261056.520184
1742261056.544806
1742261056.591183
1742261056.611920
1742261056.652958
1742261056.678468
1742261056.724176
1742261056.745265
1742261056.787251
1742261056.811653
1742261056.854959
1742261056.881653
1742261056.915907
1742261056.954879
1742261056.982303
1742261057.024536
1742261057.044880
1742261057.091834
1742261057.111689
1742261057.155775
1742261057.178312
1742261057.225188
1742261057.245697
1742261057.291948
1742261057.311600
1742261057.358420
1742261057.378827
1742261057.424481
1742261057.445022
1742261057.488640
1742261057.512226
1742261057.558848
1742261057.578413
1742261057.622143
1742261057.645950
1742261057.690242
1742261057.712101
1742261057.753840
1742261057.783403
1742261057.824875
1742261057.845156
1742261057.891980
1742261057.912475
1742261057.958920
1742261057.978656
1742261058.021914
1742261058.046972
1742261058.088458
1742261058.111931
1742261058.158876
1742261058.179971
1742261058.222192
1742261058.245406
1742261058.292218
1742261058.312962
1742261058.355146
1742261058.379688
1742261058.423408
1742261058.449483
1742261058.493458
1742261058.512382
1742261058.556462
1742261058.580244
1742261058.624826
1742261058.645920
1742261058.692056
1742261058.712506
1742261058.759472
1742261058.779207
1742261058.825890
1742261058.847530
1742261058.889535
1742261058.912796
1742261058.955074
1742261058.982939
1742261059.026094
1742261059.045784
1742261059.091632
1742261059.114439
1742261059.158490
1742261059.179287
1742261059.226483
1742261059.247360
1742261059.292419
1742261059.312578
1742261059.355896
1742261059.382345
1742261059.424052
1742261059.446713
1742261059.488753
1742261059.521519
1742261059.554456
1742261059.579975
1742261059.626194
1742261059.648236
1742261059.691733
1742261059.712827
1742261059.756277
1742261059.784064
1742261059.825336
1742261059.846191
1742261059.888869
1742261059.916677
1742261059.960018
1742261059.979687
1742261060.026323
1742261060.048258
1742261060.094131
1742261060.113250
1742261060.158536
1742261060.181426
1742261060.225846
1742261060.246675
1742261060.293208
1742261060.314962
1742261060.360770
1742261060.379952
1742261060.427169
1742261060.448839
1742261060.489989
1742261060.514802
1742261060.558211
1742261060.584659
1742261060.627006
1742261060.647208
1742261060.690055
1742261060.718709
1742261060.760449
1742261060.780145
1742261060.823786
1742261060.853309
1742261060.885296
1742261060.916209
1742261060.957869
1742261060.983191
1742261061.024789
1742261061.046695
1742261061.088210
1742261061.116054
1742261061.160308
1742261061.180142
1742261061.222990
1742261061.252590
1742261061.288506
1742261061.313701
1742261061.355561
1742261061.388376
1742261061.423238
1742261061.447135
1742261061.489449
1742261061.518777
1742261061.560353
1742261061.580363
1742261061.623723
1742261061.653195
1742261061.688952
1742261061.714475
1742261061.758847
1742261061.783512
1742261061.827021
1742261061.847173
1742261061.894570
1742261061.915771
1742261061.958931
1742261061.980494
1742261062.026431
1742261062.049087
1742261062.091524
1742261062.114086
1742261062.161604
1742261062.183893
1742261062.227910
1742261062.247378
1742261062.294016
1742261062.317868
1742261062.359933
1742261062.380737
1742261062.427134
1742261062.451095
1742261062.491880
1742261062.514389
1742261062.560602
1742261062.584162
1742261062.626491
1742261062.647689
1742261062.690095
1742261062.722585
1742261062.757525
1742261062.781516
1742261062.828542
1742261062.851113
1742261062.891538
1742261062.925611
1742261062.947810
1742261062.991187
1742261063.020545
1742261063.058472
1742261063.085790
1742261063.117805
1742261063.158136
1742261063.184627
1742261063.226617
1742261063.247839
1742261063.290343
1742261063.320894
1742261063.357728
1742261063.381163
1742261063.424331
1742261063.453059
1742261063.492948
1742261063.514709
1742261063.560354
1742261063.585177
1742261063.626556
1742261063.648298
1742261063.691127
1742261063.719954
1742261063.760929
1742261063.781555
1742261063.829050
1742261063.850869
1742261063.893788
1742261063.914821
1742261063.960340
1742261063.985633
1742261064.023708
1742261064.048012
1742261064.090813
1742261064.120244
1742261064.157302
1742261064.181529
1742261064.226896
1742261064.252105
1742261064.289528
1742261064.317029
1742261064.360829
1742261064.386538
1742261064.427835
1742261064.448395
1742261064.491089
1742261064.523499
1742261064.559140
1742261064.582123
1742261064.628162
1742261064.653327
1742261064.693814
1742261064.715579
1742261064.759944
1742261064.787228
1742261064.825212
1742261064.850023
1742261064.892085
1742261064.921781
1742261064.960434
1742261064.982108
1742261065.024875
1742261065.054927
1742261065.090760
1742261065.115368
1742261065.159299
1742261065.186386
1742261065.226363
1742261065.248764
1742261065.291264
1742261065.321463
1742261065.358130
1742261065.382239
1742261065.429627
1742261065.452723
1742261065.492420
1742261065.515900
1742261065.560204
1742261065.587257
1742261065.628222
1742261065.649075
1742261065.695111
1742261065.720820
1742261065.758343
1742261065.783050
1742261065.829240
1742261065.852939
1742261065.890157
1742261065.915790
1742261065.962024
1742261065.986833
1742261066.024665
1742261066.049116
1742261066.092904
1742261066.122691
1742261066.158534
1742261066.182535
1742261066.228942
1742261066.253575
1742261066.290770
1742261066.315942
1742261066.362285
1742261066.387539
1742261066.429037
1742261066.449524
1742261066.493635
1742261066.522247
1742261066.559824
1742261066.583119
1742261066.627728
1742261066.653799
1742261066.690768
1742261066.720947
1742261066.758290
1742261066.789680
1742261066.828241
1742261066.850071
1742261066.893761
1742261066.922576
1742261066.960061
1742261066.983286
1742261067.027308
1742261067.053372
1742261067.090228
1742261067.118116
1742261067.159809
1742261067.189246
1742261067.226515
1742261067.249729
1742261067.293975
1742261067.322850
1742261067.360454
1742261067.383436
1742261067.429561
1742261067.454889
1742261067.494710
1742261067.516745
1742261067.561587
1742261067.588293
1742261067.626192
1742261067.650607
1742261067.695879
1742261067.721572
1742261067.762706
1742261067.783569
1742261067.828317
1742261067.855164
1742261067.892457
1742261067.916830
1742261067.962650
1742261067.988073
1742261068.026911
1742261068.050093
1742261068.094794
1742261068.121587
1742261068.161229
1742261068.183611
1742261068.228466
1742261068.254942
1742261068.293195
1742261068.317216
1742261068.363736
1742261068.387913
1742261068.428715
1742261068.450515
1742261068.493929
1742261068.523514
1742261068.561525
1742261068.583864
1742261068.629630
1742261068.655392
1742261068.694677
1742261068.717326
1742261068.763717
1742261068.787823
1742261068.829093
1742261068.850778
1742261068.894389
1742261068.923577
1742261068.958569
1742261068.984209
1742261069.026778
1742261069.056686
1742261069.093673
1742261069.117352
1742261069.164294
1742261069.188264
1742261069.226126
1742261069.250971
1742261069.295498
1742261069.323383
1742261069.362358
1742261069.384207
1742261069.430442
1742261069.454901
1742261069.494332
1742261069.517915
1742261069.560529
1742261069.592668
1742261069.626479
1742261069.654595
1742261069.692513
1742261069.727966
1742261069.757197
1742261069.788551
1742261069.826282
1742261069.859428
1742261069.889563
1742261069.918611
1742261069.958708
1742261069.993563
1742261070.025574
1742261070.051143
1742261070.093179
1742261070.123235
1742261070.160709
1742261070.184660
1742261070.229281
1742261070.256047
1742261070.296136
1742261070.318027
1742261070.361804
1742261070.389194
1742261070.429641
1742261070.451458
1742261070.493913
1742261070.527575
1742261070.558816
1742261070.589243
1742261070.628260
1742261070.658163
1742261070.693201
1742261070.721374
1742261070.760812
1742261070.791521
1742261070.827333
1742261070.851813
1742261070.896674
1742261070.923294
1742261070.962823
1742261070.985028
1742261071.027803
1742261071.057941
1742261071.090374
1742261071.123325
1742261071.161332
1742261071.191055
1742261071.226341
1742261071.260535
1742261071.285588
1742261071.322760
1742261071.357296
1742261071.395486
1742261071.424587
1742261071.457144
1742261071.494269
1742261071.523645
1742261071.562495
1742261071.587794
1742261071.627454
1742261071.659759
1742261071.693788
1742261071.719651
1742261071.760297
1742261071.792776
1742261071.828428
1742261071.852193
1742261071.893654
1742261071.925286
1742261071.960882
1742261071.985496
1742261072.024928
1742261072.059401
1742261072.091333
1742261072.123007
1742261072.163818
1742261072.190633
1742261072.230748
1742261072.252368
1742261072.295931
1742261072.325689
1742261072.361168
1742261072.386255
1742261072.424727
1742261072.457271
1742261072.494094
1742261072.519360
1742261072.558532
1742261072.591473
1742261072.624009
1742261072.657339
1742261072.693100
1742261072.725998
1742261072.758724
1742261072.788093
1742261072.828219
1742261072.858638
1742261072.895599
1742261072.920069
1742261072.960180
1742261072.994560
1742261073.029766
1742261073.052964
1742261073.091155
1742261073.128666
1742261073.162076
1742261073.186391
1742261073.225174
1742261073.261149
1742261073.294323
1742261073.319873
1742261073.358002
1742261073.394238
1742261073.426791
1742261073.453398
1742261073.493129
1742261073.525563
1742261073.562772
1742261073.586436
1742261073.625255
1742261073.659821
1742261073.695484
1742261073.720437
1742261073.761697
1742261073.794570
1742261073.828371
1742261073.853767
1742261073.893347
1742261073.927953
1742261073.958049
1742261073.987392
1742261074.027567
1742261074.061433
1742261074.095906
1742261074.119904
1742261074.159582
1742261074.193268
1742261074.225869
1742261074.256405
1742261074.295989
1742261074.325498
1742261074.358503
1742261074.390750
1742261074.428367
1742261074.463565
1742261074.493181
1742261074.522623
1742261074.562531
1742261074.592454
1742261074.626690
1742261074.655000
1742261074.694787
1742261074.729408
1742261074.762302
1742261074.789931
1742261074.830671
1742261074.859122
1742261074.893802
1742261074.923999
1742261074.964620
1742261074.993624
1742261075.027748
1742261075.054579
1742261075.095316
1742261075.128313
1742261075.161988
1742261075.187198
1742261075.227658
1742261075.262769
1742261075.293850
1742261075.322344
1742261075.362345
1742261075.393606
1742261075.428653
1742261075.453833
1742261075.495811
1742261075.528260
1742261075.562742
1742261075.587895
1742261075.628595
1742261075.661407
1742261075.696634
1742261075.721523
1742261075.763018
1742261075.792091
1742261075.831954
1742261075.854343
1742261075.897218
1742261075.927257
1742261075.963988
1742261075.987718
1742261076.028722
1742261076.062600
1742261076.092131
1742261076.122302
1742261076.163519
1742261076.193928
1742261076.228817
1742261076.254996
1742261076.297322
1742261076.326833
1742261076.363547
1742261076.388591
1742261076.429944
1742261076.463855
1742261076.497724
1742261076.521489
1742261076.561947
1742261076.598434
1742261076.627249
1742261076.656623
1742261076.697945
1742261076.726919
1742261076.762918
1742261076.790247
1742261076.831768
1742261076.859383
1742261076.898108
1742261076.922089
1742261076.963445
1742261076.995090
1742261077.031416
1742261077.057254
1742261077.098530
1742261077.127930
1742261077.164223
1742261077.191655
1742261077.231421
1742261077.262047
1742261077.298265
1742261077.323352
1742261077.365899
1742261077.391942
1742261077.430198
1742261077.457953
1742261077.497919
1742261077.527931
1742261077.565552
1742261077.588622
1742261077.631009
1742261077.664826
1742261077.692648
1742261077.727229
1742261077.760893
1742261077.798237
1742261077.826932
1742261077.859865
1742261077.899531
1742261077.925781
1742261077.966529
1742261077.988909
1742261078.030997
1742261078.064977
1742261078.095007
1742261078.126828
1742261078.166323
1742261078.193305
1742261078.234356
1742261078.255539
1742261078.299579
1742261078.326228
1742261078.367445
1742261078.391149
1742261078.433099
1742261078.459979
1742261078.500373
1742261078.524551
1742261078.566162
1742261078.592737
1742261078.633998
1742261078.657947
1742261078.697900
1742261078.729119
1742261078.765914
1742261078.792601
1742261078.829698
1742261078.866894
1742261078.893810
1742261078.929933
1742261078.963410
1742261078.999524
1742261079.026568
1742261079.060623
1742261079.098162
1742261079.127877
1742261079.168468
1742261079.189355
1742261079.235228
1742261079.257468
1742261079.299869
1742261079.322762
1742261079.365397
1742261079.390944
1742261079.427797
1742261079.456442
1742261079.493682
1742261079.528680
1742261079.556756
1742261079.595700
1742261079.622392
1742261079.664184
1742261079.694542
1742261079.734868
1742261079.759092
1742261079.794444
1742261079.830446
1742261079.865171
1742261079.896011
1742261079.924601
1742261079.966371
1742261079.993280
1742261080.034915
1742261080.056445
1742261080.102063
1742261080.125649
1742261080.168794
1742261080.189711
1742261080.233052
1742261080.260009
1742261080.302543
1742261080.322939
1742261080.366409
1742261080.393105
1742261080.430893
1742261080.456463
1742261080.502931
1742261080.525658
1742261080.563721
1742261080.590237
1742261080.633559
1742261080.659802
1742261080.698093
1742261080.723209
1742261080.766563
1742261080.792965
1742261080.835385
1742261080.856590
1742261080.898945
1742261080.928208
1742261080.969397
1742261080.989959
1742261081.032223
1742261081.061696
1742261081.099480
1742261081.123370
1742261081.169129
1742261081.192739
1742261081.233283
1742261081.256843
1742261081.300347
1742261081.326760
1742261081.366486
1742261081.390092
1742261081.435939
1742261081.459354
1742261081.503584
1742261081.523614
1742261081.568151
1742261081.592847
1742261081.636903
1742261081.657128
1742261081.700528
1742261081.726824
1742261081.765041
1742261081.790419
1742261081.836961
1742261081.859453
1742261081.901814
1742261081.923816
1742261081.971229
1742261081.993030
1742261082.031657
1742261082.057285
1742261082.102868
1742261082.126255
1742261082.165598
1742261082.190673
1742261082.236863
1742261082.259482
1742261082.302683
1742261082.323985
1742261082.369228
1742261082.393021
1742261082.432264
1742261082.457571
1742261082.502933
1742261082.526365
1742261082.564271
1742261082.591223
1742261082.638097
1742261082.659804
1742261082.699160
1742261082.725080
1742261082.772029
1742261082.793143
1742261082.836112
1742261082.857940
1742261082.903332
1742261082.926643
1742261082.966320
1742261082.991486
1742261083.037199
1742261083.059705
1742261083.104804
1742261083.124712
1742261083.171338
1742261083.193146
1742261083.239696
1742261083.258059
1742261083.304623
1742261083.326148
1742261083.372212
1742261083.391440
1742261083.438260
1742261083.459511
1742261083.505122
1742261083.524864
1742261083.567454
1742261083.594252
1742261083.635139
1742261083.658114
1742261083.704366
1742261083.726333
1742261083.773021
1742261083.791831
1742261083.838183
1742261083.860049
1742261083.903143
1742261083.925191
1742261083.971047
1742261083.993483
1742261084.039020
1742261084.058504
1742261084.104429
1742261084.126718
1742261084.172551
1742261084.191982
1742261084.239027
1742261084.259993
1742261084.305129
1742261084.325493
1742261084.372547
1742261084.392951
1742261084.437681
1742261084.458822
1742261084.506136
1742261084.526140
1742261084.572274
1742261084.592110
1742261084.639754
1742261084.659420
1742261084.705410
1742261084.725668
1742261084.772126
1742261084.793380
1742261084.839377
1742261084.859029
1742261084.902117
1742261084.927966
1742261084.970811
1742261084.992717
1742261085.038717
1742261085.060407
1742261085.105928
1742261085.125871
1742261085.172751
1742261085.193545
1742261085.238929
1742261085.259066
1742261085.306240
1742261085.326477
1742261085.371365
1742261085.392496
1742261085.439984
1742261085.459721
1742261085.506419
1742261085.525934
1742261085.572490
1742261085.593694
1742261085.634077
1742261085.659443
1742261085.697687
1742261085.730547
1742261085.771230
1742261085.792688
1742261085.840222
1742261085.860235
1742261085.907011
1742261085.926173
1742261085.973003
1742261085.993851
1742261086.036537
1742261086.059528
1742261086.102584
1742261086.128168
1742261086.171610
1742261086.192873
1742261086.238707
1742261086.260695
1742261086.306875
1742261086.326249
1742261086.368998
1742261086.395943
1742261086.437936
1742261086.459604
1742261086.502964
1742261086.527960
1742261086.568875
1742261086.593095
1742261086.636721
1742261086.660659
1742261086.707024
1742261086.726627
1742261086.770534
1742261086.794009
1742261086.840462
1742261086.860052
1742261086.903201
1742261086.929204
1742261086.970122
1742261086.993383
1742261087.040360
1742261087.060884
1742261087.106020
1742261087.126782
1742261087.169253
1742261087.195695
1742261087.242490
1742261087.260409
1742261087.306834
1742261087.327666
1742261087.372257
1742261087.393665
1742261087.440654
1742261087.461032
1742261087.507342
1742261087.527006
1742261087.570896
1742261087.594424
1742261087.641026
1742261087.660468
1742261087.703991
1742261087.730603
1742261087.772727
1742261087.793818
1742261087.841370
1742261087.860815
1742261087.907459
1742261087.938682
1742261087.960863
1742261088.004418
1742261088.031928
1742261088.074048
1742261088.094605
1742261088.137307
1742261088.161272
1742261088.204500
1742261088.229201
1742261088.267473
1742261088.299538
1742261088.340371
1742261088.361430
1742261088.401340
1742261088.428377
1742261088.474718
1742261088.494560
1742261088.538617
1742261088.561211
1742261088.601788
1742261088.636796
1742261088.661350
1742261088.707639
1742261088.728279
1742261088.773634
1742261088.794587
1742261088.840960
1742261088.861555
1742261088.908482
1742261088.928021
1742261088.975351
1742261088.995047
1742261089.038571
1742261089.061560
1742261089.105167
1742261089.128741
1742261089.172386
1742261089.194804
1742261089.240354
1742261089.261808
1742261089.308097
1742261089.328173
1742261089.375217
1742261089.395241
1742261089.438492
1742261089.461262
1742261089.508589
1742261089.528431
1742261089.575241
1742261089.594750
1742261089.638311
1742261089.662889
1742261089.708569
1742261089.728261
1742261089.775170
1742261089.795492
1742261089.841227
1742261089.861709
1742261089.905707
1742261089.929062
1742261089.975126
1742261089.995091
1742261090.041261
1742261090.062256
1742261090.102770
1742261090.128347
1742261090.172144
1742261090.195698
1742261090.238989
1742261090.261895
1742261090.308623
1742261090.329322
1742261090.372768
1742261090.395205
1742261090.438975
1742261090.462422
1742261090.506229
1742261090.528860
1742261090.575653
1742261090.596522
1742261090.640895
1742261090.662974
1742261090.709250
1742261090.729659
1742261090.775573
1742261090.796012
1742261090.842269
1742261090.863409
1742261090.909935
1742261090.929160
1742261090.974945
1742261090.997147
1742261091.039677
1742261091.062222
1742261091.108873
1742261091.129961
1742261091.173368
1742261091.195709
1742261091.241523
1742261091.264121
1742261091.306951
1742261091.328900
1742261091.367321
1742261091.400454
1742261091.433008
1742261091.461872
1742261091.501463
1742261091.540501
1742261091.563622
1742261091.604283
1742261091.630899
1742261091.673769
1742261091.699465
1742261091.732230
1742261091.773339
1742261091.799306
1742261091.842191
1742261091.862626
1742261091.906119
1742261091.933600
1742261091.976301
1742261091.995943
1742261092.043466
1742261092.064242
1742261092.107350
1742261092.129480
1742261092.175678
1742261092.197915
1742261092.242654
1742261092.262721
1742261092.309111
1742261092.330903
1742261092.375022
1742261092.396084
1742261092.439789
1742261092.467327
1742261092.510417
1742261092.529577
1742261092.572575
1742261092.604789
1742261092.636411
1742261092.665544
1742261092.708100
1742261092.732086
1742261092.774505
1742261092.796634
1742261092.840203
1742261092.868514
1742261092.909879
1742261092.929833
1742261092.976345
1742261092.998393
1742261093.041665
1742261093.063129
1742261093.104803
1742261093.132214
1742261093.163825
1742261093.196255
1742261093.229513
1742261093.262781
1742261093.304422
1742261093.330063
1742261093.373050
1742261093.401803
1742261093.442630
1742261093.463366
1742261093.510267
1742261093.532606
1742261093.574522
1742261093.596684
1742261093.640555
1742261093.669332
1742261093.707007
1742261093.731226
1742261093.774143
1742261093.802977
1742261093.843625
1742261093.863818
1742261093.910960
1742261093.933168
1742261093.975636
1742261093.997159
1742261094.044174
1742261094.066536
1742261094.109415
1742261094.130407
1742261094.174482
1742261094.199948
1742261094.242720
1742261094.263606
1742261094.306271
1742261094.336157
1742261094.376334
1742261094.397106
1742261094.440850
1742261094.469859
1742261094.510052
1742261094.530494
1742261094.575980
1742261094.600210
1742261094.641183
1742261094.664242
1742261094.708149
1742261094.737392
1742261094.776073
1742261094.797541
1742261094.841128
1742261094.871188
1742261094.909981
1742261094.930865
1742261094.975148
1742261095.003633
1742261095.039451
1742261095.064624
1742261095.108588
1742261095.134350
1742261095.177965
1742261095.197663
1742261095.241099
1742261095.269153
1742261095.306257
1742261095.330851
1742261095.378299
1742261095.400176
1742261095.444156
1742261095.464263
1742261095.510110
1742261095.534326
1742261095.576639
1742261095.597683
1742261095.641743
1742261095.670443
1742261095.707880
1742261095.733206
1742261095.775144
1742261095.804583
1742261095.841614
1742261095.866301
1742261095.912236
1742261095.934838
1742261095.976661
1742261095.997950
1742261096.045044
1742261096.068238
1742261096.110361
1742261096.131405
1742261096.177200
1742261096.202135
1742261096.240451
1742261096.277536
1742261096.298128
1742261096.345301
1742261096.369087
1742261096.407148
1742261096.436153
1742261096.469062
1742261096.506594
1742261096.541525
1742261096.571060
1742261096.602430
1742261096.639597
1742261096.674566
1742261096.705549
1742261096.736184
1742261096.776502
1742261096.802902
1742261096.843401
1742261096.866823
1742261096.910081
1742261096.936871
1742261096.975168
1742261097.000001
1742261097.042552
1742261097.072118
1742261097.108281
1742261097.131842
1742261097.175456
1742261097.200258
1742261097.244156
1742261097.265181
1742261097.311750
1742261097.335091
1742261097.378429
1742261097.398692
1742261097.445616
1742261097.468289
1742261097.511159
1742261097.531959
1742261097.575211
1742261097.604493
1742261097.643606
1742261097.665559
1742261097.708777
1742261097.737432
1742261097.777769
1742261097.798862
1742261097.845146
1742261097.869988
1742261097.908303
1742261097.935900
1742261097.976483
1742261098.005647
1742261098.040827
1742261098.065539
1742261098.103061
1742261098.138301
1742261098.170695
1742261098.199062
1742261098.237909
1742261098.269737
1742261098.305309
1742261098.332534
1742261098.369732
1742261098.406288
1742261098.438101
1742261098.466035
1742261098.503186
1742261098.537068
1742261098.571316
1742261098.599200
1742261098.636316
1742261098.672140
1742261098.704820
1742261098.732658
1742261098.771318
1742261098.804787
1742261098.837977
1742261098.866148
1742261098.905002
1742261098.936287
1742261098.972181
1742261099.002285
1742261099.038487
1742261099.071368
1742261099.104516
1742261099.134687
1742261099.176832
1742261099.206326
1742261099.243365
1742261099.266252
1742261099.311502
1742261099.336823
1742261099.374621
1742261099.399876
1742261099.445573
1742261099.470959
1742261099.509981
1742261099.533009
1742261099.578635
1742261099.604303
1742261099.645680
1742261099.666519
1742261099.711577
1742261099.737032
1742261099.777799
1742261099.800606
1742261099.846333
1742261099.871131
1742261099.910817
1742261099.935201
1742261099.976905
1742261100.005247
1742261100.045306
1742261100.066873
1742261100.112093
1742261100.138172
1742261100.176944
1742261100.200147
1742261100.246541
1742261100.270966
1742261100.309135
1742261100.333474
1742261100.378167
1742261100.404795
1742261100.446100
1742261100.466842
1742261100.510498
1742261100.540229
1742261100.576340
1742261100.600419
1742261100.646753
1742261100.671332
1742261100.711196
1742261100.734227
1742261100.777145
1742261100.807432
1742261100.839755
1742261100.871433
1742261100.911668
1742261100.938818
1742261100.978791
1742261101.001221
1742261101.043499
1742261101.073936
1742261101.110095
1742261101.135778
1742261101.174108
1742261101.211118
1742261101.240891
1742261101.270136
1742261101.306337
1742261101.339371
1742261101.371982
1742261101.405318
1742261101.438134
1742261101.475369
1742261101.506358
1742261101.535680
1742261101.577122
1742261101.606426
1742261101.642799
1742261101.667401
1742261101.710833
1742261101.738619
1742261101.779349
1742261101.800999
1742261101.843744
1742261101.873208
1742261101.909591
1742261101.935325
1742261101.974634
1742261102.010249
1742261102.043911
1742261102.069017
1742261102.111018
1742261102.140118
1742261102.178251
1742261102.201277
1742261102.244512
1742261102.273566
1742261102.312475
1742261102.334444
1742261102.375954
1742261102.409442
1742261102.441511
1742261102.467637
1742261102.510264
1742261102.539773
1742261102.578546
1742261102.600964
1742261102.644112
1742261102.673690
1742261102.706010
1742261102.737022
1742261102.774952
1742261102.809808
1742261102.842171
1742261102.868764
1742261102.907125
1742261102.943399
1742261102.975560
1742261103.003441
1742261103.041693
1742261103.078712
1742261103.108815
1742261103.136793
1742261103.175013
1742261103.210978
1742261103.240676
1742261103.271942
1742261103.309899
1742261103.342488
1742261103.375802
1742261103.402591
1742261103.441222
1742261103.473324
1742261103.513198
1742261103.535039
1742261103.577888
1742261103.607085
1742261103.645617
1742261103.668292
1742261103.710750
1742261103.740594
1742261103.776436
1742261103.803779
1742261103.841198
1742261103.878742
1742261103.906588
1742261103.940340
1742261103.976695
1742261104.010723
1742261104.046417
1742261104.068647
1742261104.110234
1742261104.142136
1742261104.178194
1742261104.202266
1742261104.244273
1742261104.274874
1742261104.307735
1742261104.337668
1742261104.376982
1742261104.410677
1742261104.441571
1742261104.468794
1742261104.508178
1742261104.543089
1742261104.578771
1742261104.611785
1742261104.635676
1742261104.679162
1742261104.710623
1742261104.743430
1742261104.778775
1742261104.803660
1742261104.843098
1742261104.877769
1742261104.912727
1742261104.938403
1742261104.979099
1742261105.008101
1742261105.040494
1742261105.075359
1742261105.107855
1742261105.145584
1742261105.176786
1742261105.204558
1742261105.244714
1742261105.275222
1742261105.308142
1742261105.339897
1742261105.375989
1742261105.410724
1742261105.445020
1742261105.469448
1742261105.508264
1742261105.541531
1742261105.574844
1742261105.605707
1742261105.646632
1742261105.674156
1742261105.714969
1742261105.736193
1742261105.777775
1742261105.812516
1742261105.843583
1742261105.873861
1742261105.911221
1742261105.943852
1742261105.979899
1742261106.005348
1742261106.046569
1742261106.077791
1742261106.113181
1742261106.140108
1742261106.180550
1742261106.208012
1742261106.249482
1742261106.269790
1742261106.309735
1742261106.344366
1742261106.379095
1742261106.403260
1742261106.445664
1742261106.474045
1742261106.511338
1742261106.536893
1742261106.576863
1742261106.611219
1742261106.647257
1742261106.669985
1742261106.709465
1742261106.743701
1742261106.779964
1742261106.803502
1742261106.844228
1742261106.878432
1742261106.912434
1742261106.940403
1742261106.977347
1742261107.012522
1742261107.046436
1742261107.073465
1742261107.114247
1742261107.142069
1742261107.181126
1742261107.203829
1742261107.245079
1742261107.280359
1742261107.307749
1742261107.341303
1742261107.380561
1742261107.409381
1742261107.444479
1742261107.473034
1742261107.512790
1742261107.541966
1742261107.574062
1742261107.614724
1742261107.642731
1742261107.677211
1742261107.705769
1742261107.748054
1742261107.776779
1742261107.812008
1742261107.838026
1742261107.876741
1742261107.912369
1742261107.943745
1742261107.975350
1742261108.014947
1742261108.043556
1742261108.079673
1742261108.107727
1742261108.148306
1742261108.177163
1742261108.214626
1742261108.237552
1742261108.278292
1742261108.312883
1742261108.342746
1742261108.371483
1742261108.411278
1742261108.446570
1742261108.475770
1742261108.504660
1742261108.546526
1742261108.577268
1742261108.613023
1742261108.637503
1742261108.674791
1742261108.715253
1742261108.744675
1742261108.774868
1742261108.816152
1742261108.841246
1742261108.881027
1742261108.905494
1742261108.946631
1742261108.976447
1742261109.013516
1742261109.040335
1742261109.081758
1742261109.111664
1742261109.148019
1742261109.171732
1742261109.213446
1742261109.242668
1742261109.282465
1742261109.304588
1742261109.347012
1742261109.380506
1742261109.415214
1742261109.438056
1742261109.480547
1742261109.510917
1742261109.546666
1742261109.572878
1742261109.614167
1742261109.642910
1742261109.681418
1742261109.706811
1742261109.749402
1742261109.776279
1742261109.814713
1742261109.840246
1742261109.880971
1742261109.913302
1742261109.945724
1742261109.975954
1742261110.014223
1742261110.046533
1742261110.079899
1742261110.109410
1742261110.149486
1742261110.175416
1742261110.216692
1742261110.238847
1742261110.281309
1742261110.311817
1742261110.349467
1742261110.372406
1742261110.415280
1742261110.443196
1742261110.483343
1742261110.505388
1742261110.546415
1742261110.581658
1742261110.610119
1742261110.645208
1742261110.677810
1742261110.717394
1742261110.741995
1742261110.782709
1742261110.808507
1742261110.846674
1742261110.882820
1742261110.908131
1742261110.949431
1742261110.975436
1742261111.016669
1742261111.041865
1742261111.083545
1742261111.108846
1742261111.147049
1742261111.176480
1742261111.216837
1742261111.243057
1742261111.281201
1742261111.306263
1742261111.346554
1742261111.378737
1742261111.416230
1742261111.438923
1742261111.482884
1742261111.509013
1742261111.549418
1742261111.572356
1742261111.619298
1742261111.641939
1742261111.682691
1742261111.705827
1742261111.750536
1742261111.775558
1742261111.813569
1742261111.839428
1742261111.881871
1742261111.912183
1742261111.944873
1742261111.974403
1742261112.017769
1742261112.042484
1742261112.081487
1742261112.106680
1742261112.144852
1742261112.184828
1742261112.208934
1742261112.247692
1742261112.277345
1742261112.317900
1742261112.342176
1742261112.379511
1742261112.411111
1742261112.451150
1742261112.476028
1742261112.510501
1742261112.546270
1742261112.581536
1742261112.610690
1742261112.639583
1742261112.682857
1742261112.708969
1742261112.749666
1742261112.772767
1742261112.815372
1742261112.845341
1742261112.885341
1742261112.910352
1742261112.951727
1742261112.973086
1742261113.019574
1742261113.042832
1742261113.085712
1742261113.109269
1742261113.147072
1742261113.179844
1742261113.213417
1742261113.246837
1742261113.275135
1742261113.313102
1742261113.345795
1742261113.382543
1742261113.406604
1742261113.453340
1742261113.475693
1742261113.517034
1742261113.540212
1742261113.585765
1742261113.609398
1742261113.652034
1742261113.673395
1742261113.719070
1742261113.742456
1742261113.786461
1742261113.806823
1742261113.853613
1742261113.875761
1742261113.920448
1742261113.940198
1742261113.983581
1742261114.010236
1742261114.048803
1742261114.074535
1742261114.119145
1742261114.142904
1742261114.187407
1742261114.207156
1742261114.251397
1742261114.277410
1742261114.315774
1742261114.340334
1742261114.387347
1742261114.409209
1742261114.448734
1742261114.473702
1742261114.520267
1742261114.543056
1742261114.585036
1742261114.607049
1742261114.653292
1742261114.676029
1742261114.720367
1742261114.740567
1742261114.787205
1742261114.809709
1742261114.851038
1742261114.873974
1742261114.919478
1742261114.943126
1742261114.988428
1742261115.007563
1742261115.054402
1742261115.075133
1742261115.119768
1742261115.141010
1742261115.188286
1742261115.209860
1742261115.249376
1742261115.274357
1742261115.321759
1742261115.342878
1742261115.386185
1742261115.407593
1742261115.454782
1742261115.476458
1742261115.522506
1742261115.541303
1742261115.588692
1742261115.609660
1742261115.653729
1742261115.674586
1742261115.721419
1742261115.743070
1742261115.784634
1742261115.807873
1742261115.854817
1742261115.876208
1742261115.921868
1742261115.941563
1742261115.988304
1742261116.009889
1742261116.055103
1742261116.076984
1742261116.116204
1742261116.149734
1742261116.178092
1742261116.218088
1742261116.243360
1742261116.288907
1742261116.309880
1742261116.347956
1742261116.380222
1742261116.419643
1742261116.443340
1742261116.479388
1742261116.516669
1742261116.543613
1742261116.588189
1742261116.608528
1742261116.655475
1742261116.676468
1742261116.722593
1742261116.741772
1742261116.789045
1742261116.809919
1742261116.855743
1742261116.875487
1742261116.923142
1742261116.943058
1742261116.989696
1742261117.008894
1742261117.055768
1742261117.076929
1742261117.120102
1742261117.142312
1742261117.189503
1742261117.209676
1742261117.255666
1742261117.275512
1742261117.322936
1742261117.343451
1742261117.386842
1742261117.408957
1742261117.455163
1742261117.477023
1742261117.522423
1742261117.542388
1742261117.588443
1742261117.610340
1742261117.655782
1742261117.675720
1742261117.722415
1742261117.743317
1742261117.786356
1742261117.808984
1742261117.856288
1742261117.876419
1742261117.921562
1742261117.942614
1742261117.989431
1742261118.009981
1742261118.056639
1742261118.075933
1742261118.122824
1742261118.143470
1742261118.188376
1742261118.209322
1742261118.256587
1742261118.276938
1742261118.318449
1742261118.342990
1742261118.385664
1742261118.411100
1742261118.456890
1742261118.476134
1742261118.523319
1742261118.543034
1742261118.590128
1742261118.609451
1742261118.656638
1742261118.676573
1742261118.720399
1742261118.742802
1742261118.786808
1742261118.810607
1742261118.856452
1742261118.876405
1742261118.923143
1742261118.944044
1742261118.989097
1742261119.009739
1742261119.056326
1742261119.077393
1742261119.124214
1742261119.143076
1742261119.190501
1742261119.210361
1742261119.256861
1742261119.276570
1742261119.323189
1742261119.343970
1742261119.389202
1742261119.409871
1742261119.456774
1742261119.476788
1742261119.519712
1742261119.543252
1742261119.590156
1742261119.610706
1742261119.657704
1742261119.676649
1742261119.723268
1742261119.743577
1742261119.786083
1742261119.810068
1742261119.857122
1742261119.877651
1742261119.922352
1742261119.943499
1742261119.990343
1742261120.011008
1742261120.055593
1742261120.077100
1742261120.123301
1742261120.144402
1742261120.191275
1742261120.210597
1742261120.253636
1742261120.280489
1742261120.322787
1742261120.343894
1742261120.390931
1742261120.410643
1742261120.457418
1742261120.477307
1742261120.523895
1742261120.544525
1742261120.590957
1742261120.610433
1742261120.657518
1742261120.677274
1742261120.720268
1742261120.743885
1742261120.787516
1742261120.813314
1742261120.855649
1742261120.877268
1742261120.920123
1742261120.944746
1742261120.991129
1742261121.010747
1742261121.054731
1742261121.078239
1742261121.121187
1742261121.144106
1742261121.190276
1742261121.211282
1742261121.257928
1742261121.285551
1742261121.311019
1742261121.357752
1742261121.378171
1742261121.422008
1742261121.445293
1742261121.490629
1742261121.511600
1742261121.557995
1742261121.578643
1742261121.624155
1742261121.644963
1742261121.688240
1742261121.716024
1742261121.750594
1742261121.781846
1742261121.820374
1742261121.845792
1742261121.887090
1742261121.911456
1742261121.956360
1742261121.978788
1742261122.020384
1742261122.044902
1742261122.087990
1742261122.112553
1742261122.148260
1742261122.188579
1742261122.215796
1742261122.256557
1742261122.277984
1742261122.321582
1742261122.348890
1742261122.390857
1742261122.411543
1742261122.459083
1742261122.479102
1742261122.523328
1742261122.544845
1742261122.588663
1742261122.612220
1742261122.658764
1742261122.678365
1742261122.724023
1742261122.745907
1742261122.789437
1742261122.811812
1742261122.858365
1742261122.879009
1742261122.925395
1742261122.945204
1742261122.992083
1742261123.012753
1742261123.058521
1742261123.078508
1742261123.122168
1742261123.149525
1742261123.190959
1742261123.212198
1742261123.259006
1742261123.279627
1742261123.324956
1742261123.345272
1742261123.392012
1742261123.412882
1742261123.458592
1742261123.478673
1742261123.521985
1742261123.549399
1742261123.590809
1742261123.612067
1742261123.655685
1742261123.683145
1742261123.724808
1742261123.745487
1742261123.792572
1742261123.813151
1742261123.857653
1742261123.879008
1742261123.922488
1742261123.949430
1742261123.993082
1742261124.012239
1742261124.055794
1742261124.081862
1742261124.123885
1742261124.145913
1742261124.192531
1742261124.213911
1742261124.258751
1742261124.278925
1742261124.325782
1742261124.347312
1742261124.392285
1742261124.412571
1742261124.458487
1742261124.480708
1742261124.527166
1742261124.545894
1742261124.590032
1742261124.617269
1742261124.658929
1742261124.679391
1742261124.726582
1742261124.747517
1742261124.791395
1742261124.812586
1742261124.859905
1742261124.880946
1742261124.926638
1742261124.946153
1742261124.989357
1742261125.017833
1742261125.059685
1742261125.079470
1742261125.123026
1742261125.151127
1742261125.191380
1742261125.213073
1742261125.260501
1742261125.281969
1742261125.324109
1742261125.347256
1742261125.390060
1742261125.419022
1742261125.456828
1742261125.479567
1742261125.522930
1742261125.551738
1742261125.591943
1742261125.612967
1742261125.656669
1742261125.684323
1742261125.725290
1742261125.746357
1742261125.793331
1742261125.815454
1742261125.857286
1742261125.879500
1742261125.922929
1742261125.951646
1742261125.992344
1742261126.013159
1742261126.058365
1742261126.082126
1742261126.121531
1742261126.146553
1742261126.193055
1742261126.215928
1742261126.259559
1742261126.279951
1742261126.325700
1742261126.348871
1742261126.391984
1742261126.413462
1742261126.454434
1742261126.487732
1742261126.523557
1742261126.546745
1742261126.590275
1742261126.619090
1742261126.658905
1742261126.680213
1742261126.725923
1742261126.749702
1742261126.791502
1742261126.813717
1742261126.857113
1742261126.881837
1742261126.926111
1742261126.947343
1742261126.994234
1742261127.016877
1742261127.061168
1742261127.080750
1742261127.127774
1742261127.150679
1742261127.192363
1742261127.214618
1742261127.261176
1742261127.283560
1742261127.327731
1742261127.347328
1742261127.390735
1742261127.419311
1742261127.456671
1742261127.480498
1742261127.523760
1742261127.549588
1742261127.591395
1742261127.613770
1742261127.660303
1742261127.683419
1742261127.726572
1742261127.747307
1742261127.794022
1742261127.815975
1742261127.858973
1742261127.880713
1742261127.923930
1742261127.951882
1742261127.993216
1742261128.014126
1742261128.057495
1742261128.083958
1742261128.124895
1742261128.147486
1742261128.192770
1742261128.217688
1742261128.259597
1742261128.280889
1742261128.325966
1742261128.350483
1742261128.394480
1742261128.414317
1742261128.457573
1742261128.486667
1742261128.524778
1742261128.547825
1742261128.591551
1742261128.620720
1742261128.657846
1742261128.681318
1742261128.727515
1742261128.750700
1742261128.794543
1742261128.814683
1742261128.858443
1742261128.885536
1742261128.926012
1742261128.948156
1742261128.992072
1742261129.020518
1742261129.060381
1742261129.081681
1742261129.125310
1742261129.153720
1742261129.187634
1742261129.221142
1742261129.254895
1742261129.290052
1742261129.325460
1742261129.351868
1742261129.393537
1742261129.419377
1742261129.457654
1742261129.481883
1742261129.529356
1742261129.551462
1742261129.593484
1742261129.624121
1742261129.648412
1742261129.695100
1742261129.719386
1742261129.760898
1742261129.786042
1742261129.817738
1742261129.859051
1742261129.888194
1742261129.925679
1742261129.948603
1742261129.996080
1742261130.018130
1742261130.059917
1742261130.081817
1742261130.125099
1742261130.153203
1742261130.190110
1742261130.215261
1742261130.259339
1742261130.288456
1742261130.324634
1742261130.348700
1742261130.392960
1742261130.421741
1742261130.458221
1742261130.482241
1742261130.524478
1742261130.553098
1742261130.591614
1742261130.615869
1742261130.661091
1742261130.685975
1742261130.723747
1742261130.751363
1742261130.792967
1742261130.822819
1742261130.860310
1742261130.883946
1742261130.925831
1742261130.955495
1742261130.992035
1742261131.020217
1742261131.059967
1742261131.089806
1742261131.127031
1742261131.151286
1742261131.193494
1742261131.223030
1742261131.260617
1742261131.283013
1742261131.319553
1742261131.354170
1742261131.390192
1742261131.419826
1742261131.460105
1742261131.489453
1742261131.527093
1742261131.549443
1742261131.593576
1742261131.622308
1742261131.659178
1742261131.682617
1742261131.726656
1742261131.755463
1742261131.791606
1742261131.816028
1742261131.860766
1742261131.887485
1742261131.928381
1742261131.949472
1742261131.993801
1742261132.020962
1742261132.058323
1742261132.083354
1742261132.128734
1742261132.153342
1742261132.195605
1742261132.216271
1742261132.256273
1742261132.292835
1742261132.322101
1742261132.349518
1742261132.394614
1742261132.420637
1742261132.461370
1742261132.482995
1742261132.528273
1742261132.553722
1742261132.595476
1742261132.616513
1742261132.661687
1742261132.688033
1742261132.726878
1742261132.749930
1742261132.796215
1742261132.821210
1742261132.861205
1742261132.883375
1742261132.928822
1742261132.954138
1742261132.993403
1742261133.017421
1742261133.062714
1742261133.087829
1742261133.127833
1742261133.150840
1742261133.196100
1742261133.221932
1742261133.261982
1742261133.287114
1742261133.324796
1742261133.353409
1742261133.391580
1742261133.426432
1742261133.455409
1742261133.495237
1742261133.523685
1742261133.557628
1742261133.588271
1742261133.627861
1742261133.655819
1742261133.683863
1742261133.728517
1742261133.753724
1742261133.790448
1742261133.816874
1742261133.863312
1742261133.886577
1742261133.924320
1742261133.950275
1742261133.996033
1742261134.018899
1742261134.059575
1742261134.083648
1742261134.129671
1742261134.153599
1742261134.191507
1742261134.217201
1742261134.264273
1742261134.286643
1742261134.324890
1742261134.350624
1742261134.393559
1742261134.421797
1742261134.461124
1742261134.484065
1742261134.526624
1742261134.558723
1742261134.592076
1742261134.617566
1742261134.660426
1742261134.690189
1742261134.728749
1742261134.750877
1742261134.793238
1742261134.827241
1742261134.857840
1742261134.886407
1742261134.924607
1742261134.960726
1742261134.991429
1742261135.018511
1742261135.060259
1742261135.092984
1742261135.124513
1742261135.154522
1742261135.193814
1742261135.223593
1742261135.260584
1742261135.288784
1742261135.327819
1742261135.354607
1742261135.393990
1742261135.421821
1742261135.461223
1742261135.493563
1742261135.527347
1742261135.551690
1742261135.594026
1742261135.626553
1742261135.656802
1742261135.684608
1742261135.727265
1742261135.755789
1742261135.796131
1742261135.817958
1742261135.860457
1742261135.890231
1742261135.929124
1742261135.951428
1742261135.996688
1742261136.022772
1742261136.063594
1742261136.084921
1742261136.128050
1742261136.156223
1742261136.196311
1742261136.218328
1742261136.262445
1742261136.290042
1742261136.329108
1742261136.351620
1742261136.393940
1742261136.425922
1742261136.458021
1742261136.484949
1742261136.529178
1742261136.556986
1742261136.593708
1742261136.618352
1742261136.664422
1742261136.690030
1742261136.727528
1742261136.752005
1742261136.793628
1742261136.827974
1742261136.857475
1742261136.888579
1742261136.928706
1742261136.957553
1742261136.994463
1742261137.018927
1742261137.060249
1742261137.091568
1742261137.123864
1742261137.155912
1742261137.195070
1742261137.225738
1742261137.261865
1742261137.288539
1742261137.328975
1742261137.357370
1742261137.397572
1742261137.421248
1742261137.461095
1742261137.495315
1742261137.524843
1742261137.555393
1742261137.595754
1742261137.626713
1742261137.659913
1742261137.686172
1742261137.724662
1742261137.760278
1742261137.793725
1742261137.819039
1742261137.857492
1742261137.893532
1742261137.925588
1742261137.963079
1742261137.986101
1742261138.027992
1742261138.060664
1742261138.092277
1742261138.127898
1742261138.152866
1742261138.194507
1742261138.225951
1742261138.261602
1742261138.285966
1742261138.324999
1742261138.355148
1742261138.396535
1742261138.419331
1742261138.458298
1742261138.490936
1742261138.531290
1742261138.552891
1742261138.591793
1742261138.624950
1742261138.662511
1742261138.687130
1742261138.726106
1742261138.758297
1742261138.796256
1742261138.822966
1742261138.860547
1742261138.895802
1742261138.926975
1742261138.956877
1742261138.997532
1742261139.023768
1742261139.062205
1742261139.089345
1742261139.126415
1742261139.162171
1742261139.195354
1742261139.224899
1742261139.261520
1742261139.296782
1742261139.326706
1742261139.360835
1742261139.391514
1742261139.430796
1742261139.460021
1742261139.491284
1742261139.527882
1742261139.562663
1742261139.593030
1742261139.622244
1742261139.662920
1742261139.692597
1742261139.727753
1742261139.753354
1742261139.793484
1742261139.827700
1742261139.862249
1742261139.886714
1742261139.926714
1742261139.962620
1742261139.991773
1742261140.023170
1742261140.064134
1742261140.088120
1742261140.128766
1742261140.153771
1742261140.194150
1742261140.229056
1742261140.260982
1742261140.286893
1742261140.327397
1742261140.361923
1742261140.397116
1742261140.420390
1742261140.462848
1742261140.493190
1742261140.529071
1742261140.553717
1742261140.594749
1742261140.630406
1742261140.661299
1742261140.689649
1742261140.727983
1742261140.763079
1742261140.794198
1742261140.825297
1742261140.865546
1742261140.891975
1742261140.929496
1742261140.955243
1742261140.996574
1742261141.026751
1742261141.062729
1742261141.090600
1742261141.131676
1742261141.160210
1742261141.195076
1742261141.225362
1742261141.265081
1742261141.294137
1742261141.329665
1742261141.358966
1742261141.399453
1742261141.424660
1742261141.465486
1742261141.490067
1742261141.531335
1742261141.560585
1742261141.598049
1742261141.621251
1742261141.662738
1742261141.695292
1742261141.727048
1742261141.754345
1742261141.794806
1742261141.830357
1742261141.860007
1742261141.888144
1742261141.929750
1742261141.960456
1742261141.996517
1742261142.021434
1742261142.063534
1742261142.096141
1742261142.130762
1742261142.154592
1742261142.196073
1742261142.228668
1742261142.263009
1742261142.287900
1742261142.330284
1742261142.358899
1742261142.398723
1742261142.421333
1742261142.463922
1742261142.494467
1742261142.531955
1742261142.554842
1742261142.599746
1742261142.625195
1742261142.665309
1742261142.688151
1742261142.730600
1742261142.761311
1742261142.797682
1742261142.821692
1742261142.863737
1742261142.897279
1742261142.928800
1742261142.956036
1742261142.998375
1742261143.028000
1742261143.065371
1742261143.088301
1742261143.130684
1742261143.159354
1742261143.200599
1742261143.221779
1742261143.267386
1742261143.291875
1742261143.331899
1742261143.356996
1742261143.398307
1742261143.428810
1742261143.466777
1742261143.488901
1742261143.536006
1742261143.558152
1742261143.601276
1742261143.622041
1742261143.668425
1742261143.692037
1742261143.729524
1742261143.755403
1742261143.800436
1742261143.825291
1742261143.867494
1742261143.888720
1742261143.934774
1742261143.958279
1742261144.000535
1742261144.022255
1742261144.068274
1742261144.091696
1742261144.132845
1742261144.155577
1742261144.201825
1742261144.225223
1742261144.268253
1742261144.288963
1742261144.333103
1742261144.359068
1742261144.396972
1742261144.422527
1742261144.468492
1742261144.492618
1742261144.535383
1742261144.555889
1742261144.598478
1742261144.627320
1742261144.668316
1742261144.689214
1742261144.735702
1742261144.758880
1742261144.797479
1742261144.823978
1742261144.868951
1742261144.892350
1742261144.934773
1742261144.956074
1742261145.002960
1742261145.025629
1742261145.068871
1742261145.089444
1742261145.132240
1742261145.159579
1742261145.201027
1742261145.223008
1742261145.268782
1742261145.291999
1742261145.335334
1742261145.356380
1742261145.400646
1742261145.426302
1742261145.464097
1742261145.490216
1742261145.534594
1742261145.559396
1742261145.597560
1742261145.623094
1742261145.668296
1742261145.692330
1742261145.730547
1742261145.756247
1742261145.799617
1742261145.827884
1742261145.869328
1742261145.889581
1742261145.936469
1742261145.958410
1742261146.003213
1742261146.023150
1742261146.065903
1742261146.094266
1742261146.134834
1742261146.156525
1742261146.200031
1742261146.226379
1742261146.267607
1742261146.293634
1742261146.323289
1742261146.365798
1742261146.395035
1742261146.435994
1742261146.459612
1742261146.491456
1742261146.531063
1742261146.561392
1742261146.599762
1742261146.623421
1742261146.670364
1742261146.692239
1742261146.738393
1742261146.756843
1742261146.800544
1742261146.826568
1742261146.859376
1742261146.897515
1742261146.929839
1742261146.969618
1742261146.990513
1742261147.029692
1742261147.068396
1742261147.090676
1742261147.136855
1742261147.159381
1742261147.198935
1742261147.225299
1742261147.271560
1742261147.292458
1742261147.338091
1742261147.357483
1742261147.403409
1742261147.426014
1742261147.471904
1742261147.490711
1742261147.536931
1742261147.559451
1742261147.599951
1742261147.624737
1742261147.671155
1742261147.692450
1742261147.739098
1742261147.757524
1742261147.801256
1742261147.826491
1742261147.867550
1742261147.890867
1742261147.932186
1742261147.961153
1742261147.999456
1742261148.024069
1742261148.071000
1742261148.092402
1742261148.138818
1742261148.157597
1742261148.203033
1742261148.225725
1742261148.270664
1742261148.291007
1742261148.336501
1742261148.359534
1742261148.398851
1742261148.424314
1742261148.471340
1742261148.491788
1742261148.538052
1742261148.557942
1742261148.604587
1742261148.625729
1742261148.671904
1742261148.691273
1742261148.736168
1742261148.759656
1742261148.806071
1742261148.824952
1742261148.871483
1742261148.893162
1742261148.929010
1742261148.965190
1742261149.000933
1742261149.027421
1742261149.061096
1742261149.102099
1742261149.126780
1742261149.171641
1742261149.191544
1742261149.238789
1742261149.259434
1742261149.305004
1742261149.325257
1742261149.371327
1742261149.392734
1742261149.439549
1742261149.458628
1742261149.505911
1742261149.525824
1742261149.572208
1742261149.592165
1742261149.639007
1742261149.659647
1742261149.704440
1742261149.725480
1742261149.772658
1742261149.792704
1742261149.837133
1742261149.858763
1742261149.905557
1742261149.926090
1742261149.969477
1742261149.992060
1742261150.038235
1742261150.059738
1742261150.106442
1742261150.125713
1742261150.171963
1742261150.192962
1742261150.238729
1742261150.259105
1742261150.304838
1742261150.326583
1742261150.369678
1742261150.392210
1742261150.434637
1742261150.459889
1742261150.505201
1742261150.525592
1742261150.567994
1742261150.593868
1742261150.639383
1742261150.659083
1742261150.704040
1742261150.726628
1742261150.770965
1742261150.792369
1742261150.838752
1742261150.859621
1742261150.903673
1742261150.925973
1742261150.969438
1742261150.993208
1742261151.040122
1742261151.059118
1742261151.104623
1742261151.126231
1742261151.171653
1742261151.192491
1742261151.237807
1742261151.259678
1742261151.303359
1742261151.325900
1742261151.367394
1742261151.395464
1742261151.436284
1742261151.459202
1742261151.502737
1742261151.527282
1742261151.573662
1742261151.592695
1742261151.635889
1742261151.660492
1742261151.703676
1742261151.726181
1742261151.770050
1742261151.793713
1742261151.833245
1742261151.859675
1742261151.906681
1742261151.926798
1742261151.972836
1742261151.993089
1742261152.040494
1742261152.059838
1742261152.106465
1742261152.126628
1742261152.172891
1742261152.193928
1742261152.240176
1742261152.260093
1742261152.306053
1742261152.327650
1742261152.372766
1742261152.393517
1742261152.440820
1742261152.460128
1742261152.505789
1742261152.526741
1742261152.572015
1742261152.594191
1742261152.640673
1742261152.660150
1742261152.705386
1742261152.727463
1742261152.773741
1742261152.793446
1742261152.838683
1742261152.860758
1742261152.907496
1742261152.926814
1742261152.968616
1742261152.994433
1742261153.040096
1742261153.060288
1742261153.103036
1742261153.127748
1742261153.171649
1742261153.193630
1742261153.239970
1742261153.260427
1742261153.307273
1742261153.326990
1742261153.370156
1742261153.394400
1742261153.437863
1742261153.460403
1742261153.505958
1742261153.527529
1742261153.573250
1742261153.593889
1742261153.640994
1742261153.660886
1742261153.703315
1742261153.727187
1742261153.770690
1742261153.794562
1742261153.841310
1742261153.860738
1742261153.905312
1742261153.927804
1742261153.974072
1742261153.994120
1742261154.039567
1742261154.061175
1742261154.104216
1742261154.127503
1742261154.173518
1742261154.194309
1742261154.241363
1742261154.261059
1742261154.305628
1742261154.328283
1742261154.372065
1742261154.394329
1742261154.439885
1742261154.461494
1742261154.502307
1742261154.527794
1742261154.570758
1742261154.594971
1742261154.640860
1742261154.661060
1742261154.702931
1742261154.728746
1742261154.770226
1742261154.795589
1742261154.829470
1742261154.871306
1742261154.895524
1742261154.941456
1742261154.961309
1742261155.004597
1742261155.028578
1742261155.071269
1742261155.094605
1742261155.136576
1742261155.162165
1742261155.204106
1742261155.227962
1742261155.272765
1742261155.295278
1742261155.341667
1742261155.361474
1742261155.404257
1742261155.429716
1742261155.471069
1742261155.494779
