1753457451.339058
1753457451.438545
1753457451.472111
1753457451.505738
1753457451.538402
1753457451.573116
1753457451.606563
1753457451.639845
1753457451.672832
1753457451.711422
1753457451.746247
1753457451.782724
1753457451.817906
1753457451.845844
1753457451.880377
1753457451.918344
1753457451.945779
1753457451.982218
1753457452.016159
1753457452.049515
1753457452.082934
1753457452.114510
1753457452.150845
1753457452.184417
1753457452.221311
1753457452.252537
1753457452.286533
1753457452.318289
1753457452.351368
1753457452.379046
1753457452.419220
1753457452.449993
1753457452.482115
1753457452.517344
1753457452.551741
1753457452.578487
1753457452.616591
1753457452.650629
1753457452.679187
1753457452.719345
1753457452.747904
1753457452.787375
1753457452.809762
1753457452.839953
1753457452.876373
1753457452.916495
1753457452.939728
1753457452.976143
1753457453.009831
1753457453.043073
1753457453.085538
1753457453.106237
1753457453.142314
1753457453.181736
1753457453.205277
1753457453.239729
1753457453.277062
1753457453.311110
1753457453.343348
1753457453.372921
1753457453.410907
1753457453.444426
1753457453.478658
1753457453.506284
1753457453.545231
1753457453.577051
1753457453.611975
1753457453.639559
1753457453.675231
1753457453.712300
1753457453.743870
1753457453.772985
1753457453.814595
1753457453.840015
1753457453.886949
1753457453.906583
1753457453.947023
1753457453.974208
1753457454.017233
1753457454.039918
1753457454.077930
1753457454.113398
1753457454.143700
1753457454.173436
1753457454.211520
1753457454.248864
1753457454.274180
1753457454.307903
1753457454.349647
1753457454.374192
1753457454.417279
1753457454.440268
1753457454.481636
1753457454.507370
1753457454.551153
1753457454.573576
1753457454.613593
1753457454.642002
1753457454.684731
1753457454.706788
1753457454.748904
1753457454.774544
1753457454.817893
1753457454.840386
1753457454.881619
1753457454.908418
1753457454.952092
1753457454.973715
1753457455.015785
1753457455.041113
1753457455.084349
1753457455.106990
1753457455.148700
1753457455.175090
1753457455.217789
1753457455.240572
1753457455.283030
1753457455.307190
1753457455.345149
1753457455.373814
1753457455.414238
1753457455.449798
1753457455.477865
1753457455.508345
1753457455.550346
1753457455.575388
1753457455.618914
1753457455.640695
1753457455.683228
1753457455.709539
1753457455.752443
1753457455.774373
1753457455.817112
1753457455.844138
1753457455.884653
1753457455.907602
1753457455.951480
1753457455.975581
1753457456.018835
1753457456.041149
1753457456.082404
1753457456.111761
1753457456.148684
1753457456.174770
1753457456.217335
1753457456.243224
1753457456.284990
1753457456.307986
1753457456.345241
1753457456.385162
1753457456.412204
1753457456.443407
1753457456.481233
1753457456.516919
1753457456.544015
1753457456.575472
1753457456.618761
1753457456.643024
1753457456.685676
1753457456.707924
1753457456.751100
1753457456.777536
1753457456.819009
1753457456.841376
1753457456.883335
1753457456.911749
1753457456.952941
1753457456.974922
1753457457.018774
1753457457.043324
1753457457.085460
1753457457.108077
1753457457.150187
1753457457.177586
1753457457.219383
1753457457.241653
1753457457.285765
1753457457.310330
1753457457.345941
1753457457.377359
1753457457.415101
1753457457.451135
1753457457.479809
1753457457.510682
1753457457.550398
1753457457.579910
1753457457.619451
1753457457.641708
1753457457.685318
1753457457.712117
1753457457.753931
1753457457.775165
1753457457.818864
1753457457.843847
1753457457.883287
1753457457.909651
1753457457.952596
1753457457.977536
1753457458.019236
1753457458.042081
1753457458.082828
1753457458.114381
1753457458.147154
1753457458.178037
1753457458.219596
1753457458.245099
1753457458.285797
1753457458.309147
1753457458.352682
1753457458.377734
1753457458.419690
1753457458.442610
1753457458.485674
1753457458.511677
1753457458.553339
1753457458.575939
1753457458.618952
1753457458.646980
1753457458.687208
1753457458.708992
1753457458.752550
1753457458.779681
1753457458.820318
1753457458.842586
1753457458.885646
1753457458.912168
1753457458.953406
1753457458.975790
1753457459.018954
1753457459.043469
1753457459.086014
1753457459.109491
1753457459.147793
1753457459.182635
1753457459.219062
1753457459.242774
1753457459.284797
1753457459.314097
1753457459.353698
1753457459.376333
1753457459.416419
1753457459.450120
1753457459.482908
1753457459.509419
1753457459.551668
1753457459.578105
1753457459.619435
1753457459.642436
1753457459.687878
1753457459.711309
1753457459.753207
1753457459.775900
1753457459.818879
1753457459.846386
1753457459.886419
1753457459.909506
1753457459.952171
1753457459.979620
1753457460.018410
1753457460.042820
1753457460.085005
1753457460.113486
1753457460.149256
1753457460.176354
1753457460.219033
1753457460.246955
1753457460.286431
1753457460.309584
1753457460.352226
1753457460.380361
1753457460.419910
1753457460.443053
1753457460.485975
1753457460.514387
1753457460.552961
1753457460.576456
1753457460.617728
1753457460.649959
1753457460.683548
1753457460.710141
1753457460.752920
1753457460.780174
1753457460.820787
1753457460.843261
1753457460.886213
1753457460.914433
1753457460.952182
1753457460.976593
1753457461.017493
1753457461.050606
1753457461.083476
1753457461.110248
1753457461.147121
1753457461.183645
1753457461.218569
1753457461.253180
1753457461.276766
1753457461.320837
1753457461.346946
1753457461.387109
1753457461.412863
1753457461.447479
1753457461.483668
1753457461.519330
1753457461.549436
1753457461.579244
1753457461.619719
1753457461.649336
1753457461.685929
1753457461.710481
1753457461.753458
1753457461.782875
1753457461.818864
1753457461.843682
1753457461.886587
1753457461.913669
1753457461.953745
1753457461.977037
1753457462.019757
1753457462.045919
1753457462.085464
1753457462.110607
1753457462.148493
1753457462.183948
1753457462.219015
1753457462.243941
1753457462.284841
1753457462.318745
1753457462.348778
1753457462.377368
1753457462.419272
1753457462.448626
1753457462.486357
1753457462.510664
1753457462.553460
1753457462.581563
1753457462.619061
1753457462.644073
1753457462.686769
1753457462.716087
1753457462.752124
1753457462.778593
1753457462.820022
1753457462.850132
1753457462.887310
1753457462.910988
1753457462.954700
1753457462.983632
1753457463.019584
1753457463.044580
1753457463.088559
1753457463.112930
1753457463.150367
1753457463.180855
1753457463.221179
1753457463.251421
1753457463.283303
1753457463.311434
1753457463.353383
1753457463.383959
1753457463.419741
1753457463.446197
1753457463.487720
1753457463.518294
1753457463.553851
1753457463.578222
1753457463.619560
1753457463.651939
1753457463.686394
1753457463.711799
1753457463.753071
1753457463.782924
1753457463.819523
1753457463.844783
1753457463.886479
1753457463.914335
1753457463.952319
1753457463.978288
1753457464.019654
1753457464.050563
1753457464.086509
1753457464.111804
1753457464.151500
1753457464.185653
1753457464.219313
1753457464.245438
1753457464.285749
1753457464.316898
1753457464.354372
1753457464.378452
1753457464.420098
1753457464.452043
1753457464.486196
1753457464.511912
1753457464.549576
1753457464.585475
1753457464.620831
1753457464.645256
1753457464.686698
1753457464.718275
1753457464.752976
1753457464.779188
1753457464.820423
1753457464.851372
1753457464.887320
1753457464.912010
1753457464.953806
1753457464.985155
1753457465.020225
1753457465.045725
1753457465.086591
1753457465.119444
1753457465.150884
1753457465.179118
1753457465.222035
1753457465.251854
1753457465.286272
1753457465.313855
1753457465.354521
1753457465.385198
1753457465.420232
1753457465.446508
1753457465.486958
1753457465.518450
1753457465.553627
1753457465.579051
1753457465.620526
1753457465.651003
1753457465.686411
1753457465.712528
1753457465.753723
1753457465.785118
1753457465.820718
1753457465.846011
1753457465.887533
1753457465.918420
1753457465.954047
1753457465.979275
1753457466.020959
1753457466.051650
1753457466.086835
1753457466.114318
1753457466.149104
1753457466.185963
1753457466.220837
1753457466.246626
1753457466.286109
1753457466.317865
1753457466.349775
1753457466.378959
1753457466.422329
1753457466.452021
1753457466.486402
1753457466.514671
1753457466.554890
1753457466.585380
1753457466.620098
1753457466.651060
1753457466.685556
1753457466.720225
1753457466.752304
1753457466.784441
1753457466.819793
1753457466.853263
1753457466.886485
1753457466.915050
1753457466.955470
1753457466.985955
1753457467.021695
1753457467.046841
1753457467.088351
1753457467.116418
1753457467.152721
1753457467.183843
1753457467.221083
1753457467.252953
1753457467.286878
1753457467.315486
1753457467.354933
1753457467.385617
1753457467.418279
1753457467.448977
1753457467.487653
1753457467.519163
1753457467.554380
1753457467.580407
1753457467.621654
1753457467.650761
1753457467.689637
1753457467.713357
1753457467.754300
1753457467.785252
1753457467.820473
1753457467.847549
1753457467.885106
1753457467.920811
1753457467.955461
1753457467.980248
1753457468.021216
1753457468.050668
1753457468.085886
1753457468.117221
1753457468.151945
1753457468.186626
1753457468.219227
1753457468.251587
1753457468.285385
1753457468.320597
1753457468.353066
1753457468.384881
1753457468.418567
1753457468.454643
1753457468.487230
1753457468.516177
1753457468.555686
1753457468.587812
1753457468.620858
1753457468.648588
1753457468.687691
1753457468.721573
1753457468.755278
1753457468.781254
1753457468.820956
1753457468.853370
1753457468.887424
1753457468.915974
1753457468.954593
1753457468.987810
1753457469.020731
1753457469.047129
1753457469.088229
1753457469.121300
1753457469.151967
1753457469.186201
1753457469.220185
1753457469.254907
1753457469.289075
1753457469.317012
1753457469.355561
1753457469.387191
1753457469.422095
1753457469.448145
1753457469.486657
1753457469.519669
1753457469.555250
1753457469.589097
1753457469.614280
1753457469.656254
1753457469.686535
1753457469.721339
1753457469.756205
1753457469.784511
1753457469.820883
1753457469.854884
1753457469.890094
1753457469.915575
1753457469.956052
1753457469.986596
1753457470.019696
1753457470.052341
1753457470.085606
1753457470.120845
1753457470.151544
1753457470.185760
1753457470.221262
1753457470.256126
1753457470.286024
1753457470.319962
1753457470.353860
1753457470.387569
1753457470.422459
1753457470.451925
1753457470.488019
1753457470.522891
1753457470.553940
1753457470.587289
1753457470.619317
1753457470.655380
1753457470.690049
1753457470.718833
1753457470.755245
1753457470.790101
1753457470.820053
1753457470.852535
1753457470.887804
1753457470.922525
1753457470.956369
1753457470.982580
1753457471.022586
1753457471.050554
1753457471.087475
1753457471.117947
1753457471.153752
1753457471.186674
1753457471.221349
1753457471.252616
1753457471.286955
1753457471.320464
1753457471.354880
1753457471.385509
1753457471.421594
1753457471.455014
1753457471.489211
1753457471.516010
1753457471.556639
1753457471.587699
1753457471.621242
1753457471.651674
1753457471.688946
1753457471.722412
1753457471.757424
1753457471.783148
1753457471.823816
1753457471.852845
1753457471.887369
1753457471.919464
1753457471.956427
1753457471.987486
1753457472.022515
1753457472.052710
1753457472.087313
1753457472.121448
1753457472.152537
1753457472.186367
1753457472.220267
1753457472.253180
1753457472.290759
1753457472.319232
1753457472.354883
1753457472.389984
1753457472.423557
1753457472.452337
1753457472.488785
1753457472.523532
1753457472.556727
1753457472.586190
1753457472.622615
1753457472.653948
1753457472.688942
1753457472.722281
1753457472.754975
1753457472.790287
1753457472.823111
1753457472.852738
1753457472.889537
1753457472.921123
1753457472.956327
1753457472.986342
1753457473.026225
1753457473.050982
1753457473.088040
1753457473.120005
1753457473.154330
1753457473.188960
1753457473.222439
1753457473.253042
1753457473.289143
1753457473.321986
1753457473.354502
1753457473.383909
1753457473.422016
1753457473.454731
1753457473.489679
1753457473.518180
1753457473.555850
1753457473.590622
1753457473.620374
1753457473.653324
1753457473.688161
1753457473.723336
1753457473.754710
1753457473.786445
1753457473.822073
1753457473.855400
1753457473.890287
1753457473.919009
1753457473.955680
1753457473.991250
1753457474.023811
1753457474.050591
1753457474.087834
1753457474.122817
1753457474.155268
1753457474.187769
1753457474.222828
1753457474.254614
1753457474.289784
1753457474.320058
1753457474.356678
1753457474.388253
1753457474.424378
1753457474.451408
1753457474.488492
1753457474.527659
1753457474.554457
1753457474.586369
1753457474.621836
1753457474.659093
1753457474.688718
1753457474.721823
1753457474.756164
1753457474.787447
1753457474.824136
1753457474.853717
1753457474.890230
1753457474.924739
1753457474.952003
1753457474.988902
1753457475.020535
1753457475.059019
1753457475.091092
1753457475.120546
1753457475.156419
1753457475.191553
1753457475.222241
1753457475.253302
1753457475.289873
1753457475.325252
1753457475.354883
1753457475.387329
1753457475.423522
1753457475.455054
1753457475.489864
1753457475.521112
1753457475.557941
1753457475.591218
1753457475.625982
1753457475.653452
1753457475.690284
1753457475.725507
1753457475.755168
1753457475.789736
1753457475.821267
1753457475.859380
1753457475.888181
1753457475.923717
1753457475.954359
1753457475.990306
1753457476.022253
1753457476.054241
1753457476.090533
1753457476.125100
1753457476.155679
1753457476.189957
1753457476.221324
1753457476.261529
1753457476.288105
1753457476.323894
1753457476.354811
1753457476.392450
1753457476.426465
1753457476.453189
1753457476.490726
1753457476.522271
1753457476.557275
1753457476.586996
1753457476.624302
1753457476.658810
1753457476.689653
1753457476.720559
1753457476.761968
1753457476.787689
1753457476.824642
1753457476.854073
1753457476.894795
1753457476.920667
1753457476.957809
1753457476.987862
1753457477.024044
1753457477.056917
1753457477.089886
1753457477.122686
1753457477.153966
1753457477.194591
1753457477.220969
1753457477.257732
1753457477.287352
1753457477.320706
1753457477.353834
1753457477.390232
1753457477.423101
1753457477.459031
1753457477.490839
1753457477.521527
1753457477.557060
1753457477.591146
1753457477.626830
1753457477.653324
1753457477.691803
1753457477.724752
1753457477.756282
1753457477.787998
1753457477.826522
1753457477.855027
1753457477.891382
1753457477.928516
1753457477.952128
1753457477.995793
1753457478.021098
1753457478.061574
1753457478.088460
1753457478.123141
1753457478.154190
1753457478.196438
1753457478.221186
1753457478.257954
1753457478.288749
1753457478.327075
1753457478.355508
1753457478.396573
1753457478.419659
1753457478.460829
1753457478.490430
1753457478.525693
1753457478.555808
1753457478.596929
1753457478.621391
1753457478.658837
1753457478.689685
1753457478.724443
1753457478.762231
1753457478.787027
1753457478.824590
1753457478.857303
1753457478.897111
1753457478.919678
1753457478.960106
1753457478.989414
1753457479.028702
1753457479.053753
1753457479.096411
1753457479.121436
1753457479.158141
1753457479.188283
1753457479.225375
1753457479.256963
1753457479.296613
1753457479.319340
1753457479.362669
1753457479.389232
1753457479.428079
1753457479.454102
1753457479.495313
1753457479.522044
1753457479.558586
1753457479.588897
1753457479.624898
1753457479.657293
1753457479.697172
1753457479.719423
1753457479.760923
1753457479.788249
1753457479.827039
1753457479.853088
1753457479.889934
1753457479.929920
1753457479.954696
1753457479.989873
1753457480.020828
1753457480.055975
1753457480.088845
1753457480.128413
1753457480.152594
1753457480.198680
1753457480.221247
1753457480.259941
1753457480.287735
1753457480.325180
1753457480.363939
1753457480.386949
1753457480.431519
1753457480.454767
1753457480.490074
1753457480.522851
1753457480.558452
1753457480.587350
1753457480.629671
1753457480.654196
1753457480.694353
1753457480.722372
1753457480.761527
1753457480.788508
1753457480.826408
1753457480.859150
1753457480.889233
1753457480.924181
1753457480.960856
1753457480.988699
1753457481.031131
1753457481.053752
1753457481.097811
1753457481.121449
1753457481.158256
1753457481.188306
1753457481.228678
1753457481.255871
1753457481.295275
1753457481.320354
1753457481.366525
1753457481.386923
1753457481.429815
1753457481.453967
1753457481.490912
1753457481.530215
1753457481.555980
1753457481.590330
1753457481.626033
1753457481.662134
1753457481.689142
1753457481.724224
1753457481.759431
1753457481.790932
1753457481.832640
1753457481.854614
1753457481.894386
1753457481.926120
1753457481.958853
1753457481.989753
1753457482.031834
1753457482.055023
1753457482.097663
1753457482.120839
1753457482.158917
1753457482.198901
1753457482.221530
1753457482.263807
1753457482.287938
1753457482.331498
1753457482.355123
1753457482.392873
1753457482.422248
1753457482.464802
1753457482.488308
1753457482.527053
1753457482.556412
1753457482.597860
1753457482.623384
1753457482.661932
1753457482.688552
1753457482.732052
1753457482.755262
1753457482.795595
1753457482.821982
1753457482.864887
1753457482.888754
1753457482.926380
1753457482.958062
1753457483.000927
1753457483.022023
1753457483.059211
1753457483.094889
1753457483.127956
1753457483.155644
1753457483.197005
1753457483.221404
1753457483.261393
1753457483.294335
1753457483.322037
1753457483.362208
1753457483.395188
1753457483.425362
1753457483.455202
1753457483.490923
1753457483.528412
1753457483.556881
1753457483.588994
1753457483.625265
1753457483.658001
1753457483.693734
1753457483.721884
1753457483.765029
1753457483.788759
1753457483.831009
1753457483.854920
1753457483.896845
1753457483.923289
1753457483.966068
1753457483.988537
1753457484.031646
1753457484.055821
1753457484.097725
1753457484.121443
1753457484.158229
1753457484.196615
1753457484.223183
1753457484.261783
1753457484.288933
1753457484.332508
1753457484.355813
1753457484.395437
1753457484.422439
1753457484.465812
1753457484.489632
1753457484.531433
1753457484.555312
1753457484.597384
1753457484.625086
1753457484.659731
1753457484.697491
1753457484.725012
1753457484.767913
1753457484.788732
1753457484.832084
1753457484.857921
1753457484.900862
1753457484.922118
1753457484.965728
1753457484.990777
1753457485.034379
1753457485.055616
1753457485.099958
1753457485.122692
1753457485.156888
1753457485.194857
1753457485.222595
1753457485.258394
1753457485.297847
1753457485.322541
1753457485.365083
1753457485.389631
1753457485.432517
1753457485.456050
1753457485.496917
1753457485.530463
1753457485.558667
1753457485.594238
1753457485.628031
1753457485.662961
1753457485.697985
1753457485.722808
1753457485.768950
1753457485.789430
1753457485.832443
1753457485.856312
1753457485.895764
1753457485.930979
1753457485.961923
1753457485.990676
1753457486.033081
1753457486.056610
1753457486.098984
1753457486.123114
1753457486.159076
1753457486.197897
1753457486.229736
1753457486.265709
1753457486.289617
1753457486.333850
1753457486.356516
1753457486.396133
1753457486.431981
1753457486.456885
1753457486.499240
1753457486.524357
1753457486.564267
1753457486.589856
1753457486.632536
1753457486.656614
1753457486.694624
1753457486.723395
1753457486.767085
1753457486.790086
1753457486.832179
1753457486.856648
1753457486.901033
1753457486.923390
1753457486.967714
1753457486.989886
1753457487.033905
1753457487.056835
1753457487.100428
1753457487.123985
1753457487.159989
1753457487.199776
1753457487.224644
1753457487.266451
1753457487.290250
1753457487.337156
1753457487.357164
1753457487.400751
1753457487.424295
1753457487.466011
1753457487.493099
1753457487.532607
1753457487.556756
1753457487.602770
1753457487.624196
1753457487.664702
1753457487.689986
1753457487.732951
1753457487.759667
1753457487.790268
1753457487.832364
1753457487.857728
1753457487.899569
1753457487.923631
1753457487.965837
1753457487.992678
1753457488.035304
1753457488.056749
1753457488.100065
1753457488.124459
1753457488.160085
1753457488.190779
1753457488.231289
1753457488.264958
1753457488.291295
1753457488.324331
1753457488.359355
1753457488.394590
1753457488.436135
1753457488.457223
1753457488.500404
1753457488.528974
1753457488.569088
1753457488.591076
1753457488.633910
1753457488.660989
1753457488.701841
1753457488.724452
1753457488.767839
1753457488.794527
1753457488.836053
1753457488.857536
1753457488.898014
1753457488.931269
1753457488.966215
1753457488.992361
1753457489.034879
1753457489.058337
1753457489.100489
1753457489.125272
1753457489.161770
1753457489.201284
1753457489.225098
1753457489.267481
1753457489.292375
1753457489.335522
1753457489.358832
1753457489.394543
1753457489.431651
1753457489.467357
1753457489.494535
1753457489.526395
1753457489.566409
1753457489.595733
1753457489.635887
1753457489.657522
1753457489.702342
1753457489.725356
1753457489.765265
1753457489.791256
1753457489.833323
1753457489.861723
1753457489.902721
1753457489.924394
1753457489.968137
1753457489.992390
1753457490.035183
1753457490.057934
1753457490.103540
1753457490.126220
1753457490.161707
1753457490.195576
1753457490.230880
1753457490.267640
1753457490.296050
1753457490.329357
1753457490.364663
1753457490.401077
1753457490.430682
1753457490.459923
1753457490.500677
1753457490.529560
1753457490.569286
1753457490.591258
1753457490.627551
1753457490.663033
1753457490.695477
1753457490.724691
1753457490.761069
1753457490.797662
1753457490.829525
1753457490.857139
1753457490.893780
1753457490.929485
1753457490.961652
1753457490.993466
1753457491.035014
1753457491.063912
1753457491.103783
1753457491.125282
1753457491.161852
1753457491.202816
1753457491.226125
1753457491.268536
1753457491.294110
1753457491.335944
1753457491.360077
1753457491.399593
1753457491.427940
1753457491.469894
1753457491.493006
1753457491.534776
1753457491.559047
1753457491.602516
1753457491.630460
1753457491.661452
1753457491.702436
1753457491.731315
1753457491.770042
1753457491.792342
1753457491.835324
1753457491.863262
1753457491.894155
1753457491.936084
1753457491.959753
1753457492.002569
1753457492.031330
1753457492.063585
1753457492.099261
1753457492.134975
1753457492.160554
1753457492.199997
1753457492.227659
1753457492.269659
1753457492.294915
1753457492.333403
1753457492.362237
1753457492.402796
1753457492.428681
1753457492.461657
1753457492.502135
1753457492.531495
1753457492.566168
1753457492.593343
1753457492.635183
1753457492.665172
1753457492.701950
1753457492.727313
1753457492.769197
1753457492.798459
1753457492.835849
1753457492.860456
1753457492.902751
1753457492.930798
1753457492.971400
1753457492.992933
1753457493.035979
1753457493.061799
1753457493.103209
1753457493.126477
1753457493.163599
1753457493.202523
1753457493.229794
1753457493.262498
1753457493.302412
1753457493.326314
1753457493.370436
1753457493.392654
1753457493.435889
1753457493.461994
1753457493.497902
1753457493.526236
1753457493.568538
1753457493.594299
1753457493.636911
1753457493.659420
1753457493.702106
1753457493.731292
1753457493.769579
1753457493.793285
1753457493.837467
1753457493.862443
1753457493.903159
1753457493.926239
1753457493.969079
1753457493.996796
1753457494.035651
1753457494.059883
1753457494.102253
1753457494.130363
1753457494.163713
1753457494.196777
1753457494.231509
1753457494.270535
1753457494.297269
1753457494.329769
1753457494.367082
1753457494.401952
1753457494.434255
1753457494.460109
1753457494.504856
1753457494.529959
1753457494.569685
1753457494.604359
1753457494.626705
1753457494.669946
1753457494.698321
1753457494.735721
1753457494.762761
1753457494.798944
1753457494.833311
1753457494.870185
1753457494.900043
1753457494.929938
1753457494.970179
1753457494.999373
1753457495.034923
1753457495.060296
1753457495.103495
1753457495.130843
1753457495.164434
1753457495.197310
1753457495.235193
1753457495.268430
1753457495.303175
1753457495.327064
1753457495.370111
1753457495.399885
1753457495.436798
1753457495.461175
1753457495.502589
1753457495.532284
1753457495.567853
1753457495.598250
1753457495.631103
1753457495.668764
1753457495.702307
1753457495.727953
1753457495.770018
1753457495.800975
1753457495.836360
1753457495.860698
1753457495.903163
1753457495.933575
1753457495.970228
1753457495.993908
1753457496.037159
1753457496.066404
1753457496.102425
1753457496.127822
1753457496.164603
1753457496.205046
1753457496.230387
1753457496.264478
1753457496.301555
1753457496.336924
1753457496.367480
1753457496.396825
1753457496.435833
1753457496.468510
1753457496.503397
1753457496.527901
1753457496.569273
1753457496.602144
1753457496.635193
1753457496.662412
1753457496.703076
1753457496.734233
1753457496.769174
1753457496.797319
1753457496.835954
1753457496.869107
1753457496.902948
1753457496.931173
1753457496.971036
1753457497.001280
1753457497.036384
1753457497.065077
1753457497.101196
1753457497.137312
1753457497.163081
1753457497.203240
1753457497.231767
1753457497.270409
1753457497.300504
1753457497.332685
1753457497.367540
1753457497.402807
1753457497.435283
1753457497.463181
1753457497.503646
1753457497.533197
1753457497.568761
1753457497.596000
1753457497.636839
1753457497.667858
1753457497.702884
1753457497.728425
1753457497.768448
1753457497.803075
1753457497.835704
1753457497.863059
1753457497.903338
1753457497.934372
1753457497.969321
1753457497.996515
1753457498.033918
1753457498.069660
1753457498.103725
1753457498.131491
1753457498.168041
1753457498.203468
1753457498.235317
1753457498.265033
1753457498.298741
1753457498.337698
1753457498.368545
1753457498.398454
1753457498.436036
1753457498.470561
1753457498.502050
1753457498.532419
1753457498.568393
1753457498.603727
1753457498.635401
1753457498.666553
1753457498.703142
1753457498.736597
1753457498.770826
1753457498.799693
1753457498.836587
1753457498.868786
1753457498.902959
1753457498.933983
1753457498.969365
1753457499.004154
1753457499.035293
1753457499.065945
1753457499.102631
1753457499.137452
1753457499.164883
1753457499.196494
1753457499.236605
1753457499.266304
1753457499.301865
1753457499.328244
1753457499.363810
1753457499.400792
1753457499.437096
1753457499.463904
1753457499.502450
1753457499.536893
1753457499.568591
1753457499.597906
1753457499.638154
1753457499.665109
1753457499.701674
1753457499.733724
1753457499.767194
1753457499.802915
1753457499.838081
1753457499.862664
1753457499.904381
1753457499.935571
1753457499.970575
1753457499.996109
1753457500.037373
1753457500.068791
1753457500.102735
1753457500.129808
1753457500.166099
1753457500.205473
1753457500.235363
1753457500.264339
1753457500.304227
1753457500.336661
1753457500.368935
1753457500.399284
1753457500.434038
1753457500.470030
1753457500.504046
1753457500.531270
1753457500.569193
1753457500.604180
1753457500.637267
1753457500.666883
1753457500.702909
1753457500.737716
1753457500.769607
1753457500.799953
1753457500.837917
1753457500.871062
1753457500.903816
1753457500.933424
1753457500.971884
1753457501.003262
1753457501.035912
1753457501.067215
1753457501.102702
1753457501.137927
1753457501.168353
1753457501.199859
1753457501.237682
1753457501.269615
1753457501.303826
1753457501.334963
1753457501.369591
1753457501.403682
1753457501.437391
1753457501.466202
1753457501.505666
1753457501.535740
1753457501.570330
1753457501.600875
1753457501.636930
1753457501.669614
1753457501.704098
1753457501.730561
1753457501.769007
1753457501.803992
1753457501.838268
1753457501.863821
1753457501.904565
1753457501.936101
1753457501.971694
1753457501.996993
1753457502.039038
1753457502.070012
1753457502.104110
1753457502.133420
1753457502.170306
1753457502.205333
1753457502.238836
1753457502.267127
1753457502.306434
1753457502.336298
1753457502.371571
1753457502.401687
1753457502.436990
1753457502.471393
1753457502.504285
1753457502.534826
1753457502.569645
1753457502.604646
1753457502.638499
1753457502.668485
1753457502.703474
1753457502.738468
1753457502.769184
1753457502.803412
1753457502.835350
1753457502.870562
1753457502.904641
1753457502.939736
1753457502.964293
1753457503.004322
1753457503.036707
1753457503.067973
1753457503.104138
1753457503.131730
1753457503.169840
1753457503.203021
1753457503.236261
1753457503.265474
1753457503.305598
1753457503.337710
1753457503.370113
1753457503.398504
1753457503.438774
1753457503.471257
1753457503.505656
1753457503.531832
1753457503.568010
1753457503.599651
1753457503.638900
1753457503.667435
1753457503.706986
1753457503.736391
1753457503.769615
1753457503.799059
1753457503.839792
1753457503.869831
1753457503.903701
1753457503.932284
1753457503.972990
1753457504.002346
1753457504.037846
1753457504.064528
1753457504.104668
1753457504.139331
1753457504.164932
1753457504.202780
1753457504.235639
1753457504.267588
1753457504.300874
1753457504.335803
1753457504.370364
1753457504.404747
1753457504.439062
1753457504.465614
1753457504.506009
1753457504.538942
1753457504.571684
1753457504.601556
1753457504.637437
1753457504.671588
1753457504.706453
1753457504.735158
1753457504.769500
1753457504.802829
1753457504.836701
1753457504.869402
1753457504.904150
1753457504.938660
1753457504.973309
1753457504.999209
1753457505.038285
1753457505.072764
1753457505.103435
1753457505.135963
1753457505.168171
1753457505.204533
1753457505.238727
1753457505.268157
1753457505.306706
1753457505.337452
1753457505.372089
1753457505.400674
1753457505.438889
1753457505.470470
1753457505.504238
1753457505.534344
1753457505.570776
1753457505.605495
1753457505.639505
1753457505.667369
1753457505.703282
1753457505.740210
1753457505.769703
1753457505.802799
1753457505.837377
1753457505.872288
1753457505.907177
1753457505.932135
1753457505.972693
1753457506.003526
1753457506.037247
1753457506.069057
1753457506.104161
1753457506.139105
1753457506.170752
1753457506.199501
1753457506.239865
1753457506.269264
1753457506.308209
1753457506.332184
1753457506.373160
1753457506.403526
1753457506.437972
1753457506.469228
1753457506.505484
1753457506.539776
1753457506.571526
1753457506.603015
1753457506.638374
1753457506.671680
1753457506.706777
1753457506.735945
1753457506.772648
1753457506.804255
1753457506.839990
1753457506.868551
1753457506.909194
1753457506.937077
1753457506.975054
1753457506.999595
1753457507.039897
1753457507.070539
1753457507.105656
1753457507.136097
1753457507.171989
1753457507.206521
1753457507.237703
1753457507.270744
1753457507.306609
1753457507.339345
1753457507.371056
1753457507.403242
1753457507.439312
1753457507.471143
1753457507.507366
1753457507.535298
1753457507.572231
1753457507.608140
1753457507.638290
1753457507.669875
1753457507.704695
1753457507.740984
1753457507.770250
1753457507.803161
1753457507.838086
1753457507.873393
1753457507.907901
1753457507.933933
1753457507.974265
1753457508.004871
1753457508.039901
1753457508.069052
1753457508.107508
1753457508.137937
1753457508.171195
1753457508.203263
1753457508.240029
1753457508.270526
1753457508.309864
1753457508.333625
1753457508.369624
1753457508.406404
1753457508.440165
1753457508.468322
1753457508.509140
1753457508.538651
1753457508.572124
1753457508.603243
1753457508.643065
1753457508.669423
1753457508.707292
1753457508.736691
1753457508.772072
1753457508.804773
1753457508.844925
1753457508.866964
1753457508.905371
1753457508.941979
1753457508.969699
1753457509.005702
1753457509.040720
1753457509.073439
1753457509.104778
1753457509.140505
1753457509.168431
1753457509.209514
1753457509.238166
1753457509.273562
1753457509.301254
1753457509.340612
1753457509.375865
1753457509.403253
1753457509.440187
1753457509.475071
1753457509.506370
1753457509.538768
1753457509.571578
1753457509.606538
1753457509.640164
1753457509.668403
1753457509.710736
1753457509.735791
1753457509.773024
1753457509.804253
1753457509.843195
1753457509.870968
1753457509.912600
1753457509.934172
1753457509.972956
1753457510.008025
1753457510.042168
1753457510.068724
1753457510.108552
1753457510.139649
1753457510.171672
1753457510.203550
1753457510.238584
1753457510.274684
1753457510.305440
1753457510.333694
1753457510.369289
1753457510.408717
1753457510.438080
1753457510.470849
1753457510.511824
1753457510.534684
1753457510.572132
1753457510.601289
1753457510.641178
1753457510.675735
1753457510.708112
1753457510.735874
1753457510.774749
1753457510.807101
1753457510.842110
1753457510.870232
1753457510.911204
1753457510.938186
1753457510.974922
1753457511.004231
1753457511.044441
1753457511.071467
1753457511.108603
1753457511.137558
1753457511.175545
1753457511.206463
1753457511.238225
1753457511.276219
1753457511.301825
1753457511.342766
1753457511.371540
1753457511.411018
1753457511.438174
1753457511.475394
1753457511.505767
1753457511.546619
1753457511.570966
1753457511.608644
1753457511.638359
1753457511.674906
1753457511.712048
1753457511.736786
1753457511.774143
1753457511.810528
1753457511.838532
1753457511.873549
1753457511.906072
1753457511.943668
1753457511.971455
1753457512.004766
1753457512.040768
1753457512.076655
1753457512.104609
1753457512.140272
1753457512.171001
1753457512.213093
1753457512.237477
1753457512.273996
1753457512.305404
1753457512.342527
1753457512.378179
1753457512.402839
1753457512.447768
1753457512.470796
1753457512.513617
1753457512.535916
1753457512.574328
1753457512.609764
1753457512.638389
1753457512.675360
1753457512.704472
1753457512.739832
1753457512.777070
1753457512.804081
1753457512.841258
1753457512.872868
1753457512.912422
1753457512.935970
1753457512.971505
1753457513.008163
1753457513.039961
1753457513.072186
1753457513.109063
1753457513.140610
1753457513.173081
1753457513.206816
1753457513.241655
1753457513.277994
1753457513.305180
1753457513.341393
1753457513.375110
1753457513.411142
1753457513.439119
1753457513.476388
1753457513.504682
1753457513.546376
1753457513.571953
1753457513.604217
1753457513.640952
1753457513.671911
1753457513.703413
1753457513.741066
1753457513.775625
1753457513.812359
1753457513.839050
1753457513.872539
1753457513.908589
1753457513.943849
1753457513.971921
1753457514.005130
1753457514.041908
1753457514.080080
1753457514.104597
1753457514.141321
1753457514.174169
1753457514.210217
1753457514.239054
1753457514.276148
1753457514.305366
1753457514.348058
1753457514.371266
1753457514.412059
1753457514.437782
1753457514.476447
1753457514.510334
1753457514.537910
1753457514.577948
1753457514.610479
1753457514.639302
1753457514.676926
1753457514.705290
1753457514.742920
1753457514.778129
1753457514.805288
1753457514.842768
1753457514.875056
1753457514.916714
1753457514.937387
1753457514.976186
1753457515.008254
1753457515.050243
1753457515.071143
1753457515.110489
1753457515.143033
1753457515.177296
1753457515.204964
1753457515.243505
1753457515.272679
1753457515.313456
1753457515.337535
1753457515.376238
1753457515.409408
1753457515.439361
1753457515.476745
1753457515.506597
1753457515.546358
1753457515.571886
1753457515.610276
1753457515.638538
1753457515.678474
1753457515.706105
1753457515.741859
1753457515.771868
1753457515.812893
1753457515.839464
1753457515.875270
1753457515.911213
1753457515.944638
1753457515.977497
1753457516.004232
1753457516.042256
1753457516.081086
1753457516.104712
1753457516.143985
1753457516.170679
1753457516.216282
1753457516.238078
1753457516.280697
1753457516.304558
1753457516.351009
1753457516.371288
1753457516.413802
1753457516.437440
1753457516.484083
1753457516.504820
1753457516.545912
1753457516.571670
1753457516.610028
1753457516.640407
1753457516.680029
1753457516.705029
1753457516.746267
1753457516.774767
1753457516.813401
1753457516.838249
1753457516.880818
1753457516.905667
1753457516.945603
1753457516.971908
1753457517.017808
1753457517.038448
1753457517.077834
1753457517.104082
1753457517.147004
1753457517.172981
1753457517.214832
1753457517.238243
1753457517.279523
1753457517.311145
1753457517.338675
1753457517.379836
1753457517.407284
1753457517.448510
1753457517.471711
1753457517.512058
1753457517.546363
1753457517.577613
1753457517.605831
1753457517.646711
1753457517.673443
1753457517.714963
1753457517.738394
1753457517.779516
1753457517.813208
1753457517.839931
1753457517.880476
1753457517.905107
1753457517.949052
1753457517.972365
1753457518.014018
1753457518.038154
1753457518.084190
1753457518.105439
1753457518.144793
1753457518.171725
1753457518.214924
1753457518.239659
1753457518.274257
1753457518.312546
1753457518.339937
1753457518.381424
1753457518.405079
1753457518.447507
1753457518.473582
1753457518.516084
1753457518.538394
1753457518.577951
1753457518.612952
1753457518.641269
1753457518.675770
1753457518.712802
1753457518.743706
1753457518.781571
1753457518.805598
1753457518.849050
1753457518.875323
1753457518.918740
1753457518.939031
1753457518.982612
1753457519.007040
1753457519.046488
1753457519.072090
1753457519.116001
1753457519.139252
1753457519.179575
1753457519.206237
1753457519.249208
1753457519.272702
1753457519.316705
1753457519.339141
1753457519.385682
1753457519.405702
1753457519.447205
1753457519.472608
1753457519.512823
1753457519.547942
1753457519.575146
1753457519.615143
1753457519.639272
1753457519.683329
1753457519.706229
1753457519.750671
1753457519.773003
1753457519.811575
1753457519.839861
1753457519.882404
1753457519.906527
1753457519.948932
1753457519.972667
1753457520.018711
1753457520.039678
1753457520.081429
1753457520.105968
1753457520.146035
1753457520.177571
1753457520.208437
1753457520.246610
1753457520.278274
1753457520.314550
1753457520.339842
1753457520.380185
1753457520.411301
1753457520.446582
1753457520.472920
1753457520.516308
1753457520.539818
1753457520.580314
1753457520.606252
1753457520.652726
1753457520.673014
1753457520.715846
1753457520.739867
1753457520.782148
1753457520.809659
1753457520.851644
1753457520.873086
1753457520.916992
1753457520.940219
1753457520.984158
1753457521.006645
1753457521.049323
1753457521.077427
1753457521.119110
1753457521.139938
1753457521.181441
1753457521.214365
1753457521.246681
1753457521.273689
1753457521.310930
1753457521.343616
1753457521.374170
1753457521.416573
1753457521.440516
1753457521.486015
1753457521.507395
1753457521.550344
1753457521.572524
1753457521.616936
1753457521.641654
1753457521.683633
1753457521.707575
1753457521.751729
1753457521.774239
1753457521.813146
1753457521.840829
1753457521.881989
1753457521.910234
1753457521.944125
1753457521.979958
1753457522.014448
1753457522.044762
1753457522.073746
1753457522.118234
1753457522.140597
1753457522.181675
1753457522.207799
1753457522.248756
1753457522.276106
1753457522.318934
1753457522.340314
1753457522.383880
1753457522.409186
1753457522.449401
1753457522.473993
1753457522.516990
1753457522.543134
1753457522.583363
1753457522.607093
1753457522.650398
1753457522.678307
1753457522.718739
1753457522.740479
1753457522.785583
1753457522.808026
1753457522.851463
1753457522.874259
1753457522.917275
1753457522.944549
1753457522.986202
1753457523.007608
1753457523.050889
1753457523.076858
1753457523.118233
1753457523.140765
1753457523.181650
1753457523.215049
1753457523.249310
1753457523.276078
1753457523.318403
1753457523.342001
1753457523.385218
1753457523.407724
1753457523.452237
1753457523.476022
1753457523.518470
1753457523.541243
1753457523.584759
1753457523.610566
1753457523.652028
1753457523.674553
1753457523.716122
1753457523.743073
1753457523.775273
1753457523.816802
1753457523.840600
1753457523.886347
1753457523.909407
1753457523.951078
1753457523.976293
1753457524.018052
1753457524.046306
1753457524.075519
1753457524.117453
1753457524.144173
1753457524.182842
1753457524.208249
1753457524.251652
1753457524.277997
1753457524.319730
1753457524.341332
1753457524.385556
1753457524.409534
1753457524.451011
1753457524.475620
1753457524.515791
1753457524.546392
1753457524.585564
1753457524.608283
1753457524.651901
1753457524.677369
1753457524.717287
1753457524.742508
1753457524.785188
1753457524.812602
1753457524.852527
1753457524.875153
1753457524.918552
1753457524.947525
1753457524.984896
1753457525.008217
1753457525.047482
1753457525.084730
1753457525.109628
1753457525.144306
1753457525.185484
1753457525.211028
1753457525.254270
1753457525.274943
1753457525.317962
1753457525.347738
1753457525.384520
1753457525.408937
1753457525.449415
1753457525.483783
1753457525.515053
1753457525.542422
1753457525.584403
1753457525.612986
1753457525.653198
1753457525.675407
1753457525.719130
1753457525.744406
1753457525.786047
1753457525.808788
1753457525.851956
1753457525.879773
1753457525.919553
1753457525.941966
1753457525.985092
1753457526.014020
1753457526.053274
1753457526.075557
1753457526.118683
1753457526.145198
1753457526.182632
1753457526.210607
1753457526.252585
1753457526.278348
1753457526.319182
1753457526.342511
1753457526.385501
1753457526.411489
1753457526.452116
1753457526.475825
1753457526.518146
1753457526.548465
1753457526.584399
1753457526.609035
1753457526.652102
1753457526.678949
1753457526.720143
1753457526.742273
1753457526.785408
1753457526.812497
1753457526.852725
1753457526.875636
1753457526.919052
1753457526.948592
1753457526.985388
1753457527.009429
1753457527.052206
1753457527.081969
1753457527.119797
1753457527.142599
1753457527.183515
1753457527.218289
1753457527.246502
1753457527.277475
1753457527.319146
1753457527.345731
1753457527.386922
1753457527.409321
1753457527.450952
1753457527.482554
1753457527.518460
1753457527.542829
1753457527.585444
1753457527.611794
1753457527.653056
1753457527.676162
1753457527.722005
1753457527.746524
1753457527.787091
1753457527.809594
1753457527.850291
1753457527.885255
1753457527.913355
1753457527.953092
1753457527.976167
1753457528.019267
1753457528.045339
1753457528.086228
1753457528.113217
1753457528.145169
1753457528.184570
1753457528.215469
1753457528.251109
1753457528.276659
1753457528.315545
1753457528.351503
1753457528.383887
1753457528.410575
1753457528.452119
1753457528.483019
1753457528.518733
1753457528.543269
1753457528.587269
1753457528.614027
1753457528.651751
1753457528.676810
1753457528.718414
1753457528.750623
1753457528.782039
1753457528.812645
1753457528.852682
1753457528.883393
1753457528.919293
1753457528.944618
1753457528.987337
1753457529.012892
1753457529.050174
1753457529.076172
1753457529.115264
1753457529.148020
1753457529.179707
1753457529.214210
1753457529.246845
1753457529.283301
1753457529.314865
1753457529.345680
1753457529.382746
1753457529.414886
1753457529.447080
1753457529.478836
1753457529.519154
1753457529.549694
1753457529.585636
1753457529.611482
1753457529.653106
1753457529.678780
1753457529.720838
1753457529.746543
1753457529.786716
1753457529.817497
1753457529.853303
1753457529.879083
1753457529.920223
1753457529.950977
1753457529.986465
1753457530.012019
1753457530.053375
1753457530.083721
1753457530.119766
1753457530.144231
1753457530.184894
1753457530.219571
1753457530.250094
1753457530.278443
1753457530.320493
1753457530.350307
1753457530.386034
1753457530.412194
1753457530.452672
1753457530.483220
1753457530.519753
1753457530.544681
1753457530.585937
1753457530.616561
1753457530.652701
1753457530.678202
1753457530.719209
1753457530.752388
1753457530.785673
1753457530.812100
1753457530.852987
1753457530.884334
1753457530.919577
1753457530.944898
1753457530.986517
1753457531.017442
1753457531.051144
1753457531.080501
1753457531.121062
1753457531.146877
1753457531.185547
1753457531.214983
1753457531.251787
1753457531.284959
1753457531.319945
1753457531.348174
1753457531.384364
1753457531.419168
1753457531.453251
1753457531.481430
1753457531.519071
1753457531.552902
1753457531.585970
1753457531.615036
1753457531.653027
1753457531.684462
1753457531.720513
1753457531.748244
1753457531.787510
1753457531.814448
1753457531.853333
1753457531.879192
1753457531.919640
1753457531.952584
1753457531.985358
1753457532.013262
1753457532.054028
1753457532.085117
1753457532.119569
1753457532.145121
1753457532.185928
1753457532.218690
1753457532.253116
1753457532.280622
1753457532.316253
1753457532.347080
1753457532.384647
1753457532.414612
1753457532.452031
1753457532.486391
1753457532.518047
1753457532.549304
1753457532.585178
1753457532.619883
1753457532.649513
1753457532.679939
1753457532.717113
1753457532.750489
1753457532.786529
1753457532.812268
1753457532.853065
1753457532.884563
1753457532.919595
1753457532.947968
1753457532.985834
1753457533.020381
1753457533.051558
1753457533.081172
1753457533.118907
1753457533.149885
1753457533.184938
1753457533.216184
1753457533.252518
1753457533.287367
1753457533.318844
1753457533.348985
1753457533.385500
1753457533.420494
1753457533.451197
1753457533.484987
1753457533.519241
1753457533.551955
1753457533.586467
1753457533.617355
1753457533.652253
1753457533.687398
1753457533.719043
1753457533.752029
1753457533.785275
1753457533.817674
1753457533.847277
1753457533.887714
1753457533.912967
1753457533.953559
1753457533.985966
1753457534.017701
1753457534.048400
1753457534.086093
1753457534.120612
1753457534.146224
1753457534.186243
1753457534.220734
1753457534.252448
1753457534.281055
1753457534.319318
1753457534.353904
1753457534.385797
1753457534.414939
1753457534.452632
1753457534.484966
1753457534.520439
1753457534.546416
1753457534.587116
1753457534.618531
1753457534.653919
1753457534.680619
1753457534.716384
1753457534.756618
1753457534.784553
1753457534.818031
1753457534.852173
1753457534.886630
1753457534.919320
1753457534.951206
1753457534.985748
1753457535.020897
1753457535.052995
1753457535.084102
1753457535.119102
1753457535.150029
1753457535.185596
1753457535.218365
1753457535.252889
1753457535.286757
1753457535.319338
1753457535.351448
1753457535.386260
1753457535.421162
1753457535.454508
1753457535.483340
1753457535.518992
1753457535.554389
1753457535.588157
1753457535.617969
1753457535.653275
1753457535.686364
1753457535.719362
1753457535.753970
1753457535.785025
1753457535.820670
1753457535.854172
1753457535.884868
1753457535.919433
1753457535.954373
1753457535.988163
1753457536.018088
1753457536.052814
1753457536.087661
1753457536.120952
1753457536.147165
1753457536.186997
1753457536.220112
1753457536.253632
1753457536.289038
1753457536.313716
1753457536.354500
1753457536.386897
1753457536.420297
1753457536.453465
1753457536.484749
1753457536.519617
1753457536.554344
1753457536.586720
1753457536.618013
1753457536.653345
1753457536.687656
1753457536.720870
1753457536.751184
1753457536.787300
1753457536.821566
1753457536.855586
1753457536.882586
1753457536.921754
1753457536.954521
1753457536.989506
1753457537.016711
1753457537.050455
1753457537.087412
1753457537.121483
1753457537.147718
1753457537.186229
1753457537.220438
1753457537.254990
1753457537.283212
1753457537.323342
1753457537.352733
1753457537.389681
1753457537.416210
1753457537.456166
1753457537.486255
1753457537.521077
1753457537.552487
1753457537.586529
1753457537.620372
1753457537.654659
1753457537.686199
1753457537.720278
1753457537.754722
1753457537.789212
1753457537.819397
1753457537.852319
1753457537.889796
1753457537.919928
1753457537.950115
1753457537.988262
1753457538.022740
1753457538.053315
1753457538.080869
1753457538.120288
1753457538.152706
1753457538.186799
1753457538.218971
1753457538.253498
1753457538.286563
1753457538.321042
1753457538.352055
1753457538.387035
1753457538.421623
1753457538.456022
1753457538.484920
1753457538.522752
1753457538.555436
1753457538.589620
1753457538.617484
1753457538.654094
1753457538.688556
1753457538.721162
1753457538.751117
1753457538.788059
1753457538.822669
1753457538.854109
1753457538.885028
1753457538.921117
1753457538.954548
1753457538.990225
1753457539.015192
1753457539.055985
1753457539.088388
1753457539.122499
1753457539.148593
1753457539.188123
1753457539.222482
1753457539.254090
1753457539.282598
1753457539.322635
1753457539.354784
1753457539.389507
1753457539.415822
1753457539.456131
1753457539.487337
1753457539.521016
1753457539.551931
1753457539.589370
1753457539.622305
1753457539.656793
1753457539.683062
1753457539.722667
1753457539.753179
1753457539.788028
1753457539.819051
1753457539.853246
1753457539.887744
1753457539.922800
1753457539.951184
1753457539.989768
1753457540.022059
1753457540.056635
1753457540.082984
1753457540.122450
1753457540.153406
1753457540.186892
1753457540.215640
1753457540.256070
1753457540.288367
1753457540.322903
1753457540.349504
1753457540.389746
1753457540.420636
1753457540.454529
1753457540.485597
1753457540.521744
1753457540.556723
1753457540.587856
1753457540.619101
1753457540.650513
1753457540.686261
1753457540.720242
1753457540.752562
1753457540.788459
1753457540.823014
1753457540.856251
1753457540.883520
1753457540.920418
1753457540.955007
1753457540.989257
1753457541.018084
1753457541.054556
1753457541.089460
1753457541.120081
1753457541.148406
1753457541.185033
1753457541.218345
1753457541.255073
1753457541.285452
1753457541.323006
1753457541.356716
1753457541.390323
1753457541.416904
1753457541.456906
1753457541.487279
1753457541.523898
1753457541.549550
1753457541.590047
1753457541.621896
1753457541.655567
1753457541.684653
1753457541.721281
1753457541.756477
1753457541.789824
1753457541.818994
1753457541.859085
1753457541.887520
1753457541.925671
1753457541.949574
1753457541.990510
1753457542.022866
1753457542.057308
1753457542.083899
1753457542.121023
1753457542.155179
1753457542.189499
1753457542.217668
1753457542.256119
1753457542.287339
1753457542.327374
1753457542.349903
1753457542.394133
1753457542.420173
1753457542.460918
1753457542.483312
1753457542.521333
1753457542.556435
1753457542.587746
1753457542.620109
1753457542.656479
1753457542.690767
1753457542.721525
1753457542.752942
1753457542.788648
1753457542.823546
1753457542.855719
1753457542.886436
1753457542.928042
1753457542.952855
1753457542.988647
1753457543.020115
1753457543.060585
1753457543.086936
1753457543.127504
1753457543.150651
1753457543.187076
1753457543.221799
1753457543.253244
1753457543.285346
1753457543.325249
1753457543.354575
1753457543.390701
1753457543.420036
1753457543.461698
1753457543.486959
1753457543.523940
1753457543.552982
1753457543.590422
1753457543.620201
1753457543.655821
1753457543.686077
1753457543.719858
1753457543.762235
1753457543.787432
1753457543.822781
1753457543.855699
1753457543.887347
1753457543.919523
1753457543.952912
1753457543.994276
1753457544.020588
1753457544.057515
1753457544.086210
1753457544.127817
1753457544.151247
1753457544.187960
1753457544.223401
1753457544.256018
1753457544.296288
1753457544.320716
1753457544.354238
1753457544.390555
1753457544.424926
1753457544.457276
1753457544.485901
1753457544.524915
1753457544.556216
1753457544.588867
1753457544.626270
1753457544.650952
1753457544.689740
1753457544.725994
1753457544.755093
1753457544.792010
1753457544.819568
1753457544.860775
1753457544.888201
1753457544.925282
1753457544.953919
1753457544.990908
1753457545.026350
1753457545.054845
1753457545.088533
1753457545.124565
1753457545.155216
1753457545.195480
1753457545.218373
1753457545.256506
1753457545.292990
1753457545.321496
1753457545.354241
1753457545.391177
1753457545.426498
1753457545.454883
1753457545.489944
1753457545.524979
1753457545.556545
1753457545.590882
1753457545.621067
1753457545.656522
1753457545.694097
1753457545.721715
1753457545.757635
1753457545.791135
1753457545.828001
1753457545.854923
1753457545.892068
1753457545.918795
1753457545.956380
1753457545.994620
1753457546.018150
1753457546.057403
1753457546.093402
1753457546.121681
1753457546.152891
1753457546.196225
1753457546.220193
1753457546.258134
1753457546.286835
1753457546.328802
1753457546.354546
1753457546.391970
1753457546.419114
1753457546.460400
1753457546.488213
1753457546.529746
1753457546.551747
1753457546.595166
1753457546.621319
1753457546.661674
1753457546.685813
1753457546.730556
1753457546.753992
1753457546.792533
1753457546.818928
1753457546.862342
1753457546.887759
1753457546.926680
1753457546.954206
1753457546.990916
1753457547.029077
1753457547.055177
1753457547.093324
1753457547.121038
1753457547.157676
1753457547.190134
1753457547.225014
1753457547.259176
1753457547.292773
1753457547.321990
1753457547.360555
1753457547.387275
1753457547.430601
1753457547.454802
1753457547.492772
1753457547.521525
1753457547.558587
1753457547.594053
1753457547.621474
1753457547.659140
1753457547.690333
1753457547.730875
1753457547.753804
1753457547.791584
1753457547.822974
1753457547.864779
1753457547.886755
1753457547.931549
1753457547.954569
1753457547.995330
1753457548.020478
1753457548.057748
1753457548.096269
1753457548.121238
1753457548.157020
1753457548.190564
1753457548.231616
1753457548.254424
1753457548.293803
1753457548.321438
1753457548.359788
1753457548.388796
1753457548.423113
1753457548.455606
1753457548.495598
1753457548.522304
1753457548.556529
1753457548.591892
1753457548.631487
1753457548.654672
1753457548.694576
1753457548.721248
1753457548.760346
1753457548.791241
1753457548.822318
1753457548.859350
1753457548.891204
1753457548.932472
1753457548.953608
1753457549.000796
1753457549.020766
1753457549.058255
1753457549.089549
1753457549.126963
1753457549.157459
1753457549.198183
1753457549.220677
1753457549.258933
1753457549.295550
1753457549.322744
1753457549.361320
1753457549.388132
1753457549.430731
1753457549.455752
1753457549.494479
1753457549.521775
1753457549.560343
1753457549.597745
1753457549.620953
1753457549.664733
1753457549.688231
1753457549.730383
1753457549.754548
1753457549.796801
1753457549.821708
1753457549.866688
1753457549.887610
1753457549.926044
1753457549.956323
1753457549.997156
1753457550.020947
1753457550.061868
1753457550.089238
1753457550.130461
1753457550.153238
1753457550.197185
1753457550.221951
1753457550.265687
1753457550.287483
1753457550.329454
1753457550.355786
1753457550.397079
1753457550.420765
1753457550.465808
1753457550.488333
1753457550.529400
1753457550.554472
1753457550.600517
1753457550.621358
1753457550.664484
1753457550.687861
1753457550.728819
1753457550.756001
1753457550.798697
1753457550.821151
1753457550.859477
1753457550.892514
1753457550.929915
1753457550.954878
1753457550.998980
1753457551.022088
1753457551.062697
1753457551.088623
1753457551.129827
1753457551.156089
1753457551.198508
1753457551.221065
1753457551.257600
1753457551.292219
1753457551.324386
1753457551.359337
1753457551.389731
1753457551.426747
1753457551.459477
1753457551.490730
1753457551.525453
1753457551.557647
1753457551.593465
1753457551.626967
1753457551.659628
1753457551.692374
1753457551.733202
1753457551.755381
1753457551.797925
1753457551.822260
1753457551.865265
1753457551.888773
1753457551.930424
1753457551.956234
1753457551.998795
1753457552.021798
1753457552.059747
1753457552.090261
1753457552.132377
1753457552.154258
1753457552.200929
1753457552.221904
1753457552.264715
1753457552.288147
1753457552.331534
1753457552.355331
1753457552.397712
1753457552.421414
1753457552.462299
1753457552.493832
1753457552.527993
1753457552.555213
1753457552.597424
1753457552.623222
1753457552.665424
1753457552.688488
1753457552.732209
1753457552.756634
1753457552.799733
1753457552.822411
1753457552.864261
1753457552.889601
1753457552.931771
1753457552.968020
1753457552.989062
1753457553.033245
1753457553.056053
1753457553.099421
1753457553.122891
1753457553.159918
1753457553.192323
1753457553.234507
1753457553.256246
1753457553.294985
1753457553.323143
1753457553.357515
1753457553.394963
1753457553.422867
1753457553.465208
1753457553.489790
1753457553.532593
1753457553.556226
1753457553.599050
1753457553.622983
1753457553.667290
1753457553.689464
1753457553.734308
1753457553.756329
1753457553.801001
1753457553.823249
1753457553.865101
1753457553.892088
1753457553.934857
1753457553.956307
1753457553.991735
1753457554.023202
1753457554.067359
1753457554.089628
1753457554.132293
1753457554.156340
1753457554.198887
1753457554.223190
1753457554.264674
1753457554.292802
1753457554.335038
1753457554.356051
1753457554.397771
1753457554.426088
1753457554.466867
1753457554.489288
1753457554.531692
1753457554.558081
1753457554.600505
1753457554.622710
1753457554.666053
1753457554.689357
1753457554.731464
1753457554.756271
1753457554.802814
1753457554.823363
1753457554.866662
1753457554.889876
1753457554.932715
1753457554.959324
1753457555.001794
1753457555.022701
1753457555.061966
1753457555.101008
1753457555.124687
1753457555.160892
1753457555.195320
1753457555.232298
1753457555.261391
1753457555.294994
1753457555.324345
1753457555.367517
1753457555.391421
1753457555.434824
1753457555.457311
1753457555.498581
1753457555.526732
1753457555.561417
1753457555.596228
1753457555.632946
1753457555.659693
1753457555.692618
1753457555.733488
1753457555.758526
1753457555.801478
1753457555.823562
1753457555.867139
1753457555.894467
1753457555.935524
1753457555.956711
1753457556.000620
1753457556.024111
1753457556.066927
1753457556.090306
1753457556.129537
1753457556.160029
1753457556.202112
1753457556.223479
1753457556.265918
1753457556.293376
1753457556.335368
1753457556.356883
1753457556.400898
1753457556.424558
1753457556.468232
1753457556.490211
1753457556.533364
1753457556.559043
1753457556.601682
1753457556.622944
1753457556.668120
1753457556.691357
1753457556.733788
1753457556.757260
1753457556.802729
1753457556.825333
1753457556.865145
1753457556.891977
1753457556.934250
1753457556.962726
1753457557.001388
1753457557.024403
1753457557.066379
1753457557.094874
1753457557.134248
1753457557.156679
1753457557.202220
1753457557.225717
1753457557.268589
1753457557.291494
1753457557.334980
1753457557.357700
1753457557.401158
1753457557.425693
1753457557.468481
1753457557.492828
1753457557.535261
1753457557.558479
1753457557.602224
1753457557.625870
1753457557.668756
1753457557.692117
1753457557.733103
1753457557.762216
1753457557.803171
1753457557.825384
1753457557.867716
1753457557.897241
1753457557.934767
1753457557.958401
1753457558.001967
1753457558.027447
1753457558.068642
1753457558.091555
1753457558.132971
1753457558.158020
1753457558.201215
1753457558.224736
1753457558.270211
1753457558.293004
1753457558.334548
1753457558.358193
1753457558.399282
1753457558.429504
1753457558.466589
1753457558.491655
1753457558.534195
1753457558.560770
1753457558.602291
1753457558.624822
1753457558.668006
1753457558.693122
1753457558.735550
1753457558.758230
1753457558.801863
1753457558.829038
1753457558.869729
1753457558.891694
1753457558.935063
1753457558.961224
1753457559.003301
1753457559.025062
1753457559.068294
1753457559.096338
1753457559.136224
1753457559.157634
1753457559.201412
1753457559.225422
1753457559.268993
1753457559.292192
1753457559.335641
1753457559.362674
1753457559.402911
1753457559.425478
1753457559.468698
1753457559.494340
1753457559.536034
1753457559.558375
1753457559.604765
1753457559.628127
1753457559.669419
1753457559.692142
1753457559.735320
1753457559.765236
1753457559.802126
1753457559.827556
1753457559.866746
1753457559.901081
1753457559.932667
1753457559.961885
1753457560.002377
1753457560.031989
1753457560.068352
1753457560.094678
1753457560.131399
1753457560.161748
1753457560.203386
1753457560.225878
1753457560.269744
1753457560.295169
1753457560.336672
1753457560.359066
1753457560.404037
1753457560.428838
1753457560.470439
1753457560.492301
1753457560.535130
1753457560.561211
1753457560.603260
1753457560.626055
1753457560.669186
1753457560.696393
1753457560.735588
1753457560.759273
1753457560.802309
1753457560.830322
1753457560.870442
1753457560.892773
1753457560.935805
1753457560.962044
1753457561.002774
1753457561.026132
1753457561.068017
1753457561.098405
1753457561.135448
1753457561.158590
1753457561.201764
1753457561.232708
1753457561.269106
1753457561.303843
1753457561.326330
1753457561.363847
1753457561.403651
1753457561.431404
1753457561.468952
1753457561.496321
1753457561.534933
1753457561.561709
1753457561.603109
1753457561.632042
1753457561.666503
1753457561.700595
1753457561.734380
1753457561.765063
1753457561.799751
1753457561.835304
1753457561.865673
1753457561.896278
1753457561.936049
1753457561.964537
1753457562.002201
1753457562.029733
1753457562.069050
1753457562.100363
1753457562.135903
1753457562.159107
1753457562.201255
1753457562.235314
1753457562.265002
1753457562.300622
1753457562.327720
1753457562.370546
1753457562.397815
1753457562.431888
1753457562.466066
1753457562.501901
1753457562.533638
1753457562.560384
1753457562.602421
1753457562.632712
1753457562.668924
1753457562.694840
1753457562.736212
1753457562.766047
1753457562.802582
1753457562.828113
1753457562.868861
1753457562.900043
1753457562.935864
1753457562.961244
1753457563.003993
1753457563.033030
1753457563.069598
1753457563.093681
1753457563.136585
1753457563.160965
1753457563.203225
1753457563.227667
1753457563.270299
1753457563.299730
1753457563.336778
1753457563.361161
1753457563.402654
1753457563.432509
1753457563.469340
1753457563.493285
1753457563.537423
1753457563.563071
1753457563.603787
1753457563.629568
1753457563.670121
1753457563.700299
1753457563.735975
1753457563.764972
1753457563.801703
1753457563.836202
1753457563.868275
1753457563.898482
1753457563.935156
1753457563.969258
1753457564.002371
1753457564.031695
1753457564.063943
1753457564.095414
1753457564.136811
1753457564.160195
1753457564.203578
1753457564.234131
1753457564.268941
1753457564.294001
1753457564.331750
1753457564.362633
1753457564.397578
1753457564.431900
1753457564.467674
1753457564.502640
1753457564.533476
1753457564.560595
1753457564.603292
1753457564.633311
1753457564.669050
1753457564.697465
1753457564.737318
1753457564.766957
1753457564.802665
1753457564.829476
1753457564.870307
1753457564.899545
1753457564.936094
1753457564.962418
1753457565.004404
1753457565.033690
1753457565.069335
1753457565.095320
1753457565.135996
1753457565.162608
1753457565.202980
1753457565.229650
1753457565.270460
1753457565.300900
1753457565.336156
1753457565.364797
1753457565.400827
1753457565.436981
1753457565.468217
1753457565.498171
1753457565.538453
1753457565.561526
1753457565.601513
1753457565.628457
1753457565.669831
1753457565.702272
1753457565.735731
1753457565.763706
1753457565.802672
1753457565.836585
1753457565.869085
1753457565.898431
1753457565.935147
1753457565.969958
1753457566.002020
1753457566.032449
1753457566.068869
1753457566.103729
1753457566.135343
1753457566.160823
1753457566.205040
1753457566.235010
1753457566.269652
1753457566.296289
1753457566.335002
1753457566.369603
1753457566.402273
1753457566.430019
1753457566.469622
1753457566.502525
1753457566.536250
1753457566.560934
1753457566.606471
1753457566.632437
1753457566.672182
1753457566.695366
1753457566.736991
1753457566.768203
1753457566.803478
1753457566.829826
1753457566.871141
1753457566.901751
1753457566.937254
1753457566.963612
1753457567.004288
1753457567.035815
1753457567.071066
1753457567.098274
1753457567.136154
1753457567.166445
1753457567.206045
1753457567.229627
1753457567.270884
1753457567.301892
1753457567.337256
1753457567.366438
1753457567.403883
1753457567.435870
1753457567.470811
1753457567.499385
1753457567.536785
1753457567.567735
1753457567.603482
1753457567.632277
1753457567.670327
1753457567.702157
1753457567.737930
1753457567.765092
1753457567.804575
1753457567.834768
1753457567.870057
1753457567.899024
1753457567.936508
1753457567.969074
1753457568.003755
1753457568.033057
1753457568.070774
1753457568.102306
1753457568.137057
1753457568.161906
1753457568.203214
1753457568.238272
1753457568.269330
1753457568.300039
1753457568.335944
1753457568.371629
1753457568.402070
1753457568.432979
1753457568.470529
1753457568.502261
1753457568.537204
1753457568.562978
1753457568.603763
1753457568.634589
1753457568.669660
1753457568.697157
1753457568.737949
1753457568.768638
1753457568.800871
1753457568.832711
1753457568.870071
1753457568.901765
1753457568.937015
1753457568.963564
1753457569.001267
1753457569.035538
1753457569.070274
1753457569.097264
1753457569.135593
1753457569.167957
1753457569.204505
1753457569.231438
1753457569.270298
1753457569.302937
1753457569.338257
1753457569.366915
1753457569.403081
1753457569.437091
1753457569.470989
1753457569.501096
1753457569.536267
1753457569.569485
1753457569.603813
1753457569.637996
1753457569.663452
1753457569.702756
1753457569.736704
1753457569.771246
1753457569.802662
1753457569.831144
1753457569.870268
1753457569.904596
1753457569.937379
1753457569.964222
1753457570.002405
1753457570.037386
1753457570.071208
1753457570.097961
1753457570.136957
1753457570.167601
1753457570.203277
1753457570.232181
1753457570.271648
1753457570.302441
1753457570.337260
1753457570.366334
1753457570.405701
1753457570.437693
1753457570.471575
1753457570.497943
1753457570.537665
1753457570.569469
1753457570.604347
1753457570.632448
1753457570.671728
1753457570.704181
1753457570.737521
1753457570.764128
1753457570.803659
1753457570.838852
1753457570.870849
1753457570.898082
1753457570.937703
1753457570.971281
1753457571.002115
1753457571.033423
1753457571.068867
1753457571.103848
1753457571.137683
1753457571.163243
1753457571.203837
1753457571.237035
1753457571.269759
1753457571.297768
1753457571.336113
1753457571.370041
1753457571.404402
1753457571.431059
1753457571.471558
1753457571.504188
1753457571.537994
1753457571.564589
1753457571.604607
1753457571.636073
1753457571.672348
1753457571.697675
1753457571.736593
1753457571.770927
1753457571.805169
1753457571.831128
1753457571.872238
1753457571.902230
1753457571.938208
1753457571.965219
1753457572.004828
1753457572.036219
1753457572.071066
1753457572.097966
1753457572.138065
1753457572.169210
1753457572.204285
1753457572.231919
1753457572.271548
1753457572.304752
1753457572.336845
1753457572.367132
1753457572.403394
1753457572.438151
1753457572.472001
1753457572.498024
1753457572.537817
1753457572.569931
1753457572.604087
1753457572.632011
1753457572.671444
1753457572.704831
1753457572.738997
1753457572.765111
1753457572.804889
1753457572.836681
1753457572.871137
1753457572.899436
1753457572.938547
1753457572.971693
1753457573.005636
1753457573.033131
1753457573.071883
1753457573.106722
1753457573.136213
1753457573.164211
1753457573.205112
1753457573.238626
1753457573.272223
1753457573.301340
1753457573.339466
1753457573.370123
1753457573.404449
1753457573.435711
1753457573.469527
1753457573.506353
1753457573.539323
1753457573.566580
1753457573.600988
1753457573.634669
1753457573.669301
1753457573.700709
1753457573.736772
1753457573.771117
1753457573.806072
1753457573.835329
1753457573.873094
1753457573.903608
1753457573.938700
1753457573.969162
1753457574.004132
1753457574.035423
1753457574.073224
1753457574.098555
1753457574.134830
1753457574.167531
1753457574.203902
1753457574.231704
1753457574.272293
1753457574.304876
1753457574.339064
1753457574.365726
1753457574.405307
1753457574.440324
1753457574.472049
1753457574.499206
1753457574.539141
1753457574.571489
1753457574.605526
1753457574.633061
1753457574.673676
1753457574.704608
1753457574.739561
1753457574.766110
1753457574.806259
1753457574.838793
1753457574.873472
1753457574.899514
1753457574.939783
1753457574.971955
1753457575.005556
1753457575.033592
1753457575.072811
1753457575.106922
1753457575.137302
1753457575.165831
1753457575.206375
1753457575.240619
1753457575.271167
1753457575.298594
1753457575.337336
1753457575.367395
1753457575.404350
1753457575.436334
1753457575.471233
1753457575.506056
1753457575.540142
1753457575.566931
1753457575.604367
1753457575.643400
1753457575.669936
1753457575.702446
1753457575.740299
1753457575.772516
1753457575.806647
1753457575.833865
1753457575.871214
1753457575.909408
1753457575.936862
1753457575.969804
1753457576.009103
1753457576.037175
1753457576.075761
1753457576.100833
1753457576.141045
1753457576.168896
1753457576.206189
1753457576.236562
1753457576.272617
1753457576.304812
1753457576.340789
1753457576.367094
1753457576.404642
1753457576.440023
1753457576.474661
1753457576.500442
1753457576.541066
1753457576.571603
1753457576.606798
1753457576.634975
1753457576.675027
1753457576.704000
1753457576.740010
1753457576.767570
1753457576.807645
1753457576.840189
1753457576.871536
1753457576.902782
1753457576.938777
1753457576.974818
1753457577.004621
1753457577.037296
1753457577.073655
1753457577.105148
1753457577.141667
1753457577.167649
1753457577.205448
1753457577.242517
1753457577.270305
1753457577.303864
1753457577.339198
1753457577.379729
1753457577.403573
1753457577.436498
1753457577.472354
1753457577.508500
1753457577.540846
1753457577.568148
1753457577.605453
1753457577.640452
1753457577.674819
1753457577.703077
1753457577.739868
1753457577.771701
1753457577.808431
1753457577.835531
1753457577.872445
1753457577.906718
1753457577.941626
1753457577.979921
1753457578.001080
1753457578.039346
1753457578.073905
1753457578.109726
1753457578.137908
1753457578.167756
1753457578.209862
1753457578.237130
1753457578.278060
1753457578.301045
1753457578.341988
1753457578.374660
1753457578.410374
1753457578.434154
1753457578.476307
1753457578.507221
1753457578.542727
1753457578.567979
1753457578.606085
1753457578.642438
1753457578.673249
1753457578.704661
1753457578.741153
1753457578.772695
1753457578.811728
1753457578.835246
1753457578.877434
1753457578.904777
1753457578.941603
1753457578.970296
1753457579.006048
1753457579.041715
1753457579.077487
1753457579.102741
1753457579.139447
1753457579.175977
1753457579.208187
1753457579.238045
1753457579.278636
1753457579.304556
1753457579.340274
1753457579.370818
1753457579.406765
1753457579.439751
1753457579.476883
1753457579.502600
1753457579.543990
1753457579.571694
1753457579.608041
1753457579.638825
1753457579.673901
1753457579.710639
1753457579.739213
1753457579.775636
1753457579.803963
1753457579.845196
1753457579.871470
1753457579.907762
1753457579.937675
1753457579.980802
1753457580.004392
1753457580.043423
1753457580.070807
1753457580.108591
1753457580.140140
1753457580.170354
1753457580.207186
1753457580.245493
1753457580.271646
1753457580.306734
1753457580.339086
1753457580.380837
1753457580.402916
1753457580.439327
1753457580.473053
1753457580.515001
1753457580.537405
1753457580.571279
1753457580.607162
1753457580.644305
1753457580.671726
1753457580.704428
1753457580.738429
1753457580.776434
1753457580.805259
1753457580.836188
1753457580.873975
1753457580.912629
1753457580.937569
1753457580.971656
1753457581.007645
1753457581.039443
1753457581.079733
1753457581.102436
1753457581.145959
1753457581.169221
1753457581.216582
1753457581.235744
1753457581.281975
1753457581.304135
1753457581.342729
1753457581.369719
1753457581.410507
1753457581.438314
1753457581.474412
1753457581.504202
1753457581.545134
1753457581.571322
1753457581.610303
1753457581.636802
1753457581.674719
1753457581.709513
1753457581.738826
1753457581.773596
1753457581.808219
1753457581.846231
1753457581.871250
1753457581.908285
1753457581.940147
1753457581.980983
1753457582.004516
1753457582.041668
1753457582.073788
1753457582.115391
1753457582.137909
1753457582.173590
1753457582.207567
1753457582.248082
1753457582.271224
1753457582.309622
1753457582.338291
1753457582.380130
1753457582.404694
1753457582.439355
1753457582.476867
1753457582.507484
1753457582.548803
1753457582.569848
1753457582.608041
1753457582.639236
1753457582.677397
1753457582.703523
1753457582.741526
1753457582.778829
1753457582.805732
1753457582.837619
1753457582.875175
1753457582.912754
1753457582.938031
1753457582.972414
1753457583.008986
1753457583.048884
1753457583.071181
1753457583.111486
1753457583.138070
1753457583.177485
1753457583.206021
1753457583.240319
1753457583.275599
1753457583.312380
1753457583.339514
1753457583.379170
1753457583.404609
1753457583.444502
1753457583.473086
1753457583.507640
1753457583.543210
1753457583.575117
1753457583.615807
1753457583.637442
1753457583.683406
1753457583.704582
1753457583.744376
1753457583.771563
1753457583.811621
1753457583.839411
1753457583.882307
1753457583.904363
1753457583.947749
1753457583.972598
1753457584.015359
1753457584.037521
1753457584.076261
1753457584.113716
1753457584.138839
1753457584.174617
1753457584.205754
1753457584.239681
1753457584.271573
1753457584.306480
1753457584.342846
1753457584.378312
1753457584.408866
1753457584.438489
1753457584.476912
1753457584.510554
1753457584.542413
1753457584.570933
1753457584.609979
1753457584.638832
1753457584.679749
1753457584.704149
1753457584.747706
1753457584.771486
1753457584.813177
1753457584.837682
1753457584.881353
1753457584.905028
1753457584.949016
1753457584.971339
1753457585.017301
1753457585.038049
1753457585.081251
1753457585.104665
1753457585.144282
1753457585.176378
1753457585.215590
1753457585.237791
1753457585.281319
1753457585.305019
1753457585.347317
1753457585.371173
1753457585.415048
1753457585.440045
1753457585.483301
1753457585.504758
1753457585.550995
1753457585.571350
1753457585.615674
1753457585.638279
1753457585.681879
1753457585.705326
1753457585.749408
1753457585.771329
1753457585.815356
1753457585.839747
1753457585.882524
1753457585.904902
1753457585.948804
1753457585.973300
1753457586.014674
1753457586.038213
1753457586.085445
1753457586.105069
1753457586.145774
1753457586.171833
1753457586.208066
1753457586.250913
1753457586.271841
1753457586.309712
1753457586.337481
1753457586.372548
1753457586.413814
1753457586.439717
1753457586.484395
1753457586.505678
1753457586.549564
1753457586.571889
1753457586.613505
1753457586.638872
1753457586.675218
1753457586.718083
1753457586.738604
1753457586.778273
1753457586.805348
1753457586.852297
1753457586.872241
1753457586.908342
1753457586.939864
1753457586.981401
1753457587.005619
1753457587.041260
1753457587.078283
1753457587.105791
1753457587.145338
1753457587.171940
1753457587.208673
1753457587.250155
1753457587.272056
1753457587.306402
1753457587.347033
1753457587.372201
1753457587.418322
1753457587.438689
1753457587.478788
1753457587.508328
1753457587.550845
1753457587.571535
1753457587.611875
1753457587.639223
1753457587.682336
1753457587.705380
1753457587.745791
1753457587.773616
1753457587.814618
1753457587.838594
1753457587.878435
1753457587.906033
1753457587.948779
1753457587.972396
1753457588.009941
1753457588.044653
1753457588.072473
1753457588.106458
1753457588.143154
1753457588.179918
1753457588.205977
1753457588.242133
1753457588.275001
1753457588.317280
1753457588.339235
1753457588.375726
1753457588.409658
1753457588.450093
1753457588.472718
1753457588.508355
1753457588.542600
1753457588.580942
1753457588.606278
1753457588.640363
1753457588.676248
1753457588.717540
1753457588.739376
1753457588.776077
1753457588.809705
1753457588.846687
1753457588.873975
1753457588.907349
1753457588.943232
1753457588.980205
1753457589.006890
1753457589.038396
1753457589.073067
1753457589.115842
1753457589.139888
1753457589.174054
1753457589.209907
1753457589.246058
1753457589.273025
1753457589.308948
1753457589.342137
1753457589.384464
1753457589.406777
1753457589.440803
1753457589.478129
1753457589.509742
1753457589.549194
1753457589.571922
1753457589.614660
1753457589.640653
1753457589.683239
1753457589.706246
1753457589.748422
1753457589.773432
1753457589.817848
1753457589.839908
1753457589.879024
1753457589.914698
1753457589.940322
1753457589.977464
1753457590.007512
1753457590.047401
1753457590.073942
1753457590.108582
1753457590.143605
1753457590.181562
1753457590.207449
1753457590.241168
1753457590.277788
1753457590.316344
1753457590.340839
1753457590.375011
1753457590.411680
1753457590.448970
1753457590.474244
1753457590.510403
1753457590.544741
1753457590.581629
1753457590.609103
1753457590.644034
1753457590.677512
1753457590.718410
1753457590.741353
1753457590.774599
1753457590.810734
1753457590.845247
1753457590.878472
1753457590.907120
1753457590.948140
1753457590.975037
1753457591.017736
1753457591.040287
1753457591.083193
1753457591.108661
1753457591.149749
1753457591.173894
1753457591.216609
1753457591.241229
1753457591.283985
1753457591.307056
1753457591.349484
1753457591.375228
1753457591.418169
1753457591.440520
1753457591.481164
1753457591.509501
1753457591.551763
1753457591.574146
1753457591.617117
1753457591.642285
1753457591.684948
1753457591.707302
1753457591.750170
1753457591.774378
1753457591.818327
1753457591.840851
1753457591.883982
1753457591.909391
1753457591.951788
1753457591.974151
1753457592.016576
1753457592.042776
1753457592.086178
1753457592.107587
1753457592.146229
1753457592.181413
1753457592.210717
1753457592.243099
1753457592.282358
1753457592.309440
1753457592.352927
1753457592.374059
1753457592.417686
1753457592.442819
1753457592.485175
1753457592.507881
1753457592.550001
1753457592.577291
1753457592.619046
1753457592.641181
1753457592.684315
1753457592.710293
1753457592.749696
1753457592.774443
1753457592.817231
1753457592.843418
1753457592.882945
1753457592.908019
1753457592.951426
1753457592.975122
1753457593.017182
1753457593.041577
1753457593.084083
1753457593.110145
1753457593.145660
1753457593.177117
1753457593.213579
1753457593.252646
1753457593.277756
1753457593.311629
1753457593.348617
1753457593.379067
1753457593.419688
1753457593.441734
1753457593.484827
1753457593.510750
1753457593.553244
1753457593.575075
1753457593.618301
1753457593.644466
1753457593.685895
1753457593.708272
1753457593.753023
1753457593.776881
1753457593.818109
1753457593.841819
1753457593.885119
1753457593.913283
1753457593.953332
1753457593.975295
1753457594.018641
1753457594.043822
1753457594.085739
1753457594.108626
1753457594.146667
1753457594.182453
1753457594.218178
1753457594.241896
1753457594.281105
1753457594.311336
1753457594.343045
1753457594.380546
1753457594.410697
1753457594.452255
