1753457279.990771
1753457280.089576
1753457280.123876
1753457280.156996
1753457280.190273
1753457280.224230
1753457280.258029
1753457280.290910
1753457280.323765
1753457280.368070
1753457280.391647
1753457280.434228
1753457280.468471
1753457280.501270
1753457280.535008
1753457280.564941
1753457280.595817
1753457280.637009
1753457280.666126
1753457280.702013
1753457280.732746
1753457280.769477
1753457280.802858
1753457280.836008
1753457280.871897
1753457280.904622
1753457280.938272
1753457280.971130
1753457281.004873
1753457281.037473
1753457281.072670
1753457281.102022
1753457281.137037
1753457281.171174
1753457281.204929
1753457281.238281
1753457281.271252
1753457281.306454
1753457281.337284
1753457281.372886
1753457281.403407
1753457281.438219
1753457281.460112
1753457281.491314
1753457281.533955
1753457281.567394
1753457281.591352
1753457281.627463
1753457281.662525
1753457281.694587
1753457281.735302
1753457281.757764
1753457281.797820
1753457281.828291
1753457281.862235
1753457281.891212
1753457281.930747
1753457281.958866
1753457281.999591
1753457282.024547
1753457282.062654
1753457282.095966
1753457282.130143
1753457282.157084
1753457282.194368
1753457282.229958
1753457282.260786
1753457282.291150
1753457282.333097
1753457282.359477
1753457282.402057
1753457282.424523
1753457282.467558
1753457282.492615
1753457282.536752
1753457282.558104
1753457282.601602
1753457282.626236
1753457282.668972
1753457282.691502
1753457282.732979
1753457282.761087
1753457282.803000
1753457282.824875
1753457282.867355
1753457282.893055
1753457282.934685
1753457282.958126
1753457283.000587
1753457283.027068
1753457283.069490
1753457283.091661
1753457283.134200
1753457283.158177
1753457283.200660
1753457283.225160
1753457283.267858
1753457283.293185
1753457283.335701
1753457283.358536
1753457283.400183
1753457283.427906
1753457283.470877
1753457283.491893
1753457283.534890
1753457283.560195
1753457283.602794
1753457283.625166
1753457283.667769
1753457283.694121
1753457283.733010
1753457283.758860
1753457283.801765
1753457283.827031
1753457283.869547
1753457283.891973
1753457283.935307
1753457283.961005
1753457283.999867
1753457284.025911
1753457284.067317
1753457284.095842
1753457284.137006
1753457284.158117
1753457284.195558
1753457284.232111
1753457284.268521
1753457284.292384
1753457284.336030
1753457284.361414
1753457284.403083
1753457284.425644
1753457284.464199
1753457284.502771
1753457284.530139
1753457284.560564
1753457284.602939
1753457284.628298
1753457284.670444
1753457284.692457
1753457284.736273
1753457284.761746
1753457284.803009
1753457284.826111
1753457284.869625
1753457284.895017
1753457284.937177
1753457284.959388
1753457285.002544
1753457285.031031
1753457285.068799
1753457285.092590
1753457285.135016
1753457285.158646
1753457285.201928
1753457285.225929
1753457285.268961
1753457285.295137
1753457285.336733
1753457285.359425
1753457285.402207
1753457285.428746
1753457285.469405
1753457285.492896
1753457285.535589
1753457285.560974
1753457285.604331
1753457285.626240
1753457285.669491
1753457285.694957
1753457285.736668
1753457285.759516
1753457285.802975
1753457285.829208
1753457285.870353
1753457285.893056
1753457285.936115
1753457285.962125
1753457286.003575
1753457286.025939
1753457286.067658
1753457286.097017
1753457286.137727
1753457286.159249
1753457286.202288
1753457286.229234
1753457286.270615
1753457286.293142
1753457286.328949
1753457286.361199
1753457286.400901
1753457286.426820
1753457286.469092
1753457286.496308
1753457286.537450
1753457286.559987
1753457286.602997
1753457286.630671
1753457286.671066
1753457286.693390
1753457286.737017
1753457286.762678
1753457286.804053
1753457286.826633
1753457286.868499
1753457286.896333
1753457286.936815
1753457286.960146
1753457287.002643
1753457287.031821
1753457287.069792
1753457287.093798
1753457287.137292
1753457287.159489
1753457287.203244
1753457287.227137
1753457287.269675
1753457287.297443
1753457287.337919
1753457287.360570
1753457287.402760
1753457287.430771
1753457287.471057
1753457287.493710
1753457287.535649
1753457287.561633
1753457287.603393
1753457287.627196
1753457287.669866
1753457287.698642
1753457287.736186
1753457287.760748
1753457287.799706
1753457287.835805
1753457287.864905
1753457287.900813
1753457287.931669
1753457287.969539
1753457287.998642
1753457288.031245
1753457288.066451
1753457288.102745
1753457288.132550
1753457288.159948
1753457288.203289
1753457288.232016
1753457288.269068
1753457288.294130
1753457288.332327
1753457288.369239
1753457288.398162
1753457288.427989
1753457288.466645
1753457288.502549
1753457288.531541
1753457288.560481
1753457288.603123
1753457288.632275
1753457288.669092
1753457288.694019
1753457288.736568
1753457288.765023
1753457288.802866
1753457288.827436
1753457288.869126
1753457288.899978
1753457288.936407
1753457288.961006
1753457289.003849
1753457289.029546
1753457289.068793
1753457289.094260
1753457289.135096
1753457289.160951
1753457289.204840
1753457289.227821
1753457289.267325
1753457289.303104
1753457289.334136
1753457289.361553
1753457289.402999
1753457289.433827
1753457289.469580
1753457289.494752
1753457289.536463
1753457289.563181
1753457289.604511
1753457289.627983
1753457289.669555
1753457289.696546
1753457289.737882
1753457289.761587
1753457289.803284
1753457289.833945
1753457289.870355
1753457289.902688
1753457289.928395
1753457289.970479
1753457290.000263
1753457290.037201
1753457290.066140
1753457290.100832
1753457290.135229
1753457290.165123
1753457290.204644
1753457290.229675
1753457290.271128
1753457290.302053
1753457290.338356
1753457290.364115
1753457290.402885
1753457290.436751
1753457290.470829
1753457290.498373
1753457290.536702
1753457290.569726
1753457290.604596
1753457290.631795
1753457290.665299
1753457290.704546
1753457290.735195
1753457290.764673
1753457290.804927
1753457290.830775
1753457290.870653
1753457290.895963
1753457290.938116
1753457290.966479
1753457291.005273
1753457291.029114
1753457291.070676
1753457291.103238
1753457291.137527
1753457291.161670
1753457291.205947
1753457291.233138
1753457291.273174
1753457291.296247
1753457291.337198
1753457291.368527
1753457291.403552
1753457291.431137
1753457291.471661
1753457291.501936
1753457291.536451
1753457291.561740
1753457291.606387
1753457291.632498
1753457291.670049
1753457291.699447
1753457291.736511
1753457291.770644
1753457291.802316
1753457291.834099
1753457291.869740
1753457291.904666
1753457291.930180
1753457291.963809
1753457292.004318
1753457292.036422
1753457292.068562
1753457292.097939
1753457292.138392
1753457292.163278
1753457292.203996
1753457292.229591
1753457292.270874
1753457292.301764
1753457292.337232
1753457292.362740
1753457292.403775
1753457292.436197
1753457292.469752
1753457292.496255
1753457292.535862
1753457292.570125
1753457292.603251
1753457292.629699
1753457292.670951
1753457292.702851
1753457292.737089
1753457292.763423
1753457292.803652
1753457292.836759
1753457292.869972
1753457292.896848
1753457292.937803
1753457292.965366
1753457293.003665
1753457293.030203
1753457293.070267
1753457293.102300
1753457293.137136
1753457293.162509
1753457293.204206
1753457293.234805
1753457293.270445
1753457293.297368
1753457293.338302
1753457293.366178
1753457293.404270
1753457293.431496
1753457293.469843
1753457293.504869
1753457293.536592
1753457293.564761
1753457293.605679
1753457293.634738
1753457293.670639
1753457293.701409
1753457293.737278
1753457293.769940
1753457293.805054
1753457293.833371
1753457293.872034
1753457293.904443
1753457293.937068
1753457293.966096
1753457294.005528
1753457294.036095
1753457294.071248
1753457294.097618
1753457294.138326
1753457294.165393
1753457294.205446
1753457294.230789
1753457294.271652
1753457294.303304
1753457294.338812
1753457294.364070
1753457294.403581
1753457294.438298
1753457294.471069
1753457294.497697
1753457294.536635
1753457294.570482
1753457294.604959
1753457294.630961
1753457294.672351
1753457294.703854
1753457294.737445
1753457294.766378
1753457294.805541
1753457294.838207
1753457294.871768
1753457294.899148
1753457294.938559
1753457294.970629
1753457295.004951
1753457295.035429
1753457295.070308
1753457295.103284
1753457295.138875
1753457295.163651
1753457295.207524
1753457295.235434
1753457295.271066
1753457295.300654
1753457295.336670
1753457295.369182
1753457295.400880
1753457295.436945
1753457295.469401
1753457295.504794
1753457295.538662
1753457295.566144
1753457295.605860
1753457295.638837
1753457295.672504
1753457295.701012
1753457295.739122
1753457295.772902
1753457295.803671
1753457295.836064
1753457295.870904
1753457295.904096
1753457295.937991
1753457295.966296
1753457296.006109
1753457296.037669
1753457296.070856
1753457296.100482
1753457296.140597
1753457296.163645
1753457296.204501
1753457296.232838
1753457296.272854
1753457296.300983
1753457296.336569
1753457296.364314
1753457296.404234
1753457296.438495
1753457296.471662
1753457296.499491
1753457296.539005
1753457296.570514
1753457296.605561
1753457296.632274
1753457296.671400
1753457296.706204
1753457296.739063
1753457296.765851
1753457296.801626
1753457296.842255
1753457296.869280
1753457296.901946
1753457296.937273
1753457296.970213
1753457297.006205
1753457297.033832
1753457297.071454
1753457297.105677
1753457297.140505
1753457297.164493
1753457297.208525
1753457297.237659
1753457297.272635
1753457297.301718
1753457297.338361
1753457297.371662
1753457297.403637
1753457297.436173
1753457297.471400
1753457297.506065
1753457297.540367
1753457297.566454
1753457297.606652
1753457297.636912
1753457297.671163
1753457297.703343
1753457297.737375
1753457297.771897
1753457297.806652
1753457297.836475
1753457297.873900
1753457297.903670
1753457297.934648
1753457297.966785
1753457298.003681
1753457298.040720
1753457298.070253
1753457298.102335
1753457298.139232
1753457298.170848
1753457298.205474
1753457298.240479
1753457298.265858
1753457298.306973
1753457298.336822
1753457298.374995
1753457298.400426
1753457298.434783
1753457298.468406
1753457298.503922
1753457298.539524
1753457298.566595
1753457298.606990
1753457298.635716
1753457298.671991
1753457298.702380
1753457298.737797
1753457298.772166
1753457298.806864
1753457298.835764
1753457298.870397
1753457298.906005
1753457298.939011
1753457298.970188
1753457299.004583
1753457299.039294
1753457299.073784
1753457299.103089
1753457299.137305
1753457299.172257
1753457299.207819
1753457299.233707
1753457299.274483
1753457299.304239
1753457299.339103
1753457299.369413
1753457299.406124
1753457299.441746
1753457299.472690
1753457299.501104
1753457299.540622
1753457299.570381
1753457299.606113
1753457299.635594
1753457299.675252
1753457299.704346
1753457299.739236
1753457299.769828
1753457299.806217
1753457299.840873
1753457299.870219
1753457299.904006
1753457299.938819
1753457299.973818
1753457300.007170
1753457300.035677
1753457300.075012
1753457300.103915
1753457300.139759
1753457300.165835
1753457300.206124
1753457300.241118
1753457300.272496
1753457300.300983
1753457300.338533
1753457300.373509
1753457300.405171
1753457300.435718
1753457300.472598
1753457300.507006
1753457300.538135
1753457300.570076
1753457300.606734
1753457300.641612
1753457300.671244
1753457300.702934
1753457300.739838
1753457300.775378
1753457300.804748
1753457300.835909
1753457300.872317
1753457300.905713
1753457300.940967
1753457300.970594
1753457301.009815
1753457301.039225
1753457301.071167
1753457301.106083
1753457301.141031
1753457301.171258
1753457301.208054
1753457301.237536
1753457301.274137
1753457301.308485
1753457301.342235
1753457301.370346
1753457301.405378
1753457301.441619
1753457301.471884
1753457301.506277
1753457301.540973
1753457301.571844
1753457301.607062
1753457301.637095
1753457301.674469
1753457301.705264
1753457301.741848
1753457301.770364
1753457301.811736
1753457301.837651
1753457301.874513
1753457301.903487
1753457301.940060
1753457301.972485
1753457302.004831
1753457302.034548
1753457302.072748
1753457302.113078
1753457302.134727
1753457302.170827
1753457302.205373
1753457302.241663
1753457302.272284
1753457302.304326
1753457302.339541
1753457302.372161
1753457302.408670
1753457302.436313
1753457302.477106
1753457302.504932
1753457302.546431
1753457302.568077
1753457302.605605
1753457302.646286
1753457302.671230
1753457302.704578
1753457302.739722
1753457302.772071
1753457302.808888
1753457302.835701
1753457302.876103
1753457302.908878
1753457302.939932
1753457302.971139
1753457303.006033
1753457303.041342
1753457303.073692
1753457303.104560
1753457303.141527
1753457303.172637
1753457303.206532
1753457303.240584
1753457303.274648
1753457303.310182
1753457303.338986
1753457303.377510
1753457303.404121
1753457303.447038
1753457303.471464
1753457303.508560
1753457303.539514
1753457303.573006
1753457303.602684
1753457303.636998
1753457303.670730
1753457303.704439
1753457303.746408
1753457303.768403
1753457303.807150
1753457303.842319
1753457303.874365
1753457303.904478
1753457303.942958
1753457303.973885
1753457304.008605
1753457304.036124
1753457304.074655
1753457304.110103
1753457304.141975
1753457304.168390
1753457304.211945
1753457304.238409
1753457304.278980
1753457304.302337
1753457304.347077
1753457304.371122
1753457304.411610
1753457304.435299
1753457304.480892
1753457304.504810
1753457304.545613
1753457304.569303
1753457304.611633
1753457304.638940
1753457304.681696
1753457304.702496
1753457304.745692
1753457304.772150
1753457304.809702
1753457304.836621
1753457304.881447
1753457304.904769
1753457304.942075
1753457304.969711
1753457305.010021
1753457305.042086
1753457305.077196
1753457305.102622
1753457305.141195
1753457305.174078
1753457305.214731
1753457305.236032
1753457305.282499
1753457305.302718
1753457305.340795
1753457305.371473
1753457305.412971
1753457305.438641
1753457305.477500
1753457305.503716
1753457305.546036
1753457305.572187
1753457305.615259
1753457305.636563
1753457305.679656
1753457305.706241
1753457305.744958
1753457305.769944
1753457305.807662
1753457305.847809
1753457305.871860
1753457305.909458
1753457305.939060
1753457305.977800
1753457306.005728
1753457306.038711
1753457306.080170
1753457306.105088
1753457306.142227
1753457306.169327
1753457306.215891
1753457306.238116
1753457306.280892
1753457306.303326
1753457306.346861
1753457306.371809
1753457306.410226
1753457306.436835
1753457306.482486
1753457306.504960
1753457306.548126
1753457306.572609
1753457306.603825
1753457306.642478
1753457306.679177
1753457306.706316
1753457306.749214
1753457306.770634
1753457306.817662
1753457306.837762
1753457306.882816
1753457306.904163
1753457306.949678
1753457306.971810
1753457307.012542
1753457307.038334
1753457307.075305
1753457307.115997
1753457307.138694
1753457307.179211
1753457307.202876
1753457307.241546
1753457307.272498
1753457307.309792
1753457307.337326
1753457307.374629
1753457307.406483
1753457307.446085
1753457307.471574
1753457307.514026
1753457307.539006
1753457307.573876
1753457307.609676
1753457307.642506
1753457307.680275
1753457307.704278
1753457307.741337
1753457307.782754
1753457307.805237
1753457307.840297
1753457307.875438
1753457307.916959
1753457307.938253
1753457307.971953
1753457308.009320
1753457308.048972
1753457308.072075
1753457308.106787
1753457308.143532
1753457308.175077
1753457308.213651
1753457308.237733
1753457308.280185
1753457308.305661
1753457308.346366
1753457308.371152
1753457308.413773
1753457308.438521
1753457308.476629
1753457308.503664
1753457308.542203
1753457308.572700
1753457308.608350
1753457308.639794
1753457308.674170
1753457308.710067
1753457308.742759
1753457308.770757
1753457308.809680
1753457308.840889
1753457308.880781
1753457308.904922
1753457308.946789
1753457308.973370
1753457309.012651
1753457309.038227
1753457309.081528
1753457309.105833
1753457309.145678
1753457309.171689
1753457309.214868
1753457309.240243
1753457309.282702
1753457309.304758
1753457309.352152
1753457309.371871
1753457309.418420
1753457309.438212
1753457309.483838
1753457309.505745
1753457309.546226
1753457309.571142
1753457309.617351
1753457309.639221
1753457309.680927
1753457309.705221
1753457309.749090
1753457309.772791
1753457309.815908
1753457309.838507
1753457309.885625
1753457309.905103
1753457309.949850
1753457309.971996
1753457310.019487
1753457310.038690
1753457310.084830
1753457310.105158
1753457310.147767
1753457310.173595
1753457310.212152
1753457310.238594
1753457310.284679
1753457310.305749
1753457310.349778
1753457310.372040
1753457310.414336
1753457310.441706
1753457310.484100
1753457310.505291
1753457310.545130
1753457310.575926
1753457310.617766
1753457310.638558
1753457310.681919
1753457310.706278
1753457310.748759
1753457310.772268
1753457310.812903
1753457310.841455
1753457310.884415
1753457310.905398
1753457310.951574
1753457310.972266
1753457311.017235
1753457311.039002
1753457311.081564
1753457311.107823
1753457311.147010
1753457311.172781
1753457311.216648
1753457311.239527
1753457311.279850
1753457311.305858
1753457311.349618
1753457311.374068
1753457311.416646
1753457311.439101
1753457311.482538
1753457311.506233
1753457311.547049
1753457311.572440
1753457311.614693
1753457311.641990
1753457311.684994
1753457311.706002
1753457311.749707
1753457311.773309
1753457311.816726
1753457311.839724
1753457311.882416
1753457311.909994
1753457311.952428
1753457311.972745
1753457312.018547
1753457312.039966
1753457312.076740
1753457312.106461
1753457312.145501
1753457312.175996
1753457312.218117
1753457312.239645
1753457312.285249
1753457312.306377
1753457312.349254
1753457312.373080
1753457312.414969
1753457312.443174
1753457312.485200
1753457312.506916
1753457312.548716
1753457312.575614
1753457312.616851
1753457312.640315
1753457312.681587
1753457312.713779
1753457312.746173
1753457312.773592
1753457312.815816
1753457312.841676
1753457312.880329
1753457312.906889
1753457312.949962
1753457312.975313
1753457313.017513
1753457313.039992
1753457313.082146
1753457313.108594
1753457313.147234
1753457313.173620
1753457313.218970
1753457313.240325
1753457313.282961
1753457313.307103
1753457313.349777
1753457313.374326
1753457313.416755
1753457313.440737
1753457313.483214
1753457313.509522
1753457313.552028
1753457313.574112
1753457313.616652
1753457313.640517
1753457313.682594
1753457313.707515
1753457313.750138
1753457313.773905
1753457313.819558
1753457313.840200
1753457313.882753
1753457313.909453
1753457313.951761
1753457313.973592
1753457314.016875
1753457314.040677
1753457314.081511
1753457314.106800
1753457314.146774
1753457314.181415
1753457314.214031
1753457314.239980
1753457314.285684
1753457314.307509
1753457314.349868
1753457314.373761
1753457314.417690
1753457314.441313
1753457314.485189
1753457314.507107
1753457314.544635
1753457314.581687
1753457314.612925
1753457314.641091
1753457314.683319
1753457314.709123
1753457314.752338
1753457314.774015
1753457314.817312
1753457314.842545
1753457314.885847
1753457314.916804
1753457314.940962
1753457314.984652
1753457315.010327
1753457315.048287
1753457315.082888
1753457315.109099
1753457315.148549
1753457315.180196
1753457315.217333
1753457315.242398
1753457315.284693
1753457315.310030
1753457315.352627
1753457315.375715
1753457315.419704
1753457315.442360
1753457315.485771
1753457315.508697
1753457315.552061
1753457315.576370
1753457315.618649
1753457315.641558
1753457315.684365
1753457315.713161
1753457315.747908
1753457315.775728
1753457315.817676
1753457315.843145
1753457315.886060
1753457315.907876
1753457315.947124
1753457315.985976
1753457316.009287
1753457316.045628
1753457316.079662
1753457316.119993
1753457316.142610
1753457316.179188
1753457316.214463
1753457316.247044
1753457316.282825
1753457316.308457
1753457316.351412
1753457316.375734
1753457316.418867
1753457316.441441
1753457316.485201
1753457316.508860
1753457316.552609
1753457316.574815
1753457316.618285
1753457316.646506
1753457316.686265
1753457316.708336
1753457316.751937
1753457316.776526
1753457316.818253
1753457316.841574
1753457316.885503
1753457316.910529
1753457316.952670
1753457316.975030
1753457317.019255
1753457317.042694
1753457317.085091
1753457317.108593
1753457317.147991
1753457317.182299
1753457317.218453
1753457317.243446
1753457317.286240
1753457317.308022
1753457317.346167
1753457317.375504
1753457317.420302
1753457317.443870
1753457317.487506
1753457317.509405
1753457317.552606
1753457317.579758
1753457317.619999
1753457317.643265
1753457317.686133
1753457317.713936
1753457317.753782
1753457317.776016
1753457317.819007
1753457317.844842
1753457317.883163
1753457317.911004
1753457317.952533
1753457317.981323
1753457318.020127
1753457318.042496
1753457318.084223
1753457318.116439
1753457318.147660
1753457318.177570
1753457318.219319
1753457318.245605
1753457318.285337
1753457318.310000
1753457318.354449
1753457318.378459
1753457318.420040
1753457318.442651
1753457318.485712
1753457318.514318
1753457318.554544
1753457318.576224
1753457318.619952
1753457318.645061
1753457318.686859
1753457318.709488
1753457318.752767
1753457318.778276
1753457318.820887
1753457318.842629
1753457318.886235
1753457318.911945
1753457318.953511
1753457318.976326
1753457319.019510
1753457319.043926
1753457319.086030
1753457319.110485
1753457319.148852
1753457319.183344
1753457319.219404
1753457319.245154
1753457319.286632
1753457319.311312
1753457319.353882
1753457319.379358
1753457319.420276
1753457319.445824
1753457319.487098
1753457319.511638
1753457319.553118
1753457319.578592
1753457319.620333
1753457319.643469
1753457319.687014
1753457319.711452
1753457319.754282
1753457319.776428
1753457319.819349
1753457319.849308
1753457319.880985
1753457319.912174
1753457319.953161
1753457319.977100
1753457320.020870
1753457320.043253
1753457320.084701
1753457320.118054
1753457320.148035
1753457320.180448
1753457320.216866
1753457320.252057
1753457320.280798
1753457320.315610
1753457320.349565
1753457320.386282
1753457320.411203
1753457320.449165
1753457320.482554
1753457320.519779
1753457320.549001
1753457320.578515
1753457320.619935
1753457320.647419
1753457320.687476
1753457320.710145
1753457320.754018
1753457320.780094
1753457320.820784
1753457320.843792
1753457320.887321
1753457320.914260
1753457320.954227
1753457320.976956
1753457321.019937
1753457321.046138
1753457321.086558
1753457321.110449
1753457321.150937
1753457321.183994
1753457321.220097
1753457321.243876
1753457321.286826
1753457321.313513
1753457321.354672
1753457321.377419
1753457321.421526
1753457321.448412
1753457321.486395
1753457321.510742
1753457321.552875
1753457321.582595
1753457321.619855
1753457321.644114
1753457321.687340
1753457321.716227
1753457321.753069
1753457321.780428
1753457321.820486
1753457321.850260
1753457321.886688
1753457321.912396
1753457321.953356
1753457321.983659
1753457322.020918
1753457322.044762
1753457322.084625
1753457322.119671
1753457322.147874
1753457322.179257
1753457322.218041
1753457322.253470
1753457322.281809
1753457322.318469
1753457322.348553
1753457322.386799
1753457322.415062
1753457322.448061
1753457322.485063
1753457322.519322
1753457322.549644
1753457322.580437
1753457322.618438
1753457322.652500
1753457322.683606
1753457322.712862
1753457322.753640
1753457322.782738
1753457322.819222
1753457322.844803
1753457322.888918
1753457322.914440
1753457322.955173
1753457322.978085
1753457323.020991
1753457323.048246
1753457323.085611
1753457323.112941
1753457323.150471
1753457323.185323
1753457323.220281
1753457323.253479
1753457323.278109
1753457323.322291
1753457323.350598
1753457323.386952
1753457323.414488
1753457323.455415
1753457323.481004
1753457323.520766
1753457323.552266
1753457323.582924
1753457323.617388
1753457323.653742
1753457323.685267
1753457323.716718
1753457323.753024
1753457323.786728
1753457323.818501
1753457323.850802
1753457323.886155
1753457323.919723
1753457323.953827
1753457323.982881
1753457324.016205
1753457324.048333
1753457324.080422
1753457324.120377
1753457324.146363
1753457324.186276
1753457324.219036
1753457324.248526
1753457324.287521
1753457324.313578
1753457324.353722
1753457324.382003
1753457324.416099
1753457324.454812
1753457324.485341
1753457324.513557
1753457324.553644
1753457324.584913
1753457324.620556
1753457324.645585
1753457324.686714
1753457324.715606
1753457324.754397
1753457324.779049
1753457324.820685
1753457324.852091
1753457324.887439
1753457324.913111
1753457324.953877
1753457324.985048
1753457325.020189
1753457325.047405
1753457325.088323
1753457325.119440
1753457325.150277
1753457325.185312
1753457325.216428
1753457325.255200
1753457325.285830
1753457325.319122
1753457325.351113
1753457325.387217
1753457325.415916
1753457325.454696
1753457325.483475
1753457325.521087
1753457325.552826
1753457325.584146
1753457325.619394
1753457325.654469
1753457325.686042
1753457325.717386
1753457325.752720
1753457325.787823
1753457325.818953
1753457325.846314
1753457325.884641
1753457325.920102
1753457325.954286
1753457325.979245
1753457326.020850
1753457326.052624
1753457326.087197
1753457326.112860
1753457326.150614
1753457326.186064
1753457326.221011
1753457326.246045
1753457326.286553
1753457326.319662
1753457326.354173
1753457326.379498
1753457326.419104
1753457326.453564
1753457326.487610
1753457326.513098
1753457326.554079
1753457326.586469
1753457326.619503
1753457326.650152
1753457326.688181
1753457326.720784
1753457326.753897
1753457326.781254
1753457326.821564
1753457326.852075
1753457326.887590
1753457326.913827
1753457326.954064
1753457326.988142
1753457327.019422
1753457327.046775
1753457327.086753
1753457327.120369
1753457327.151882
1753457327.182283
1753457327.221487
1753457327.252889
1753457327.286300
1753457327.316386
1753457327.354593
1753457327.387314
1753457327.418447
1753457327.451394
1753457327.486702
1753457327.521182
1753457327.553740
1753457327.580984
1753457327.619011
1753457327.654119
1753457327.686558
1753457327.717028
1753457327.754573
1753457327.785192
1753457327.820900
1753457327.848823
1753457327.886607
1753457327.921532
1753457327.953085
1753457327.984873
1753457328.019661
1753457328.054901
1753457328.085954
1753457328.116911
1753457328.152565
1753457328.186874
1753457328.222922
1753457328.247145
1753457328.287275
1753457328.319063
1753457328.350496
1753457328.380550
1753457328.419393
1753457328.454083
1753457328.486099
1753457328.515867
1753457328.554291
1753457328.586584
1753457328.621651
1753457328.647405
1753457328.689137
1753457328.719845
1753457328.754571
1753457328.782672
1753457328.822214
1753457328.853921
1753457328.889142
1753457328.914618
1753457328.955785
1753457328.986851
1753457329.022114
1753457329.049649
1753457329.088637
1753457329.119572
1753457329.151231
1753457329.185632
1753457329.220459
1753457329.254641
1753457329.288567
1753457329.318339
1753457329.353589
1753457329.388444
1753457329.420679
1753457329.452398
1753457329.486460
1753457329.521460
1753457329.555354
1753457329.582377
1753457329.622329
1753457329.654913
1753457329.689471
1753457329.716784
1753457329.756341
1753457329.786599
1753457329.821662
1753457329.849044
1753457329.888370
1753457329.921724
1753457329.955263
1753457329.981865
1753457330.021930
1753457330.052012
1753457330.089083
1753457330.115198
1753457330.152021
1753457330.187307
1753457330.221201
1753457330.249738
1753457330.288791
1753457330.323044
1753457330.350801
1753457330.384320
1753457330.418698
1753457330.453845
1753457330.488182
1753457330.517206
1753457330.556954
1753457330.586048
1753457330.621572
1753457330.650001
1753457330.690655
1753457330.720011
1753457330.755786
1753457330.781886
1753457330.819415
1753457330.854344
1753457330.888986
1753457330.915131
1753457330.954989
1753457330.988040
1753457331.021790
1753457331.049730
1753457331.089482
1753457331.122954
1753457331.152603
1753457331.185575
1753457331.221510
1753457331.255401
1753457331.289461
1753457331.318995
1753457331.355060
1753457331.388805
1753457331.420969
1753457331.452954
1753457331.487433
1753457331.522054
1753457331.557042
1753457331.588611
1753457331.615683
1753457331.656692
1753457331.687555
1753457331.722113
1753457331.756100
1753457331.786388
1753457331.820975
1753457331.855884
1753457331.890817
1753457331.919226
1753457331.958800
1753457331.986547
1753457332.022411
1753457332.052773
1753457332.089319
1753457332.123649
1753457332.154168
1753457332.186380
1753457332.220543
1753457332.251486
1753457332.283410
1753457332.324085
1753457332.353108
1753457332.391687
1753457332.420954
1753457332.454459
1753457332.489056
1753457332.523823
1753457332.554685
1753457332.586228
1753457332.622378
1753457332.657677
1753457332.687890
1753457332.719833
1753457332.756496
1753457332.790515
1753457332.822048
1753457332.852745
1753457332.891514
1753457332.920189
1753457332.956224
1753457332.985072
1753457333.025411
1753457333.052068
1753457333.086982
1753457333.119584
1753457333.155592
1753457333.188335
1753457333.222895
1753457333.252499
1753457333.288609
1753457333.323533
1753457333.355652
1753457333.386440
1753457333.421468
1753457333.456051
1753457333.491135
1753457333.519454
1753457333.555715
1753457333.587732
1753457333.619944
1753457333.651918
1753457333.685658
1753457333.720100
1753457333.755950
1753457333.787360
1753457333.821646
1753457333.856443
1753457333.890269
1753457333.919511
1753457333.955851
1753457333.990836
1753457334.025522
1753457334.051328
1753457334.090837
1753457334.120429
1753457334.156098
1753457334.186404
1753457334.225524
1753457334.254712
1753457334.288698
1753457334.320206
1753457334.355712
1753457334.388669
1753457334.423570
1753457334.454017
1753457334.489558
1753457334.524298
1753457334.556979
1753457334.585693
1753457334.621244
1753457334.657568
1753457334.689957
1753457334.718737
1753457334.757105
1753457334.790977
1753457334.821498
1753457334.853294
1753457334.890089
1753457334.924133
1753457334.955442
1753457334.987050
1753457335.023289
1753457335.054773
1753457335.093805
1753457335.117192
1753457335.154125
1753457335.189342
1753457335.224579
1753457335.252999
1753457335.289576
1753457335.324343
1753457335.355762
1753457335.386738
1753457335.424390
1753457335.455572
1753457335.492947
1753457335.519077
1753457335.559628
1753457335.588754
1753457335.624429
1753457335.654794
1753457335.690441
1753457335.724394
1753457335.758987
1753457335.787664
1753457335.823989
1753457335.857787
1753457335.889190
1753457335.920588
1753457335.959958
1753457335.988988
1753457336.025376
1753457336.051668
1753457336.093249
1753457336.122846
1753457336.155279
1753457336.187519
1753457336.224644
1753457336.257123
1753457336.290985
1753457336.320998
1753457336.356785
1753457336.390786
1753457336.423053
1753457336.454643
1753457336.490851
1753457336.525760
1753457336.556261
1753457336.589250
1753457336.623587
1753457336.658534
1753457336.691460
1753457336.720271
1753457336.757773
1753457336.792263
1753457336.823059
1753457336.854401
1753457336.892231
1753457336.927883
1753457336.955450
1753457336.987779
1753457337.028787
1753457337.054426
1753457337.091542
1753457337.119168
1753457337.155968
1753457337.192624
1753457337.225374
1753457337.253314
1753457337.292366
1753457337.325965
1753457337.356372
1753457337.388779
1753457337.424129
1753457337.459031
1753457337.490702
1753457337.521517
1753457337.558468
1753457337.593428
1753457337.623938
1753457337.653606
1753457337.697173
1753457337.721099
1753457337.758479
1753457337.787968
1753457337.823879
1753457337.861300
1753457337.888402
1753457337.926804
1753457337.954418
1753457337.991578
1753457338.023254
1753457338.056793
1753457338.091053
1753457338.126676
1753457338.154149
1753457338.192657
1753457338.221844
1753457338.257571
1753457338.288566
1753457338.323386
1753457338.357542
1753457338.393056
1753457338.425673
1753457338.452556
1753457338.494277
1753457338.520368
1753457338.560464
1753457338.585821
1753457338.623656
1753457338.657527
1753457338.699398
1753457338.719056
1753457338.759745
1753457338.791144
1753457338.823514
1753457338.854331
1753457338.891864
1753457338.927420
1753457338.954734
1753457338.988448
1753457339.025022
1753457339.056896
1753457339.093455
1753457339.119108
1753457339.156210
1753457339.193120
1753457339.220832
1753457339.253369
1753457339.294025
1753457339.322755
1753457339.361101
1753457339.387807
1753457339.427156
1753457339.455498
1753457339.497342
1753457339.519630
1753457339.559990
1753457339.589533
1753457339.627676
1753457339.653089
1753457339.697113
1753457339.721503
1753457339.759936
1753457339.786311
1753457339.825147
1753457339.860944
1753457339.888911
1753457339.931191
1753457339.953051
1753457339.999019
1753457340.021300
1753457340.059958
1753457340.091831
1753457340.122456
1753457340.155459
1753457340.197266
1753457340.221970
1753457340.257469
1753457340.295676
1753457340.322565
1753457340.364094
1753457340.386651
1753457340.428167
1753457340.455880
1753457340.496337
1753457340.519765
1753457340.557186
1753457340.596488
1753457340.622209
1753457340.656649
1753457340.691679
1753457340.729973
1753457340.755134
1753457340.790142
1753457340.825076
1753457340.864290
1753457340.888459
1753457340.923557
1753457340.958230
1753457340.997492
1753457341.020546
1753457341.057807
1753457341.093006
1753457341.124163
1753457341.158000
1753457341.189572
1753457341.229599
1753457341.256149
1753457341.298328
1753457341.320431
1753457341.365540
1753457341.388651
1753457341.430221
1753457341.454055
1753457341.501101
1753457341.521049
1753457341.559978
1753457341.588594
1753457341.626770
1753457341.659455
1753457341.698556
1753457341.720887
1753457341.766171
1753457341.788109
1753457341.827237
1753457341.855359
1753457341.892188
1753457341.933012
1753457341.955490
1753457341.995534
1753457342.022193
1753457342.060388
1753457342.093971
1753457342.122791
1753457342.156148
1753457342.198473
1753457342.222350
1753457342.260695
1753457342.288682
1753457342.322476
1753457342.354754
1753457342.393155
1753457342.425402
1753457342.464084
1753457342.488864
1753457342.523945
1753457342.559399
1753457342.596414
1753457342.622409
1753457342.657505
1753457342.692980
1753457342.728069
1753457342.756797
1753457342.792908
1753457342.823802
1753457342.864497
1753457342.889400
1753457342.927306
1753457342.955554
1753457342.996983
1753457343.023690
1753457343.059988
1753457343.089450
1753457343.133946
1753457343.154727
1753457343.197072
1753457343.221903
1753457343.265315
1753457343.289300
1753457343.324949
1753457343.363413
1753457343.390674
1753457343.430674
1753457343.455040
1753457343.493156
1753457343.532145
1753457343.555767
1753457343.595524
1753457343.622446
1753457343.665441
1753457343.689373
1753457343.728837
1753457343.755667
1753457343.797458
1753457343.823820
1753457343.857419
1753457343.895847
1753457343.923838
1753457343.966247
1753457343.988496
1753457344.032158
1753457344.056299
1753457344.099646
1753457344.122149
1753457344.157081
1753457344.200127
1753457344.222840
1753457344.263457
1753457344.289239
1753457344.332065
1753457344.356401
1753457344.390920
1753457344.429687
1753457344.455956
1753457344.498916
1753457344.522090
1753457344.560577
1753457344.594592
1753457344.631976
1753457344.655502
1753457344.698876
1753457344.723723
1753457344.766427
1753457344.788826
1753457344.829690
1753457344.860174
1753457344.901295
1753457344.922208
1753457344.965956
1753457344.989710
1753457345.032970
1753457345.055696
1753457345.099742
1753457345.123140
1753457345.159474
1753457345.189882
1753457345.227108
1753457345.266950
1753457345.289418
1753457345.331228
1753457345.355783
1753457345.398574
1753457345.424706
1753457345.462951
1753457345.489468
1753457345.535114
1753457345.556250
1753457345.599087
1753457345.622709
1753457345.668262
1753457345.689780
1753457345.730580
1753457345.756504
1753457345.802668
1753457345.822881
1753457345.865704
1753457345.889430
1753457345.931560
1753457345.958804
1753457346.000652
1753457346.022942
1753457346.066482
1753457346.090142
1753457346.131020
1753457346.155396
1753457346.201006
1753457346.223489
1753457346.263299
1753457346.289691
1753457346.331897
1753457346.357896
1753457346.392802
1753457346.432316
1753457346.458636
1753457346.499219
1753457346.523203
1753457346.563956
1753457346.593499
1753457346.635436
1753457346.656221
1753457346.699440
1753457346.726639
1753457346.768852
1753457346.789882
1753457346.833541
1753457346.857978
1753457346.900684
1753457346.923667
1753457346.969711
1753457346.989896
1753457347.035209
1753457347.056830
1753457347.099842
1753457347.126293
1753457347.160626
1753457347.194552
1753457347.229540
1753457347.265445
1753457347.290891
1753457347.330767
1753457347.357020
1753457347.398989
1753457347.426274
1753457347.465051
1753457347.490475
1753457347.532693
1753457347.560399
1753457347.599350
1753457347.623826
1753457347.667407
1753457347.691091
1753457347.734328
1753457347.757460
1753457347.803788
1753457347.824350
1753457347.868524
1753457347.890621
1753457347.934171
1753457347.958497
1753457348.001014
1753457348.024585
1753457348.066868
1753457348.096064
1753457348.125716
1753457348.162041
1753457348.203315
1753457348.224590
1753457348.267871
1753457348.290561
1753457348.334462
1753457348.357893
1753457348.399238
1753457348.428264
1753457348.458614
1753457348.496283
1753457348.532859
1753457348.560038
1753457348.599811
1753457348.625099
1753457348.667946
1753457348.693819
1753457348.726792
1753457348.760580
1753457348.801749
1753457348.825203
1753457348.862464
1753457348.892379
1753457348.935765
1753457348.958361
1753457348.995091
1753457349.025429
1753457349.065834
1753457349.096542
1753457349.124833
1753457349.161083
1753457349.201308
1753457349.225207
1753457349.266031
1753457349.291111
1753457349.327406
1753457349.358976
1753457349.393581
1753457349.432117
1753457349.463398
1753457349.501360
1753457349.524902
1753457349.562808
1753457349.602849
1753457349.625809
1753457349.668158
1753457349.692211
1753457349.734121
1753457349.762804
1753457349.792436
1753457349.835890
1753457349.859140
1753457349.900634
1753457349.925326
1753457349.967509
1753457349.996432
1753457350.036992
1753457350.058387
1753457350.103270
1753457350.126104
1753457350.162001
1753457350.200294
1753457350.226583
1753457350.269132
1753457350.293256
1753457350.334262
1753457350.359903
1753457350.402401
1753457350.426334
1753457350.465786
1753457350.493288
1753457350.535027
1753457350.559922
1753457350.592540
1753457350.635721
1753457350.659674
1753457350.702424
1753457350.725230
1753457350.768218
1753457350.796218
1753457350.836800
1753457350.858291
1753457350.902388
1753457350.926593
1753457350.969313
1753457350.991648
1753457351.035271
1753457351.060135
1753457351.102938
1753457351.125092
1753457351.161783
1753457351.202491
1753457351.227825
1753457351.262841
1753457351.298211
1753457351.335112
1753457351.361615
1753457351.394023
1753457351.435434
1753457351.460874
1753457351.502498
1753457351.525271
1753457351.563884
1753457351.602183
1753457351.627161
1753457351.660530
1753457351.701634
1753457351.731804
1753457351.766943
1753457351.792685
1753457351.835746
1753457351.862297
1753457351.903237
1753457351.925514
1753457351.971498
1753457351.994535
1753457352.033606
1753457352.061174
1753457352.102246
1753457352.129552
1753457352.161369
1753457352.198489
1753457352.228448
1753457352.270197
1753457352.295158
1753457352.330554
1753457352.366408
1753457352.393934
1753457352.427084
1753457352.461607
1753457352.502041
1753457352.526268
1753457352.567459
1753457352.593101
1753457352.637092
1753457352.661383
1753457352.700268
1753457352.726891
1753457352.769549
1753457352.793505
1753457352.836906
1753457352.859429
1753457352.901981
1753457352.931255
1753457352.965699
1753457352.993372
1753457353.036077
1753457353.062189
1753457353.103404
1753457353.126328
1753457353.162504
1753457353.203046
1753457353.228776
1753457353.267052
1753457353.296234
1753457353.336753
1753457353.363042
1753457353.400217
1753457353.429341
1753457353.470225
1753457353.499147
1753457353.530130
1753457353.562795
1753457353.602965
1753457353.629323
1753457353.668976
1753457353.695179
1753457353.736650
1753457353.763245
1753457353.800769
1753457353.829764
1753457353.870443
1753457353.897833
1753457353.933937
1753457353.963934
1753457354.004332
1753457354.030653
1753457354.066332
1753457354.096890
1753457354.137361
1753457354.159839
1753457354.203113
1753457354.228780
1753457354.270292
1753457354.297317
1753457354.328933
1753457354.370143
1753457354.399623
1753457354.435434
1753457354.460501
1753457354.501495
1753457354.535292
1753457354.562205
1753457354.601534
1753457354.629790
1753457354.670327
1753457354.699172
1753457354.730676
1753457354.768998
1753457354.798911
1753457354.835946
1753457354.860325
1753457354.903011
1753457354.932644
1753457354.968612
1753457354.995612
1753457355.037000
1753457355.063136
1753457355.104240
1753457355.127290
1753457355.165087
1753457355.202311
1753457355.234229
1753457355.263957
1753457355.300386
1753457355.336086
1753457355.365750
1753457355.394404
1753457355.436571
1753457355.466071
1753457355.502554
1753457355.527994
1753457355.569949
1753457355.599527
1753457355.636114
1753457355.660828
1753457355.704607
1753457355.727422
1753457355.769574
1753457355.794182
1753457355.839002
1753457355.864235
1753457355.904654
1753457355.927733
1753457355.971104
1753457356.000632
1753457356.036755
1753457356.061109
1753457356.103676
1753457356.133698
1753457356.165021
1753457356.198778
1753457356.233532
1753457356.269558
1753457356.301147
1753457356.331184
1753457356.368658
1753457356.403813
1753457356.433105
1753457356.465303
1753457356.502021
1753457356.536809
1753457356.562496
1753457356.605134
1753457356.628058
1753457356.671973
1753457356.699061
1753457356.737549
1753457356.767556
1753457356.800061
1753457356.833134
1753457356.869593
1753457356.900785
1753457356.932914
1753457356.968829
1753457357.003332
1753457357.032803
1753457357.064359
1753457357.103027
1753457357.135873
1753457357.164027
1753457357.199048
1753457357.234462
1753457357.270511
1753457357.301362
1753457357.329688
1753457357.370383
1753457357.400282
1753457357.437340
1753457357.462579
1753457357.504555
1753457357.534894
1753457357.569041
1753457357.598578
1753457357.636438
1753457357.669974
1753457357.703512
1753457357.732990
1753457357.769201
1753457357.803009
1753457357.837832
1753457357.863543
1753457357.903971
1753457357.935420
1753457357.970375
1753457357.998119
1753457358.037988
1753457358.068971
1753457358.103824
1753457358.132440
1753457358.166249
1753457358.203285
1753457358.235136
1753457358.269858
1753457358.299961
1753457358.337900
1753457358.369072
1753457358.399406
1753457358.436192
1753457358.470382
1753457358.502003
1753457358.532010
1753457358.564054
1753457358.599408
1753457358.632465
1753457358.666008
1753457358.703067
1753457358.736862
1753457358.769566
1753457358.797339
1753457358.837978
1753457358.868038
1753457358.902329
1753457358.931682
1753457358.968808
1753457359.003281
1753457359.036902
1753457359.062413
1753457359.103494
1753457359.132034
1753457359.168115
1753457359.194671
1753457359.233647
1753457359.269064
1753457359.303830
1753457359.329232
1753457359.369012
1753457359.403939
1753457359.435652
1753457359.466320
1753457359.502721
1753457359.536967
1753457359.564740
1753457359.604275
1753457359.631480
1753457359.670100
1753457359.702807
1753457359.732235
1753457359.770918
1753457359.802986
1753457359.838034
1753457359.864430
1753457359.904878
1753457359.935948
1753457359.970891
1753457360.000182
1753457360.038080
1753457360.070079
1753457360.104901
1753457360.132024
1753457360.169112
1753457360.204186
1753457360.236348
1753457360.266328
1753457360.301692
1753457360.332661
1753457360.366610
1753457360.399247
1753457360.437880
1753457360.466330
1753457360.503624
1753457360.532142
1753457360.569498
1753457360.604456
1753457360.636451
1753457360.666521
1753457360.705285
1753457360.736120
1753457360.771342
1753457360.799344
1753457360.838360
1753457360.870464
1753457360.905033
1753457360.933259
1753457360.971225
1753457361.003933
1753457361.037008
1753457361.067315
1753457361.103319
1753457361.138268
1753457361.167942
1753457361.201169
1753457361.236766
1753457361.269043
1753457361.304278
1753457361.330510
1753457361.371225
1753457361.403449
1753457361.436228
1753457361.466178
1753457361.505074
1753457361.535830
1753457361.569641
1753457361.597739
1753457361.638344
1753457361.670258
1753457361.704439
1753457361.734961
1753457361.769693
1753457361.803517
1753457361.837137
1753457361.868685
1753457361.903130
1753457361.938810
1753457361.970259
1753457362.002213
1753457362.036966
1753457362.067068
1753457362.106919
1753457362.131349
1753457362.168871
1753457362.203948
1753457362.236379
1753457362.268651
1753457362.303662
1753457362.337206
1753457362.371299
1753457362.399529
1753457362.438507
1753457362.468346
1753457362.499087
1753457362.535676
1753457362.566535
1753457362.602266
1753457362.637649
1753457362.666182
1753457362.706346
1753457362.737005
1753457362.768232
1753457362.801648
1753457362.836915
1753457362.871945
1753457362.904238
1753457362.932312
1753457362.971003
1753457363.004449
1753457363.039124
1753457363.063531
1753457363.104464
1753457363.137002
1753457363.169781
1753457363.200308
1753457363.240786
1753457363.268929
1753457363.304482
1753457363.334096
1753457363.369999
1753457363.404828
1753457363.438668
1753457363.466853
1753457363.506216
1753457363.537576
1753457363.570090
1753457363.597991
1753457363.633229
1753457363.669414
1753457363.702049
1753457363.736147
1753457363.770783
1753457363.805096
1753457363.839344
1753457363.867467
1753457363.905998
1753457363.937710
1753457363.972039
1753457364.002187
1753457364.037529
1753457364.071887
1753457364.105323
1753457364.131856
1753457364.169149
1753457364.204667
1753457364.239437
1753457364.267725
1753457364.304349
1753457364.339127
1753457364.372558
1753457364.400338
1753457364.440900
1753457364.469884
1753457364.504336
1753457364.535381
1753457364.571583
1753457364.606356
1753457364.636752
1753457364.668652
1753457364.702892
1753457364.738170
1753457364.772846
1753457364.799055
1753457364.839093
1753457364.872186
1753457364.905438
1753457364.940030
1753457364.965085
1753457365.004528
1753457365.039454
1753457365.072455
1753457365.103686
1753457365.137126
1753457365.164735
1753457365.204594
1753457365.239707
1753457365.268810
1753457365.305116
1753457365.340139
1753457365.371226
1753457365.402616
1753457365.439492
1753457365.474069
1753457365.503608
1753457365.536073
1753457365.572067
1753457365.606290
1753457365.637433
1753457365.668811
1753457365.705086
1753457365.739722
1753457365.772381
1753457365.800521
1753457365.837464
1753457365.872411
1753457365.906954
1753457365.934792
1753457365.971379
1753457366.005764
1753457366.040582
1753457366.068600
1753457366.106461
1753457366.138943
1753457366.170109
1753457366.202845
1753457366.237843
1753457366.272260
1753457366.307384
1753457366.333733
1753457366.373813
1753457366.404124
1753457366.439516
1753457366.468170
1753457366.507881
1753457366.537538
1753457366.570942
1753457366.604799
1753457366.635200
1753457366.672762
1753457366.707600
1753457366.736744
1753457366.773420
1753457366.804498
1753457366.839506
1753457366.870077
1753457366.905208
1753457366.939663
1753457366.971189
1753457367.003158
1753457367.039946
1753457367.070430
1753457367.104741
1753457367.136539
1753457367.170715
1753457367.205191
1753457367.239961
1753457367.269558
1753457367.305464
1753457367.337988
1753457367.371775
1753457367.403197
1753457367.438611
1753457367.473453
1753457367.508663
1753457367.536279
1753457367.572014
1753457367.606876
1753457367.641060
1753457367.669258
1753457367.708634
1753457367.736639
1753457367.777657
1753457367.799897
1753457367.839751
1753457367.874802
1753457367.903867
1753457367.937707
1753457367.972380
1753457368.007810
1753457368.039481
1753457368.069547
1753457368.105302
1753457368.140216
1753457368.170864
1753457368.205003
1753457368.239079
1753457368.274783
1753457368.304535
1753457368.338337
1753457368.370687
1753457368.409102
1753457368.441430
1753457368.469709
1753457368.511368
1753457368.537845
1753457368.575195
1753457368.602662
1753457368.638655
1753457368.674570
1753457368.705100
1753457368.739207
1753457368.771230
1753457368.808113
1753457368.839167
1753457368.870263
1753457368.905320
1753457368.941070
1753457368.973003
1753457369.002650
1753457369.039643
1753457369.070429
1753457369.107846
1753457369.134721
1753457369.172597
1753457369.204798
1753457369.237751
1753457369.267189
1753457369.304760
1753457369.336843
1753457369.373683
1753457369.401128
1753457369.438712
1753457369.470583
1753457369.506254
1753457369.534372
1753457369.571818
1753457369.603171
1753457369.640258
1753457369.667637
1753457369.707155
1753457369.737894
1753457369.778305
1753457369.800873
1753457369.841595
1753457369.872086
1753457369.913430
1753457369.934593
1753457369.972958
1753457370.005192
1753457370.042659
1753457370.070796
1753457370.108961
1753457370.139665
1753457370.173716
1753457370.204147
1753457370.240809
1753457370.272474
1753457370.314423
1753457370.334711
1753457370.374623
1753457370.406057
1753457370.442629
1753457370.469622
1753457370.511181
1753457370.538720
1753457370.575396
1753457370.603653
1753457370.640428
1753457370.675222
1753457370.710466
1753457370.734867
1753457370.773457
1753457370.808189
1753457370.843446
1753457370.868980
1753457370.908683
1753457370.940502
1753457370.976418
1753457371.001407
1753457371.042689
1753457371.071181
1753457371.111605
1753457371.135013
1753457371.172718
1753457371.214069
1753457371.237614
1753457371.270979
1753457371.305157
1753457371.337644
1753457371.374180
1753457371.403657
1753457371.444091
1753457371.471574
1753457371.512443
1753457371.535298
1753457371.577856
1753457371.605009
1753457371.641273
1753457371.671041
1753457371.710268
1753457371.738259
1753457371.778650
1753457371.802226
1753457371.843507
1753457371.871943
1753457371.914235
1753457371.935560
1753457371.972707
1753457372.013453
1753457372.037795
1753457372.078301
1753457372.104363
1753457372.145551
1753457372.170606
1753457372.209887
1753457372.238081
1753457372.275237
1753457372.307849
1753457372.338534
1753457372.373707
1753457372.410721
1753457372.439667
1753457372.472850
1753457372.508663
1753457372.539350
1753457372.570913
1753457372.604949
1753457372.644402
1753457372.671891
1753457372.713167
1753457372.735799
1753457372.773835
1753457372.812718
1753457372.838165
1753457372.872157
1753457372.910874
1753457372.938970
1753457372.976486
1753457373.002634
1753457373.040218
1753457373.076808
1753457373.107524
1753457373.137761
1753457373.176758
1753457373.207303
1753457373.247363
1753457373.276938
1753457373.302589
1753457373.349180
1753457373.371274
1753457373.412880
1753457373.438661
1753457373.474531
1753457373.508773
1753457373.542342
1753457373.576321
1753457373.604789
1753457373.646219
1753457373.672178
1753457373.716076
1753457373.736270
1753457373.780472
1753457373.804571
1753457373.842942
1753457373.870981
1753457373.912000
1753457373.938909
1753457373.976909
1753457374.003964
1753457374.046700
1753457374.071313
1753457374.113429
1753457374.136418
1753457374.174976
1753457374.211006
1753457374.239411
1753457374.274608
1753457374.309077
1753457374.347505
1753457374.371811
1753457374.412375
1753457374.438052
1753457374.480143
1753457374.505296
1753457374.544716
1753457374.571452
1753457374.611931
1753457374.639388
1753457374.673330
1753457374.713074
1753457374.738400
1753457374.776457
1753457374.803781
1753457374.841297
1753457374.879083
1753457374.905562
1753457374.939516
1753457374.979340
1753457375.005816
1753457375.041612
1753457375.070852
1753457375.115245
1753457375.138499
1753457375.176528
1753457375.204338
1753457375.242577
1753457375.274699
1753457375.316165
1753457375.337282
1753457375.381538
1753457375.404102
1753457375.442923
1753457375.472079
1753457375.511679
1753457375.541195
1753457375.580852
1753457375.604479
1753457375.642523
1753457375.678559
1753457375.708539
1753457375.739436
1753457375.775402
1753457375.816683
1753457375.838446
1753457375.878467
1753457375.905353
1753457375.947706
1753457375.972164
1753457376.006467
1753457376.046692
1753457376.072230
1753457376.114297
1753457376.137767
1753457376.177507
1753457376.210921
1753457376.240190
1753457376.277020
1753457376.306096
1753457376.347752
1753457376.372512
1753457376.414548
1753457376.437942
1753457376.477849
1753457376.513261
1753457376.538161
1753457376.578085
1753457376.611310
1753457376.643450
1753457376.671259
1753457376.709749
1753457376.746091
1753457376.772941
1753457376.807602
1753457376.843385
1753457376.881413
1753457376.905246
1753457376.943371
1753457376.973547
1753457377.014116
1753457377.039669
1753457377.073211
1753457377.110195
1753457377.139358
1753457377.178672
1753457377.204752
1753457377.243362
1753457377.280652
1753457377.306833
1753457377.340948
1753457377.376738
1753457377.414880
1753457377.438819
1753457377.477761
1753457377.505674
1753457377.548121
1753457377.573848
1753457377.610106
1753457377.641660
1753457377.680136
1753457377.708658
1753457377.741151
1753457377.782366
1753457377.805564
1753457377.848881
1753457377.872069
1753457377.912371
1753457377.941070
1753457377.983837
1753457378.005297
1753457378.043749
1753457378.082327
1753457378.105986
1753457378.145476
1753457378.172078
1753457378.215785
1753457378.240224
1753457378.282697
1753457378.305344
1753457378.348598
1753457378.373014
1753457378.413563
1753457378.439319
1753457378.479479
1753457378.511424
1753457378.539275
1753457378.578181
1753457378.616013
1753457378.639744
1753457378.680562
1753457378.705765
1753457378.747406
1753457378.775142
1753457378.807140
1753457378.848255
1753457378.872851
1753457378.915003
1753457378.938850
1753457378.982295
1753457379.005865
1753457379.049500
1753457379.072378
1753457379.116281
1753457379.139507
1753457379.181175
1753457379.205842
1753457379.249734
1753457379.272696
1753457379.316788
1753457379.338926
1753457379.382533
1753457379.407410
1753457379.451791
1753457379.472544
1753457379.514060
1753457379.540173
1753457379.582097
1753457379.606040
1753457379.647948
1753457379.674892
1753457379.713654
1753457379.739621
1753457379.782039
1753457379.810388
1753457379.849278
1753457379.873063
1753457379.914613
1753457379.943474
1753457379.984286
1753457380.006464
1753457380.047268
1753457380.080268
1753457380.114761
1753457380.139819
1753457380.181654
1753457380.209143
1753457380.250432
1753457380.273144
1753457380.316280
1753457380.339682
1753457380.383719
1753457380.406769
1753457380.449118
1753457380.477604
1753457380.518549
1753457380.540312
1753457380.582111
1753457380.610081
1753457380.652116
1753457380.673451
1753457380.715374
1753457380.742385
1753457380.785622
1753457380.806657
1753457380.849940
1753457380.877780
1753457380.918355
1753457380.940149
1753457380.983020
1753457381.005514
1753457381.046568
1753457381.073559
1753457381.116015
1753457381.140693
1753457381.179724
1753457381.206856
1753457381.249018
1753457381.275941
1753457381.311970
1753457381.338986
1753457381.374923
1753457381.417311
1753457381.440338
1753457381.481479
1753457381.507233
1753457381.552928
1753457381.572529
1753457381.617361
1753457381.640233
1753457381.682934
1753457381.708458
1753457381.751777
1753457381.774292
1753457381.813781
1753457381.840694
1753457381.884141
1753457381.908285
1753457381.943281
1753457381.983980
1753457382.007683
1753457382.050142
1753457382.073426
1753457382.119862
1753457382.141127
1753457382.181861
1753457382.208100
1753457382.251247
1753457382.275882
1753457382.317663
1753457382.340782
1753457382.386240
1753457382.408058
1753457382.450854
1753457382.474308
1753457382.517860
1753457382.542393
1753457382.584611
1753457382.607558
1753457382.643529
1753457382.674879
1753457382.714554
1753457382.741619
1753457382.784768
1753457382.810536
1753457382.852190
1753457382.874277
1753457382.914660
1753457382.951609
1753457382.975372
1753457383.015423
1753457383.041370
1753457383.083552
1753457383.111022
1753457383.143373
1753457383.182084
1753457383.212766
1753457383.253174
1753457383.274510
1753457383.317451
1753457383.345492
1753457383.385648
1753457383.407979
1753457383.451492
1753457383.475368
1753457383.517989
1753457383.541343
1753457383.583056
1753457383.610533
1753457383.652837
1753457383.674445
1753457383.718828
1753457383.742245
1753457383.785748
1753457383.807888
1753457383.851055
1753457383.875828
1753457383.918872
1753457383.941402
1753457383.984543
1753457384.009432
1753457384.047889
1753457384.075008
1753457384.110950
1753457384.142669
1753457384.181418
1753457384.210098
1753457384.251796
1753457384.280254
1753457384.318526
1753457384.343298
1753457384.385049
1753457384.412226
1753457384.453596
1753457384.475698
1753457384.517826
1753457384.547005
1753457384.585604
1753457384.609412
1753457384.651255
1753457384.680521
1753457384.716142
1753457384.744146
1753457384.780719
1753457384.818612
1753457384.844338
1753457384.877240
1753457384.916693
1753457384.945432
1753457384.986330
1753457385.008380
1753457385.048608
1753457385.081152
1753457385.118180
1753457385.141742
1753457385.183612
1753457385.211714
1753457385.253044
1753457385.275121
1753457385.320153
1753457385.342041
1753457385.385335
1753457385.408976
1753457385.452504
1753457385.478483
1753457385.519904
1753457385.542447
1753457385.584616
1753457385.614968
1753457385.651875
1753457385.675568
1753457385.720947
1753457385.744848
1753457385.786353
1753457385.808711
1753457385.853944
1753457385.877805
1753457385.919655
1753457385.942417
1753457385.987181
1753457386.011583
1753457386.053223
1753457386.075806
1753457386.119779
1753457386.144116
1753457386.184449
1753457386.210017
1753457386.252555
1753457386.281888
1753457386.319420
1753457386.342554
1753457386.387468
1753457386.411334
1753457386.453753
1753457386.476508
1753457386.520105
1753457386.545521
1753457386.586462
1753457386.611261
1753457386.653114
1753457386.682290
1753457386.718591
1753457386.743682
1753457386.785536
1753457386.815036
1753457386.852118
1753457386.876156
1753457386.915943
1753457386.952111
1753457386.982520
1753457387.012356
1753457387.047654
1753457387.086031
1753457387.112934
1753457387.146138
1753457387.182054
1753457387.218380
1753457387.248746
1753457387.279927
1753457387.316204
1753457387.352199
1753457387.383020
1753457387.413320
1753457387.452116
1753457387.482906
1753457387.518856
1753457387.544131
1753457387.586228
1753457387.613110
1753457387.653889
1753457387.676598
1753457387.719462
1753457387.749714
1753457387.785632
1753457387.811848
1753457387.852858
1753457387.883974
1753457387.918793
1753457387.943809
1753457387.985931
1753457388.013870
1753457388.052848
1753457388.077475
1753457388.119561
1753457388.145459
1753457388.185129
1753457388.213332
1753457388.252821
1753457388.281622
1753457388.319769
1753457388.343797
1753457388.386212
1753457388.414627
1753457388.454321
1753457388.476942
1753457388.520179
1753457388.548404
1753457388.587391
1753457388.610477
1753457388.652689
1753457388.683685
1753457388.720096
1753457388.744011
1753457388.784916
1753457388.814155
1753457388.854172
1753457388.877177
1753457388.919352
1753457388.948221
1753457388.986350
1753457389.010560
1753457389.052797
1753457389.081990
1753457389.119092
1753457389.143799
1753457389.185053
1753457389.215869
1753457389.252668
1753457389.277043
1753457389.315684
1753457389.352752
1753457389.382638
1753457389.414438
1753457389.450975
1753457389.486176
1753457389.515389
1753457389.548478
1753457389.583715
1753457389.616243
1753457389.652087
1753457389.677552
1753457389.717685
1753457389.753495
1753457389.783214
1753457389.814190
1753457389.852838
1753457389.882712
1753457389.919168
1753457389.954488
1753457389.977466
1753457390.020854
1753457390.047205
1753457390.086794
1753457390.116996
1753457390.147790
1753457390.183981
1753457390.219547
1753457390.253382
1753457390.281919
1753457390.318890
1753457390.350852
1753457390.386571
1753457390.415550
1753457390.451897
1753457390.485590
1753457390.520463
1753457390.548035
1753457390.585462
1753457390.620144
1753457390.651659
1753457390.679088
1753457390.720012
1753457390.750502
1753457390.787172
1753457390.811905
1753457390.853058
1753457390.884946
1753457390.918583
1753457390.948453
1753457390.983491
1753457391.020368
1753457391.051290
1753457391.080879
1753457391.119333
1753457391.146554
1753457391.186242
1753457391.211774
1753457391.254503
1753457391.282726
1753457391.318171
1753457391.346879
1753457391.386529
1753457391.416645
1753457391.453919
1753457391.479118
1753457391.519939
1753457391.551456
1753457391.586424
1753457391.613802
1753457391.653628
1753457391.684560
1753457391.719839
1753457391.745999
1753457391.786778
1753457391.818092
1753457391.853557
1753457391.880820
1753457391.920794
1753457391.951868
1753457391.987230
1753457392.012034
1753457392.053189
1753457392.085275
1753457392.120031
1753457392.145241
1753457392.185825
1753457392.219310
1753457392.253434
1753457392.278783
1753457392.315264
1753457392.347007
1753457392.378902
1753457392.411941
1753457392.445116
1753457392.478312
1753457392.520102
1753457392.545735
1753457392.586874
1753457392.619278
1753457392.652767
1753457392.678693
1753457392.715486
1753457392.746432
1753457392.787386
1753457392.812059
1753457392.853650
1753457392.886272
1753457392.919196
1753457392.945703
1753457392.987249
1753457393.019245
1753457393.050130
1753457393.080137
1753457393.120253
1753457393.148640
1753457393.185613
1753457393.213041
1753457393.254135
1753457393.283569
1753457393.323446
1753457393.345643
1753457393.387129
1753457393.418035
1753457393.453367
1753457393.479293
1753457393.520883
1753457393.551533
1753457393.584333
1753457393.612728
1753457393.650721
1753457393.682883
1753457393.715025
1753457393.750864
1753457393.785631
1753457393.818926
1753457393.853630
1753457393.879958
1753457393.920425
1753457393.952055
1753457393.986480
1753457394.014264
1753457394.053334
1753457394.086365
1753457394.121184
1753457394.146401
1753457394.185485
1753457394.221303
1753457394.252546
1753457394.283276
1753457394.320309
1753457394.351818
1753457394.386772
1753457394.415266
1753457394.452702
1753457394.487907
1753457394.519000
1753457394.549692
1753457394.586872
1753457394.618092
1753457394.648987
1753457394.679708
1753457394.713024
1753457394.746296
1753457394.779471
1753457394.816163
1753457394.847935
1753457394.887408
1753457394.918551
1753457394.949234
1753457394.986751
1753457395.020946
1753457395.052713
1753457395.081232
1753457395.119350
1753457395.150557
1753457395.188355
1753457395.213710
1753457395.254566
1753457395.284833
1753457395.320045
1753457395.348036
1753457395.385959
1753457395.418283
1753457395.453348
1753457395.482187
1753457395.520249
1753457395.553667
1753457395.588083
1753457395.614435
1753457395.652644
1753457395.687758
1753457395.719435
1753457395.751399
1753457395.786761
1753457395.820727
1753457395.854198
1753457395.884518
1753457395.920157
1753457395.952478
1753457395.987148
1753457396.014065
1753457396.052152
1753457396.086803
1753457396.120090
1753457396.147360
1753457396.186874
1753457396.221787
1753457396.254639
1753457396.282221
1753457396.321954
1753457396.352538
1753457396.387502
1753457396.417382
1753457396.456347
1753457396.486643
1753457396.520538
1753457396.553553
1753457396.584499
1753457396.621198
1753457396.655027
1753457396.685367
1753457396.720252
1753457396.753538
1753457396.787468
1753457396.816587
1753457396.856103
1753457396.887651
1753457396.920554
1753457396.950110
1753457396.990552
1753457397.018894
1753457397.054298
1753457397.083497
1753457397.124091
1753457397.149335
1753457397.187236
1753457397.217604
1753457397.254053
1753457397.286786
1753457397.321424
1753457397.350788
1753457397.390635
1753457397.418045
1753457397.454490
1753457397.485822
1753457397.521127
1753457397.554489
1753457397.588408
1753457397.617526
1753457397.653075
1753457397.688525
1753457397.723220
1753457397.749622
1753457397.789746
1753457397.819730
1753457397.854239
1753457397.885633
1753457397.921331
1753457397.955199
1753457397.986893
1753457398.018679
1753457398.056218
1753457398.086368
1753457398.123448
1753457398.148467
1753457398.187198
1753457398.221479
1753457398.255998
1753457398.287243
1753457398.314978
1753457398.354532
1753457398.389397
1753457398.421351
1753457398.454710
1753457398.488572
1753457398.519582
1753457398.554239
1753457398.587695
1753457398.618264
1753457398.654334
1753457398.688469
1753457398.721631
1753457398.753440
1753457398.787827
1753457398.822439
1753457398.857132
1753457398.884524
1753457398.921148
1753457398.956207
1753457398.986998
1753457399.020014
1753457399.051682
1753457399.090948
1753457399.120324
1753457399.151322
1753457399.187155
1753457399.222733
1753457399.253174
1753457399.286630
1753457399.321275
1753457399.356023
1753457399.387308
1753457399.419250
1753457399.454142
1753457399.489303
1753457399.524200
1753457399.550020
1753457399.589369
1753457399.623848
1753457399.653839
1753457399.685105
1753457399.724207
1753457399.753466
1753457399.788167
1753457399.819756
1753457399.854426
1753457399.889706
1753457399.922179
1753457399.951356
1753457399.988567
1753457400.021768
1753457400.056774
1753457400.085353
1753457400.121439
1753457400.152620
1753457400.189735
1753457400.219642
1753457400.255785
1753457400.289862
1753457400.322094
1753457400.354610
1753457400.389557
1753457400.421257
1753457400.456731
1753457400.486104
1753457400.522974
1753457400.557205
1753457400.587272
1753457400.622775
1753457400.652834
1753457400.688984
1753457400.724754
1753457400.753258
1753457400.787514
1753457400.822001
1753457400.856809
1753457400.886478
1753457400.924335
1753457400.954585
1753457400.989481
1753457401.019043
1753457401.057320
1753457401.086942
1753457401.120773
1753457401.149704
1753457401.192319
1753457401.220318
1753457401.254538
1753457401.285784
1753457401.325419
1753457401.354380
1753457401.388503
1753457401.418346
1753457401.457708
1753457401.487133
1753457401.522774
1753457401.551091
1753457401.590276
1753457401.624056
1753457401.654261
1753457401.686199
1753457401.721591
1753457401.754300
1753457401.790168
1753457401.819565
1753457401.858711
1753457401.887838
1753457401.923400
1753457401.953614
1753457401.989641
1753457402.024730
1753457402.053270
1753457402.090380
1753457402.121529
1753457402.153586
1753457402.192636
1753457402.219556
1753457402.256856
1753457402.290252
1753457402.323831
1753457402.353127
1753457402.390788
1753457402.420214
1753457402.457360
1753457402.486769
1753457402.525165
1753457402.556592
1753457402.590404
1753457402.620204
1753457402.661492
1753457402.687379
1753457402.724222
1753457402.753244
1753457402.788085
1753457402.818254
1753457402.857263
1753457402.886942
1753457402.921991
1753457402.952824
1753457402.988618
1753457403.016662
1753457403.053939
1753457403.086499
1753457403.120469
1753457403.151939
1753457403.187969
1753457403.219717
1753457403.253957
1753457403.287281
1753457403.321114
1753457403.353868
1753457403.386360
1753457403.420212
1753457403.456385
1753457403.490468
1753457403.526052
1753457403.550814
1753457403.590896
1753457403.621958
1753457403.657895
1753457403.685082
1753457403.722175
1753457403.759389
1753457403.788725
1753457403.821160
1753457403.857314
1753457403.892021
1753457403.922307
1753457403.954051
1753457403.990017
1753457404.025843
1753457404.055952
1753457404.086414
1753457404.125415
1753457404.154117
1753457404.195622
1753457404.218225
1753457404.255977
1753457404.292138
1753457404.327470
1753457404.352864
1753457404.393569
1753457404.422362
1753457404.462526
1753457404.484612
1753457404.524801
1753457404.559724
1753457404.588296
1753457404.620976
1753457404.656916
1753457404.691380
1753457404.727083
1753457404.751093
1753457404.790960
1753457404.826567
1753457404.855217
1753457404.887438
1753457404.926775
1753457404.957550
1753457404.991919
1753457405.018822
1753457405.057604
1753457405.091869
1753457405.123331
1753457405.151633
1753457405.191953
1753457405.223018
1753457405.260866
1753457405.284715
1753457405.330775
1753457405.354121
1753457405.394665
1753457405.418263
1753457405.460704
1753457405.487831
1753457405.529840
1753457405.551573
1753457405.588687
1753457405.625923
1753457405.655235
1753457405.689157
1753457405.723591
1753457405.759873
1753457405.788158
1753457405.821876
1753457405.856682
1753457405.893990
1753457405.921958
1753457405.955287
1753457405.989527
1753457406.025342
1753457406.056520
1753457406.087251
1753457406.123759
1753457406.155585
1753457406.194705
1753457406.218678
1753457406.262351
1753457406.287466
1753457406.325143
1753457406.352501
1753457406.391847
1753457406.425287
1753457406.459811
1753457406.485350
1753457406.521284
1753457406.561128
1753457406.588589
1753457406.626040
1753457406.652565
1753457406.698468
1753457406.719846
1753457406.760452
1753457406.788196
1753457406.820182
1753457406.857434
1753457406.890881
1753457406.925829
1753457406.952197
1753457406.998032
1753457407.021145
1753457407.058847
1753457407.085645
1753457407.128212
1753457407.152726
1753457407.199017
1753457407.219124
1753457407.257429
1753457407.292744
1753457407.328507
1753457407.352211
1753457407.397283
1753457407.421337
1753457407.459482
1753457407.486329
1753457407.528611
1753457407.555165
1753457407.597287
1753457407.619557
1753457407.665696
1753457407.687743
1753457407.732228
1753457407.753096
1753457407.799484
1753457407.821069
1753457407.862027
1753457407.886442
1753457407.933218
1753457407.954200
1753457407.989586
1753457408.024333
1753457408.057304
1753457408.095953
1753457408.122323
1753457408.154339
1753457408.198472
1753457408.221611
1753457408.260495
1753457408.286813
1753457408.324739
1753457408.362424
1753457408.388577
1753457408.423672
1753457408.459901
1753457408.494636
1753457408.525579
1753457408.553566
1753457408.600414
1753457408.621309
1753457408.659851
1753457408.687080
1753457408.724316
1753457408.766125
1753457408.787911
1753457408.823225
1753457408.858971
1753457408.895258
1753457408.922594
1753457408.956245
1753457408.992102
1753457409.027066
1753457409.057174
1753457409.087365
1753457409.131102
1753457409.153198
1753457409.199489
1753457409.220408
1753457409.264860
1753457409.288313
1753457409.328888
1753457409.354096
1753457409.397494
1753457409.421131
1753457409.463350
1753457409.487436
1753457409.525220
1753457409.562806
1753457409.589941
1753457409.624868
1753457409.659464
1753457409.695151
1753457409.723133
1753457409.758442
1753457409.790348
1753457409.831948
1753457409.854111
1753457409.894032
1753457409.921816
1753457409.964818
1753457409.988509
1753457410.024678
1753457410.056969
1753457410.095008
1753457410.122963
1753457410.154529
1753457410.188974
1753457410.223680
1753457410.255091
1753457410.290381
1753457410.326716
1753457410.356872
1753457410.392656
1753457410.420939
1753457410.458769
1753457410.491878
1753457410.533187
1753457410.554512
1753457410.600080
1753457410.621805
1753457410.662176
1753457410.687946
1753457410.726378
1753457410.764920
1753457410.788910
1753457410.827255
1753457410.855271
1753457410.897511
1753457410.922736
1753457410.957331
1753457410.996154
1753457411.022228
1753457411.059851
1753457411.088945
1753457411.130975
1753457411.154123
1753457411.200717
1753457411.221318
1753457411.267163
1753457411.288228
1753457411.331141
1753457411.354742
1753457411.402052
1753457411.421515
1753457411.468799
1753457411.488025
1753457411.532519
1753457411.555226
1753457411.602940
1753457411.621735
1753457411.664672
1753457411.688609
1753457411.728236
1753457411.755186
1753457411.793714
1753457411.828778
1753457411.861540
1753457411.888423
1753457411.932271
1753457411.955357
1753457411.995124
1753457412.021834
1753457412.059744
1753457412.099545
1753457412.122294
1753457412.158115
1753457412.199520
1753457412.222579
1753457412.266489
1753457412.288648
1753457412.329123
1753457412.358026
1753457412.399835
1753457412.422151
1753457412.465663
1753457412.489443
1753457412.531756
1753457412.555478
1753457412.598701
1753457412.623483
1753457412.665611
1753457412.689134
1753457412.729926
1753457412.760744
1753457412.800606
1753457412.822487
1753457412.860014
1753457412.890390
1753457412.929212
1753457412.955652
1753457412.995006
1753457413.025543
1753457413.066971
1753457413.088851
1753457413.131265
1753457413.155485
1753457413.198884
1753457413.222305
1753457413.265810
1753457413.289138
1753457413.332349
1753457413.355537
1753457413.402739
1753457413.422782
1753457413.466611
1753457413.489230
1753457413.529776
1753457413.557438
1753457413.596658
1753457413.622815
1753457413.665185
1753457413.689679
1753457413.732886
1753457413.756106
1753457413.798586
1753457413.823782
1753457413.865561
1753457413.889703
1753457413.932642
1753457413.956319
1753457414.000118
1753457414.023066
1753457414.062407
1753457414.097170
1753457414.126901
1753457414.156475
1753457414.199196
1753457414.224627
1753457414.267878
1753457414.289661
1753457414.325518
1753457414.358043
1753457414.396269
1753457414.423260
1753457414.469794
1753457414.489872
1753457414.532105
1753457414.556725
1753457414.598783
1753457414.624538
1753457414.666839
1753457414.690342
1753457414.732895
1753457414.759464
1753457414.800731
1753457414.823736
1753457414.858803
1753457414.898466
1753457414.926640
1753457414.969326
1753457414.990039
1753457415.032153
1753457415.059420
1753457415.101820
1753457415.123927
1753457415.162351
1753457415.190515
1753457415.234516
1753457415.257171
1753457415.296809
1753457415.323546
1753457415.365548
1753457415.391772
1753457415.431177
1753457415.457226
1753457415.499670
1753457415.524469
1753457415.560087
1753457415.594759
1753457415.634799
1753457415.657299
1753457415.689895
1753457415.729741
1753457415.757415
1753457415.802468
1753457415.823210
1753457415.864562
1753457415.890556
1753457415.932714
1753457415.956741
1753457415.995824
1753457416.025077
1753457416.067403
1753457416.090065
1753457416.129074
1753457416.156401
1753457416.197783
1753457416.223383
1753457416.262005
1753457416.297629
1753457416.324380
1753457416.356918
1753457416.393123
1753457416.435087
1753457416.457402
1753457416.490649
1753457416.526927
1753457416.561630
1753457416.595633
1753457416.623679
1753457416.661403
1753457416.697022
1753457416.724774
1753457416.757337
1753457416.796687
1753457416.824902
1753457416.867182
1753457416.890299
1753457416.929732
1753457416.958257
1753457417.000442
1753457417.023821
1753457417.061004
1753457417.098230
1753457417.125002
1753457417.156490
1753457417.191656
1753457417.228642
1753457417.259972
1753457417.290618
1753457417.324164
1753457417.362175
1753457417.393351
1753457417.424112
1753457417.457682
1753457417.494854
1753457417.528855
1753457417.557435
1753457417.596894
1753457417.629054
1753457417.665936
1753457417.690880
1753457417.732665
1753457417.758720
1753457417.801048
1753457417.824388
1753457417.865787
1753457417.893478
1753457417.935983
1753457417.957632
1753457417.997554
1753457418.031385
1753457418.060562
1753457418.092267
1753457418.131945
1753457418.157097
1753457418.203547
1753457418.224416
1753457418.265171
1753457418.293556
1753457418.335800
1753457418.357869
1753457418.398665
1753457418.427549
1753457418.464968
1753457418.491467
1753457418.529260
1753457418.566852
1753457418.592839
1753457418.628483
1753457418.660128
1753457418.702313
1753457418.726288
1753457418.759173
1753457418.797565
1753457418.832644
1753457418.858834
1753457418.893206
1753457418.929235
1753457418.967146
1753457418.993666
1753457419.025562
1753457419.065222
1753457419.092683
1753457419.135015
1753457419.157398
1753457419.199983
1753457419.226926
1753457419.262777
1753457419.291552
1753457419.325513
1753457419.362997
1753457419.394597
1753457419.425127
1753457419.458461
1753457419.497360
1753457419.531467
1753457419.558207
1753457419.596730
1753457419.626399
1753457419.668417
1753457419.691746
1753457419.726720
1753457419.768928
1753457419.791795
1753457419.825418
1753457419.861474
1753457419.896751
1753457419.927095
1753457419.957516
1753457419.994162
1753457420.031521
1753457420.061743
1753457420.091353
1753457420.130354
1753457420.160904
1753457420.199704
1753457420.225334
1753457420.264074
1753457420.296484
1753457420.333572
1753457420.358801
1753457420.396609
1753457420.433205
1753457420.462005
1753457420.492318
1753457420.534013
1753457420.560462
1753457420.602423
1753457420.625598
1753457420.662514
1753457420.699859
1753457420.728595
1753457420.759178
1753457420.797593
1753457420.833262
1753457420.861514
1753457420.892647
1753457420.929397
1753457420.967934
1753457420.995038
1753457421.025684
1753457421.058655
1753457421.102883
1753457421.126082
1753457421.158326
1753457421.194429
1753457421.229689
1753457421.262494
1753457421.292725
1753457421.327397
1753457421.364401
1753457421.394344
1753457421.426090
1753457421.463613
1753457421.496998
1753457421.533432
1753457421.558581
1753457421.596477
1753457421.631192
1753457421.664601
1753457421.692722
1753457421.730636
1753457421.767121
1753457421.796895
1753457421.826125
1753457421.864370
1753457421.896694
1753457421.935424
1753457421.959393
1753457421.999099
1753457422.029736
1753457422.069167
1753457422.093048
1753457422.133347
1753457422.158805
1753457422.199677
1753457422.225671
1753457422.263661
1753457422.295891
1753457422.336457
1753457422.359744
1753457422.397227
1753457422.435879
1753457422.463004
1753457422.493679
1753457422.531398
1753457422.561892
1753457422.603297
1753457422.626489
1753457422.666148
1753457422.696677
1753457422.735432
1753457422.759737
1753457422.797974
1753457422.834714
1753457422.860462
1753457422.894522
1753457422.926046
1753457422.962344
1753457423.002744
1753457423.026669
1753457423.062544
1753457423.102691
