1753455279.661586
1753455279.760562
1753455279.793844
1753455279.827856
1753455279.862524
1753455279.894424
1753455279.928806
1753455279.961143
1753455279.995417
1753455280.033612
1753455280.064793
1753455280.106166
1753455280.133903
1753455280.169894
1753455280.201396
1753455280.232813
1753455280.274617
1753455280.299917
1753455280.342065
1753455280.371678
1753455280.407416
1753455280.443345
1753455280.474321
1753455280.504928
1753455280.541798
1753455280.576754
1753455280.601738
1753455280.636953
1753455280.673083
1753455280.702412
1753455280.741736
1753455280.773338
1753455280.809514
1753455280.841234
1753455280.876991
1753455280.908774
1753455280.941310
1753455280.977154
1753455281.006961
1753455281.042402
1753455281.074570
1753455281.107815
1753455281.131846
1753455281.161851
1753455281.195243
1753455281.231673
1753455281.267216
1753455281.294908
1753455281.331248
1753455281.365270
1753455281.398281
1753455281.428191
1753455281.464457
1753455281.503117
1753455281.528641
1753455281.561603
1753455281.594553
1753455281.637608
1753455281.661956
1753455281.694915
1753455281.731584
1753455281.765573
1753455281.797808
1753455281.828465
1753455281.863564
1753455281.902472
1753455281.928905
1753455281.961816
1753455281.998645
1753455282.033921
1753455282.062648
1753455282.095211
1753455282.130482
1753455282.168137
1753455282.195679
1753455282.228733
1753455282.263007
1753455282.300286
1753455282.329068
1753455282.362060
1753455282.396365
1753455282.435697
1753455282.462567
1753455282.495515
1753455282.529677
1753455282.571522
1753455282.595950
1753455282.628433
1753455282.666298
1753455282.700853
1753455282.730274
1753455282.762214
1753455282.797496
1753455282.839832
1753455282.862723
1753455282.895677
1753455282.934300
1753455282.965269
1753455283.004964
1753455283.028957
1753455283.070474
1753455283.095358
1753455283.137690
1753455283.162425
1753455283.200911
1753455283.232669
1753455283.271674
1753455283.295766
1753455283.330976
1753455283.366997
1753455283.398362
1753455283.429681
1753455283.472367
1753455283.496575
1753455283.539289
1753455283.562858
1753455283.604837
1753455283.630030
1753455283.672495
1753455283.696088
1753455283.736825
1753455283.763816
1753455283.806289
1753455283.829362
1753455283.871148
1753455283.897199
1753455283.940863
1753455283.962912
1753455284.004647
1753455284.030283
1753455284.071475
1753455284.096206
1753455284.137920
1753455284.164016
1753455284.204829
1753455284.229606
1753455284.272149
1753455284.297016
1753455284.340851
1753455284.363065
1753455284.405645
1753455284.431048
1753455284.472330
1753455284.496514
1753455284.536883
1753455284.566441
1753455284.605850
1753455284.629916
1753455284.672032
1753455284.697826
1753455284.736668
1753455284.763465
1753455284.807158
1753455284.830791
1753455284.872407
1753455284.896595
1753455284.939963
1753455284.964597
1753455285.007254
1753455285.030219
1753455285.073303
1753455285.098017
1753455285.141507
1753455285.163642
1753455285.202617
1753455285.238533
1753455285.266399
1753455285.301261
1753455285.335690
1753455285.374951
1753455285.398217
1753455285.434503
1753455285.469533
1753455285.505945
1753455285.533250
1753455285.568196
1753455285.603221
1753455285.634142
1753455285.665486
1753455285.702884
1753455285.733779
1753455285.775832
1753455285.798937
1753455285.839035
1753455285.865725
1753455285.906519
1753455285.933727
1753455285.965252
1753455286.006606
1753455286.033929
1753455286.075547
1753455286.097456
1753455286.141263
1753455286.164847
1753455286.205539
1753455286.231972
1753455286.272932
1753455286.301517
1753455286.342455
1753455286.364280
1753455286.405028
1753455286.439636
1753455286.467841
1753455286.499771
1753455286.538681
1753455286.567753
1753455286.608588
1753455286.631121
1753455286.672466
1753455286.704744
1753455286.741050
1753455286.764594
1753455286.808540
1753455286.833329
1753455286.876606
1753455286.898103
1753455286.941552
1753455286.967587
1753455287.009050
1753455287.031142
1753455287.070762
1753455287.107993
1753455287.134817
1753455287.167801
1753455287.204241
1753455287.240521
1753455287.270261
1753455287.300390
1753455287.341824
1753455287.367233
1753455287.408270
1753455287.431725
1753455287.474478
1753455287.498277
1753455287.541981
1753455287.565345
1753455287.605713
1753455287.637725
1753455287.674317
1753455287.698324
1753455287.741492
1753455287.767684
1753455287.808894
1753455287.831709
1753455287.876274
1753455287.900528
1753455287.941836
1753455287.965440
1753455288.007503
1753455288.035184
1753455288.075876
1753455288.098654
1753455288.141628
1753455288.166916
1753455288.205756
1753455288.232576
1753455288.275126
1753455288.300699
1753455288.339694
1753455288.367018
1753455288.408461
1753455288.437136
1753455288.474678
1753455288.498791
1753455288.541599
1753455288.569020
1753455288.609221
1753455288.631896
1753455288.670002
1753455288.709992
1753455288.734706
1753455288.768937
1753455288.803837
1753455288.841253
1753455288.869021
1753455288.902274
1753455288.937728
1753455288.973609
1753455289.002911
1753455289.034433
1753455289.073322
1753455289.102353
1753455289.142887
1753455289.165377
1753455289.205846
1753455289.236306
1753455289.276486
1753455289.298856
1753455289.343867
1753455289.368554
1753455289.410062
1753455289.432186
1753455289.470837
1753455289.508114
1753455289.534287
1753455289.575257
1753455289.599129
1753455289.641572
1753455289.669360
1753455289.709568
1753455289.734127
1753455289.769909
1753455289.801884
1753455289.843266
1753455289.869244
1753455289.901168
1753455289.941794
1753455289.969008
1753455290.008871
1753455290.032524
1753455290.070477
1753455290.109892
1753455290.136059
1753455290.167857
1753455290.207282
1753455290.237322
1753455290.274949
1753455290.299312
1753455290.337666
1753455290.374862
1753455290.404559
1753455290.433130
1753455290.474833
1753455290.502985
1753455290.542840
1753455290.566188
1753455290.607161
1753455290.637304
1753455290.674494
1753455290.699388
1753455290.741742
1753455290.770261
1753455290.807978
1753455290.832697
1753455290.875353
1753455290.904070
1753455290.942559
1753455290.966115
1753455291.008773
1753455291.036258
1753455291.075080
1753455291.099688
1753455291.142033
1753455291.167818
1753455291.205220
1753455291.232649
1753455291.275283
1753455291.303113
1753455291.343613
1753455291.366456
1753455291.408737
1753455291.438327
1753455291.475055
1753455291.499765
1753455291.540924
1753455291.568767
1753455291.609039
1753455291.633332
1753455291.675508
1753455291.704719
1753455291.742379
1753455291.766693
1753455291.809366
1753455291.837849
1753455291.875569
1753455291.900050
1753455291.943294
1753455291.969679
1753455292.009205
1753455292.033504
1753455292.075498
1753455292.104618
1753455292.142382
1753455292.166850
1753455292.206832
1753455292.242103
1753455292.272612
1753455292.300780
1753455292.342473
1753455292.372382
1753455292.408844
1753455292.433884
1753455292.477646
1753455292.505104
1753455292.541426
1753455292.567323
1753455292.607785
1753455292.641213
1753455292.675694
1753455292.700262
1753455292.744642
1753455292.772079
1753455292.810438
1753455292.833850
1753455292.877147
1753455292.905730
1753455292.942785
1753455292.967406
1753455293.008625
1753455293.041414
1753455293.072798
1753455293.103383
1753455293.144033
1753455293.170515
1753455293.209080
1753455293.234370
1753455293.276253
1753455293.306917
1753455293.342956
1753455293.367823
1753455293.409725
1753455293.438691
1753455293.476725
1753455293.501141
1753455293.542411
1753455293.574972
1753455293.606082
1753455293.634519
1753455293.672465
1753455293.705777
1753455293.738762
1753455293.771676
1753455293.805472
1753455293.843915
1753455293.874139
1753455293.904296
1753455293.940794
1753455293.976032
1753455294.006620
1753455294.038017
1753455294.075310
1753455294.108790
1753455294.142555
1753455294.168383
1753455294.207385
1753455294.242238
1753455294.276331
1753455294.302461
1753455294.338423
1753455294.371692
1753455294.402370
1753455294.443884
1753455294.472557
1753455294.511062
1753455294.540627
1753455294.572693
1753455294.606424
1753455294.642649
1753455294.675539
1753455294.704525
1753455294.739044
1753455294.778196
1753455294.808247
1753455294.840129
1753455294.875624
1753455294.910124
1753455294.941767
1753455294.973029
1753455295.008219
1753455295.043955
1753455295.074810
1753455295.106844
1753455295.142587
1753455295.172758
1753455295.209191
1753455295.240016
1753455295.275446
1753455295.308580
1753455295.343560
1753455295.374150
1753455295.408814
1753455295.443495
1753455295.475506
1753455295.506497
1753455295.542912
1753455295.574831
1753455295.608294
1753455295.638929
1753455295.676491
1753455295.705452
1753455295.737198
1753455295.774206
1753455295.806801
1753455295.843799
1753455295.874021
1753455295.904719
1753455295.941976
1753455295.976184
1753455296.007353
1753455296.034662
1753455296.073215
1753455296.105180
1753455296.144198
1753455296.169382
1753455296.206815
1753455296.246072
1753455296.273853
1753455296.305708
1753455296.343211
1753455296.376188
1753455296.408281
1753455296.436439
1753455296.477086
1753455296.504556
1753455296.540041
1753455296.568019
1753455296.603837
1753455296.643488
1753455296.676654
1753455296.703218
1753455296.743861
1753455296.776556
1753455296.808985
1753455296.840882
1753455296.875552
1753455296.910296
1753455296.943081
1753455296.974157
1753455297.009019
1753455297.041719
1753455297.076791
1753455297.107694
1753455297.142701
1753455297.171787
1753455297.210708
1753455297.239644
1753455297.278317
1753455297.307955
1753455297.343809
1753455297.373940
1753455297.409643
1753455297.442339
1753455297.476635
1753455297.508023
1753455297.542963
1753455297.576239
1753455297.608946
1753455297.639603
1753455297.677539
1753455297.710693
1753455297.743596
1753455297.774049
1753455297.809034
1753455297.842416
1753455297.877075
1753455297.911347
1753455297.936568
1753455297.975933
1753455298.009925
1753455298.044697
1753455298.076104
1753455298.107904
1753455298.142845
1753455298.173910
1753455298.211953
1753455298.239864
1753455298.278301
1753455298.309926
1753455298.345548
1753455298.371192
1753455298.409867
1753455298.442825
1753455298.476389
1753455298.507940
1753455298.541664
1753455298.577144
1753455298.610800
1753455298.641293
1753455298.675941
1753455298.710866
1753455298.741512
1753455298.776328
1753455298.804184
1753455298.844093
1753455298.878127
1753455298.906366
1753455298.942368
1753455298.977010
1753455299.010938
1753455299.041056
1753455299.073324
1753455299.110265
1753455299.144834
1753455299.170886
1753455299.209841
1753455299.243406
1753455299.276819
1753455299.307780
1753455299.344042
1753455299.378326
1753455299.412156
1753455299.441591
1753455299.476268
1753455299.508982
1753455299.543386
1753455299.575204
1753455299.609296
1753455299.642395
1753455299.679429
1753455299.704490
1753455299.744286
1753455299.777963
1753455299.811474
1753455299.837587
1753455299.878047
1753455299.911153
1753455299.945270
1753455299.970935
1753455300.007775
1753455300.046509
1753455300.075878
1753455300.107461
1753455300.142450
1753455300.175289
1753455300.209193
1753455300.241624
1753455300.276853
1753455300.310157
1753455300.344730
1753455300.374714
1753455300.408515
1753455300.446979
1753455300.475754
1753455300.506775
1753455300.543594
1753455300.577362
1753455300.610098
1753455300.641673
1753455300.677518
1753455300.710855
1753455300.745457
1753455300.771670
1753455300.811208
1753455300.845713
1753455300.876192
1753455300.907785
1753455300.945684
1753455300.976212
1753455301.009576
1753455301.042060
1753455301.077150
1753455301.110498
1753455301.144872
1753455301.171310
1753455301.210252
1753455301.241990
1753455301.278840
1753455301.307573
1753455301.347463
1753455301.375123
1753455301.413045
1753455301.439716
1753455301.479870
1753455301.509633
1753455301.544190
1753455301.575363
1753455301.610394
1753455301.641710
1753455301.678769
1753455301.708556
1753455301.746058
1753455301.778170
1753455301.812185
1753455301.842044
1753455301.877936
1753455301.913232
1753455301.946118
1753455301.974591
1753455302.009828
1753455302.044303
1753455302.077315
1753455302.111256
1753455302.143653
1753455302.174791
1753455302.212028
1753455302.242802
1753455302.277362
1753455302.312935
1753455302.343349
1753455302.375650
1753455302.412399
1753455302.446032
1753455302.478178
1753455302.508660
1753455302.546544
1753455302.578424
1753455302.612955
1753455302.642163
1753455302.681287
1753455302.710175
1753455302.743993
1753455302.777756
1753455302.810782
1753455302.845643
1753455302.877495
1753455302.912515
1753455302.942801
1753455302.979029
1753455303.010294
1753455303.046400
1753455303.075675
1753455303.114634
1753455303.144297
1753455303.177286
1753455303.211708
1753455303.244876
1753455303.279917
1753455303.308714
1753455303.345127
1753455303.377279
1753455303.413029
1753455303.443173
1753455303.478485
1753455303.515175
1753455303.544692
1753455303.578752
1753455303.609438
1753455303.649598
1753455303.677115
1753455303.715389
1753455303.742308
1753455303.779250
1753455303.812544
1753455303.843331
1753455303.878493
1753455303.913609
1753455303.947385
1753455303.974255
1753455304.012832
1753455304.047479
1753455304.077180
1753455304.109426
1753455304.146089
1753455304.176953
1753455304.210593
1753455304.243281
1753455304.278228
1753455304.317594
1753455304.342323
1753455304.379265
1753455304.409925
1753455304.445545
1753455304.477121
1753455304.510853
1753455304.543476
1753455304.580233
1753455304.613940
1753455304.642825
1753455304.679444
1753455304.713912
1753455304.744292
1753455304.775777
1753455304.815113
1753455304.844633
1753455304.880300
1753455304.908362
1753455304.944560
1753455304.980654
1753455305.015359
1753455305.040864
1753455305.075662
1753455305.118192
1753455305.143505
1753455305.179555
1753455305.209176
1753455305.245503
1753455305.280883
1753455305.309508
1753455305.344893
1753455305.376296
1753455305.412959
1753455305.443387
1753455305.481619
1753455305.511331
1753455305.548897
1753455305.577081
1753455305.612108
1753455305.646103
1753455305.679262
1753455305.711424
1753455305.745680
1753455305.777966
1753455305.809139
1753455305.843172
1753455305.879436
1753455305.915596
1753455305.944385
1753455305.977119
1753455306.013919
1753455306.050052
1753455306.076715
1753455306.116377
1753455306.141758
1753455306.177603
1753455306.215096
1753455306.247468
1753455306.273609
1753455306.314413
1753455306.345689
1753455306.386273
1753455306.409888
1753455306.447117
1753455306.477053
1753455306.514601
1753455306.550399
1753455306.575810
1753455306.612044
1753455306.643179
1753455306.678530
1753455306.709830
1753455306.745427
1753455306.775564
1753455306.812059
1753455306.845030
1753455306.876515
1753455306.912270
1753455306.944397
1753455306.979837
1753455307.013016
1753455307.047159
1753455307.084580
1753455307.109438
1753455307.147374
1753455307.178794
1753455307.216540
1753455307.243750
1753455307.279843
1753455307.321310
1753455307.343550
1753455307.383637
1753455307.409950
1753455307.447123
1753455307.485439
1753455307.510390
1753455307.547821
1753455307.583384
1753455307.611309
1753455307.648345
1753455307.677829
1753455307.715612
1753455307.748591
1753455307.776800
1753455307.813391
1753455307.850602
1753455307.878090
1753455307.911682
1753455307.947363
1753455307.983081
1753455308.012747
1753455308.042425
1753455308.085970
1753455308.110180
1753455308.151717
1753455308.174522
1753455308.217444
1753455308.244743
1753455308.284192
1753455308.309301
1753455308.354403
1753455308.375719
1753455308.413723
1753455308.443980
1753455308.481006
1753455308.516310
1753455308.544238
1753455308.579722
1753455308.613164
1753455308.652863
1753455308.677358
1753455308.713764
1753455308.747424
1753455308.785001
1753455308.810267
1753455308.847592
1753455308.880381
1753455308.920842
1753455308.943999
1753455308.981403
1753455309.012005
1753455309.048456
1753455309.084650
1753455309.110350
1753455309.148374
1753455309.180054
1753455309.218039
1753455309.244094
1753455309.282796
1753455309.316427
1753455309.349729
1753455309.377242
1753455309.417960
1753455309.444851
1753455309.483113
1753455309.510851
1753455309.552139
1753455309.578364
1753455309.618271
1753455309.644157
1753455309.683486
1753455309.715931
1753455309.745210
1753455309.785247
1753455309.810286
1753455309.849490
1753455309.883089
1753455309.910724
1753455309.948434
1753455309.980533
1753455310.021086
1753455310.043113
1753455310.083668
1753455310.112969
1753455310.153540
1753455310.175607
1753455310.217657
1753455310.245140
1753455310.286124
1753455310.309546
1753455310.355166
1753455310.377182
1753455310.422825
1753455310.443135
1753455310.487502
1753455310.510951
1753455310.549894
1753455310.576612
1753455310.613846
1753455310.653805
1753455310.677684
1753455310.715150
1753455310.747024
1753455310.788524
1753455310.811101
1753455310.847966
1753455310.879938
1753455310.920261
1753455310.944241
1753455310.984966
1753455311.010522
1753455311.057446
1753455311.077078
1753455311.120267
1753455311.143702
1753455311.180754
1753455311.221637
1753455311.243308
1753455311.280690
1753455311.322337
1753455311.344566
1753455311.386541
1753455311.410750
1753455311.455296
1753455311.478056
1753455311.520697
1753455311.543568
1753455311.587447
1753455311.611923
1753455311.654503
1753455311.676893
1753455311.724454
1753455311.743702
1753455311.787784
1753455311.810973
1753455311.854245
1753455311.877876
1753455311.914820
1753455311.946340
1753455311.987389
1753455312.011739
1753455312.049672
1753455312.078019
1753455312.117199
1753455312.145902
1753455312.177458
1753455312.216250
1753455312.253651
1753455312.278295
1753455312.319514
1753455312.343971
1753455312.389237
1753455312.411176
1753455312.449385
1753455312.477742
1753455312.515785
1753455312.554598
1753455312.577328
1753455312.616223
1753455312.651771
1753455312.683149
1753455312.711119
1753455312.752793
1753455312.779900
1753455312.820750
1753455312.844255
1753455312.885780
1753455312.912041
1753455312.954219
1753455312.977466
1753455313.022246
1753455313.045000
1753455313.085044
1753455313.110999
1753455313.153484
1753455313.178180
1753455313.220580
1753455313.244301
1753455313.285886
1753455313.315328
1753455313.357851
1753455313.377921
1753455313.422500
1753455313.445086
1753455313.488715
1753455313.511401
1753455313.551552
1753455313.583617
1753455313.620778
1753455313.644630
1753455313.687902
1753455313.712568
1753455313.755982
1753455313.778169
1753455313.822779
1753455313.845115
1753455313.888507
1753455313.911321
1753455313.954282
1753455313.979080
1753455314.020755
1753455314.044856
1753455314.085619
1753455314.113821
1753455314.156946
1753455314.177684
1753455314.215098
1753455314.253758
1753455314.281032
1753455314.319437
1753455314.345447
1753455314.389246
1753455314.412001
1753455314.446813
1753455314.489334
1753455314.511847
1753455314.552704
1753455314.587812
1753455314.611768
1753455314.655167
1753455314.678939
1753455314.724864
1753455314.745515
1753455314.787588
1753455314.811892
1753455314.852551
1753455314.887420
1753455314.912006
1753455314.955069
1753455314.979025
1753455315.021969
1753455315.045695
1753455315.087649
1753455315.113887
1753455315.153477
1753455315.177893
1753455315.223515
1753455315.245813
1753455315.287494
1753455315.312282
1753455315.354043
1753455315.383358
1753455315.422915
1753455315.445883
1753455315.489307
1753455315.514928
1753455315.554770
1753455315.579279
1753455315.622413
1753455315.648503
1753455315.690903
1753455315.712270
1753455315.755369
1753455315.779012
1753455315.824057
1753455315.845713
1753455315.881454
1753455315.912671
1753455315.958841
1753455315.978976
1753455316.022391
1753455316.045827
1753455316.087874
1753455316.112355
1753455316.151894
1753455316.182221
1753455316.224059
1753455316.245669
1753455316.287611
1753455316.313237
1753455316.349418
1753455316.378558
1753455316.413099
1753455316.454714
1753455316.482743
1753455316.512706
1753455316.555911
1753455316.579618
1753455316.623133
1753455316.646061
1753455316.691820
1753455316.712916
1753455316.758168
1753455316.779262
1753455316.822049
1753455316.847500
1753455316.887929
1753455316.913434
1753455316.955431
1753455316.980803
1753455317.023001
1753455317.046734
1753455317.087014
1753455317.122219
1753455317.149766
1753455317.180415
1753455317.221296
1753455317.248825
1753455317.290579
1753455317.313202
1753455317.358355
1753455317.379956
1753455317.423793
1753455317.447126
1753455317.490080
1753455317.515298
1753455317.558223
1753455317.579797
1753455317.625604
1753455317.646978
1753455317.691027
1753455317.714301
1753455317.758866
1753455317.780734
1753455317.824000
1753455317.846887
1753455317.889807
1753455317.918279
1753455317.957904
1753455317.980126
1753455318.022249
1753455318.050090
1753455318.091172
1753455318.113634
1753455318.157631
1753455318.179616
1753455318.222284
1753455318.246996
1753455318.288405
1753455318.317187
1753455318.357266
1753455318.382298
1753455318.423262
1753455318.451137
1753455318.492391
1753455318.514293
1753455318.554677
1753455318.585291
1753455318.625293
1753455318.648797
1753455318.691358
1753455318.714525
1753455318.758677
1753455318.781266
1753455318.824020
1753455318.851210
1753455318.887564
1753455318.916140
1753455318.956162
1753455318.983055
1753455319.025419
1753455319.047077
1753455319.092686
1753455319.115146
1753455319.158317
1753455319.179531
1753455319.222759
1753455319.250051
1753455319.291284
1753455319.314633
1753455319.359998
1753455319.381011
1753455319.424151
1753455319.447612
1753455319.490907
1753455319.518500
1753455319.559203
1753455319.579951
1753455319.623742
1753455319.651374
1753455319.692465
1753455319.715648
1753455319.754372
1753455319.790917
1753455319.820340
1753455319.849067
1753455319.889142
1753455319.917980
1753455319.959249
1753455319.981065
1753455320.025560
1753455320.049230
1753455320.088879
1753455320.115656
1753455320.158143
1753455320.180126
1753455320.224600
1753455320.247528
1753455320.290261
1753455320.318749
1753455320.358832
1753455320.380921
1753455320.423137
1753455320.451565
1753455320.492097
1753455320.514213
1753455320.557861
1753455320.580919
1753455320.624535
1753455320.647895
1753455320.692406
1753455320.716736
1753455320.758988
1753455320.781279
1753455320.825051
1753455320.851706
1753455320.892404
1753455320.914720
1753455320.956680
1753455320.987052
1753455321.023929
1753455321.048638
1753455321.090775
1753455321.119982
1753455321.159505
1753455321.180665
1753455321.224177
1753455321.253558
1753455321.291234
1753455321.317365
1753455321.357364
1753455321.382457
1753455321.425011
1753455321.449149
1753455321.492640
1753455321.517333
1753455321.560153
1753455321.580795
1753455321.624659
1753455321.654014
1753455321.689786
1753455321.717752
1753455321.758810
1753455321.784664
1753455321.826314
1753455321.848593
1753455321.893222
1753455321.917246
1753455321.959784
1753455321.981955
1753455322.025002
1753455322.054491
1753455322.090254
1753455322.115728
1753455322.157742
1753455322.182510
1753455322.225951
1753455322.248612
1753455322.294268
1753455322.318173
1753455322.359368
1753455322.381930
1753455322.426609
1753455322.451814
1753455322.492708
1753455322.515419
1753455322.555935
1753455322.586847
1753455322.626629
1753455322.648897
1753455322.690501
1753455322.723539
1753455322.755838
1753455322.785323
1753455322.825754
1753455322.852271
1753455322.892949
1753455322.925020
1753455322.949098
1753455322.991773
1753455323.019863
1753455323.060522
1753455323.082433
1753455323.125934
1753455323.150764
1753455323.186852
1753455323.226253
1753455323.252935
1753455323.291186
1753455323.320538
1753455323.360204
1753455323.384640
1753455323.425445
1753455323.456227
1753455323.492060
1753455323.518255
1753455323.559481
1753455323.584857
1753455323.621928
1753455323.649454
1753455323.687570
1753455323.719298
1753455323.759266
1753455323.783101
1753455323.826942
1753455323.852794
1753455323.893719
1753455323.917867
1753455323.959377
1753455323.988362
1753455324.024730
1753455324.053722
1753455324.089888
1753455324.124236
1753455324.159106
1753455324.182139
1753455324.225466
1753455324.257247
1753455324.292170
1753455324.319453
1753455324.358768
1753455324.389154
1753455324.424203
1753455324.452481
1753455324.492741
1753455324.522485
1753455324.558199
1753455324.583354
1753455324.626921
1753455324.653892
1753455324.691536
1753455324.719465
1753455324.757721
1753455324.792390
1753455324.825074
1753455324.853809
1753455324.892377
1753455324.920818
1753455324.958978
1753455324.986304
1753455325.026458
1753455325.056947
1753455325.088403
1753455325.120805
1753455325.156811
1753455325.187479
1753455325.227287
1753455325.251017
1753455325.292439
1753455325.324244
1753455325.358795
1753455325.386371
1753455325.424924
1753455325.458425
1753455325.490333
1753455325.520920
1753455325.557686
1753455325.591147
1753455325.625977
1753455325.654787
1753455325.687425
1753455325.725451
1753455325.756977
1753455325.789678
1753455325.824714
1753455325.858320
1753455325.891317
1753455325.920421
1753455325.953917
1753455325.984741
1753455326.026294
1753455326.051968
1753455326.092191
1753455326.125223
1753455326.154934
1753455326.183941
1753455326.226098
1753455326.256805
1753455326.293569
1753455326.317527
1753455326.360529
1753455326.390023
1753455326.424651
1753455326.454907
1753455326.491737
1753455326.524750
1753455326.558934
1753455326.585886
1753455326.626332
1753455326.656759
1753455326.692429
1753455326.718804
1753455326.758456
1753455326.792195
1753455326.824011
1753455326.854790
1753455326.891728
1753455326.925217
1753455326.958912
1753455326.986028
1753455327.026237
1753455327.057265
1753455327.092413
1753455327.119214
1753455327.158811
1753455327.189408
1753455327.226845
1753455327.252468
1753455327.293655
1753455327.318923
1753455327.353855
1753455327.386578
1753455327.423559
1753455327.459405
1753455327.491012
1753455327.522288
1753455327.558606
1753455327.591603
1753455327.626412
1753455327.652413
1753455327.692628
1753455327.725817
1753455327.758367
1753455327.787919
1753455327.825511
1753455327.860199
1753455327.891413
1753455327.922038
1753455327.960079
1753455327.991612
1753455328.025741
1753455328.056271
1753455328.091167
1753455328.126111
1753455328.158625
1753455328.183977
1753455328.226046
1753455328.257478
1753455328.293524
1753455328.321998
1753455328.360029
1753455328.390604
1753455328.425877
1753455328.455778
1753455328.493597
1753455328.526033
1753455328.560398
1753455328.588069
1753455328.628060
1753455328.658419
1753455328.693723
1753455328.723436
1753455328.758701
1753455328.793293
1753455328.824786
1753455328.858614
1753455328.891168
1753455328.926458
1753455328.954446
1753455328.993394
1753455329.022773
1753455329.062748
1753455329.088145
1753455329.128285
1753455329.155040
1753455329.191080
1753455329.226810
1753455329.256327
1753455329.292078
1753455329.326779
1753455329.358262
1753455329.390522
1753455329.424569
1753455329.459319
1753455329.491873
1753455329.523477
1753455329.558807
1753455329.592063
1753455329.627015
1753455329.657135
1753455329.692163
1753455329.727583
1753455329.758357
1753455329.788093
1753455329.825707
1753455329.860190
1753455329.892777
1753455329.920026
1753455329.958395
1753455329.992637
1753455330.025773
1753455330.053594
1753455330.090620
1753455330.126547
1753455330.158084
1753455330.184828
1753455330.226655
1753455330.256209
1753455330.295807
1753455330.319056
1753455330.359587
1753455330.392316
1753455330.426986
1753455330.452415
1753455330.492300
1753455330.525610
1753455330.559540
1753455330.585849
1753455330.626877
1753455330.657835
1753455330.694043
1753455330.719347
1753455330.759732
1753455330.791449
1753455330.826196
1753455330.853013
1753455330.894431
1753455330.924760
1753455330.959919
1753455330.986297
1753455331.028511
1753455331.057169
1753455331.090723
1753455331.123206
1753455331.159235
1753455331.190732
1753455331.225852
1753455331.261748
1753455331.286240
1753455331.327006
1753455331.359338
1753455331.390927
1753455331.425956
1753455331.457699
1753455331.492075
1753455331.526998
1753455331.560416
1753455331.590840
1753455331.625879
1753455331.660943
1753455331.693815
1753455331.723040
1753455331.760946
1753455331.794052
1753455331.827242
1753455331.857958
1753455331.893013
1753455331.927542
1753455331.960162
1753455331.989692
1753455332.027549
1753455332.060365
1753455332.092216
1753455332.124163
1753455332.159009
1753455332.189707
1753455332.228812
1753455332.253598
1753455332.291683
1753455332.327207
1753455332.358889
1753455332.388386
1753455332.425527
1753455332.459723
1753455332.493037
1753455332.521172
1753455332.560496
1753455332.591732
1753455332.626614
1753455332.656046
1753455332.696072
1753455332.724735
1753455332.760871
1753455332.789193
1753455332.829261
1753455332.858972
1753455332.892850
1753455332.924446
1753455332.959977
1753455332.991391
1753455333.029605
1753455333.055202
1753455333.091475
1753455333.127281
1753455333.162039
1753455333.186471
1753455333.227872
1753455333.261038
1753455333.295853
1753455333.322635
1753455333.362230
1753455333.392624
1753455333.426479
1753455333.458154
1753455333.493665
1753455333.528127
1753455333.562779
1753455333.587332
1753455333.627250
1753455333.661473
1753455333.696757
1753455333.722371
1753455333.761296
1753455333.794691
1753455333.828933
1753455333.855785
1753455333.896099
1753455333.925717
1753455333.960080
1753455333.992278
1753455334.026200
1753455334.060248
1753455334.092628
1753455334.126944
1753455334.158935
1753455334.193866
1753455334.228156
1753455334.257135
1753455334.293373
1753455334.327890
1753455334.361916
1753455334.389103
1753455334.426613
1753455334.460982
1753455334.495206
1753455334.521233
1753455334.561272
1753455334.592468
1753455334.628715
1753455334.654862
1753455334.694939
1753455334.726960
1753455334.760175
1753455334.791360
1753455334.827090
1753455334.862158
1753455334.895316
1753455334.923385
1753455334.962579
1753455334.994693
1753455335.029125
1753455335.058281
1753455335.092961
1753455335.127489
1753455335.162074
1753455335.187525
1753455335.227721
1753455335.262927
1753455335.294370
1753455335.325573
1753455335.361288
1753455335.396418
1753455335.425787
1753455335.459909
1753455335.495526
1753455335.526768
1753455335.562191
1753455335.591703
1753455335.632153
1753455335.659582
1753455335.694257
1753455335.724251
1753455335.760615
1753455335.795459
1753455335.827057
1753455335.862416
1753455335.892569
1753455335.927910
1753455335.962843
1753455335.993449
1753455336.024082
1753455336.056850
1753455336.094604
1753455336.125152
1753455336.162109
1753455336.193098
1753455336.227686
1753455336.258889
1753455336.294280
1753455336.329158
1753455336.361715
1753455336.390030
1753455336.425546
1753455336.464290
1753455336.490680
1753455336.526302
1753455336.560481
1753455336.592482
1753455336.633399
1753455336.655454
1753455336.695742
1753455336.727526
1753455336.760210
1753455336.792675
1753455336.828180
1753455336.862585
1753455336.894013
1753455336.924699
1753455336.960526
1753455336.996061
1753455337.030486
1753455337.055955
1753455337.094224
1753455337.128364
1753455337.164488
1753455337.188369
1753455337.229883
1753455337.259348
1753455337.299919
1753455337.322789
1753455337.363871
1753455337.393665
1753455337.428914
1753455337.458755
1753455337.495638
1753455337.529497
1753455337.563272
1753455337.592552
1753455337.629323
1753455337.660340
1753455337.695500
1753455337.727406
1753455337.762566
1753455337.797331
1753455337.831045
1753455337.858464
1753455337.895620
1753455337.930024
1753455337.961078
1753455337.996002
1753455338.026260
1753455338.061515
1753455338.093769
1753455338.128461
1753455338.162697
1753455338.194178
1753455338.229845
1753455338.259197
1753455338.300474
1753455338.322349
1753455338.360989
1753455338.388979
1753455338.432014
1753455338.461126
1753455338.497240
1753455338.525730
1753455338.565920
1753455338.593061
1753455338.629571
1753455338.658593
1753455338.694813
1753455338.732388
1753455338.760008
1753455338.796750
1753455338.826001
1753455338.867383
1753455338.893140
1753455338.928152
1753455338.961908
1753455338.998160
1753455339.028132
1753455339.061685
1753455339.094395
1753455339.130562
1753455339.161271
1753455339.192190
1753455339.233866
1753455339.259238
1753455339.296110
1753455339.328888
1753455339.361814
1753455339.398397
1753455339.428498
1753455339.463272
1753455339.493615
1753455339.530576
1753455339.565881
1753455339.596070
1753455339.623928
1753455339.661906
1753455339.697782
1753455339.733077
1753455339.760173
1753455339.797341
1753455339.823741
1753455339.858044
1753455339.899902
1753455339.926811
1753455339.963851
1753455339.995312
1753455340.035068
1753455340.057581
1753455340.093357
1753455340.130195
1753455340.165289
1753455340.189989
1753455340.235966
1753455340.259811
1753455340.296654
1753455340.326732
1753455340.363009
1753455340.397582
1753455340.433529
1753455340.457266
1753455340.499302
1753455340.527552
1753455340.569374
1753455340.590935
1753455340.637036
1753455340.659997
1753455340.699581
1753455340.724668
1753455340.763993
1753455340.796931
1753455340.837284
1753455340.857641
1753455340.903707
1753455340.926892
1753455340.962203
1753455340.996792
1753455341.028848
1753455341.066842
1753455341.093986
1753455341.133741
1753455341.160031
1753455341.197225
1753455341.228255
1753455341.258520
1753455341.298548
1753455341.329105
1753455341.362598
1753455341.391442
1753455341.432112
1753455341.463118
1753455341.500597
1753455341.525727
1753455341.569578
1753455341.593879
1753455341.632449
1753455341.660231
1753455341.697824
1753455341.733638
1753455341.761187
1753455341.797311
1753455341.829269
1753455341.865201
1753455341.896511
1753455341.927675
1753455341.964737
1753455341.995380
1753455342.033830
1753455342.060236
1753455342.099637
1753455342.128755
1753455342.167548
1753455342.192030
1753455342.230376
1753455342.263118
1753455342.302225
1753455342.325940
1753455342.364300
1753455342.399622
1753455342.429172
1753455342.464438
1753455342.494944
1753455342.533195
1753455342.561761
1753455342.596965
1753455342.629942
1753455342.670283
1753455342.693819
1753455342.732500
1753455342.760761
1753455342.800083
1753455342.827597
1753455342.865177
1753455342.895032
1753455342.932227
1753455342.963663
1753455342.995098
1753455343.035845
1753455343.060435
1753455343.098707
1753455343.126444
1753455343.164005
1753455343.196076
1753455343.237855
1753455343.258875
1753455343.305535
1753455343.327002
1753455343.364783
1753455343.395632
1753455343.431028
1753455343.469645
1753455343.493970
1753455343.532022
1753455343.561509
1753455343.602181
1753455343.628146
1753455343.665690
1753455343.694166
1753455343.736111
1753455343.762324
1753455343.800366
1753455343.827544
1753455343.869600
1753455343.894619
1753455343.936784
1753455343.959792
1753455344.001785
1753455344.028635
1753455344.065920
1753455344.094420
1753455344.137506
1753455344.160641
1753455344.200234
1753455344.227781
1753455344.267438
1753455344.295151
1753455344.329915
1753455344.365743
1753455344.400822
1753455344.429185
1753455344.463076
1753455344.497649
1753455344.536766
1753455344.561054
1753455344.594513
1753455344.633974
1753455344.664574
1753455344.705556
1753455344.726518
1753455344.764877
1753455344.804356
1753455344.827577
1753455344.861893
1753455344.904006
1753455344.927604
1753455344.965980
1753455344.993965
1753455345.035306
1753455345.062019
1753455345.099064
1753455345.127880
1753455345.166280
1753455345.198021
1753455345.239294
1753455345.260258
1753455345.305319
1753455345.327760
1753455345.368927
1753455345.393697
1753455345.437826
1753455345.461131
1753455345.502713
1753455345.526994
1753455345.572651
1753455345.594173
1753455345.637678
1753455345.660416
1753455345.700250
1753455345.729114
1753455345.770315
1753455345.793960
1753455345.836069
1753455345.862282
1753455345.904800
1753455345.927172
1753455345.966297
1753455346.000210
1753455346.033948
1753455346.061107
1753455346.097351
1753455346.128918
1753455346.165819
1753455346.194217
1753455346.236280
1753455346.261785
1753455346.304480
1753455346.326925
1753455346.373593
1753455346.394188
1753455346.438031
1753455346.460615
1753455346.499204
1753455346.537440
1753455346.561741
1753455346.594742
1753455346.632584
1753455346.671491
1753455346.694765
1753455346.735972
1753455346.761378
1753455346.803996
1753455346.829885
1753455346.865146
1753455346.901157
1753455346.931048
1753455346.973309
1753455346.994081
1753455347.038971
1753455347.060991
1753455347.101386
1753455347.127884
1753455347.168452
1753455347.199131
1753455347.238829
1753455347.260851
1753455347.307486
1753455347.327696
1753455347.369919
1753455347.394378
1753455347.437228
1753455347.463016
1753455347.505747
1753455347.528138
1753455347.564937
1753455347.594271
1753455347.627581
1753455347.660596
1753455347.694153
1753455347.727360
1753455347.774533
1753455347.794698
1753455347.835906
1753455347.865526
1753455347.906874
1753455347.935961
1753455347.961389
1753455348.005153
1753455348.029956
1753455348.073048
1753455348.095245
1753455348.132963
1753455348.164673
1753455348.203882
1753455348.230678
1753455348.271898
1753455348.295007
1753455348.338107
1753455348.362094
1753455348.403181
1753455348.428340
1753455348.474677
1753455348.495183
1753455348.530752
1753455348.569247
1753455348.595284
1753455348.637326
1753455348.661927
1753455348.703088
1753455348.732859
1753455348.771166
1753455348.795084
1753455348.838801
1753455348.862218
1753455348.902451
1753455348.928952
1753455348.971086
1753455348.997690
1753455349.041176
1753455349.062137
1753455349.105333
1753455349.129048
1753455349.168799
1753455349.195702
1753455349.238499
1753455349.262287
1753455349.304621
1753455349.327820
1753455349.365840
1753455349.395770
1753455349.437639
1753455349.462339
1753455349.502033
1753455349.534968
1753455349.570535
1753455349.594905
1753455349.639159
1753455349.662721
1753455349.705598
1753455349.729493
1753455349.771979
1753455349.796413
1753455349.838847
1753455349.862690
1753455349.905031
1753455349.930278
1753455349.973229
1753455349.996143
1753455350.040413
1753455350.062820
1753455350.106009
1753455350.129640
1753455350.168989
1753455350.202003
1753455350.237901
1753455350.263411
1753455350.305686
1753455350.329824
1753455350.373777
1753455350.396105
1753455350.440015
1753455350.463033
1753455350.506176
1753455350.529389
1753455350.570391
1753455350.601774
1753455350.641143
1753455350.662661
1753455350.707616
1753455350.729697
1753455350.772084
1753455350.796984
1753455350.839674
1753455350.863404
1753455350.906443
1753455350.929632
1753455350.972168
1753455350.999645
1753455351.041620
1753455351.063321
1753455351.107596
1753455351.128843
1753455351.171724
1753455351.196785
1753455351.239991
1753455351.267342
1753455351.307655
1753455351.330559
1753455351.370061
1753455351.404623
1753455351.434667
1753455351.465152
1753455351.507105
1753455351.532910
1753455351.573804
1753455351.597136
1753455351.640312
1753455351.666148
1753455351.707227
1753455351.730928
1753455351.772878
1753455351.799909
1753455351.841884
1753455351.863310
1753455351.905540
1753455351.934334
1753455351.975031
1753455351.997392
1753455352.041003
1753455352.065098
1753455352.107827
1753455352.130775
1753455352.169482
1753455352.204227
1753455352.235848
1753455352.264451
1753455352.306618
1753455352.329955
1753455352.368421
1753455352.397301
1753455352.438974
1753455352.467012
1753455352.508485
1753455352.530076
1753455352.572928
1753455352.598983
1753455352.641512
1753455352.663290
1753455352.707874
1753455352.731187
1753455352.773978
1753455352.796718
1753455352.840660
1753455352.864984
1753455352.908409
1753455352.930429
1753455352.973654
1753455353.001108
1753455353.042215
1753455353.063817
1753455353.105154
1753455353.136120
1753455353.169491
1753455353.199088
1753455353.241246
1753455353.265645
1753455353.308471
1753455353.330809
1753455353.373471
1753455353.402748
1753455353.440938
1753455353.465565
1753455353.507922
1753455353.532390
1753455353.575122
1753455353.597543
1753455353.634592
1753455353.666040
1753455353.703653
1753455353.731113
1753455353.774380
1753455353.798658
1753455353.842305
1753455353.864262
1753455353.907648
1753455353.932403
1753455353.974841
1753455353.997582
1753455354.040915
1753455354.065883
1753455354.107246
1753455354.131267
1753455354.170452
1753455354.204775
1753455354.240534
1753455354.265832
1753455354.306886
1753455354.336133
1753455354.375331
1753455354.397948
1753455354.441210
1753455354.465003
1753455354.508461
1753455354.531148
1753455354.575003
1753455354.599111
1753455354.641845
1753455354.664553
1753455354.708215
1753455354.733986
1753455354.774748
1753455354.797982
1753455354.841103
1753455354.866459
1753455354.909159
1753455354.931332
1753455354.974129
1753455355.001037
1753455355.042505
1753455355.064819
1753455355.108278
1753455355.136638
1753455355.169576
1753455355.200404
1753455355.240305
1753455355.271769
1753455355.306286
1753455355.333210
1753455355.374948
1753455355.404145
1753455355.439418
1753455355.465997
1753455355.506203
1753455355.538500
1753455355.574912
1753455355.598577
1753455355.640900
1753455355.670131
1753455355.708877
1753455355.734166
1753455355.775177
1753455355.804584
1753455355.841564
1753455355.865429
1753455355.907646
1753455355.937416
1753455355.974225
1753455355.998852
1753455356.042837
1753455356.066987
1753455356.108594
1753455356.132226
1753455356.169083
1753455356.200611
1753455356.234744
1753455356.275505
1753455356.298696
1753455356.342504
1753455356.368593
1753455356.409280
1753455356.434857
1753455356.474413
1753455356.501508
1753455356.539474
1753455356.570533
1753455356.600697
1753455356.637508
1753455356.669245
1753455356.702041
1753455356.735438
1753455356.774770
1753455356.805082
1753455356.840769
1753455356.866119
1753455356.908323
1753455356.938155
1753455356.974922
1753455357.002266
1753455357.041417
1753455357.071423
1753455357.109587
1753455357.133607
1753455357.171986
1753455357.206706
1753455357.241926
1753455357.265066
1753455357.303411
1753455357.336814
1753455357.370150
1753455357.407824
1753455357.435839
1753455357.476508
1753455357.502098
1753455357.542571
1753455357.568875
1753455357.610660
1753455357.636378
1753455357.676151
1753455357.702076
1753455357.744043
1753455357.770374
1753455357.807469
1753455357.836583
1753455357.876852
1753455357.904342
1753455357.938834
1753455357.971948
1753455358.008104
1753455358.041863
1753455358.069272
1753455358.108754
1753455358.139938
1753455358.172704
1753455358.204901
1753455358.240228
1753455358.275679
1753455358.305731
1753455358.340685
1753455358.370487
1753455358.409601
1753455358.439769
1753455358.469807
1753455358.508369
1753455358.541141
1753455358.574195
1753455358.601160
1753455358.638463
1753455358.674151
1753455358.706489
1753455358.736991
1753455358.772576
1753455358.808321
1753455358.837834
1753455358.869388
1753455358.909260
1753455358.938777
1753455358.975229
1753455359.001169
1753455359.042125
1753455359.069096
1753455359.109909
1753455359.133536
1753455359.170860
1753455359.206951
1753455359.242667
1753455359.266945
1753455359.309138
1753455359.340197
1753455359.375530
1753455359.400909
1753455359.442464
1753455359.472911
1753455359.508793
1753455359.534313
1753455359.577559
1753455359.605416
1753455359.642202
1753455359.670005
1753455359.708675
1753455359.735826
1753455359.776134
1753455359.804416
1753455359.841649
1753455359.874793
1753455359.909057
1753455359.937947
1753455359.974635
1753455360.006559
1753455360.042130
1753455360.070696
1753455360.107548
1753455360.142977
1753455360.169473
1753455360.206227
1753455360.240657
1753455360.275896
1753455360.305205
1753455360.335967
1753455360.369605
1753455360.400919
1753455360.442685
1753455360.471903
1753455360.507899
1753455360.541703
1753455360.575667
1753455360.604486
1753455360.641577
1753455360.675628
1753455360.707994
1753455360.735567
1753455360.776398
1753455360.807575
1753455360.842660
1753455360.871151
1753455360.908785
1753455360.942592
1753455360.974184
1753455361.007526
1753455361.039136
1753455361.075618
1753455361.109666
1753455361.138978
1753455361.170854
1753455361.208136
1753455361.239713
1753455361.275401
1753455361.305100
1753455361.344554
1753455361.374507
1753455361.407955
1753455361.438840
1753455361.474823
1753455361.509189
1753455361.539652
1753455361.574326
1753455361.609455
1753455361.641375
1753455361.672174
1753455361.707532
1753455361.742369
1753455361.775706
1753455361.801579
1753455361.843048
1753455361.873806
1753455361.908571
1753455361.934868
1753455361.975777
1753455362.006353
1753455362.042304
1753455362.068079
1753455362.109167
1753455362.140349
1753455362.171918
1753455362.205668
1753455362.241781
1753455362.271940
1753455362.309594
1753455362.335165
1753455362.376018
1753455362.409268
1753455362.439661
1753455362.471921
1753455362.505881
1753455362.544513
1753455362.573920
1753455362.604292
1753455362.641242
1753455362.675815
1753455362.710123
1753455362.735275
1753455362.776085
1753455362.807985
1753455362.842407
1753455362.868457
1753455362.908732
1753455362.942332
1753455362.973157
1753455363.002184
1753455363.043708
1753455363.074178
1753455363.109883
1753455363.135100
1753455363.172428
1753455363.209072
1753455363.243390
1753455363.268757
1753455363.308812
1753455363.341721
1753455363.375643
1753455363.401946
1753455363.445170
1753455363.473119
1753455363.511130
1753455363.535363
1753455363.576119
1753455363.608741
1753455363.643720
1753455363.669100
1753455363.709939
1753455363.742308
1753455363.777068
1753455363.804534
1753455363.845132
1753455363.874954
1753455363.909930
1753455363.938021
1753455363.975677
1753455364.009856
1753455364.042478
1753455364.071808
1753455364.111373
1753455364.141859
1753455364.173157
1753455364.206229
1753455364.243910
1753455364.275665
1753455364.309758
1753455364.337649
1753455364.376394
1753455364.408737
1753455364.444081
1753455364.470168
1753455364.509784
1753455364.541509
1753455364.576618
1753455364.611668
1753455364.636141
1753455364.675908
1753455364.708971
1753455364.743128
1753455364.776132
1753455364.807179
1753455364.842476
1753455364.875737
1753455364.908522
1753455364.939879
1753455364.975804
1753455365.008851
1753455365.043649
1753455365.069853
1753455365.111677
1753455365.141836
1753455365.173952
1753455365.208765
1753455365.241572
1753455365.276957
1753455365.309725
1753455365.341833
1753455365.374530
1753455365.408399
1753455365.443577
1753455365.474361
1753455365.509121
1753455365.541375
1753455365.576409
1753455365.608682
1753455365.643238
1753455365.676866
1753455365.710846
1753455365.740600
1753455365.776455
1753455365.809559
1753455365.844681
1753455365.874241
1753455365.909411
1753455365.942988
1753455365.976642
1753455366.007801
1753455366.042526
1753455366.077611
1753455366.111714
1753455366.141225
1753455366.172728
1753455366.211964
1753455366.238696
1753455366.272670
1753455366.304143
1753455366.343832
1753455366.378069
1753455366.408315
1753455366.443851
1753455366.478019
1753455366.511556
1753455366.540418
1753455366.576981
1753455366.611004
1753455366.643778
1753455366.672931
1753455366.709351
1753455366.743824
1753455366.777654
1753455366.804281
1753455366.843829
1753455366.878136
1753455366.910564
1753455366.937412
1753455366.977262
1753455367.008712
1753455367.043583
1753455367.071644
1753455367.108632
1753455367.143770
1753455367.174042
1753455367.207078
1753455367.243744
1753455367.277352
1753455367.311623
1753455367.338028
1753455367.375611
1753455367.406684
1753455367.441443
1753455367.470951
1753455367.507018
1753455367.542443
1753455367.573168
1753455367.608747
1753455367.639179
1753455367.674865
1753455367.708330
1753455367.739759
1753455367.776471
1753455367.810925
1753455367.844570
1753455367.875303
1753455367.910664
1753455367.945380
1753455367.976777
1753455368.009736
1753455368.043555
1753455368.075608
1753455368.110727
1753455368.142489
1753455368.173840
1753455368.211491
1753455368.246457
1753455368.273542
1753455368.309159
1753455368.343606
1753455368.378367
1753455368.404805
1753455368.445109
1753455368.479284
1753455368.508984
1753455368.541265
1753455368.574785
1753455368.612104
1753455368.643001
1753455368.674692
1753455368.710355
1753455368.745442
1753455368.776490
1753455368.808247
1753455368.843770
1753455368.879361
1753455368.909775
1753455368.941736
1753455368.975617
1753455369.009624
1753455369.045297
1753455369.071464
1753455369.111881
1753455369.146028
1753455369.173409
1753455369.209076
1753455369.239996
1753455369.279584
1753455369.310255
1753455369.339392
1753455369.378660
1753455369.411143
1753455369.445281
1753455369.471833
1753455369.511423
1753455369.543791
1753455369.578460
1753455369.606223
1753455369.647082
1753455369.675926
1753455369.708945
1753455369.741889
1753455369.777249
1753455369.812045
1753455369.846829
1753455369.872041
1753455369.913042
1753455369.942601
1753455369.977833
1753455370.007365
1753455370.046704
1753455370.075814
1753455370.112293
1753455370.141013
1753455370.177682
1753455370.212840
1753455370.245591
1753455370.274341
1753455370.310892
1753455370.345558
1753455370.379573
1753455370.406217
1753455370.446687
1753455370.478311
1753455370.513374
1753455370.538803
1753455370.579355
1753455370.612721
1753455370.642631
1753455370.672858
1753455370.710085
1753455370.745016
1753455370.776125
1753455370.807029
1753455370.846590
1753455370.875846
1753455370.911428
1753455370.939257
1753455370.980538
1753455371.009116
1753455371.044525
1753455371.072603
1753455371.113880
1753455371.144074
1753455371.176741
1753455371.206548
1753455371.247100
1753455371.274832
1753455371.310759
1753455371.339407
1753455371.375934
1753455371.409533
1753455371.445940
1753455371.472736
1753455371.515715
1753455371.542770
1753455371.581175
1753455371.606227
1753455371.643906
1753455371.679134
1753455371.710376
1753455371.739652
1753455371.779754
1753455371.814024
1753455371.843572
1753455371.876952
1753455371.911044
1753455371.947583
1753455371.977310
1753455372.011134
1753455372.045239
1753455372.077248
1753455372.113621
1753455372.142687
1753455372.179099
1753455372.217222
1753455372.243616
1753455372.278750
1753455372.308200
1753455372.346479
1753455372.379351
1753455372.409842
1753455372.446477
1753455372.481064
1753455372.513148
1753455372.543018
1753455372.578914
1753455372.611442
1753455372.647633
1753455372.675745
1753455372.712748
1753455372.747242
1753455372.779207
1753455372.807157
1753455372.845887
1753455372.879694
1753455372.914124
1753455372.945611
1753455372.973746
1753455373.015791
1753455373.043185
1753455373.080244
1753455373.112058
1753455373.142569
1753455373.178271
1753455373.213040
1753455373.247190
1753455373.276527
1753455373.313398
1753455373.346468
1753455373.381613
1753455373.409334
1753455373.443097
1753455373.485268
1753455373.509954
1753455373.546738
1753455373.576314
1753455373.612439
1753455373.648158
1753455373.676129
1753455373.712561
1753455373.748661
1753455373.778169
1753455373.811567
1753455373.846410
1753455373.880463
1753455373.912793
1753455373.942556
1753455373.979415
1753455374.014212
1753455374.045189
1753455374.074571
1753455374.116730
1753455374.143749
1753455374.180194
1753455374.209517
1753455374.249568
1753455374.277568
1753455374.314526
1753455374.343781
1753455374.380692
1753455374.415370
1753455374.446226
1753455374.479868
1753455374.510865
1753455374.547808
1753455374.579963
1753455374.610408
1753455374.649059
1753455374.677931
1753455374.714903
1753455374.741715
1753455374.779410
1753455374.816535
1753455374.844193
1753455374.876218
1753455374.912287
1753455374.953535
1753455374.976858
1753455375.010645
1753455375.046038
1753455375.086333
1753455375.110153
1753455375.144067
1753455375.178527
1753455375.214940
1753455375.250977
1753455375.274732
1753455375.319955
1753455375.343398
1753455375.385354
1753455375.407959
1753455375.449810
1753455375.477901
1753455375.514907
1753455375.541650
1753455375.578763
1753455375.615896
1753455375.644403
1753455375.680161
1753455375.713551
1753455375.749683
1753455375.778402
1753455375.813339
1753455375.845662
1753455375.885656
1753455375.911117
1753455375.948222
1753455375.977235
1753455376.019905
1753455376.043739
1753455376.080880
1753455376.113948
1753455376.149238
1753455376.178489
1753455376.213906
1753455376.245741
1753455376.286627
1753455376.309859
1753455376.344570
1753455376.375951
1753455376.413838
1753455376.451728
1753455376.477057
1753455376.517703
1753455376.545133
1753455376.582104
1753455376.611025
1753455376.648242
1753455376.679859
1753455376.719440
1753455376.742447
1753455376.780138
1753455376.820210
1753455376.843855
1753455376.880352
1753455376.914582
1753455376.950173
1753455376.978145
1753455377.011772
1753455377.047754
1753455377.084611
1753455377.111757
1753455377.144749
1753455377.180858
1753455377.221024
1753455377.244127
1753455377.282805
1753455377.310343
1753455377.351704
1753455377.378444
1753455377.413030
1753455377.445725
1753455377.488505
1753455377.509946
1753455377.550489
1753455377.577280
1753455377.618485
1753455377.645214
1753455377.686334
1753455377.710145
1753455377.749148
1753455377.778627
1753455377.817765
1753455377.844063
1753455377.885843
1753455377.912232
1753455377.948833
1753455377.979267
1753455378.020189
1753455378.044188
1753455378.085235
1753455378.110865
1753455378.150443
1753455378.179105
1753455378.219440
1753455378.243537
1753455378.286104
1753455378.311139
1753455378.348068
1753455378.383314
1753455378.415904
1753455378.445089
1753455378.480178
1753455378.516042
1753455378.549060
1753455378.580689
1753455378.611653
1753455378.650661
1753455378.681489
1753455378.713797
1753455378.747532
1753455378.784251
1753455378.811850
1753455378.853208
1753455378.876829
1753455378.917487
1753455378.949169
1753455378.981859
1753455379.011137
1753455379.051575
1753455379.079225
1753455379.122087
1753455379.143963
1753455379.180989
1753455379.222728
1753455379.244599
1753455379.287851
1753455379.310060
1753455379.355526
1753455379.377842
1753455379.416642
1753455379.444364
1753455379.486092
1753455379.512037
1753455379.553849
1753455379.577094
1753455379.616477
1753455379.653831
1753455379.677554
1753455379.720616
1753455379.744463
1753455379.790016
1753455379.810819
1753455379.852184
1753455379.880210
1753455379.921891
1753455379.944026
1753455379.986643
1753455380.012924
1753455380.054377
1753455380.077420
1753455380.117410
1753455380.152163
1753455380.179226
1753455380.220360
1753455380.244293
1753455380.285335
1753455380.317502
1753455380.344785
1753455380.387761
1753455380.411793
1753455380.453734
1753455380.477643
1753455380.519820
1753455380.545971
1753455380.582827
1753455380.611530
1753455380.650767
1753455380.684334
1753455380.712536
1753455380.747077
1753455380.782378
1753455380.817847
1753455380.846334
1753455380.879894
1753455380.919795
1753455380.945841
1753455380.988147
1753455381.010675
1753455381.054478
1753455381.077964
1753455381.118694
1753455381.144544
1753455381.181452
1753455381.223189
1753455381.244959
1753455381.291343
1753455381.311264
1753455381.351791
1753455381.382681
1753455381.416715
1753455381.448502
1753455381.481090
1753455381.520736
1753455381.546457
1753455381.585117
1753455381.611565
1753455381.656584
1753455381.678091
1753455381.722667
1753455381.744889
1753455381.786973
1753455381.813790
1753455381.856298
1753455381.878317
1753455381.918895
1753455381.952067
1753455381.988560
1753455382.011744
1753455382.053589
1753455382.082470
1753455382.123564
1753455382.144972
1753455382.180861
1753455382.223062
1753455382.245131
1753455382.288497
1753455382.311624
1753455382.347399
1753455382.379847
1753455382.416578
1753455382.446494
1753455382.489133
1753455382.512029
1753455382.553875
1753455382.578323
1753455382.623117
1753455382.645466
1753455382.688081
1753455382.712042
1753455382.752800
1753455382.787166
1753455382.812175
1753455382.854451
1753455382.880836
1753455382.923222
1753455382.945516
1753455382.988811
1753455383.012120
1753455383.055973
1753455383.078569
1753455383.117481
1753455383.154738
1753455383.178850
1753455383.220153
1753455383.245455
1753455383.286271
1753455383.316162
1753455383.348434
1753455383.388019
1753455383.414534
1753455383.454553
1753455383.479016
1753455383.519289
1753455383.553044
1753455383.581858
1753455383.613516
1753455383.650314
1753455383.681905
1753455383.718181
1753455383.745847
1753455383.787142
1753455383.813145
1753455383.855576
1753455383.879332
1753455383.920655
1753455383.947154
1753455383.989246
1753455384.012649
1753455384.054851
1753455384.083289
1753455384.123753
1753455384.146544
1753455384.182266
1753455384.224827
1753455384.246376
1753455384.288767
1753455384.312558
1753455384.354643
1753455384.381390
1753455384.420160
1753455384.446241
1753455384.490535
1753455384.513169
1753455384.555442
1753455384.579153
1753455384.623483
1753455384.646566
1753455384.689336
1753455384.713398
1753455384.754339
1753455384.786887
1753455384.813438
1753455384.855140
1753455384.880862
1753455384.922240
1753455384.946188
1753455384.988565
1753455385.014423
1753455385.057732
1753455385.079339
1753455385.122762
1753455385.146683
1753455385.182765
1753455385.213407
1753455385.256739
1753455385.280131
1753455385.322868
1753455385.346362
1753455385.386228
1753455385.421978
1753455385.450401
1753455385.480209
1753455385.522762
1753455385.548235
1753455385.586311
1753455385.613876
1753455385.656528
1753455385.680545
1753455385.722841
1753455385.746430
1753455385.792149
1753455385.813984
1753455385.859096
1753455385.879945
1753455385.924136
1753455385.947453
1753455385.992357
1753455386.013221
1753455386.056311
1753455386.080774
1753455386.125746
1753455386.146886
1753455386.182879
1753455386.224592
1753455386.247954
1753455386.290811
1753455386.313621
1753455386.359500
1753455386.381544
1753455386.418905
1753455386.447212
1753455386.492805
1753455386.515307
1753455386.554854
1753455386.579878
1753455386.624033
1753455386.648722
1753455386.684196
1753455386.720098
1753455386.754974
1753455386.783096
1753455386.814796
1753455386.857416
1753455386.881702
1753455386.923916
1753455386.946975
1753455386.989598
1753455387.016242
1753455387.058334
1753455387.080243
1753455387.124741
1753455387.148356
1753455387.184019
1753455387.214881
1753455387.256743
1753455387.281909
1753455387.324562
1753455387.347002
1753455387.389137
1753455387.415138
1753455387.457914
1753455387.480477
1753455387.523108
1753455387.549154
1753455387.591834
1753455387.613851
1753455387.656513
1753455387.684534
1753455387.725602
1753455387.747169
1753455387.791807
1753455387.816068
1753455387.858543
1753455387.880796
1753455387.923721
1753455387.950032
1753455387.991248
1753455388.014097
1753455388.057441
1753455388.081599
1753455388.124301
1753455388.147386
1753455388.185570
1753455388.220025
1753455388.258185
1753455388.280722
1753455388.324384
1753455388.351120
1753455388.391896
1753455388.414487
1753455388.457986
1753455388.487105
1753455388.525094
1753455388.548179
1753455388.592388
1753455388.616176
1753455388.658947
1753455388.681307
1753455388.725018
1753455388.750466
1753455388.792065
1753455388.814534
1753455388.858299
1753455388.883537
1753455388.925675
1753455388.947884
1753455388.991450
1753455389.016781
1753455389.059267
1753455389.081449
1753455389.124697
1753455389.152752
1753455389.184846
1753455389.216511
1753455389.258330
1753455389.284120
1753455389.326233
1753455389.348235
1753455389.390991
1753455389.417733
1753455389.459222
1753455389.481687
1753455389.526418
1753455389.550860
1753455389.591474
1753455389.625983
1753455389.648367
1753455389.692623
1753455389.718272
1753455389.758667
1753455389.785255
1753455389.825130
1753455389.850493
1753455389.892502
1753455389.919604
1753455389.952068
1753455389.991196
1753455390.018880
1753455390.059082
1753455390.081926
1753455390.124768
1753455390.154116
1753455390.184657
1753455390.219893
1753455390.255830
1753455390.290226
1753455390.324599
1753455390.350269
1753455390.392077
1753455390.417292
1753455390.458929
1753455390.486430
1753455390.523501
1753455390.557918
1753455390.583457
1753455390.625139
1753455390.652298
1753455390.692640
1753455390.719869
1753455390.756978
1753455390.784709
1753455390.825908
1753455390.853694
1753455390.886315
1753455390.922681
1753455390.958376
1753455390.986633
1753455391.019648
1753455391.055486
1753455391.090571
1753455391.122513
1753455391.149702
1753455391.185667
1753455391.225886
1753455391.249422
1753455391.289256
1753455391.319031
1753455391.359708
1753455391.387809
1753455391.418269
1753455391.459229
1753455391.485286
1753455391.525154
1753455391.549285
1753455391.588770
1753455391.624086
1753455391.658086
1753455391.684692
1753455391.724322
1753455391.755555
1753455391.792030
1753455391.819440
1753455391.858630
1753455391.888465
1753455391.925224
1753455391.953657
1753455391.991264
1753455392.024544
1753455392.058087
1753455392.086614
1753455392.126409
1753455392.155393
1753455392.186335
1753455392.223046
1753455392.253357
1753455392.291845
1753455392.323467
1753455392.353828
1753455392.390993
1753455392.424486
1753455392.457941
1753455392.482982
1753455392.525994
1753455392.554752
1753455392.591959
1753455392.619485
1753455392.658965
1753455392.689087
1753455392.725910
1753455392.750039
1753455392.792694
1753455392.822228
1753455392.858598
1753455392.884324
1753455392.925511
1753455392.955759
1753455392.991524
1753455393.017354
1753455393.059463
1753455393.088432
1753455393.125451
1753455393.151081
1753455393.187047
1753455393.224980
1753455393.257818
1753455393.287369
1753455393.320576
1753455393.353324
1753455393.386641
1753455393.418719
1753455393.456405
1753455393.492248
1753455393.519615
1753455393.558431
1753455393.583082
1753455393.627679
1753455393.654071
1753455393.689414
1753455393.719497
1753455393.760111
1753455393.791147
1753455393.819449
1753455393.860175
1753455393.889745
1753455393.925342
1753455393.951336
1753455393.992650
1753455394.022559
1753455394.059992
1753455394.084569
1753455394.125887
1753455394.156072
1753455394.187082
1753455394.222219
1753455394.257916
1753455394.292844
1753455394.323908
1753455394.356828
1753455394.391155
1753455394.426010
1753455394.457720
1753455394.484346
1753455394.527174
1753455394.557858
1753455394.592512
1753455394.621260
1753455394.658435
1753455394.693419
1753455394.724141
1753455394.755687
1753455394.791728
1753455394.825262
1753455394.858484
1753455394.885686
1753455394.925751
1753455394.956551
1753455394.992343
1753455395.018108
1753455395.060427
1753455395.089804
1753455395.125701
1753455395.151006
1753455395.189375
1753455395.225207
1753455395.257341
1753455395.286692
1753455395.324136
1753455395.359023
1753455395.390506
1753455395.420414
1753455395.459545
1753455395.491430
1753455395.526417
1753455395.553523
1753455395.592996
1753455395.624743
1753455395.659399
1753455395.686411
1753455395.725939
1753455395.756698
1753455395.793145
1753455395.821349
1753455395.858322
1753455395.892784
1753455395.926125
1753455395.955888
1753455395.992943
1753455396.024406
1753455396.059744
1753455396.087723
1753455396.126073
1753455396.157662
1753455396.190461
1753455396.225097
1753455396.256445
1753455396.292627
1753455396.324575
1753455396.355063
1753455396.392492
1753455396.423812
1753455396.459693
1753455396.484398
1753455396.520329
1753455396.558654
1753455396.592489
1753455396.620501
1753455396.654548
1753455396.694148
1753455396.724494
1753455396.755525
1753455396.792410
1753455396.826905
1753455396.857844
1753455396.890157
1753455396.924711
1753455396.959502
1753455396.991432
1753455397.020578
1753455397.057612
1753455397.092496
1753455397.124551
1753455397.154640
1753455397.191517
1753455397.226529
1753455397.257978
1753455397.290089
1753455397.325088
1753455397.359944
1753455397.392405
1753455397.423088
1753455397.459041
1753455397.490640
1753455397.527066
1753455397.554965
1753455397.593850
1753455397.625832
1753455397.658735
1753455397.689226
1753455397.727593
1753455397.759286
1753455397.792630
1753455397.824622
1753455397.858773
1753455397.894188
1753455397.927128
1753455397.960336
1753455397.985916
1753455398.027446
1753455398.058223
1753455398.093225
1753455398.126015
1753455398.156308
1753455398.189168
1753455398.229848
1753455398.256302
1753455398.292338
1753455398.324928
1753455398.360155
1753455398.393739
1753455398.423478
1753455398.458384
1753455398.493604
1753455398.526978
1753455398.557660
1753455398.592561
1753455398.627392
1753455398.660578
1753455398.686856
1753455398.726795
1753455398.760203
1753455398.793799
1753455398.822271
1753455398.861309
1753455398.893095
1753455398.926798
1753455398.956808
1753455398.991875
1753455399.026775
1753455399.060384
1753455399.089344
1753455399.128437
1753455399.158700
1753455399.190581
1753455399.223584
1753455399.259434
1753455399.294899
1753455399.324577
1753455399.357757
1753455399.392952
1753455399.425603
1753455399.458613
1753455399.490723
1753455399.525314
1753455399.559413
1753455399.593271
1753455399.622874
1753455399.659559
1753455399.694533
1753455399.727341
1753455399.756803
1753455399.793415
1753455399.827299
1753455399.860395
1753455399.891367
1753455399.926557
1753455399.960827
1753455399.993945
1753455400.024619
1753455400.059867
1753455400.094416
1753455400.128271
1753455400.154688
1753455400.191946
1753455400.227725
1753455400.261500
1753455400.291752
1753455400.327353
1753455400.361869
1753455400.392961
1753455400.424381
1753455400.460402
1753455400.494680
1753455400.529324
1753455400.556559
1753455400.594256
1753455400.628695
1753455400.659111
1753455400.692358
1753455400.725723
1753455400.761151
1753455400.792102
1753455400.825733
1753455400.859158
1753455400.894246
1753455400.928483
1753455400.957867
1753455400.993645
1753455401.028029
1753455401.062598
1753455401.088972
1753455401.128876
1753455401.160179
1753455401.190374
1753455401.227619
1753455401.257372
1753455401.297459
1753455401.326438
1753455401.360597
1753455401.392661
1753455401.423992
1753455401.456029
1753455401.494111
1753455401.521104
1753455401.559118
1753455401.593584
1753455401.626555
1753455401.659491
1753455401.694828
1753455401.726626
1753455401.760506
1753455401.793425
1753455401.827705
1753455401.862181
1753455401.891239
1753455401.929347
1753455401.959896
1753455401.994304
1753455402.024996
1753455402.060094
1753455402.095099
1753455402.127606
1753455402.158517
1753455402.193276
1753455402.227996
1753455402.262621
1753455402.292031
1753455402.327812
1753455402.363026
1753455402.392311
1753455402.426130
1753455402.460673
1753455402.495169
1753455402.528072
1753455402.558555
1753455402.593383
1753455402.627997
1753455402.662772
1753455402.691603
1753455402.726455
1753455402.760908
1753455402.796264
1753455402.824513
1753455402.862470
1753455402.892802
1753455402.927094
1753455402.958854
1753455402.993665
1753455403.028684
1753455403.059620
1753455403.093163
1753455403.127381
1753455403.161163
1753455403.194292
1753455403.224070
1753455403.263589
1753455403.292424
1753455403.327174
1753455403.358105
1753455403.395337
1753455403.428947
1753455403.459008
1753455403.493634
1753455403.527018
1753455403.562272
1753455403.594301
1753455403.626088
1753455403.660648
1753455403.695810
1753455403.729478
1753455403.758712
1753455403.797677
1753455403.826973
1753455403.862017
1753455403.893118
1753455403.927696
1753455403.962300
1753455403.994173
1753455404.028604
1753455404.057318
1753455404.097094
1753455404.126201
1753455404.159245
1753455404.191242
1753455404.230886
1753455404.260605
1753455404.295680
1753455404.321799
1753455404.358855
1753455404.391524
1753455404.425110
1753455404.460437
1753455404.496504
1753455404.530058
1753455404.557360
1753455404.594503
1753455404.629214
1753455404.660220
1753455404.692282
1753455404.727155
1753455404.761557
1753455404.796813
1753455404.823175
1753455404.864185
1753455404.893581
1753455404.929931
1753455404.956484
1753455404.993768
1753455405.029337
1753455405.059830
1753455405.091322
1753455405.128347
1753455405.161878
1753455405.193248
1753455405.223927
1753455405.261239
1753455405.296451
1753455405.325300
1753455405.357851
1753455405.393590
1753455405.429315
1753455405.461669
1753455405.489345
1753455405.529372
1753455405.559489
1753455405.593345
1753455405.624623
1753455405.662615
1753455405.696139
1753455405.729072
1753455405.756206
1753455405.793962
1753455405.833314
1753455405.859413
1753455405.892491
1753455405.927494
1753455405.963299
1753455405.995780
1753455406.024997
1753455406.066174
1753455406.093237
1753455406.129987
1753455406.157056
1753455406.193956
1753455406.230146
1753455406.264265
1753455406.295885
1753455406.323017
1753455406.364717
1753455406.392987
1753455406.433520
1753455406.459262
1753455406.493191
1753455406.528331
1753455406.561463
1753455406.592200
1753455406.626829
1753455406.661602
1753455406.697620
1753455406.727640
1753455406.760518
1753455406.795358
1753455406.830806
1753455406.862327
1753455406.893453
1753455406.928559
1753455406.963782
1753455406.995259
1753455407.024396
1753455407.059069
1753455407.095973
1753455407.130997
1753455407.157060
1753455407.193302
1753455407.230342
1753455407.264144
1753455407.290441
1753455407.331179
1753455407.358102
1753455407.398873
1753455407.423399
1753455407.464301
1753455407.496786
1753455407.528391
1753455407.558029
1753455407.594343
1753455407.630719
1753455407.660929
1753455407.691868
1753455407.728808
1753455407.763990
1753455407.796942
1753455407.824379
1753455407.865950
1753455407.893136
1753455407.929840
1753455407.958956
1753455408.000723
1753455408.026587
1753455408.063573
1753455408.091578
1753455408.128874
1753455408.164754
1753455408.197027
1753455408.225067
1753455408.265548
1753455408.295468
1753455408.334289
1753455408.357915
1753455408.398625
1753455408.428415
1753455408.470208
1753455408.491049
1753455408.534201
1753455408.560327
1753455408.599546
1753455408.626475
1753455408.667151
1753455408.693025
1753455408.728221
1753455408.764496
1753455408.794105
1753455408.834462
1753455408.860846
1753455408.895293
1753455408.929450
1753455408.961220
1753455409.003561
1753455409.024576
1753455409.062591
1753455409.102364
1753455409.126946
1753455409.160070
1753455409.198467
1753455409.228789
1753455409.265952
1753455409.291239
1753455409.335114
1753455409.360252
1753455409.397901
1753455409.425239
1753455409.462666
1753455409.498989
1753455409.527252
1753455409.562391
1753455409.593687
1753455409.628524
1753455409.668856
1753455409.691576
1753455409.729239
1753455409.766057
1753455409.794566
1753455409.828212
1753455409.865107
1753455409.898161
1753455409.934025
1753455409.959347
1753455409.996509
1753455410.036068
1753455410.060665
1753455410.096727
1753455410.130751
1753455410.163908
1753455410.196053
1753455410.227461
1753455410.269007
1753455410.293795
1753455410.332396
1753455410.360092
1753455410.397718
1753455410.433522
1753455410.461842
1753455410.496666
1753455410.531029
1753455410.567214
1753455410.594549
1753455410.630934
1753455410.663504
1753455410.702097
1753455410.727364
1753455410.767522
1753455410.793710
1753455410.833175
1753455410.861241
1753455410.896536
1753455410.931833
1753455410.968432
1753455410.994575
1753455411.031501
1753455411.061919
1753455411.104499
1753455411.127130
1753455411.161310
1753455411.198261
1753455411.233268
1753455411.260460
1753455411.295066
1753455411.330775
1753455411.369388
1753455411.393626
1753455411.431878
1753455411.462240
1753455411.501799
1753455411.528530
1753455411.561772
1753455411.593562
1753455411.632472
1753455411.661608
1753455411.694807
1753455411.730132
1753455411.771491
1753455411.794033
1753455411.828896
1753455411.864503
1753455411.895950
1753455411.938260
1753455411.959383
1753455412.004494
1753455412.027452
1753455412.070877
1753455412.093175
1753455412.132368
1753455412.163709
1753455412.198921
1753455412.227835
1753455412.265980
1753455412.298249
1753455412.331553
1753455412.360892
1753455412.398566
1753455412.433753
1753455412.466041
1753455412.494219
1753455412.535504
1753455412.562074
1753455412.597746
1753455412.637551
1753455412.660002
1753455412.706950
1753455412.727223
1753455412.766337
1753455412.794356
1753455412.837572
1753455412.861075
1753455412.899130
1753455412.927670
1753455412.968170
1753455412.994971
1753455413.029401
1753455413.063445
1753455413.105422
1753455413.127223
1753455413.163634
1753455413.195784
1753455413.238567
1753455413.260725
1753455413.298497
1753455413.326425
1753455413.372347
1753455413.393587
1753455413.429359
1753455413.465899
1753455413.501927
1753455413.527857
1753455413.562236
1753455413.596249
1753455413.633207
1753455413.661348
1753455413.694306
1753455413.731004
1753455413.772225
1753455413.794365
1753455413.836261
1753455413.860392
1753455413.904369
1753455413.928467
1753455413.968550
1753455413.994167
1753455414.037590
1753455414.061285
1753455414.102686
1753455414.127603
1753455414.166866
1753455414.195671
1753455414.237018
1753455414.260637
1753455414.304770
1753455414.328262
1753455414.367270
1753455414.394672
1753455414.438444
1753455414.461419
1753455414.499664
1753455414.528193
1753455414.570018
1753455414.594626
1753455414.637049
1753455414.660670
1753455414.701728
1753455414.729548
1753455414.770866
1753455414.794488
1753455414.837161
1753455414.861051
1753455414.904986
1753455414.928171
1753455414.971653
1753455414.994545
1753455415.037977
1753455415.062550
1753455415.104427
1753455415.127916
1753455415.167844
1753455415.199474
1753455415.228520
1753455415.269329
1753455415.295622
1753455415.331834
1753455415.359936
1753455415.395146
1753455415.437778
1753455415.460552
1753455415.501602
1753455415.527697
1753455415.567039
1753455415.597783
1753455415.629643
1753455415.668859
1753455415.695158
1753455415.736645
1753455415.760892
1753455415.802438
1753455415.828327
1753455415.872992
1753455415.894534
1753455415.936808
1753455415.961318
1753455416.004392
1753455416.027776
1753455416.068320
1753455416.095594
1753455416.137783
1753455416.161168
1753455416.202679
1753455416.229047
1753455416.271053
1753455416.294647
1753455416.333441
1753455416.367565
1753455416.398927
1753455416.428223
1753455416.471013
1753455416.494832
1753455416.537280
1753455416.561327
1753455416.601844
1753455416.627986
1753455416.663746
1753455416.696463
1753455416.734680
1753455416.764898
1753455416.806626
1753455416.828196
1753455416.868956
1753455416.895358
1753455416.938565
1753455416.961462
1753455417.002418
1753455417.031142
1753455417.069716
1753455417.094178
1753455417.137229
1753455417.162094
1753455417.203160
1753455417.228261
1753455417.271399
1753455417.295224
1753455417.339002
1753455417.361613
1753455417.398177
1753455417.432679
1753455417.463540
1753455417.494011
1753455417.539307
1753455417.561921
1753455417.607882
1753455417.628441
1753455417.669339
1753455417.695813
1753455417.738906
1753455417.761887
1753455417.802573
1753455417.829254
1753455417.871495
1753455417.895146
1753455417.934273
1753455417.964779
1753455417.999107
1753455418.027977
1753455418.063085
1753455418.098310
1753455418.139781
1753455418.162018
1753455418.200534
1753455418.230238
1753455418.273014
1753455418.295419
1753455418.336115
1753455418.362455
1753455418.405920
1753455418.428904
1753455418.471566
1753455418.495908
1753455418.540620
1753455418.562292
1753455418.603902
1753455418.629510
1753455418.672099
1753455418.695574
1753455418.733074
1753455418.771632
1753455418.796391
1753455418.831205
1753455418.870759
1753455418.896697
1753455418.938218
1753455418.962342
1753455419.005112
1753455419.029959
1753455419.068869
1753455419.095583
1753455419.137544
1753455419.163664
1753455419.204934
1753455419.229315
1753455419.272372
1753455419.296855
1753455419.341484
1753455419.362627
1753455419.405119
1753455419.430969
1753455419.472986
1753455419.496045
1753455419.535949
1753455419.569677
1753455419.603956
1753455419.629601
1753455419.668671
1753455419.704905
1753455419.731805
1753455419.767189
1753455419.800066
1753455419.841249
1753455419.864130
1753455419.901093
1753455419.933373
1753455419.974741
1753455419.997614
1753455420.032044
1753455420.073599
1753455420.097431
1753455420.140526
1753455420.163194
1753455420.203900
1753455420.232585
1753455420.276311
1753455420.296962
1753455420.338911
1753455420.368278
1753455420.408829
1753455420.430161
1753455420.471607
1753455420.498491
1753455420.541004
1753455420.563652
1753455420.605331
1753455420.631255
1753455420.673648
1753455420.696907
1753455420.740330
1753455420.764638
1753455420.809709
1753455420.830180
1753455420.871559
1753455420.899628
1753455420.941859
1753455420.963557
1753455421.005321
1753455421.032290
1753455421.074129
1753455421.096914
1753455421.138151
1753455421.166048
1753455421.204778
1753455421.230490
1753455421.273491
1753455421.298635
1753455421.338759
1753455421.363562
1753455421.406755
1753455421.431999
1753455421.474855
1753455421.497045
1753455421.539228
1753455421.565439
1753455421.608079
1753455421.630407
1753455421.672784
1753455421.700337
1753455421.739282
1753455421.764498
1753455421.807178
1753455421.832571
1753455421.875045
1753455421.897657
1753455421.940702
1753455421.966308
1753455422.007929
1753455422.030618
1753455422.070264
1753455422.107890
1753455422.133819
1753455422.166029
1753455422.200892
1753455422.241730
1753455422.266892
1753455422.299729
1753455422.337275
1753455422.372100
1753455422.401417
1753455422.433334
1753455422.471235
1753455422.501272
1753455422.542418
1753455422.564311
1753455422.608728
1753455422.633102
1753455422.676781
1753455422.697702
1753455422.740464
1753455422.767219
1753455422.805758
1753455422.831502
1753455422.872284
1753455422.901660
1753455422.941860
1753455422.971971
1753455422.998000
1753455423.041152
1753455423.066771
1753455423.108839
