1753395546.718290
1753395546.817984
1753395546.851134
1753395546.883897
1753395546.917320
1753395546.951000
1753395546.985300
1753395547.017650
1753395547.052266
1753395547.085814
1753395547.121489
1753395547.151765
1753395547.191116
1753395547.219843
1753395547.264938
1753395547.288176
1753395547.329369
1753395547.358839
1753395547.392471
1753395547.429971
1753395547.460520
1753395547.496331
1753395547.531416
1753395547.563962
1753395547.600735
1753395547.630418
1753395547.665193
1753395547.696125
1753395547.720909
1753395547.752835
1753395547.793913
1753395547.827418
1753395547.864087
1753395547.895671
1753395547.929561
1753395547.965339
1753395547.995699
1753395548.031316
1753395548.064521
1753395548.097769
1753395548.132820
1753395548.164754
1753395548.188108
1753395548.218727
1753395548.250785
1753395548.286229
1753395548.326356
1753395548.351699
1753395548.384986
1753395548.424668
1753395548.452437
1753395548.492161
1753395548.518592
1753395548.556672
1753395548.593937
1753395548.618720
1753395548.651947
1753395548.692064
1753395548.718846
1753395548.759989
1753395548.785147
1753395548.827756
1753395548.852241
1753395548.894321
1753395548.918591
1753395548.959371
1753395548.985768
1753395549.028964
1753395549.052061
1753395549.094403
1753395549.119020
1753395549.161990
1753395549.185450
1753395549.224105
1753395549.254883
1753395549.287272
1753395549.318978
1753395549.353963
1753395549.396732
1753395549.418275
1753395549.452727
1753395549.490900
1753395549.521530
1753395549.564023
1753395549.585683
1753395549.629105
1753395549.652713
1753395549.692496
1753395549.719463
1753395549.760370
1753395549.789612
1753395549.831365
1753395549.852602
1753395549.897283
1753395549.919641
1753395549.962229
1753395549.986096
1753395550.028582
1753395550.054969
1753395550.097900
1753395550.119372
1753395550.165553
1753395550.186528
1753395550.227961
1753395550.252617
1753395550.293190
1753395550.324477
1753395550.364022
1753395550.386116
1753395550.428318
1753395550.454401
1753395550.492896
1753395550.520049
1753395550.562575
1753395550.586614
1753395550.629493
1753395550.652911
1753395550.699386
1753395550.720033
1753395550.764386
1753395550.786377
1753395550.828538
1753395550.854072
1753395550.896989
1753395550.919977
1753395550.958869
1753395550.994404
1753395551.022866
1753395551.057789
1753395551.090281
1753395551.131940
1753395551.153889
1753395551.196432
1753395551.220673
1753395551.263471
1753395551.288116
1753395551.329624
1753395551.354128
1753395551.398242
1753395551.420141
1753395551.464782
1753395551.487726
1753395551.528220
1753395551.559371
1753395551.587537
1753395551.629714
1753395551.655676
1753395551.698027
1753395551.720358
1753395551.764886
1753395551.787894
1753395551.830530
1753395551.853798
1753395551.896984
1753395551.921132
1753395551.965680
1753395551.987628
1753395552.030544
1753395552.057610
1753395552.099283
1753395552.121932
1753395552.165878
1753395552.188444
1753395552.231108
1753395552.254859
1753395552.297412
1753395552.325146
1753395552.365739
1753395552.387615
1753395552.430462
1753395552.458163
1753395552.492197
1753395552.520827
1753395552.563305
1753395552.590727
1753395552.632621
1753395552.654311
1753395552.696009
1753395552.722954
1753395552.764247
1753395552.787403
1753395552.831448
1753395552.855130
1753395552.893639
1753395552.921666
1753395552.964814
1753395552.989786
1753395553.031825
1753395553.054446
1753395553.095780
1753395553.124325
1753395553.165878
1753395553.187981
1753395553.230695
1753395553.259537
1753395553.297504
1753395553.323098
1753395553.365290
1753395553.390576
1753395553.430805
1753395553.456986
1753395553.494310
1753395553.527483
1753395553.564123
1753395553.590409
1753395553.630746
1753395553.659050
1753395553.699824
1753395553.721635
1753395553.765345
1753395553.791154
1753395553.832597
1753395553.854806
1753395553.898294
1753395553.922994
1753395553.965667
1753395553.988247
1753395554.031543
1753395554.056984
1753395554.100051
1753395554.121695
1753395554.165215
1753395554.191674
1753395554.232658
1753395554.255194
1753395554.294643
1753395554.330836
1753395554.360531
1753395554.396454
1753395554.424457
1753395554.466226
1753395554.490225
1753395554.525634
1753395554.561860
1753395554.598003
1753395554.625220
1753395554.658015
1753395554.698219
1753395554.724033
1753395554.766068
1753395554.788560
1753395554.831262
1753395554.860309
1753395554.897895
1753395554.924286
1753395554.965729
1753395554.991608
1753395555.032013
1753395555.056157
1753395555.099253
1753395555.124198
1753395555.166565
1753395555.189313
1753395555.231910
1753395555.261008
1753395555.299642
1753395555.325020
1753395555.365713
1753395555.395626
1753395555.429850
1753395555.458707
1753395555.495077
1753395555.530190
1753395555.561618
1753395555.592950
1753395555.629836
1753395555.664717
1753395555.698271
1753395555.725247
1753395555.766092
1753395555.791969
1753395555.833398
1753395555.855883
1753395555.898889
1753395555.926480
1753395555.964759
1753395555.988216
1753395556.032422
1753395556.060900
1753395556.098977
1753395556.123411
1753395556.166673
1753395556.192648
1753395556.233744
1753395556.256893
1753395556.299077
1753395556.325558
1753395556.367115
1753395556.390631
1753395556.432577
1753395556.462309
1753395556.493927
1753395556.528609
1753395556.559756
1753395556.600655
1753395556.626310
1753395556.657463
1753395556.699566
1753395556.728973
1753395556.763721
1753395556.799172
1753395556.826333
1753395556.860632
1753395556.891861
1753395556.923411
1753395556.961017
1753395556.992249
1753395557.031722
1753395557.065594
1753395557.091992
1753395557.131393
1753395557.161283
1753395557.198992
1753395557.223098
1753395557.266428
1753395557.295850
1753395557.329697
1753395557.360215
1753395557.399223
1753395557.429598
1753395557.465865
1753395557.490164
1753395557.531463
1753395557.563732
1753395557.599272
1753395557.624182
1753395557.666035
1753395557.694333
1753395557.732071
1753395557.760310
1753395557.798407
1753395557.830054
1753395557.865797
1753395557.892008
1753395557.932642
1753395557.961990
1753395557.999408
1753395558.023929
1753395558.061090
1753395558.098320
1753395558.130772
1753395558.160775
1753395558.198104
1753395558.232253
1753395558.261868
1753395558.294101
1753395558.330196
1753395558.360347
1753395558.400683
1753395558.423870
1753395558.465456
1753395558.493637
1753395558.530860
1753395558.559702
1753395558.599188
1753395558.628533
1753395558.660458
1753395558.689513
1753395558.726351
1753395558.766032
1753395558.796290
1753395558.827082
1753395558.867049
1753395558.896569
1753395558.928029
1753395558.960542
1753395559.000855
1753395559.026198
1753395559.066314
1753395559.092073
1753395559.133934
1753395559.164080
1753395559.199660
1753395559.226460
1753395559.266490
1753395559.296798
1753395559.332829
1753395559.360964
1753395559.398210
1753395559.431632
1753395559.466876
1753395559.492208
1753395559.530230
1753395559.566135
1753395559.599181
1753395559.624067
1753395559.665914
1753395559.695643
1753395559.731062
1753395559.757499
1753395559.800745
1753395559.827624
1753395559.864922
1753395559.891327
1753395559.932074
1753395559.960230
1753395559.999432
1753395560.024648
1753395560.066314
1753395560.096250
1753395560.132804
1753395560.157940
1753395560.199896
1753395560.229568
1753395560.266035
1753395560.293381
1753395560.333722
1753395560.363731
1753395560.399915
1753395560.427714
1753395560.464366
1753395560.495750
1753395560.531569
1753395560.562319
1753395560.599109
1753395560.632216
1753395560.665996
1753395560.691616
1753395560.732999
1753395560.764396
1753395560.799473
1753395560.825854
1753395560.867054
1753395560.897961
1753395560.932578
1753395560.958877
1753395561.000479
1753395561.030305
1753395561.065910
1753395561.091377
1753395561.132918
1753395561.163303
1753395561.201059
1753395561.224732
1753395561.266673
1753395561.297388
1753395561.332818
1753395561.359024
1753395561.401115
1753395561.430224
1753395561.466412
1753395561.491775
1753395561.532679
1753395561.565419
1753395561.599513
1753395561.627021
1753395561.667753
1753395561.698000
1753395561.733637
1753395561.758574
1753395561.800240
1753395561.829901
1753395561.867632
1753395561.893058
1753395561.933683
1753395561.964751
1753395561.999370
1753395562.028712
1753395562.066583
1753395562.097192
1753395562.133480
1753395562.162232
1753395562.198972
1753395562.233968
1753395562.262424
1753395562.300628
1753395562.330574
1753395562.367034
1753395562.394557
1753395562.434945
1753395562.459507
1753395562.497587
1753395562.532075
1753395562.562658
1753395562.600174
1753395562.632304
1753395562.667037
1753395562.693267
1753395562.734091
1753395562.765151
1753395562.799315
1753395562.828718
1753395562.867767
1753395562.898366
1753395562.933083
1753395562.963800
1753395562.999947
1753395563.031813
1753395563.064012
1753395563.098268
1753395563.132399
1753395563.167546
1753395563.198165
1753395563.230264
1753395563.266235
1753395563.298662
1753395563.333560
1753395563.363005
1753395563.400975
1753395563.431953
1753395563.466792
1753395563.493010
1753395563.533310
1753395563.567896
1753395563.598761
1753395563.629741
1753395563.668654
1753395563.699328
1753395563.734294
1753395563.761736
1753395563.799936
1753395563.832315
1753395563.866710
1753395563.897456
1753395563.933224
1753395563.966144
1753395564.001200
1753395564.026091
1753395564.066990
1753395564.099020
1753395564.133853
1753395564.163660
1753395564.199929
1753395564.234275
1753395564.266417
1753395564.298116
1753395564.332770
1753395564.367787
1753395564.400710
1753395564.431683
1753395564.466377
1753395564.496464
1753395564.535447
1753395564.564720
1753395564.599788
1753395564.632514
1753395564.667767
1753395564.697756
1753395564.733316
1753395564.765726
1753395564.801281
1753395564.830197
1753395564.866917
1753395564.900131
1753395564.934315
1753395564.967418
1753395564.993499
1753395565.033507
1753395565.067379
1753395565.101042
1753395565.135526
1753395565.165207
1753395565.200112
1753395565.233183
1753395565.267939
1753395565.295714
1753395565.335174
1753395565.366334
1753395565.397870
1753395565.431818
1753395565.466430
1753395565.496812
1753395565.536108
1753395565.563517
1753395565.600311
1753395565.634218
1753395565.668386
1753395565.697086
1753395565.733543
1753395565.766251
1753395565.799281
1753395565.831934
1753395565.867302
1753395565.900888
1753395565.933203
1753395565.964868
1753395566.000442
1753395566.032695
1753395566.067733
1753395566.096116
1753395566.135658
1753395566.166875
1753395566.197795
1753395566.232854
1753395566.267610
1753395566.300898
1753395566.334757
1753395566.365026
1753395566.400776
1753395566.435238
1753395566.469864
1753395566.494318
1753395566.535600
1753395566.567539
1753395566.601599
1753395566.628737
1753395566.668084
1753395566.701380
1753395566.735452
1753395566.761728
1753395566.801743
1753395566.832961
1753395566.867686
1753395566.898713
1753395566.933636
1753395566.965382
1753395566.995361
1753395567.034975
1753395567.065501
1753395567.100358
1753395567.134719
1753395567.165632
1753395567.200249
1753395567.233279
1753395567.268038
1753395567.299234
1753395567.333989
1753395567.368100
1753395567.402760
1753395567.431779
1753395567.468646
1753395567.499321
1753395567.534503
1753395567.565665
1753395567.601433
1753395567.634118
1753395567.668641
1753395567.697808
1753395567.734556
1753395567.769756
1753395567.800547
1753395567.832790
1753395567.868028
1753395567.903018
1753395567.933610
1753395567.966399
1753395568.000271
1753395568.035049
1753395568.069425
1753395568.098864
1753395568.135738
1753395568.168529
1753395568.202797
1753395568.231936
1753395568.270423
1753395568.295575
1753395568.335733
1753395568.365929
1753395568.399709
1753395568.436372
1753395568.467707
1753395568.495582
1753395568.535258
1753395568.570276
1753395568.600458
1753395568.634170
1753395568.666735
1753395568.701640
1753395568.736103
1753395568.765465
1753395568.801252
1753395568.835088
1753395568.869220
1753395568.896470
1753395568.935425
1753395568.966916
1753395569.001262
1753395569.032249
1753395569.067913
1753395569.101807
1753395569.136328
1753395569.165854
1753395569.202197
1753395569.236576
1753395569.268016
1753395569.298950
1753395569.334484
1753395569.368757
1753395569.403688
1753395569.432093
1753395569.467434
1753395569.498175
1753395569.534333
1753395569.566356
1753395569.601284
1753395569.634249
1753395569.666662
1753395569.697830
1753395569.735084
1753395569.770188
1753395569.800641
1753395569.834737
1753395569.867610
1753395569.902632
1753395569.936213
1753395569.966084
1753395570.000672
1753395570.035652
1753395570.070730
1753395570.099810
1753395570.135723
1753395570.170948
1753395570.201227
1753395570.233511
1753395570.268573
1753395570.300982
1753395570.333201
1753395570.368045
1753395570.398513
1753395570.435186
1753395570.469969
1753395570.496600
1753395570.537038
1753395570.567853
1753395570.603456
1753395570.630218
1753395570.667007
1753395570.702508
1753395570.736888
1753395570.764136
1753395570.801001
1753395570.836382
1753395570.867430
1753395570.899948
1753395570.934963
1753395570.969707
1753395571.001361
1753395571.032900
1753395571.069845
1753395571.100677
1753395571.138844
1753395571.165487
1753395571.202972
1753395571.237552
1753395571.271040
1753395571.297664
1753395571.334639
1753395571.369973
1753395571.403926
1753395571.432040
1753395571.468783
1753395571.502913
1753395571.534097
1753395571.568538
1753395571.601661
1753395571.636281
1753395571.670488
1753395571.699653
1753395571.735451
1753395571.769752
1753395571.804259
1753395571.831201
1753395571.867882
1753395571.904810
1753395571.934213
1753395571.969262
1753395572.000471
1753395572.041152
1753395572.068774
1753395572.100924
1753395572.137567
1753395572.170682
1753395572.201965
1753395572.232560
1753395572.270630
1753395572.300985
1753395572.337385
1753395572.367295
1753395572.403307
1753395572.437991
1753395572.468003
1753395572.497081
1753395572.536292
1753395572.568522
1753395572.607478
1753395572.632395
1753395572.669678
1753395572.704519
1753395572.736159
1753395572.768336
1753395572.803343
1753395572.838151
1753395572.870837
1753395572.900928
1753395572.936716
1753395572.971717
1753395573.000853
1753395573.033996
1753395573.069280
1753395573.105429
1753395573.134380
1753395573.169077
1753395573.204184
1753395573.236615
1753395573.269246
1753395573.307615
1753395573.331068
1753395573.369423
1753395573.407028
1753395573.434104
1753395573.471435
1753395573.497643
1753395573.539321
1753395573.568779
1753395573.604819
1753395573.633013
1753395573.670512
1753395573.704889
1753395573.736207
1753395573.768042
1753395573.804021
1753395573.839041
1753395573.870022
1753395573.900565
1753395573.936528
1753395573.972034
1753395574.003645
1753395574.033883
1753395574.069898
1753395574.105212
1753395574.136221
1753395574.168204
1753395574.203561
1753395574.236816
1753395574.275180
1753395574.298075
1753395574.340579
1753395574.367915
1753395574.404156
1753395574.435255
1753395574.471225
1753395574.501932
1753395574.542054
1753395574.565514
1753395574.603187
1753395574.639009
1753395574.673128
1753395574.699419
1753395574.736625
1753395574.774333
1753395574.801379
1753395574.834955
1753395574.871279
1753395574.903224
1753395574.943231
1753395574.965042
1753395575.005529
1753395575.036566
1753395575.077516
1753395575.098398
1753395575.140185
1753395575.168468
1753395575.205928
1753395575.232251
1753395575.277849
1753395575.300683
1753395575.343824
1753395575.365364
1753395575.411763
1753395575.433924
1753395575.475421
1753395575.498488
1753395575.543181
1753395575.567804
1753395575.609200
1753395575.632368
1753395575.678653
1753395575.700495
1753395575.741494
1753395575.765943
1753395575.808440
1753395575.835123
1753395575.875696
1753395575.899254
1753395575.936828
1753395575.974963
1753395576.002060
1753395576.037519
1753395576.070300
1753395576.111265
1753395576.134407
1753395576.172685
1753395576.202090
1753395576.243382
1753395576.268032
1753395576.302499
1753395576.338307
1753395576.374414
1753395576.402436
1753395576.438680
1753395576.471040
1753395576.506312
1753395576.536554
1753395576.571431
1753395576.603384
1753395576.642405
1753395576.668324
1753395576.704752
1753395576.738137
1753395576.772205
1753395576.807607
1753395576.834536
1753395576.871443
1753395576.904110
1753395576.943938
1753395576.966431
1753395577.003704
1753395577.038403
1753395577.067153
1753395577.105287
1753395577.136582
1753395577.177761
1753395577.201363
1753395577.234225
1753395577.270922
1753395577.310650
1753395577.334583
1753395577.372116
1753395577.401040
1753395577.442865
1753395577.467535
1753395577.502780
1753395577.538045
1753395577.568691
1753395577.609924
1753395577.633730
1753395577.674105
1753395577.702338
1753395577.741082
1753395577.767279
1753395577.810219
1753395577.834971
1753395577.872792
1753395577.902273
1753395577.943896
1753395577.968307
1753395578.004844
1753395578.034047
1753395578.070206
1753395578.102427
1753395578.144196
1753395578.167339
1753395578.213263
1753395578.234938
1753395578.277062
1753395578.300750
1753395578.347959
1753395578.367812
1753395578.409913
1753395578.434866
1753395578.479854
1753395578.499951
1753395578.544670
1753395578.567494
1753395578.610427
1753395578.636267
1753395578.678297
1753395578.701060
1753395578.741160
1753395578.774119
1753395578.803819
1753395578.837237
1753395578.873243
1753395578.908938
1753395578.935978
1753395578.976070
1753395579.001594
1753395579.044426
1753395579.068714
1753395579.104955
1753395579.141277
1753395579.169640
1753395579.211812
1753395579.234099
1753395579.281138
1753395579.301268
1753395579.343953
1753395579.367555
1753395579.413897
1753395579.434757
1753395579.470549
1753395579.500408
1753395579.543127
1753395579.569059
1753395579.608993
1753395579.634923
1753395579.673122
1753395579.711179
1753395579.736649
1753395579.774297
1753395579.802020
1753395579.845172
1753395579.868584
1753395579.907299
1753395579.935261
1753395579.972597
1753395580.005310
1753395580.034807
1753395580.077974
1753395580.102626
1753395580.145466
1753395580.168241
1753395580.213088
1753395580.235268
1753395580.277524
1753395580.301405
1753395580.340030
1753395580.372811
1753395580.409653
1753395580.435183
1753395580.474562
1753395580.503646
1753395580.544527
1753395580.568425
1753395580.609239
1753395580.638368
1753395580.670201
1753395580.702366
1753395580.741941
1753395580.771026
1753395580.813744
1753395580.835251
1753395580.874501
1753395580.903865
1753395580.946578
1753395580.968464
1753395581.011209
1753395581.037118
1753395581.078654
1753395581.101765
1753395581.143904
1753395581.170046
1753395581.211903
1753395581.235134
1753395581.279552
1753395581.302375
1753395581.346067
1753395581.368752
1753395581.410450
1753395581.435851
1753395581.478450
1753395581.501623
1753395581.544886
1753395581.570054
1753395581.612510
1753395581.646776
1753395581.668918
1753395581.712384
1753395581.737766
1753395581.777430
1753395581.805721
1753395581.843644
1753395581.869017
1753395581.911418
1753395581.939860
1753395581.978053
1753395582.002366
1753395582.045919
1753395582.073030
1753395582.108698
1753395582.136152
1753395582.182456
1753395582.202566
1753395582.242264
1753395582.269805
1753395582.310628
1753395582.340691
1753395582.372303
1753395582.409159
1753395582.441156
1753395582.475927
1753395582.501826
1753395582.544935
1753395582.571211
1753395582.614120
1753395582.636091
1753395582.680020
1753395582.702775
1753395582.747167
1753395582.769542
1753395582.812002
1753395582.836596
1753395582.879080
1753395582.901797
1753395582.945773
1753395582.969805
1753395583.014431
1753395583.036215
1753395583.079477
1753395583.105651
1753395583.147950
1753395583.169779
1753395583.209578
1753395583.240444
1753395583.281759
1753395583.302961
1753395583.346871
1753395583.369816
1753395583.412040
1753395583.436697
1753395583.479237
1753395583.503393
1753395583.544362
1753395583.569829
1753395583.612245
1753395583.639421
1753395583.681984
1753395583.703276
1753395583.745838
1753395583.772157
1753395583.815168
1753395583.836514
1753395583.882301
1753395583.903485
1753395583.948326
1753395583.970068
1753395584.012163
1753395584.038402
1753395584.080303
1753395584.103819
1753395584.146666
1753395584.170517
1753395584.215394
1753395584.235553
1753395584.279873
1753395584.303562
1753395584.346341
1753395584.370824
1753395584.412008
1753395584.440923
1753395584.481425
1753395584.502834
1753395584.545345
1753395584.573744
1753395584.614906
1753395584.636861
1753395584.672581
1753395584.708654
1753395584.740527
1753395584.770818
1753395584.812882
1753395584.839867
1753395584.882604
1753395584.903528
1753395584.944337
1753395584.978953
1753395585.007564
1753395585.042300
1753395585.071694
1753395585.115591
1753395585.137402
1753395585.178623
1753395585.204304
1753395585.243432
1753395585.279182
1753395585.304840
1753395585.347535
1753395585.372400
1753395585.415873
1753395585.437045
1753395585.481134
1753395585.502890
1753395585.546076
1753395585.571458
1753395585.615833
1753395585.638140
1753395585.682065
1753395585.704332
1753395585.748013
1753395585.773218
1753395585.815247
1753395585.837606
1753395585.882502
1753395585.905522
1753395585.947346
1753395585.971818
1753395586.012406
1753395586.046443
1753395586.077482
1753395586.105632
1753395586.148756
1753395586.172140
1753395586.214621
1753395586.239105
1753395586.281648
1753395586.307437
1753395586.349884
1753395586.372253
1753395586.411980
1753395586.447543
1753395586.476094
1753395586.506178
1753395586.544407
1753395586.581464
1753395586.608025
1753395586.642099
1753395586.677801
1753395586.714379
1753395586.741928
1753395586.773034
1753395586.814166
1753395586.842433
1753395586.883064
1753395586.904688
1753395586.940315
1753395586.977546
1753395587.009397
1753395587.037977
1753395587.075534
1753395587.109442
1753395587.139281
1753395587.181004
1753395587.206671
1753395587.245270
1753395587.281808
1753395587.305193
1753395587.348867
1753395587.373204
1753395587.415557
1753395587.438474
1753395587.482077
1753395587.505032
1753395587.547535
1753395587.573204
1753395587.615668
1753395587.639849
1753395587.684014
1753395587.704975
1753395587.748938
1753395587.773931
1753395587.817020
1753395587.838744
1753395587.883829
1753395587.907333
1753395587.948965
1753395587.974023
1753395588.014570
1753395588.043448
1753395588.081851
1753395588.104388
1753395588.140218
1753395588.177194
1753395588.209775
1753395588.238627
1753395588.275565
1753395588.310553
1753395588.341714
1753395588.372524
1753395588.410264
1753395588.441923
1753395588.482555
1753395588.504494
1753395588.547417
1753395588.577445
1753395588.616351
1753395588.638906
1753395588.683552
1753395588.707745
1753395588.749785
1753395588.772436
1753395588.813801
1753395588.844080
1753395588.883390
1753395588.905675
1753395588.945435
1753395588.981946
1753395589.009261
1753395589.041162
1753395589.081409
1753395589.107325
1753395589.149318
1753395589.172407
1753395589.215596
1753395589.241328
1753395589.282598
1753395589.305822
1753395589.349486
1753395589.374517
1753395589.415316
1753395589.439865
1753395589.484236
1753395589.504993
1753395589.548243
1753395589.574172
1753395589.616093
1753395589.643451
1753395589.684088
1753395589.706240
1753395589.749158
1753395589.778457
1753395589.815344
1753395589.840549
1753395589.882721
1753395589.910940
1753395589.948140
1753395589.983298
1753395590.006314
1753395590.048960
1753395590.078202
1753395590.110890
1753395590.150191
1753395590.174222
1753395590.216283
1753395590.242592
1753395590.283834
1753395590.307816
1753395590.348132
1753395590.381197
1753395590.415009
1753395590.443938
1753395590.482083
1753395590.508621
1753395590.549876
1753395590.574382
1753395590.616569
1753395590.643564
1753395590.683767
1753395590.707143
1753395590.750127
1753395590.777831
1753395590.815926
1753395590.841114
1753395590.883439
1753395590.910631
1753395590.950100
1753395590.973417
1753395591.014562
1753395591.048464
1753395591.080783
1753395591.108651
1753395591.149649
1753395591.178763
1753395591.215743
1753395591.242460
1753395591.279727
1753395591.315853
1753395591.346726
1753395591.377363
1753395591.416386
1753395591.446004
1753395591.483102
1753395591.506163
1753395591.548535
1753395591.580628
1753395591.616146
1753395591.640072
1753395591.677306
1753395591.708476
1753395591.749142
1753395591.775453
1753395591.816615
1753395591.846271
1753395591.882654
1753395591.909118
1753395591.950303
1753395591.979954
1753395592.016339
1753395592.044904
1753395592.081810
1753395592.116196
1753395592.145905
1753395592.180783
1753395592.213365
1753395592.248283
1753395592.283560
1753395592.310764
1753395592.348682
1753395592.382507
1753395592.414888
1753395592.444738
1753395592.482083
1753395592.509954
1753395592.549942
1753395592.575769
1753395592.616811
1753395592.645933
1753395592.681874
1753395592.711842
1753395592.748906
1753395592.783067
1753395592.815143
1753395592.844093
1753395592.884131
1753395592.911706
1753395592.950634
1753395592.974322
1753395593.015852
1753395593.048021
1753395593.083048
1753395593.108672
1753395593.150183
1753395593.180414
1753395593.216419
1753395593.241267
1753395593.285346
1753395593.310853
1753395593.351289
1753395593.375693
1753395593.416859
1753395593.447232
1753395593.482377
1753395593.507062
1753395593.550679
1753395593.581109
1753395593.616399
1753395593.642502
1753395593.682257
1753395593.715985
1753395593.749013
1753395593.776673
1753395593.816924
1753395593.847656
1753395593.882134
1753395593.910757
1753395593.949200
1753395593.982109
1753395594.016652
1753395594.045712
1753395594.082205
1753395594.116989
1753395594.147610
1753395594.181033
1753395594.212822
1753395594.249214
1753395594.283436
1753395594.309691
1753395594.350720
1753395594.380788
1753395594.416927
1753395594.442215
1753395594.483927
1753395594.509694
1753395594.551116
1753395594.576873
1753395594.617328
1753395594.647426
1753395594.683704
1753395594.711473
1753395594.749033
1753395594.783033
1753395594.815999
1753395594.845859
1753395594.882753
1753395594.915036
1753395594.949769
1753395594.978699
1753395595.016686
1753395595.045983
1753395595.084914
1753395595.108728
1753395595.151596
1753395595.179608
1753395595.218622
1753395595.242211
1753395595.283939
1753395595.310342
1753395595.351564
1753395595.375677
1753395595.416655
1753395595.448079
1753395595.484012
1753395595.507897
1753395595.552012
1753395595.580886
1753395595.616438
1753395595.645750
1753395595.682093
1753395595.713848
1753395595.746011
1753395595.775607
1753395595.813400
1753395595.851651
1753395595.881827
1753395595.910600
1753395595.951169
1753395595.982104
1753395596.017141
1753395596.044010
1753395596.084690
1753395596.114799
1753395596.149884
1753395596.180517
1753395596.216116
1753395596.250382
1753395596.282456
1753395596.315352
1753395596.347719
1753395596.383571
1753395596.415812
1753395596.447355
1753395596.483134
1753395596.512621
1753395596.550804
1753395596.580207
1753395596.617434
1753395596.648979
1753395596.681681
1753395596.715084
1753395596.750069
1753395596.782989
1753395596.817404
1753395596.846961
1753395596.883221
1753395596.912321
1753395596.951463
1753395596.979408
1753395597.017398
1753395597.047225
1753395597.083530
1753395597.110318
1753395597.147536
1753395597.180500
1753395597.211581
1753395597.249648
1753395597.281671
1753395597.314315
1753395597.351867
1753395597.381251
1753395597.416405
1753395597.450245
1753395597.481321
1753395597.510810
1753395597.551715
1753395597.582890
1753395597.616740
1753395597.647356
1753395597.683304
1753395597.715942
1753395597.750522
1753395597.781636
1753395597.816265
1753395597.852382
1753395597.884031
1753395597.914089
1753395597.950182
1753395597.983806
1753395598.016904
1753395598.048495
1753395598.083456
1753395598.118731
1753395598.150853
1753395598.180820
1753395598.216541
1753395598.250266
1753395598.283025
1753395598.318426
1753395598.343692
1753395598.385033
1753395598.416821
1753395598.451904
1753395598.484781
1753395598.509558
1753395598.550852
1753395598.584335
1753395598.618552
1753395598.648181
1753395598.683765
1753395598.717917
1753395598.751599
1753395598.782113
1753395598.816689
1753395598.851122
1753395598.885747
1753395598.911416
1753395598.949154
1753395598.980909
1753395599.012988
1753395599.046187
1753395599.086194
1753395599.114420
1753395599.150776
1753395599.181257
1753395599.217140
1753395599.251164
1753395599.284229
1753395599.315436
1753395599.346939
1753395599.387229
1753395599.416089
1753395599.449102
1753395599.482911
1753395599.514882
1753395599.552889
1753395599.579914
1753395599.619999
1753395599.648500
1753395599.686149
1753395599.715188
1753395599.750400
1753395599.784951
1753395599.818631
1753395599.848822
1753395599.884003
1753395599.915898
1753395599.951584
1753395599.981039
1753395600.018633
1753395600.051865
1753395600.085460
1753395600.115854
1753395600.150719
1753395600.185038
1753395600.218980
1753395600.244630
1753395600.284555
1753395600.319405
1753395600.352260
1753395600.381573
1753395600.418294
1753395600.452588
1753395600.486982
1753395600.510513
1753395600.550967
1753395600.584990
1753395600.619396
1753395600.649352
1753395600.684634
1753395600.718826
1753395600.752474
1753395600.782247
1753395600.817661
1753395600.850681
1753395600.885126
1753395600.910935
1753395600.950887
1753395600.985687
1753395601.017467
1753395601.045358
1753395601.085627
1753395601.118324
1753395601.149987
1753395601.182551
1753395601.216309
1753395601.251716
1753395601.286752
1753395601.312060
1753395601.352247
1753395601.386207
1753395601.416963
1753395601.449235
1753395601.485060
1753395601.515153
1753395601.551868
1753395601.582691
1753395601.617602
1753395601.648525
1753395601.687541
1753395601.714200
1753395601.750136
1753395601.782954
1753395601.819148
1753395601.848908
1753395601.883848
1753395601.916006
1753395601.952016
1753395601.982307
1753395602.017782
1753395602.051954
1753395602.085892
1753395602.116233
1753395602.151964
1753395602.186974
1753395602.217582
1753395602.250057
1753395602.286153
1753395602.320704
1753395602.350644
1753395602.384742
1753395602.418021
1753395602.452669
1753395602.486985
1753395602.511465
1753395602.547906
1753395602.582121
1753395602.613482
1753395602.652417
1753395602.681318
1753395602.718272
1753395602.752342
1753395602.782627
1753395602.818717
1753395602.853591
1753395602.882402
1753395602.913445
1753395602.954370
1753395602.983303
1753395603.019444
1753395603.049621
1753395603.085917
1753395603.120900
1753395603.150667
1753395603.183145
1753395603.218090
1753395603.252741
1753395603.287844
1753395603.312804
1753395603.353998
1753395603.382095
1753395603.418996
1753395603.449711
1753395603.489030
1753395603.513188
1753395603.554252
1753395603.582883
1753395603.619760
1753395603.651941
1753395603.686579
1753395603.715841
1753395603.751897
1753395603.783396
1753395603.818864
1753395603.849672
1753395603.887437
1753395603.914552
1753395603.951810
1753395603.981960
1753395604.017073
1753395604.052260
1753395604.087715
1753395604.114737
1753395604.151479
1753395604.186831
1753395604.217893
1753395604.250846
1753395604.286292
1753395604.320466
1753395604.353312
1753395604.382513
1753395604.419919
1753395604.451110
1753395604.485303
1753395604.515289
1753395604.552068
1753395604.587504
1753395604.620273
1753395604.649966
1753395604.686407
1753395604.722126
1753395604.751333
1753395604.785162
1753395604.819418
1753395604.850338
1753395604.886638
1753395604.913107
1753395604.953422
1753395604.984734
1753395605.016993
1753395605.046982
1753395605.086981
1753395605.119744
1753395605.153367
1753395605.183242
1753395605.223731
1753395605.251488
1753395605.287951
1753395605.315277
1753395605.351576
1753395605.390783
1753395605.417438
1753395605.450450
1753395605.490621
1753395605.515210
1753395605.552363
1753395605.585393
1753395605.619774
1753395605.651974
1753395605.685941
1753395605.715885
1753395605.752176
1753395605.787612
1753395605.820974
1753395605.850173
1753395605.887684
1753395605.916192
1753395605.953381
1753395605.984053
1753395606.020272
1753395606.054785
1753395606.085933
1753395606.120697
1753395606.151270
1753395606.187835
1753395606.221966
1753395606.250678
1753395606.287695
1753395606.318768
1753395606.355572
1753395606.384095
1753395606.420973
1753395606.454408
1753395606.488976
1753395606.514777
1753395606.554108
1753395606.586042
1753395606.621972
1753395606.658334
1753395606.681226
1753395606.722702
1753395606.753220
1753395606.785271
1753395606.821621
1753395606.852004
1753395606.885214
1753395606.923536
1753395606.951887
1753395606.985931
1753395607.019640
1753395607.056121
1753395607.085751
1753395607.117991
1753395607.153627
1753395607.186947
1753395607.222999
1753395607.248288
1753395607.283474
1753395607.316927
1753395607.354457
1753395607.382428
1753395607.424545
1753395607.451433
1753395607.488116
1753395607.513966
1753395607.554699
1753395607.590730
1753395607.618590
1753395607.650917
1753395607.691564
1753395607.717551
1753395607.757057
1753395607.782133
1753395607.821842
1753395607.856962
1753395607.885224
1753395607.915689
1753395607.954087
1753395607.987191
1753395608.020104
1753395608.053298
1753395608.087169
1753395608.121564
1753395608.157492
1753395608.183767
1753395608.224682
1753395608.251923
1753395608.289454
1753395608.318083
1753395608.359510
1753395608.384893
1753395608.425273
1753395608.449609
1753395608.487987
1753395608.520320
1753395608.555069
1753395608.587650
1753395608.621128
1753395608.652809
1753395608.690153
1753395608.718060
1753395608.755414
1753395608.790851
1753395608.818436
1753395608.854221
1753395608.887671
1753395608.920493
1753395608.959213
1753395608.982460
1753395609.018708
1753395609.055139
1753395609.090251
1753395609.117158
1753395609.154379
1753395609.185544
1753395609.226116
1753395609.249242
1753395609.286977
1753395609.318462
1753395609.352545
1753395609.384978
1753395609.420731
1753395609.456843
1753395609.486722
1753395609.514886
1753395609.557768
1753395609.584564
1753395609.627341
1753395609.649300
1753395609.687390
1753395609.723758
1753395609.752089
1753395609.786603
1753395609.821389
1753395609.857274
1753395609.885364
1753395609.916269
1753395609.955107
1753395609.991251
1753395610.019145
1753395610.055856
1753395610.085974
1753395610.124226
1753395610.153133
1753395610.191565
1753395610.218130
1753395610.256869
1753395610.286512
1753395610.321685
1753395610.356410
1753395610.387405
1753395610.427132
1753395610.450711
1753395610.486846
1753395610.522314
1753395610.560321
1753395610.583390
1753395610.622537
1753395610.655070
1753395610.693550
1753395610.717080
1753395610.762080
1753395610.785002
1753395610.826943
1753395610.850434
1753395610.893139
1753395610.918269
1753395610.954929
1753395610.984405
1753395611.023523
1753395611.055139
1753395611.092468
1753395611.116978
1753395611.159240
1753395611.185357
1753395611.224605
1753395611.251385
1753395611.288887
1753395611.321359
1753395611.362275
1753395611.383605
1753395611.422616
1753395611.459068
1753395611.485759
1753395611.517517
1753395611.556574
1753395611.587879
1753395611.628487
1753395611.650437
1753395611.696243
1753395611.718223
1753395611.760275
1753395611.784197
1753395611.822047
1753395611.861019
1753395611.885191
1753395611.922775
1753395611.956924
1753395611.988287
1753395612.028263
1753395612.050813
1753395612.090237
1753395612.121891
1753395612.156173
1753395612.184074
1753395612.221405
1753395612.261165
1753395612.284123
1753395612.328631
1753395612.350878
1753395612.397260
1753395612.418367
1753395612.456431
1753395612.489570
1753395612.521954
1753395612.562076
1753395612.584564
1753395612.629570
1753395612.650112
1753395612.687847
1753395612.718593
1753395612.757888
1753395612.786291
1753395612.827871
1753395612.851250
1753395612.893063
1753395612.918794
1753395612.960304
1753395612.984335
1753395613.026685
1753395613.053105
1753395613.095309
1753395613.118037
1753395613.160670
1753395613.185755
1753395613.227362
1753395613.251114
1753395613.297709
1753395613.318164
1753395613.361486
1753395613.384727
1753395613.426494
1753395613.452301
1753395613.491909
1753395613.518193
1753395613.556556
1753395613.594616
1753395613.618520
1753395613.657389
1753395613.685385
1753395613.726796
1753395613.752974
1753395613.792660
1753395613.818594
1753395613.860399
1753395613.887130
1753395613.923887
1753395613.954257
1753395613.996013
1753395614.019006
1753395614.057057
1753395614.088366
1753395614.131073
1753395614.151949
1753395614.189711
1753395614.225838
1753395614.257514
1753395614.291131
1753395614.318535
1753395614.358085
1753395614.390046
1753395614.422444
1753395614.457662
1753395614.485818
1753395614.525527
1753395614.557179
1753395614.585906
1753395614.627427
1753395614.653378
1753395614.695416
1753395614.718727
1753395614.763284
1753395614.785864
1753395614.827936
1753395614.851936
1753395614.896482
1753395614.918411
1753395614.962636
1753395614.991950
1753395615.018643
1753395615.061028
1753395615.086930
1753395615.129379
1753395615.152630
1753395615.194489
1753395615.218820
1753395615.264876
1753395615.285926
1753395615.326002
1753395615.352738
1753395615.395234
1753395615.420607
1753395615.457990
1753395615.486028
1753395615.525880
1753395615.556877
1753395615.592392
1753395615.619400
1753395615.662482
1753395615.687334
1753395615.728381
1753395615.752496
1753395615.797395
1753395615.819415
1753395615.862083
1753395615.885978
1753395615.927840
1753395615.954894
1753395615.996461
1753395616.019404
1753395616.065032
1753395616.086027
1753395616.129490
1753395616.152583
1753395616.197593
1753395616.219767
1753395616.262286
1753395616.286087
1753395616.330303
1753395616.353135
1753395616.391945
1753395616.419490
1753395616.463463
1753395616.486448
1753395616.528726
1753395616.553123
1753395616.596797
1753395616.620196
1753395616.662569
1753395616.686354
1753395616.721826
1753395616.753687
1753395616.796575
1753395616.819920
1753395616.866488
1753395616.886582
1753395616.927133
1753395616.953017
1753395616.991057
1753395617.023784
1753395617.053224
1753395617.094119
1753395617.126593
1753395617.156866
1753395617.186832
1753395617.227584
1753395617.259916
1753395617.294726
1753395617.319909
1753395617.356154
1753395617.387222
1753395617.430484
1753395617.453290
1753395617.490962
1753395617.527310
1753395617.559902
1753395617.586914
1753395617.629251
1753395617.654557
1753395617.697580
1753395617.720259
1753395617.763276
1753395617.787350
1753395617.830775
1753395617.853397
1753395617.897781
1753395617.919414
1753395617.963781
1753395617.987125
1753395618.031027
1753395618.053658
1753395618.096386
1753395618.120495
1753395618.165119
1753395618.187638
1753395618.231432
1753395618.253676
1753395618.297643
1753395618.320953
1753395618.363966
1753395618.387587
1753395618.430782
1753395618.454509
1753395618.493446
1753395618.521280
1753395618.563977
1753395618.588914
1753395618.625884
1753395618.659265
1753395618.689240
1753395618.733605
1753395618.754817
1753395618.797965
1753395618.821620
1753395618.865225
1753395618.887949
1753395618.932473
1753395618.954702
1753395618.998060
1753395619.021599
1753395619.064187
1753395619.088285
1753395619.129369
1753395619.157476
1753395619.188432
1753395619.231024
1753395619.254808
1753395619.297927
1753395619.320557
1753395619.366740
1753395619.388156
1753395619.430363
1753395619.454584
1753395619.494516
1753395619.528237
1753395619.564811
1753395619.587612
1753395619.631449
1753395619.655134
1753395619.698428
1753395619.721180
1753395619.766038
1753395619.788657
1753395619.829816
1753395619.855605
1753395619.898922
1753395619.921904
1753395619.967848
1753395619.987875
1753395620.033384
1753395620.055384
1753395620.098389
1753395620.121839
1753395620.164218
1753395620.189764
1753395620.232321
1753395620.255449
1753395620.298879
1753395620.321619
1753395620.359419
1753395620.392174
1753395620.427397
1753395620.465386
1753395620.491884
1753395620.526994
1753395620.561843
1753395620.597925
1753395620.627847
1753395620.656384
1753395620.698249
1753395620.723283
1753395620.764616
1753395620.790134
1753395620.831661
1753395620.856385
1753395620.898810
1753395620.923326
1753395620.965840
1753395620.990837
1753395621.032040
1753395621.055196
1753395621.097431
1753395621.123324
1753395621.166472
1753395621.188275
1753395621.230395
1753395621.256932
1753395621.299548
1753395621.321530
1753395621.365709
1753395621.388372
1753395621.434958
1753395621.454976
1753395621.494187
1753395621.528863
1753395621.565240
1753395621.588470
1753395621.632658
1753395621.657458
1753395621.699289
1753395621.722008
1753395621.765020
1753395621.791212
1753395621.833545
1753395621.855610
1753395621.899087
1753395621.922989
1753395621.965826
1753395621.989391
1753395622.032665
1753395622.056489
1753395622.099022
1753395622.123241
1753395622.166193
1753395622.193948
1753395622.234717
1753395622.255680
1753395622.299568
1753395622.323879
1753395622.368064
1753395622.389085
1753395622.434515
1753395622.458029
1753395622.496890
1753395622.524837
1753395622.566491
1753395622.593803
1753395622.633583
1753395622.656561
1753395622.699352
1753395622.725400
1753395622.766741
1753395622.790071
1753395622.829109
1753395622.865169
1753395622.893824
1753395622.931208
1753395622.958569
1753395623.000399
1753395623.022834
1753395623.060451
1753395623.092399
1753395623.131397
1753395623.162108
1753395623.192629
1753395623.232135
1753395623.261256
1753395623.298942
1753395623.333640
1753395623.356186
1753395623.399349
1753395623.430215
1753395623.466334
1753395623.491396
1753395623.527089
1753395623.558931
1753395623.592949
1753395623.623484
1753395623.665496
1753395623.693114
1753395623.733483
1753395623.760110
1753395623.798003
1753395623.827028
1753395623.866466
1753395623.896565
1753395623.925594
1753395623.966592
1753395623.993237
1753395624.033297
1753395624.057016
1753395624.100252
1753395624.125188
1753395624.166537
1753395624.190871
1753395624.232834
1753395624.259707
1753395624.301374
1753395624.324273
1753395624.366590
1753395624.393021
1753395624.433738
1753395624.460248
1753395624.495370
1753395624.528045
1753395624.567526
1753395624.593013
1753395624.633846
1753395624.662883
1753395624.697336
1753395624.728860
1753395624.765288
1753395624.799221
1753395624.830771
1753395624.863989
1753395624.894371
1753395624.933042
1753395624.964005
1753395624.995553
1753395625.029686
1753395625.066255
1753395625.096163
1753395625.128696
1753395625.165108
1753395625.198715
1753395625.230463
1753395625.259439
1753395625.300065
1753395625.329283
1753395625.361053
1753395625.392211
1753395625.433412
1753395625.462063
1753395625.495999
1753395625.526630
1753395625.566580
1753395625.596022
1753395625.630392
1753395625.661572
1753395625.697738
1753395625.733263
1753395625.763270
1753395625.795393
1753395625.830702
1753395625.866947
1753395625.893924
1753395625.933695
1753395625.960805
1753395626.000594
1753395626.030264
1753395626.062730
1753395626.097869
1753395626.133003
1753395626.163895
1753395626.194186
1753395626.234229
1753395626.264191
1753395626.299588
1753395626.327465
1753395626.367728
1753395626.395561
1753395626.433816
1753395626.460715
1753395626.495753
1753395626.531290
1753395626.566664
1753395626.591710
1753395626.633955
1753395626.664032
1753395626.699756
1753395626.724661
1753395626.768126
1753395626.794070
1753395626.834688
1753395626.858908
1753395626.900476
1753395626.928504
1753395626.966759
1753395626.992024
1753395627.033423
1753395627.059984
1753395627.100806
1753395627.124860
1753395627.166651
1753395627.196730
1753395627.233684
1753395627.258235
1753395627.299876
1753395627.329208
1753395627.366953
1753395627.391482
1753395627.429339
1753395627.459078
1753395627.498528
1753395627.527715
1753395627.564066
1753395627.599920
1753395627.629569
1753395627.662218
1753395627.699042
1753395627.731608
1753395627.766719
1753395627.792060
1753395627.832064
1753395627.866273
1753395627.897854
1753395627.926476
1753395627.967654
1753395627.997373
1753395628.033545
1753395628.059089
1753395628.100495
1753395628.131443
1753395628.166190
1753395628.194889
1753395628.232737
1753395628.266476
1753395628.298275
1753395628.329753
1753395628.365810
1753395628.395809
1753395628.434710
1753395628.458609
1753395628.498642
1753395628.532520
1753395628.566947
1753395628.594309
1753395628.634978
1753395628.665442
1753395628.700177
1753395628.730183
1753395628.766692
1753395628.799176
1753395628.833911
1753395628.862888
1753395628.899346
1753395628.934041
1753395628.965424
1753395628.996146
1753395629.032385
1753395629.067328
1753395629.098498
1753395629.128760
1753395629.166078
1753395629.199205
1753395629.233929
1753395629.260033
1753395629.300643
1753395629.332116
1753395629.367052
1753395629.396163
1753395629.433435
1753395629.464508
1753395629.497672
1753395629.529567
1753395629.566740
1753395629.600457
1753395629.631419
1753395629.663332
1753395629.700138
1753395629.731770
1753395629.767087
1753395629.794313
1753395629.834772
1753395629.865876
1753395629.900737
1753395629.929792
1753395629.966176
1753395630.001120
1753395630.032570
1753395630.062358
1753395630.100443
1753395630.132406
1753395630.167602
1753395630.195728
1753395630.233952
1753395630.265336
1753395630.300722
1753395630.330738
1753395630.366486
1753395630.400909
1753395630.432571
1753395630.462774
1753395630.497471
1753395630.532962
1753395630.566617
1753395630.596584
1753395630.634107
1753395630.667594
1753395630.699269
1753395630.731050
1753395630.766791
1753395630.799469
1753395630.833578
1753395630.864136
1753395630.901685
1753395630.933344
1753395630.966977
1753395630.996192
1753395631.034983
1753395631.065910
1753395631.100876
1753395631.129886
1753395631.168532
1753395631.199295
1753395631.234424
1753395631.262522
1753395631.301059
1753395631.328816
1753395631.366848
1753395631.393610
1753395631.434952
1753395631.463498
1753395631.499181
1753395631.530669
1753395631.567041
1753395631.596418
1753395631.636211
1753395631.667277
1753395631.693543
1753395631.735768
1753395631.766877
1753395631.799399
1753395631.834618
1753395631.865256
1753395631.900878
1753395631.934577
1753395631.966874
1753395631.998828
1753395632.033257
1753395632.067030
1753395632.099661
1753395632.133003
1753395632.165395
1753395632.201431
1753395632.234336
1753395632.264886
1753395632.301588
1753395632.333476
1753395632.367269
1753395632.398447
1753395632.434332
1753395632.467455
1753395632.496173
1753395632.535644
1753395632.565306
1753395632.601859
1753395632.635218
1753395632.666136
1753395632.700974
1753395632.733482
1753395632.767882
1753395632.798818
1753395632.833846
1753395632.867365
1753395632.900362
1753395632.933648
1753395632.966418
1753395633.001289
1753395633.034994
1753395633.062496
1753395633.102981
1753395633.134017
1753395633.167067
1753395633.198585
1753395633.233742
1753395633.265954
1753395633.301190
1753395633.328393
1753395633.367884
1753395633.401201
1753395633.431782
1753395633.465636
1753395633.496230
1753395633.534623
1753395633.565062
1753395633.594510
1753395633.630857
1753395633.666001
1753395633.701283
1753395633.732259
1753395633.768517
1753395633.801836
1753395633.835709
1753395633.865044
1753395633.901218
1753395633.934632
1753395633.968352
1753395633.999083
1753395634.033546
1753395634.067406
1753395634.100856
1753395634.132359
1753395634.166421
1753395634.201646
1753395634.234949
1753395634.264566
1753395634.301144
1753395634.336038
1753395634.369211
1753395634.395237
1753395634.435024
1753395634.467330
1753395634.497069
1753395634.530337
1753395634.570730
1753395634.599647
1753395634.634758
1753395634.665889
1753395634.701514
1753395634.735422
1753395634.770146
1753395634.799176
1753395634.834649
1753395634.866643
1753395634.901835
1753395634.931413
1753395634.968075
1753395635.002693
1753395635.037217
1753395635.065326
1753395635.101147
1753395635.134667
1753395635.168754
1753395635.199339
1753395635.234286
1753395635.268314
1753395635.302323
1753395635.332050
1753395635.367799
1753395635.402170
1753395635.436798
1753395635.463705
1753395635.500440
1753395635.535343
1753395635.569811
1753395635.599160
1753395635.637963
1753395635.666389
1753395635.701311
1753395635.732399
1753395635.768404
1753395635.802755
1753395635.837632
1753395635.862845
1753395635.903788
1753395635.933771
1753395635.969031
1753395635.999781
1753395636.037741
1753395636.066921
1753395636.101868
1753395636.134018
1753395636.167375
1753395636.202105
1753395636.234976
1753395636.266885
1753395636.302139
1753395636.337054
1753395636.369328
1753395636.400886
1753395636.432763
1753395636.469554
1753395636.500489
1753395636.534937
1753395636.567631
1753395636.601750
1753395636.636291
1753395636.666490
1753395636.701569
1753395636.736567
1753395636.770872
1753395636.800111
1753395636.834972
1753395636.870376
1753395636.901903
1753395636.935130
1753395636.968279
1753395637.003191
1753395637.036853
1753395637.066936
1753395637.102485
1753395637.136889
1753395637.168040
1753395637.199714
1753395637.238526
1753395637.267515
1753395637.302678
1753395637.333245
1753395637.369259
1753395637.403225
1753395637.434468
1753395637.466464
1753395637.501609
1753395637.530872
1753395637.568387
1753395637.597852
1753395637.634098
1753395637.669954
1753395637.704116
1753395637.730354
1753395637.771508
1753395637.800867
1753395637.836110
1753395637.866636
1753395637.901433
1753395637.936111
1753395637.970773
1753395637.999585
1753395638.035869
1753395638.070630
1753395638.104501
1753395638.130287
1753395638.166954
1753395638.199899
1753395638.235123
1753395638.266257
1753395638.301072
1753395638.335769
1753395638.370665
1753395638.399580
1753395638.439183
1753395638.468258
1753395638.500002
1753395638.535266
1753395638.570161
1753395638.601146
1753395638.635240
1753395638.662516
1753395638.700537
1753395638.732754
1753395638.769300
1753395638.800365
1753395638.835615
1753395638.870279
1753395638.901422
1753395638.933714
1753395638.968808
1753395639.003789
1753395639.037516
1753395639.066356
1753395639.102999
1753395639.137891
1753395639.170756
1753395639.199310
1753395639.240067
1753395639.269256
1753395639.304438
1753395639.332937
1753395639.372049
1753395639.401928
1753395639.438362
1753395639.465144
1753395639.500354
1753395639.539491
1753395639.568337
1753395639.601249
1753395639.635757
1753395639.670204
1753395639.705425
1753395639.732343
1753395639.773164
1753395639.801736
1753395639.839537
1753395639.865639
1753395639.906744
1753395639.934693
1753395639.974744
1753395640.004122
1753395640.031136
1753395640.070408
1753395640.103069
1753395640.137458
1753395640.172488
1753395640.200803
1753395640.237781
1753395640.269334
1753395640.305145
1753395640.334040
1753395640.371383
1753395640.401193
1753395640.438161
1753395640.467167
1753395640.503585
1753395640.535024
1753395640.573636
1753395640.600881
1753395640.637637
1753395640.672371
1753395640.703367
1753395640.735424
1753395640.770708
1753395640.801957
1753395640.838714
1753395640.867747
1753395640.901939
1753395640.939802
1753395640.972324
1753395640.999559
1753395641.035181
1753395641.071893
1753395641.106822
1753395641.134288
1753395641.170069
1753395641.202400
1753395641.242225
1753395641.265084
1753395641.305989
1753395641.336242
1753395641.372926
1753395641.399614
1753395641.443628
1753395641.467464
1753395641.504037
1753395641.533674
1753395641.576515
1753395641.601238
1753395641.638715
1753395641.667574
1753395641.708876
1753395641.734183
1753395641.770407
1753395641.802798
1753395641.838656
1753395641.873449
1753395641.904119
1753395641.936963
1753395641.970402
1753395642.004669
1753395642.040433
1753395642.068181
1753395642.104212
1753395642.138481
1753395642.174269
1753395642.201109
1753395642.237544
1753395642.276048
1753395642.302145
1753395642.337015
1753395642.370092
1753395642.408082
1753395642.435702
1753395642.469614
1753395642.500709
1753395642.539809
1753395642.573948
1753395642.601331
1753395642.638051
1753395642.672976
1753395642.708107
1753395642.734490
1753395642.772146
1753395642.803433
1753395642.844871
1753395642.866151
1753395642.905332
1753395642.940031
1753395642.973797
1753395643.001483
1753395643.038070
1753395643.074065
1753395643.102137
1753395643.139324
1753395643.168620
1753395643.207204
1753395643.235388
1753395643.272559
1753395643.301341
1753395643.342227
1753395643.368965
1753395643.400410
1753395643.442730
1753395643.468281
1753395643.504792
1753395643.535467
1753395643.572022
1753395643.602753
1753395643.635450
1753395643.665822
1753395643.708288
1753395643.735980
1753395643.774459
1753395643.799746
1753395643.835082
1753395643.873024
1753395643.903937
1753395643.935512
1753395643.972633
1753395644.004315
1753395644.044818
1753395644.066144
1753395644.113258
1753395644.134639
1753395644.179204
1753395644.200263
1753395644.239104
1753395644.270982
1753395644.311037
1753395644.333765
1753395644.371873
1753395644.407356
1753395644.436174
1753395644.471555
1753395644.502378
1753395644.543102
1753395644.570181
1753395644.604595
1753395644.640077
1753395644.676408
1753395644.702725
1753395644.741035
1753395644.767068
1753395644.812557
1753395644.835230
1753395644.877703
1753395644.901025
1753395644.939132
1753395644.979768
1753395645.000864
1753395645.039742
1753395645.075647
1753395645.103047
1753395645.144637
1753395645.167518
1753395645.206970
1753395645.240318
1753395645.268580
1753395645.309597
1753395645.336395
1753395645.378774
1753395645.401028
1753395645.439713
1753395645.475715
1753395645.501799
1753395645.540132
1753395645.569851
1753395645.608703
1753395645.638736
1753395645.669793
1753395645.703487
1753395645.746039
1753395645.768548
1753395645.809316
1753395645.834383
1753395645.880390
1753395645.901821
1753395645.938655
1753395645.972795
1753395646.005907
1753395646.043496
1753395646.067945
1753395646.106553
1753395646.138509
1753395646.180012
1753395646.201405
1753395646.240669
1753395646.269711
1753395646.311385
1753395646.334544
1753395646.379736
1753395646.402312
1753395646.442838
1753395646.468123
1753395646.505181
1753395646.545537
1753395646.569101
1753395646.604238
1753395646.644662
1753395646.668881
1753395646.708882
1753395646.735139
1753395646.777195
1753395646.803060
1753395646.844845
1753395646.868334
1753395646.908364
1753395646.939587
1753395646.969135
1753395647.005146
1753395647.036119
1753395647.073043
1753395647.110033
1753395647.135107
1753395647.173835
1753395647.206000
1753395647.247590
1753395647.268526
1753395647.312074
1753395647.335842
1753395647.376885
1753395647.401841
1753395647.441553
1753395647.469915
1753395647.506288
1753395647.535932
1753395647.568984
1753395647.603003
1753395647.646230
1753395647.668137
1753395647.714028
1753395647.735662
1753395647.778290
1753395647.801829
1753395647.842936
1753395647.869945
1753395647.911049
1753395647.935429
1753395647.973240
1753395648.013353
1753395648.034788
1753395648.070763
1753395648.110670
1753395648.136712
1753395648.179538
1753395648.201867
1753395648.248674
1753395648.268666
1753395648.312735
1753395648.341472
1753395648.368406
1753395648.411946
1753395648.437917
1753395648.480943
1753395648.501762
1753395648.542074
1753395648.569471
1753395648.610765
1753395648.640369
1753395648.669869
1753395648.711559
1753395648.736211
1753395648.772494
1753395648.805723
1753395648.841082
1753395648.871326
1753395648.905801
1753395648.939632
1753395648.970473
1753395649.006179
1753395649.038570
1753395649.074462
1753395649.103635
1753395649.145976
1753395649.169510
1753395649.211922
1753395649.235926
1753395649.279898
1753395649.304064
1753395649.338668
1753395649.378025
1753395649.403881
1753395649.446467
1753395649.469398
1753395649.505814
1753395649.547858
1753395649.569833
1753395649.608104
1753395649.638115
1753395649.680624
1753395649.703071
1753395649.739327
1753395649.779697
1753395649.803126
1753395649.846016
1753395649.869795
1753395649.910309
1753395649.937129
1753395649.979349
1753395650.003182
1753395650.045144
1753395650.071246
1753395650.113324
1753395650.136357
1753395650.180151
1753395650.203154
1753395650.247540
1753395650.269730
1753395650.314125
1753395650.336709
1753395650.380899
1753395650.403513
1753395650.445433
1753395650.472699
1753395650.507007
1753395650.543206
1753395650.570266
1753395650.612998
1753395650.640259
1753395650.674687
1753395650.709384
1753395650.744503
1753395650.776731
1753395650.803517
1753395650.846864
1753395650.870323
1753395650.912738
1753395650.937122
1753395650.979819
1753395651.004110
1753395651.047071
1753395651.070635
1753395651.113743
1753395651.138142
1753395651.179565
1753395651.202949
1753395651.241700
1753395651.275163
1753395651.310922
1753395651.337407
1753395651.379679
1753395651.403861
1753395651.447127
1753395651.470563
1753395651.506055
1753395651.547742
1753395651.570519
1753395651.612994
1753395651.637356
1753395651.683012
1753395651.704024
1753395651.746693
1753395651.771240
1753395651.813485
1753395651.841715
1753395651.875810
1753395651.906137
1753395651.949480
1753395651.971171
1753395652.012128
1753395652.037367
1753395652.080546
1753395652.108412
1753395652.144476
1753395652.171916
1753395652.214345
1753395652.242681
1753395652.276374
1753395652.305497
1753395652.348278
1753395652.373299
1753395652.412829
1753395652.438218
1753395652.475790
1753395652.508091
1753395652.541418
1753395652.575351
1753395652.616050
1753395652.638536
1753395652.681159
1753395652.705152
1753395652.747944
1753395652.771916
1753395652.811922
1753395652.838216
1753395652.879422
1753395652.908184
1753395652.939864
1753395652.981596
1753395653.004993
1753395653.041451
1753395653.072572
1753395653.104357
1753395653.137374
1753395653.170500
1753395653.204006
1753395653.250405
1753395653.272499
1753395653.315630
1753395653.337792
1753395653.383320
1753395653.405624
1753395653.450252
1753395653.471083
1753395653.507349
1753395653.545171
1753395653.579893
1753395653.605226
1753395653.641279
1753395653.673126
1753395653.714173
1753395653.738587
1753395653.780419
1753395653.809041
1753395653.849424
1753395653.871724
1753395653.912975
1753395653.941408
1753395653.983489
1753395654.005767
1753395654.047768
1753395654.076324
1753395654.116949
1753395654.138467
1753395654.182525
1753395654.206437
1753395654.246169
1753395654.273389
1753395654.312096
1753395654.346197
1753395654.375753
1753395654.406016
1753395654.448560
1753395654.472997
1753395654.508787
1753395654.547465
1753395654.573658
1753395654.616167
1753395654.639975
1753395654.681994
1753395654.707123
1753395654.750188
1753395654.773842
1753395654.808743
1753395654.847271
1753395654.874776
1753395654.914163
1753395654.940139
1753395654.982653
1753395655.006502
1753395655.049522
1753395655.073925
1753395655.116102
1753395655.142172
1753395655.183464
1753395655.205975
1753395655.248052
1753395655.276953
1753395655.316271
1753395655.339071
1753395655.383580
1753395655.407079
1753395655.449382
1753395655.472489
1753395655.509821
1753395655.550601
1753395655.574946
1753395655.612214
1753395655.640804
1753395655.679735
1753395655.710453
1753395655.741762
1753395655.782004
1753395655.810094
1753395655.850272
1753395655.872137
1753395655.913116
1753395655.941997
1753395655.983711
1753395656.005877
1753395656.050576
1753395656.074378
1753395656.116277
1753395656.139628
1753395656.182663
1753395656.208020
1753395656.250102
1753395656.272866
1753395656.316802
1753395656.341625
1753395656.383545
1753395656.406046
1753395656.450524
1753395656.474682
1753395656.510116
1753395656.540488
1753395656.583102
1753395656.608817
1753395656.650193
1753395656.682965
1753395656.706331
1753395656.750526
1753395656.775944
1753395656.816666
1753395656.842747
1753395656.880731
1753395656.909222
1753395656.951075
1753395656.976622
1753395657.012578
1753395657.040356
1753395657.082610
1753395657.113112
1753395657.142160
1753395657.182714
1753395657.212093
1753395657.249121
1753395657.275290
1753395657.316261
1753395657.345523
1753395657.383430
1753395657.407284
1753395657.447149
1753395657.479868
1753395657.509496
1753395657.543327
1753395657.580701
1753395657.615028
1753395657.641424
1753395657.674213
1753395657.716183
1753395657.742914
1753395657.783795
1753395657.807092
1753395657.849805
1753395657.879037
1753395657.915101
1753395657.940886
1753395657.983721
1753395658.009272
1753395658.050495
1753395658.073576
1753395658.114790
1753395658.146052
1753395658.182388
1753395658.210547
1753395658.249241
1753395658.279988
1753395658.313786
1753395658.345772
1753395658.379933
1753395658.415833
1753395658.448941
1753395658.477935
1753395658.510209
1753395658.550301
1753395658.580233
1753395658.612854
1753395658.642455
1753395658.683378
1753395658.710646
1753395658.748922
1753395658.777488
1753395658.817639
1753395658.846073
1753395658.877496
1753395658.912905
1753395658.950973
1753395658.981091
1753395659.011591
1753395659.048339
1753395659.082885
1753395659.113505
1753395659.144652
1753395659.181561
1753395659.216099
1753395659.247406
1753395659.278730
1753395659.311544
1753395659.349537
1753395659.379716
1753395659.411920
1753395659.447934
1753395659.482983
1753395659.508293
1753395659.547422
1753395659.578364
1753395659.615633
1753395659.648912
1753395659.675059
1753395659.716851
1753395659.746754
1753395659.782977
1753395659.808099
1753395659.851459
1753395659.879503
1753395659.913474
1753395659.944573
1753395659.983704
1753395660.009594
1753395660.050780
1753395660.075236
1753395660.116828
1753395660.146288
1753395660.183124
1753395660.212329
1753395660.249010
1753395660.283504
1753395660.311338
1753395660.350278
1753395660.378713
1753395660.416004
1753395660.450035
1753395660.477318
1753395660.513219
1753395660.547802
1753395660.583506
1753395660.610832
1753395660.650379
1753395660.680557
1753395660.717267
1753395660.742791
1753395660.783810
1753395660.814256
1753395660.847975
1753395660.879539
1753395660.912619
1753395660.950413
1753395660.983080
1753395661.011183
1753395661.050480
1753395661.081161
1753395661.116529
1753395661.146012
1753395661.182318
1753395661.217105
1753395661.247317
1753395661.281247
1753395661.311035
1753395661.351878
1753395661.380274
1753395661.412860
1753395661.449336
1753395661.482118
1753395661.511320
1753395661.548166
1753395661.580027
1753395661.617154
1753395661.648475
1753395661.677106
1753395661.716784
1753395661.748087
1753395661.784064
1753395661.809228
1753395661.851238
1753395661.880772
1753395661.913719
1753395661.947897
1753395661.981482
1753395662.016928
1753395662.049349
1753395662.079416
1753395662.116277
1753395662.149999
1753395662.183816
1753395662.212483
1753395662.249210
1753395662.282830
1753395662.314291
1753395662.346863
1753395662.382689
1753395662.417380
1753395662.449404
1753395662.477637
1753395662.513531
1753395662.549223
1753395662.582534
1753395662.613502
1753395662.650233
1753395662.684228
1753395662.715817
1753395662.747222
1753395662.783304
1753395662.816755
1753395662.851105
1753395662.880043
1753395662.912749
1753395662.947429
1753395662.983516
1753395663.014481
1753395663.049787
1753395663.084086
1753395663.117047
1753395663.147476
1753395663.182709
1753395663.217381
1753395663.248792
1753395663.280242
1753395663.314055
1753395663.352159
1753395663.382285
1753395663.412737
1753395663.449534
1753395663.483748
1753395663.511892
1753395663.550315
1753395663.580682
1753395663.618312
1753395663.643471
1753395663.680869
1753395663.709125
1753395663.750911
1753395663.782344
1753395663.811813
1753395663.845322
1753395663.885368
1753395663.912951
1753395663.947962
1753395663.983228
1753395664.016202
1753395664.051046
1753395664.079264
1753395664.118068
1753395664.149131
1753395664.184296
1753395664.213017
1753395664.251470
1753395664.283883
1753395664.314326
1753395664.346796
1753395664.385209
1753395664.416108
1753395664.450912
1753395664.480679
1753395664.512639
1753395664.550330
1753395664.584292
1753395664.614481
1753395664.649866
1753395664.681441
1753395664.717888
1753395664.746734
1753395664.784930
1753395664.815777
1753395664.850884
1753395664.881560
1753395664.914333
1753395664.952050
1753395664.985043
1753395665.018807
1753395665.043756
1753395665.086979
1753395665.115225
1753395665.150173
1753395665.183596
1753395665.213834
1753395665.250188
1753395665.285137
1753395665.315637
1753395665.350140
1753395665.382056
1753395665.416885
1753395665.448871
1753395665.482292
1753395665.513567
1753395665.551631
1753395665.583821
1753395665.615382
1753395665.650473
1753395665.684064
1753395665.716391
1753395665.748281
1753395665.783834
1753395665.816344
1753395665.851385
1753395665.880461
1753395665.917136
1753395665.951851
1753395665.984037
1753395666.015095
1753395666.050631
1753395666.084514
1753395666.117448
1753395666.144511
1753395666.184626
1753395666.216699
1753395666.250463
1753395666.282113
1753395666.316546
1753395666.351771
1753395666.385196
1753395666.415582
1753395666.449915
1753395666.484081
1753395666.514527
1753395666.550006
1753395666.581847
1753395666.617939
1753395666.652085
1753395666.681806
1753395666.717405
1753395666.751190
1753395666.782681
1753395666.817751
1753395666.848967
1753395666.886749
1753395666.913970
1753395666.953566
1753395666.981216
1753395667.017816
1753395667.051022
1753395667.082462
1753395667.117970
1753395667.152626
1753395667.184818
1753395667.215073
1753395667.250579
1753395667.284660
1753395667.319029
1753395667.349281
1753395667.384496
1753395667.417234
1753395667.451416
1753395667.481988
1753395667.514287
1753395667.552894
1753395667.584761
1753395667.615166
1753395667.650588
1753395667.685670
1753395667.715450
1753395667.744778
1753395667.784849
1753395667.817751
1753395667.851077
1753395667.878485
1753395667.915102
1753395667.951576
1753395667.985139
1753395668.015284
1753395668.050807
1753395668.084562
1753395668.118801
1753395668.146610
1753395668.186912
1753395668.217101
1753395668.251663
1753395668.282818
1753395668.318047
1753395668.352233
1753395668.387509
1753395668.415762
1753395668.452100
1753395668.485500
1753395668.516286
1753395668.550126
1753395668.583418
1753395668.618503
1753395668.651901
1753395668.683098
1753395668.718664
1753395668.752918
1753395668.785547
1753395668.816159
1753395668.852497
1753395668.886927
1753395668.914510
1753395668.950700
1753395668.984110
1753395669.016448
1753395669.051730
1753395669.082750
1753395669.118199
1753395669.152570
1753395669.186182
1753395669.215874
1753395669.250426
1753395669.285252
1753395669.318455
1753395669.349677
1753395669.381771
1753395669.415511
1753395669.446307
1753395669.484582
1753395669.511445
1753395669.552920
1753395669.587109
1753395669.612749
1753395669.653044
1753395669.685261
1753395669.719701
1753395669.747978
1753395669.785924
1753395669.820157
1753395669.850597
1753395669.882793
1753395669.918178
1753395669.952624
1753395669.984399
1753395670.015977
1753395670.051396
1753395670.086111
1753395670.121016
1753395670.149759
1753395670.185202
1753395670.219411
1753395670.253706
1753395670.283317
1753395670.318034
1753395670.352591
1753395670.388084
1753395670.416583
1753395670.452840
1753395670.487187
1753395670.515832
1753395670.553070
1753395670.584167
1753395670.618570
1753395670.653677
1753395670.683266
1753395670.720346
1753395670.752161
1753395670.786647
1753395670.816689
1753395670.852632
1753395670.882100
1753395670.918212
1753395670.952814
1753395670.985500
1753395671.019058
1753395671.053211
1753395671.083592
1753395671.122976
1753395671.151608
1753395671.186647
1753395671.216796
1753395671.252563
1753395671.287852
1753395671.319757
1753395671.349787
1753395671.386505
1753395671.419431
1753395671.454046
1753395671.482916
1753395671.519671
1753395671.554250
1753395671.584497
1753395671.616499
1753395671.650801
1753395671.686878
1753395671.717367
1753395671.750384
1753395671.788606
1753395671.817480
1753395671.853030
1753395671.883969
1753395671.917690
1753395671.952671
1753395671.987744
1753395672.016655
1753395672.052756
1753395672.086048
1753395672.121684
1753395672.148978
1753395672.187818
1753395672.217943
1753395672.252014
1753395672.283878
1753395672.318290
1753395672.351857
1753395672.387439
1753395672.416374
1753395672.455427
1753395672.484581
1753395672.518340
1753395672.552335
1753395672.585436
1753395672.619273
1753395672.655170
1753395672.683338
1753395672.724232
1753395672.750582
1753395672.788361
1753395672.815931
1753395672.853307
1753395672.886743
1753395672.917881
1753395672.950601
1753395672.985944
1753395673.020822
1753395673.055822
1753395673.082036
1753395673.119754
1753395673.154571
1753395673.185621
1753395673.218806
1753395673.254131
1753395673.288648
1753395673.320461
1753395673.355098
1753395673.381183
1753395673.422438
1753395673.452482
1753395673.486520
1753395673.518775
1753395673.554450
1753395673.586185
1753395673.621664
1753395673.652402
1753395673.682728
1753395673.715893
1753395673.757371
1753395673.785215
1753395673.819204
1753395673.853433
1753395673.889406
1753395673.920707
1753395673.950850
1753395673.987684
1753395674.019706
1753395674.054365
1753395674.084482
1753395674.120324
1753395674.155321
1753395674.186589
1753395674.221991
1753395674.251489
1753395674.286314
1753395674.322317
1753395674.351824
1753395674.388059
1753395674.419110
1753395674.456217
1753395674.484395
1753395674.518517
1753395674.558630
1753395674.585626
1753395674.621081
1753395674.652430
1753395674.693024
1753395674.718082
1753395674.754324
1753395674.785012
1753395674.821455
1753395674.853418
1753395674.887832
1753395674.918561
1753395674.955104
1753395674.990358
1753395675.017320
1753395675.054675
1753395675.089059
1753395675.123820
1753395675.150138
1753395675.187533
1753395675.219841
1753395675.257926
1753395675.283926
1753395675.320969
1753395675.355537
1753395675.389381
1753395675.414514
1753395675.456823
1753395675.486420
1753395675.521632
1753395675.549858
1753395675.588412
1753395675.619111
1753395675.655723
1753395675.683015
1753395675.726473
1753395675.748843
1753395675.787049
1753395675.817455
1753395675.856876
1753395675.884342
1753395675.923381
1753395675.948510
1753395675.992917
1753395676.018634
1753395676.060548
1753395676.082479
1753395676.126873
1753395676.151654
1753395676.193981
1753395676.215571
1753395676.260834
1753395676.284834
1753395676.322234
1753395676.349333
1753395676.387001
1753395676.424481
1753395676.452007
1753395676.487649
1753395676.518074
1753395676.555899
1753395676.591836
1753395676.617034
1753395676.653922
1753395676.693878
1753395676.718756
1753395676.754313
1753395676.788673
1753395676.825143
1753395676.852571
1753395676.888008
1753395676.918868
1753395676.952324
1753395676.985984
1753395677.018793
1753395677.053969
1753395677.086427
1753395677.123741
1753395677.151435
1753395677.188535
1753395677.223480
1753395677.256191
1753395677.284533
1753395677.321775
1753395677.352840
1753395677.390285
1753395677.416778
1753395677.461776
1753395677.484738
1753395677.523425
1753395677.549900
1753395677.594616
1753395677.618265
1753395677.660025
1753395677.683052
1753395677.724866
1753395677.751970
1753395677.787916
1753395677.816575
1753395677.863312
1753395677.884048
1753395677.924111
1753395677.950672
1753395677.988519
1753395678.023582
1753395678.057605
1753395678.084701
1753395678.122404
1753395678.153912
1753395678.194791
1753395678.217427
1753395678.261187
1753395678.285532
1753395678.323615
1753395678.351049
1753395678.388572
1753395678.423522
1753395678.458662
1753395678.484745
1753395678.524267
1753395678.554241
1753395678.596458
1753395678.617351
1753395678.659261
1753395678.685915
1753395678.725197
1753395678.752280
1753395678.790020
1753395678.825032
1753395678.856541
1753395678.887115
1753395678.922846
1753395678.962694
1753395678.985613
1753395679.023841
1753395679.051138
1753395679.088762
1753395679.129844
1753395679.151009
1753395679.195547
1753395679.219013
1753395679.262976
1753395679.284367
1753395679.323006
1753395679.358217
1753395679.386581
1753395679.422425
1753395679.453256
1753395679.493008
1753395679.519369
1753395679.555927
1753395679.590304
1753395679.624574
1753395679.653283
1753395679.690071
1753395679.721027
1753395679.762473
1753395679.785770
1753395679.822636
1753395679.859157
1753395679.887378
1753395679.929296
1753395679.951435
1753395679.995473
1753395680.018743
1753395680.058673
1753395680.085601
1753395680.123648
1753395680.159101
1753395680.189351
1753395680.220078
1753395680.262370
1753395680.285810
1753395680.325734
1753395680.351035
1753395680.393912
1753395680.418853
1753395680.461249
1753395680.484557
1753395680.523497
1753395680.556810
1753395680.590525
1753395680.617746
1753395680.663731
1753395680.684760
1753395680.731549
1753395680.751416
1753395680.792182
1753395680.818977
1753395680.859022
1753395680.884950
1753395680.927773
1753395680.952437
1753395680.992452
1753395681.018226
1753395681.056448
1753395681.089202
1753395681.130821
1753395681.151695
1753395681.189621
1753395681.230985
1753395681.252110
1753395681.290369
1753395681.321171
1753395681.363030
1753395681.385950
1753395681.422272
1753395681.458544
1753395681.486067
1753395681.526918
1753395681.552080
1753395681.590371
1753395681.626240
1753395681.657321
1753395681.699746
1753395681.718754
1753395681.765367
1753395681.785796
1753395681.830424
1753395681.852992
1753395681.893807
1753395681.918642
1753395681.962606
1753395681.986308
1753395682.026444
1753395682.053018
1753395682.094590
1753395682.120297
1753395682.160624
1753395682.185891
1753395682.229517
1753395682.254002
1753395682.295807
1753395682.319097
1753395682.364393
1753395682.386397
1753395682.428579
1753395682.452454
1753395682.493227
1753395682.525314
1753395682.552811
1753395682.593895
1753395682.620385
1753395682.662798
1753395682.686095
1753395682.727029
1753395682.754377
1753395682.796709
1753395682.819558
1753395682.861869
1753395682.887680
1753395682.930567
1753395682.952639
1753395682.996528
1753395683.020923
1753395683.060158
1753395683.086000
1753395683.130008
1753395683.153146
1753395683.198220
1753395683.219673
1753395683.257348
1753395683.291163
1753395683.324979
1753395683.352918
1753395683.393519
1753395683.429142
1753395683.453789
1753395683.488545
1753395683.527824
1753395683.553258
1753395683.597016
1753395683.619527
1753395683.656331
1753395683.691440
1753395683.720392
1753395683.755984
1753395683.797265
1753395683.819877
1753395683.863537
1753395683.886562
1753395683.928178
1753395683.955493
1753395683.998343
1753395684.019860
1753395684.062186
1753395684.088394
1753395684.129811
1753395684.153427
1753395684.199457
1753395684.220030
1753395684.263355
1753395684.286582
1753395684.328325
1753395684.354835
1753395684.397636
1753395684.419518
1753395684.462460
1753395684.487748
1753395684.527789
1753395684.553841
1753395684.592370
1753395684.621998
1753395684.665174
1753395684.686887
1753395684.729295
1753395684.754032
1753395684.798165
1753395684.820089
1753395684.863117
1753395684.887034
1753395684.930770
1753395684.953323
1753395684.994867
1753395685.020942
1753395685.064529
1753395685.086719
1753395685.127185
1753395685.154063
1753395685.197403
1753395685.220049
1753395685.260589
1753395685.287252
1753395685.330962
1753395685.353457
1753395685.391899
1753395685.424647
1753395685.465182
1753395685.486971
1753395685.527618
1753395685.554294
1753395685.598637
1753395685.620309
1753395685.658839
1753395685.692609
1753395685.722307
1753395685.755280
1753395685.790800
1753395685.827183
1753395685.856530
1753395685.887627
1753395685.929002
1753395685.954226
1753395685.998749
1753395686.020453
1753395686.063193
1753395686.087567
1753395686.130589
1753395686.153850
1753395686.195657
1753395686.221725
1753395686.264435
1753395686.287229
1753395686.332752
1753395686.354966
1753395686.398076
1753395686.419938
1753395686.464056
1753395686.487975
1753395686.529131
1753395686.554356
1753395686.596121
1753395686.621847
1753395686.666211
1753395686.687571
1753395686.730123
1753395686.755170
1753395686.798369
1753395686.821458
1753395686.864426
1753395686.888453
1753395686.933281
1753395686.954486
1753395686.997501
1753395687.023575
1753395687.065805
1753395687.088187
1753395687.130885
1753395687.156972
1753395687.199129
1753395687.221373
1753395687.264156
1753395687.290643
1753395687.333458
1753395687.354670
1753395687.397212
1753395687.424284
1753395687.463072
1753395687.488082
1753395687.529795
1753395687.556621
