1753294854.240767
1753294854.340411
1753294854.373757
1753294854.407817
1753294854.441189
1753294854.474750
1753294854.507993
1753294854.540586
1753294854.574377
1753294854.614343
1753294854.644949
1753294854.680167
1753294854.714454
1753294854.746574
1753294854.781125
1753294854.814022
1753294854.845713
1753294854.880631
1753294854.916562
1753294854.950256
1753294854.984571
1753294855.020254
1753294855.054431
1753294855.087695
1753294855.119892
1753294855.155078
1753294855.185586
1753294855.219992
1753294855.251422
1753294855.282944
1753294855.314873
1753294855.347608
1753294855.381187
1753294855.415645
1753294855.448937
1753294855.478296
1753294855.515009
1753294855.549033
1753294855.582134
1753294855.613249
1753294855.648203
1753294855.684553
1753294855.709057
1753294855.740999
1753294855.780489
1753294855.814965
1753294855.840107
1753294855.874284
1753294855.914161
1753294855.941849
1753294855.981162
1753294856.007556
1753294856.041230
1753294856.076034
1753294856.115917
1753294856.140882
1753294856.180725
1753294856.211691
1753294856.245332
1753294856.274298
1753294856.312803
1753294856.344299
1753294856.379731
1753294856.407490
1753294856.447020
1753294856.476096
1753294856.516002
1753294856.540965
1753294856.579690
1753294856.613454
1753294856.647939
1753294856.674498
1753294856.713331
1753294856.747257
1753294856.780384
1753294856.807745
1753294856.845882
1753294856.880110
1753294856.912912
1753294856.941479
1753294856.980159
1753294857.013391
1753294857.046528
1753294857.074682
1753294857.113730
1753294857.146266
1753294857.179910
1753294857.209530
1753294857.246413
1753294857.280510
1753294857.312937
1753294857.343908
1753294857.380966
1753294857.412655
1753294857.446697
1753294857.475573
1753294857.514986
1753294857.546987
1753294857.581378
1753294857.610465
1753294857.646900
1753294857.681045
1753294857.716570
1753294857.742825
1753294857.783460
1753294857.812504
1753294857.846522
1753294857.878247
1753294857.913716
1753294857.948642
1753294857.978871
1753294858.011826
1753294858.046965
1753294858.082585
1753294858.110692
1753294858.142018
1753294858.182483
1753294858.212676
1753294858.246871
1753294858.278472
1753294858.312166
1753294858.348492
1753294858.382377
1753294858.412533
1753294858.448548
1753294858.480107
1753294858.514231
1753294858.545910
1753294858.583606
1753294858.613815
1753294858.645922
1753294858.680698
1753294858.714079
1753294858.746123
1753294858.782544
1753294858.812580
1753294858.847960
1753294858.881980
1753294858.915709
1753294858.945985
1753294858.981378
1753294859.015406
1753294859.047094
1753294859.079106
1753294859.115001
1753294859.149942
1753294859.180278
1753294859.211527
1753294859.246579
1753294859.281943
1753294859.312842
1753294859.345923
1753294859.382060
1753294859.416790
1753294859.447831
1753294859.478152
1753294859.514915
1753294859.550002
1753294859.582766
1753294859.612833
1753294859.647726
1753294859.683445
1753294859.715110
1753294859.746028
1753294859.786952
1753294859.812024
1753294859.847496
1753294859.881028
1753294859.916523
1753294859.949587
1753294859.980392
1753294860.010888
1753294860.048364
1753294860.084835
1753294860.115911
1753294860.145469
1753294860.186512
1753294860.213785
1753294860.247625
1753294860.279229
1753294860.314045
1753294860.353646
1753294860.380591
1753294860.413715
1753294860.448469
1753294860.481950
1753294860.515775
1753294860.546455
1753294860.585276
1753294860.612789
1753294860.649304
1753294860.680180
1753294860.715755
1753294860.747044
1753294860.783522
1753294860.813758
1753294860.847140
1753294860.885135
1753294860.915312
1753294860.949794
1753294860.979667
1753294861.015313
1753294861.050464
1753294861.079912
1753294861.117674
1753294861.150520
1753294861.179984
1753294861.218750
1753294861.245868
1753294861.282712
1753294861.314200
1753294861.347447
1753294861.381985
1753294861.417486
1753294861.452483
1753294861.479938
1753294861.516665
1753294861.548473
1753294861.587815
1753294861.610980
1753294861.651731
1753294861.681298
1753294861.717796
1753294861.746083
1753294861.787483
1753294861.813586
1753294861.850244
1753294861.879778
1753294861.921733
1753294861.946683
1753294861.979872
1753294862.014140
1753294862.045735
1753294862.082221
1753294862.117408
1753294862.143563
1753294862.180821
1753294862.216049
1753294862.247147
1753294862.282152
1753294862.314277
1753294862.351122
1753294862.386119
1753294862.413810
1753294862.450053
1753294862.485376
1753294862.517394
1753294862.548875
1753294862.583172
1753294862.618706
1753294862.649811
1753294862.677747
1753294862.718221
1753294862.751640
1753294862.785752
1753294862.813620
1753294862.847238
1753294862.883701
1753294862.918793
1753294862.947592
1753294862.980702
1753294863.020108
1753294863.047822
1753294863.085389
1753294863.113510
1753294863.156430
1753294863.180573
1753294863.216541
1753294863.244778
1753294863.286306
1753294863.317515
1753294863.348182
1753294863.382793
1753294863.420157
1753294863.447909
1753294863.481815
1753294863.518792
1753294863.552014
1753294863.584735
1753294863.613310
1753294863.650221
1753294863.685480
1753294863.717956
1753294863.747270
1753294863.785193
1753294863.814154
1753294863.853529
1753294863.880109
1753294863.917188
1753294863.951248
1753294863.981546
1753294864.016838
1753294864.050495
1753294864.087016
1753294864.115713
1753294864.152637
1753294864.178219
1753294864.224961
1753294864.246672
1753294864.287487
1753294864.315017
1753294864.353006
1753294864.380572
1753294864.421739
1753294864.448222
1753294864.481516
1753294864.518635
1753294864.549636
1753294864.590083
1753294864.613619
1753294864.655826
1753294864.680835
1753294864.722523
1753294864.747345
1753294864.783648
1753294864.816349
1753294864.849522
1753294864.884883
1753294864.914073
1753294864.957839
1753294864.980925
1753294865.018448
1753294865.049036
1753294865.088570
1753294865.115181
1753294865.153692
1753294865.179290
1753294865.224389
1753294865.246623
1753294865.282715
1753294865.316801
1753294865.357239
1753294865.381004
1753294865.418653
1753294865.448050
1753294865.483058
1753294865.522517
1753294865.546391
1753294865.585283
1753294865.621559
1753294865.648830
1753294865.685769
1753294865.714293
1753294865.755001
1753294865.781681
1753294865.818705
1753294865.849484
1753294865.888249
1753294865.915650
1753294865.950656
1753294865.985445
1753294866.021511
1753294866.048704
1753294866.086353
1753294866.114522
1753294866.155999
1753294866.182323
1753294866.220175
1753294866.247070
1753294866.285847
1753294866.315553
1753294866.357111
1753294866.379930
1753294866.426143
1753294866.447823
1753294866.482115
1753294866.523306
1753294866.548082
1753294866.589710
1753294866.613430
1753294866.656045
1753294866.680862
1753294866.721620
1753294866.746743
1753294866.788137
1753294866.814496
1753294866.853725
1753294866.879898
1753294866.924993
1753294866.947751
1753294866.987140
1753294867.013278
1753294867.058457
1753294867.081192
1753294867.121483
1753294867.147127
1753294867.188340
1753294867.215569
1753294867.255641
1753294867.280221
1753294867.321287
1753294867.350257
1753294867.389812
1753294867.413796
1753294867.459698
1753294867.480746
1753294867.524505
1753294867.546849
1753294867.584923
1753294867.626317
1753294867.647651
1753294867.689504
1753294867.713611
1753294867.759358
1753294867.781236
1753294867.820423
1753294867.847406
1753294867.892858
1753294867.914765
1753294867.958055
1753294867.980696
1753294868.027301
1753294868.047593
1753294868.084790
1753294868.118196
1753294868.160895
1753294868.180916
1753294868.222698
1753294868.246548
1753294868.293069
1753294868.314699
1753294868.353186
1753294868.380779
1753294868.426706
1753294868.447629
1753294868.484608
1753294868.521256
1753294868.549057
1753294868.591430
1753294868.613954
1753294868.659031
1753294868.681358
1753294868.721345
1753294868.748618
1753294868.788260
1753294868.815453
1753294868.854456
1753294868.880904
1753294868.921480
1753294868.949314
1753294868.985156
1753294869.016721
1753294869.057402
1753294869.081964
1753294869.121484
1753294869.148197
1753294869.188661
1753294869.219960
1753294869.252595
1753294869.281834
1753294869.321437
1753294869.350109
1753294869.388907
1753294869.414631
1753294869.457872
1753294869.481968
1753294869.520348
1753294869.551300
1753294869.589557
1753294869.619381
1753294869.659877
1753294869.681412
1753294869.721311
1753294869.755134
1753294869.788805
1753294869.815045
1753294869.851832
1753294869.892348
1753294869.915059
1753294869.957650
1753294869.981572
1753294870.028072
1753294870.048267
1753294870.091457
1753294870.114944
1753294870.158892
1753294870.182223
1753294870.222750
1753294870.247574
1753294870.287210
1753294870.318699
1753294870.348063
1753294870.384982
1753294870.418505
1753294870.452910
1753294870.483620
1753294870.524990
1753294870.549845
1753294870.592581
1753294870.615159
1753294870.652682
1753294870.692916
1753294870.715395
1753294870.757415
1753294870.781710
1753294870.820057
1753294870.854348
1753294870.881982
1753294870.924093
1753294870.950086
1753294870.983112
1753294871.019248
1753294871.050233
1753294871.090982
1753294871.118618
1753294871.153673
1753294871.185981
1753294871.227103
1753294871.249064
1753294871.290941
1753294871.315368
1753294871.359024
1753294871.382391
1753294871.422276
1753294871.449003
1753294871.487140
1753294871.523088
1753294871.548999
1753294871.592338
1753294871.616020
1753294871.658735
1753294871.682470
1753294871.724653
1753294871.750701
1753294871.793878
1753294871.816150
1753294871.854885
1753294871.890877
1753294871.919534
1753294871.956241
1753294871.982559
1753294872.025279
1753294872.051361
1753294872.093902
1753294872.114980
1753294872.152734
1753294872.194888
1753294872.216179
1753294872.258112
1753294872.285400
1753294872.328120
1753294872.349192
1753294872.391378
1753294872.418221
1753294872.462006
1753294872.487318
1753294872.516366
1753294872.559482
1753294872.582999
1753294872.624212
1753294872.653038
1753294872.682743
1753294872.718685
1753294872.750331
1753294872.792748
1753294872.816207
1753294872.857204
1753294872.884893
1753294872.928560
1753294872.949568
1753294872.985197
1753294873.020511
1753294873.050766
1753294873.090074
1753294873.116796
1753294873.159081
1753294873.184264
1753294873.227204
1753294873.250325
1753294873.292430
1753294873.321447
1753294873.356139
1753294873.383740
1753294873.427436
1753294873.451552
1753294873.494578
1753294873.517307
1753294873.559419
1753294873.587872
1753294873.623092
1753294873.651897
1753294873.694535
1753294873.717517
1753294873.760925
1753294873.784230
1753294873.822170
1753294873.856248
1753294873.886444
1753294873.926936
1753294873.952593
1753294873.991667
1753294874.019063
1753294874.061687
1753294874.084337
1753294874.127296
1753294874.150803
1753294874.193817
1753294874.217681
1753294874.259445
1753294874.284385
1753294874.326732
1753294874.353400
1753294874.393808
1753294874.417130
1753294874.459865
1753294874.486183
1753294874.528111
1753294874.550194
1753294874.594270
1753294874.617852
1753294874.660332
1753294874.683708
1753294874.726917
1753294874.751789
1753294874.794312
1753294874.817041
1753294874.857762
1753294874.889522
1753294874.926729
1753294874.950645
1753294874.993018
1753294875.021073
1753294875.062122
1753294875.084105
1753294875.126581
1753294875.155708
1753294875.195612
1753294875.218085
1753294875.258676
1753294875.287399
1753294875.328722
1753294875.351227
1753294875.392497
1753294875.421513
1753294875.462251
1753294875.484442
1753294875.527984
1753294875.552065
1753294875.594950
1753294875.618483
1753294875.661418
1753294875.687750
1753294875.725268
1753294875.753753
1753294875.794918
1753294875.820157
1753294875.857732
1753294875.887203
1753294875.928262
1753294875.953593
1753294875.995786
1753294876.018330
1753294876.061620
1753294876.085932
1753294876.128645
1753294876.152213
1753294876.194674
1753294876.220102
1753294876.259120
1753294876.285983
1753294876.328241
1753294876.355230
1753294876.395593
1753294876.419056
1753294876.458967
1753294876.488354
1753294876.528835
1753294876.552207
1753294876.594906
1753294876.620280
1753294876.660303
1753294876.687046
1753294876.728511
1753294876.753436
1753294876.795284
1753294876.818442
1753294876.859582
1753294876.890878
1753294876.928011
1753294876.952567
1753294876.993801
1753294877.024109
1753294877.061846
1753294877.087594
1753294877.127392
1753294877.157241
1753294877.194125
1753294877.217663
1753294877.260733
1753294877.290356
1753294877.326747
1753294877.354785
1753294877.394664
1753294877.424848
1753294877.461051
1753294877.487377
1753294877.528356
1753294877.553537
1753294877.595866
1753294877.618403
1753294877.660878
1753294877.691437
1753294877.728115
1753294877.751861
1753294877.794452
1753294877.821253
1753294877.861312
1753294877.885151
1753294877.930453
1753294877.954151
1753294877.996051
1753294878.018284
1753294878.055809
1753294878.095828
1753294878.121157
1753294878.154408
1753294878.190244
1753294878.226889
1753294878.254761
1753294878.287622
1753294878.321379
1753294878.362219
1753294878.387939
1753294878.421332
1753294878.457314
1753294878.489782
1753294878.527911
1753294878.551795
1753294878.593283
1753294878.622708
1753294878.662847
1753294878.685127
1753294878.725186
1753294878.756630
1753294878.794775
1753294878.818584
1753294878.859582
1753294878.892374
1753294878.928178
1753294878.952088
1753294878.993990
1753294879.023144
1753294879.061261
1753294879.085720
1753294879.128267
1753294879.154295
1753294879.196583
1753294879.219132
1753294879.260489
1753294879.293490
1753294879.325689
1753294879.356570
1753294879.393424
1753294879.428305
1753294879.458544
1753294879.488670
1753294879.529260
1753294879.556417
1753294879.594464
1753294879.619840
1753294879.661544
1753294879.690965
1753294879.728177
1753294879.754997
1753294879.795713
1753294879.821010
1753294879.861226
1753294879.888797
1753294879.929316
1753294879.957992
1753294879.994648
1753294880.023224
1753294880.060844
1753294880.092928
1753294880.128562
1753294880.157090
1753294880.193738
1753294880.228967
1753294880.257215
1753294880.293975
1753294880.323769
1753294880.361779
1753294880.391145
1753294880.422573
1753294880.462248
1753294880.490364
1753294880.528674
1753294880.553521
1753294880.595078
1753294880.623586
1753294880.661387
1753294880.688363
1753294880.729359
1753294880.757982
1753294880.797722
1753294880.823757
1753294880.854105
1753294880.895632
1753294880.924225
1753294880.962377
1753294880.992661
1753294881.024300
1753294881.058980
1753294881.089993
1753294881.122805
1753294881.154960
1753294881.192395
1753294881.223071
1753294881.256762
1753294881.288230
1753294881.323694
1753294881.356491
1753294881.391324
1753294881.422925
1753294881.462989
1753294881.492368
1753294881.529298
1753294881.558108
1753294881.594616
1753294881.629021
1753294881.660852
1753294881.691714
1753294881.722776
1753294881.762656
1753294881.794414
1753294881.821982
1753294881.862330
1753294881.893714
1753294881.928520
1753294881.958109
1753294881.994333
1753294882.029782
1753294882.060925
1753294882.091992
1753294882.127825
1753294882.163512
1753294882.194343
1753294882.221487
1753294882.261965
1753294882.294252
1753294882.329019
1753294882.357717
1753294882.395462
1753294882.428332
1753294882.460760
1753294882.492387
1753294882.527894
1753294882.563333
1753294882.593890
1753294882.625317
1753294882.661055
1753294882.696222
1753294882.725916
1753294882.758376
1753294882.788757
1753294882.822176
1753294882.862550
1753294882.889345
1753294882.928107
1753294882.962935
1753294882.994437
1753294883.024939
1753294883.061539
1753294883.094314
1753294883.128849
1753294883.156735
1753294883.196184
1753294883.227529
1753294883.259090
1753294883.293987
1753294883.324995
1753294883.364269
1753294883.393065
1753294883.427872
1753294883.458761
1753294883.497417
1753294883.527107
1753294883.560192
1753294883.590567
1753294883.628440
1753294883.662785
1753294883.692432
1753294883.728462
1753294883.760019
1753294883.796089
1753294883.822007
1753294883.862619
1753294883.894157
1753294883.929420
1753294883.957733
1753294883.989280
1753294884.023603
1753294884.060034
1753294884.092633
1753294884.128324
1753294884.161587
1753294884.194949
1753294884.222101
1753294884.261943
1753294884.294320
1753294884.330264
1753294884.355513
1753294884.393816
1753294884.426561
1753294884.462341
1753294884.489825
1753294884.527928
1753294884.563376
1753294884.591632
1753294884.628015
1753294884.659576
1753294884.698045
1753294884.723060
1753294884.760474
1753294884.793099
1753294884.825483
1753294884.862504
1753294884.888987
1753294884.930136
1753294884.960803
1753294884.993722
1753294885.024732
1753294885.063302
1753294885.093625
1753294885.129403
1753294885.157390
1753294885.194253
1753294885.229052
1753294885.262205
1753294885.292145
1753294885.330616
1753294885.361332
1753294885.396398
1753294885.426009
1753294885.463098
1753294885.496131
1753294885.528684
1753294885.560154
1753294885.595145
1753294885.627911
1753294885.663550
1753294885.689547
1753294885.728470
1753294885.761272
1753294885.796533
1753294885.822304
1753294885.862472
1753294885.893168
1753294885.929652
1753294885.956038
1753294885.995907
1753294886.027739
1753294886.062932
1753294886.091530
1753294886.130085
1753294886.162077
1753294886.196007
1753294886.227376
1753294886.261539
1753294886.292347
1753294886.331656
1753294886.356191
1753294886.393422
1753294886.429533
1753294886.460864
1753294886.490743
1753294886.530569
1753294886.561012
1753294886.596005
1753294886.623917
1753294886.661715
1753294886.696253
1753294886.728169
1753294886.758959
1753294886.797519
1753294886.826027
1753294886.864765
1753294886.889184
1753294886.927824
1753294886.961774
1753294886.994491
1753294887.024249
1753294887.061693
1753294887.095597
1753294887.128330
1753294887.157257
1753294887.195274
1753294887.229904
1753294887.261387
1753294887.289484
1753294887.330227
1753294887.362350
1753294887.397143
1753294887.424097
1753294887.464707
1753294887.495149
1753294887.530515
1753294887.559693
1753294887.596391
1753294887.628721
1753294887.664193
1753294887.693862
1753294887.729101
1753294887.761914
1753294887.796742
1753294887.823682
1753294887.863077
1753294887.896073
1753294887.929346
1753294887.961005
1753294887.996055
1753294888.029676
1753294888.063590
1753294888.094777
1753294888.129297
1753294888.163733
1753294888.197163
1753294888.227592
1753294888.262120
1753294888.295722
1753294888.329076
1753294888.361402
1753294888.395541
1753294888.428578
1753294888.463633
1753294888.493730
1753294888.527900
1753294888.563877
1753294888.597946
1753294888.627511
1753294888.662659
1753294888.698336
1753294888.730594
1753294888.759135
1753294888.798058
1753294888.826827
1753294888.863346
1753294888.890559
1753294888.928888
1753294888.963305
1753294888.996920
1753294889.024998
1753294889.063961
1753294889.097423
1753294889.131666
1753294889.166759
1753294889.190593
1753294889.230902
1753294889.264382
1753294889.296703
1753294889.331241
1753294889.361257
1753294889.394763
1753294889.430815
1753294889.466011
1753294889.493989
1753294889.529869
1753294889.564173
1753294889.599014
1753294889.628545
1753294889.663489
1753294889.698501
1753294889.730099
1753294889.762322
1753294889.797155
1753294889.828142
1753294889.863808
1753294889.895289
1753294889.930023
1753294889.962826
1753294889.997884
1753294890.028776
1753294890.063957
1753294890.098622
1753294890.129153
1753294890.163447
1753294890.194508
1753294890.231561
1753294890.265467
1753294890.294749
1753294890.330798
1753294890.363815
1753294890.397310
1753294890.428364
1753294890.463233
1753294890.497509
1753294890.531800
1753294890.562197
1753294890.597266
1753294890.631819
1753294890.666547
1753294890.693209
1753294890.727846
1753294890.766139
1753294890.796400
1753294890.827134
1753294890.863700
1753294890.898866
1753294890.930224
1753294890.962400
1753294890.996838
1753294891.030509
1753294891.065258
1753294891.094628
1753294891.131995
1753294891.162928
1753294891.197707
1753294891.229709
1753294891.261070
1753294891.293488
1753294891.330233
1753294891.360203
1753294891.398377
1753294891.430016
1753294891.464922
1753294891.495844
1753294891.530592
1753294891.565369
1753294891.596801
1753294891.629132
1753294891.663037
1753294891.697909
1753294891.732530
1753294891.762003
1753294891.798830
1753294891.829876
1753294891.864595
1753294891.897393
1753294891.931367
1753294891.965798
1753294892.000629
1753294892.029163
1753294892.064588
1753294892.099489
1753294892.129494
1753294892.160456
1753294892.200899
1753294892.228889
1753294892.264906
1753294892.292221
1753294892.327330
1753294892.366001
1753294892.398111
1753294892.429019
1753294892.466432
1753294892.496640
1753294892.531264
1753294892.563138
1753294892.598463
1753294892.630401
1753294892.665580
1753294892.695652
1753294892.731213
1753294892.765549
1753294892.796748
1753294892.829875
1753294892.862577
1753294892.894286
1753294892.932670
1753294892.962564
1753294892.998730
1753294893.034442
1753294893.065029
1753294893.097981
1753294893.131744
1753294893.166911
1753294893.199401
1753294893.229321
1753294893.264051
1753294893.298042
1753294893.331204
1753294893.362942
1753294893.397322
1753294893.434557
1753294893.464379
1753294893.498345
1753294893.531809
1753294893.565562
1753294893.599461
1753294893.628905
1753294893.669111
1753294893.695916
1753294893.734647
1753294893.762009
1753294893.798644
1753294893.830303
1753294893.865716
1753294893.898094
1753294893.932112
1753294893.963373
1753294893.999864
1753294894.029591
1753294894.065612
1753294894.097656
1753294894.133002
1753294894.162741
1753294894.199374
1753294894.233069
1753294894.264526
1753294894.298110
1753294894.332156
1753294894.364712
1753294894.400300
1753294894.429384
1753294894.466113
1753294894.497900
1753294894.534289
1753294894.561147
1753294894.601705
1753294894.630945
1753294894.672230
1753294894.693087
1753294894.733480
1753294894.766055
1753294894.799142
1753294894.826691
1753294894.867333
1753294894.897558
1753294894.930475
1753294894.959813
1753294894.997636
1753294895.034103
1753294895.065834
1753294895.095474
1753294895.131828
1753294895.171805
1753294895.196495
1753294895.233295
1753294895.263330
1753294895.300359
1753294895.331672
1753294895.365564
1753294895.397061
1753294895.434017
1753294895.467616
1753294895.496657
1753294895.533463
1753294895.567833
1753294895.603527
1753294895.629709
1753294895.670994
1753294895.696626
1753294895.733481
1753294895.764005
1753294895.797917
1753294895.833717
1753294895.867332
1753294895.896900
1753294895.937392
1753294895.962741
1753294895.999693
1753294896.029147
1753294896.070590
1753294896.096885
1753294896.134493
1753294896.164056
1753294896.199973
1753294896.235967
1753294896.264391
1753294896.298964
1753294896.332512
1753294896.368738
1753294896.399848
1753294896.431410
1753294896.465119
1753294896.502208
1753294896.530706
1753294896.566823
1753294896.597258
1753294896.633738
1753294896.665820
1753294896.696974
1753294896.732479
1753294896.769685
1753294896.797565
1753294896.829297
1753294896.867846
1753294896.899171
1753294896.934762
1753294896.963881
1753294897.002315
1753294897.033897
1753294897.068498
1753294897.097160
1753294897.138394
1753294897.163697
1753294897.201074
1753294897.230111
1753294897.269705
1753294897.297323
1753294897.337894
1753294897.361495
1753294897.405037
1753294897.431099
1753294897.467832
1753294897.502855
1753294897.527975
1753294897.573609
1753294897.596615
1753294897.634573
1753294897.664022
1753294897.701095
1753294897.730879
1753294897.773502
1753294897.796943
1753294897.834122
1753294897.865558
1753294897.904406
1753294897.931348
1753294897.967857
1753294897.997690
1753294898.038853
1753294898.064526
1753294898.101922
1753294898.131277
1753294898.169045
1753294898.198452
1753294898.236504
1753294898.263489
1753294898.299505
1753294898.337839
1753294898.363908
1753294898.400955
1753294898.433404
1753294898.471015
1753294898.495636
1753294898.537074
1753294898.564555
1753294898.601192
1753294898.631260
1753294898.671939
1753294898.698285
1753294898.737240
1753294898.763410
1753294898.803523
1753294898.829521
1753294898.872331
1753294898.895850
1753294898.934393
1753294898.971128
1753294898.997947
1753294899.034385
1753294899.068416
1753294899.100419
1753294899.141533
1753294899.162163
1753294899.206375
1753294899.230860
1753294899.270118
1753294899.297433
1753294899.335008
1753294899.370173
1753294899.398332
1753294899.436003
1753294899.464209
1753294899.503801
1753294899.531795
1753294899.568768
1753294899.597858
1753294899.636078
1753294899.668479
1753294899.698099
1753294899.738941
1753294899.764540
1753294899.801402
1753294899.830386
1753294899.871970
1753294899.898351
1753294899.938786
1753294899.963595
1753294900.007010
1753294900.031035
1753294900.070586
1753294900.097468
1753294900.140360
1753294900.164267
1753294900.204055
1753294900.230899
1753294900.268454
1753294900.304176
1753294900.331939
1753294900.371513
1753294900.397447
1753294900.439791
1753294900.464318
1753294900.502329
1753294900.531055
1753294900.570858
1753294900.598664
1753294900.635030
1753294900.666218
1753294900.708256
1753294900.730901
1753294900.767700
1753294900.801476
1753294900.833528
1753294900.873017
1753294900.896664
1753294900.934749
1753294900.968691
1753294901.004890
1753294901.030210
1753294901.067885
1753294901.107862
1753294901.131290
1753294901.168876
1753294901.197730
1753294901.237851
1753294901.265945
1753294901.303522
1753294901.331221
1753294901.373016
1753294901.399827
1753294901.436019
1753294901.465315
1753294901.504728
1753294901.536378
1753294901.565205
1753294901.601338
1753294901.642044
1753294901.664383
1753294901.706067
1753294901.730867
1753294901.773082
1753294901.798319
1753294901.832436
1753294901.872665
1753294901.898613
1753294901.941898
1753294901.964032
1753294902.005511
1753294902.035542
1753294902.065688
1753294902.100177
1753294902.136868
1753294902.165400
1753294902.207618
1753294902.230326
1753294902.274431
1753294902.298153
1753294902.340675
1753294902.363893
1753294902.402418
1753294902.440831
1753294902.466182
1753294902.504763
1753294902.531369
1753294902.573530
1753294902.599476
1753294902.637831
1753294902.664606
1753294902.709607
1753294902.731421
1753294902.771270
1753294902.797511
1753294902.833639
1753294902.874607
1753294902.897377
1753294902.933342
1753294902.965695
1753294903.000794
1753294903.033087
1753294903.070613
1753294903.099316
1753294903.141471
1753294903.164343
1753294903.205061
1753294903.233682
1753294903.273999
1753294903.297457
1753294903.337450
1753294903.366128
1753294903.404744
1753294903.430914
1753294903.473863
1753294903.498029
1753294903.538011
1753294903.564560
1753294903.603220
1753294903.636814
1753294903.673069
1753294903.697893
1753294903.738202
1753294903.770145
1753294903.804460
1753294903.830599
1753294903.874075
1753294903.898353
1753294903.940011
1753294903.964753
1753294904.004055
1753294904.042573
1753294904.064985
1753294904.106722
1753294904.131346
1753294904.174494
1753294904.198550
1753294904.238244
1753294904.265128
1753294904.306340
1753294904.334733
1753294904.375871
1753294904.398323
1753294904.441012
1753294904.467179
1753294904.505582
1753294904.531825
1753294904.575073
1753294904.600573
1753294904.636691
1753294904.665275
1753294904.709029
1753294904.731772
1753294904.773958
1753294904.797698
1753294904.835411
1753294904.876223
1753294904.898548
1753294904.941534
1753294904.966571
1753294905.002261
1753294905.031410
1753294905.065929
1753294905.108416
1753294905.132100
1753294905.173243
1753294905.198597
1753294905.240498
1753294905.267710
1753294905.308488
1753294905.332132
1753294905.376384
1753294905.398816
1753294905.439435
1753294905.465444
1753294905.508304
1753294905.532463
1753294905.574051
1753294905.598746
1753294905.643460
1753294905.666298
1753294905.708858
1753294905.732560
1753294905.775017
1753294905.799513
1753294905.833251
1753294905.868199
1753294905.910132
1753294905.932443
1753294905.972662
1753294906.005579
1753294906.032793
1753294906.075182
1753294906.103012
1753294906.144739
1753294906.166385
1753294906.208021
1753294906.234774
1753294906.277412
1753294906.299753
1753294906.341175
1753294906.369320
1753294906.411540
1753294906.433274
1753294906.472429
1753294906.506236
1753294906.542265
1753294906.566656
1753294906.608235
1753294906.633601
1753294906.676625
1753294906.700021
1753294906.742106
1753294906.766559
1753294906.806400
1753294906.831883
1753294906.876799
1753294906.900003
1753294906.942286
1753294906.966806
1753294907.008986
1753294907.033190
1753294907.078898
1753294907.099283
1753294907.142086
1753294907.167114
1753294907.209188
1753294907.233716
1753294907.277977
1753294907.300259
1753294907.343818
1753294907.366505
1753294907.410740
1753294907.432899
1753294907.473253
1753294907.500401
1753294907.542319
1753294907.567408
1753294907.609685
1753294907.632975
1753294907.668648
1753294907.711026
1753294907.733854
1753294907.776925
1753294907.798821
1753294907.832866
1753294907.878426
1753294907.900792
1753294907.943481
1753294907.967247
1753294908.010582
1753294908.033235
1753294908.078167
1753294908.100810
1753294908.141952
1753294908.166512
1753294908.209002
1753294908.235478
1753294908.276215
1753294908.299314
1753294908.341381
1753294908.368335
1753294908.411131
1753294908.433148
1753294908.475051
1753294908.500949
1753294908.543552
1753294908.566850
1753294908.611170
1753294908.634656
1753294908.676581
1753294908.700057
1753294908.741859
1753294908.768396
1753294908.809298
1753294908.832535
1753294908.876118
1753294908.902835
1753294908.944463
1753294908.966525
1753294909.010062
1753294909.037629
1753294909.078590
1753294909.100136
1753294909.143787
1753294909.169116
1753294909.212360
1753294909.233452
1753294909.276339
1753294909.305346
1753294909.345641
1753294909.367100
1753294909.410183
1753294909.438047
1753294909.472619
1753294909.502367
1753294909.544297
1753294909.568929
1753294909.611526
1753294909.633673
1753294909.674691
1753294909.704550
1753294909.745121
1753294909.767281
1753294909.807818
1753294909.837678
1753294909.878472
1753294909.900711
1753294909.943991
1753294909.968981
1753294910.011065
1753294910.034288
1753294910.077717
1753294910.102612
1753294910.145021
1753294910.167621
1753294910.210483
1753294910.235954
1753294910.278368
1753294910.301236
1753294910.344297
1753294910.372499
1753294910.410531
1753294910.436286
1753294910.474221
1753294910.508953
1753294910.543622
1753294910.569565
1753294910.610551
1753294910.636873
1753294910.679179
1753294910.701453
1753294910.743473
1753294910.772746
1753294910.809213
1753294910.833610
1753294910.878768
1753294910.902246
1753294910.944927
1753294910.967895
1753294911.009035
1753294911.039125
1753294911.079344
1753294911.101282
1753294911.144933
1753294911.170729
1753294911.211433
1753294911.234825
1753294911.277891
1753294911.305131
1753294911.345867
1753294911.368389
1753294911.413099
1753294911.437953
1753294911.476758
1753294911.502728
1753294911.544457
1753294911.573711
1753294911.610462
1753294911.637163
1753294911.677726
1753294911.706181
1753294911.742793
1753294911.770324
1753294911.810412
1753294911.836017
1753294911.875616
1753294911.904809
1753294911.945344
1753294911.972170
1753294912.011761
1753294912.038966
1753294912.078563
1753294912.105707
1753294912.144168
1753294912.171951
1753294912.211912
1753294912.239260
1753294912.277977
1753294912.306152
1753294912.342966
1753294912.378243
1753294912.407553
1753294912.443593
1753294912.472559
1753294912.510944
1753294912.542708
1753294912.572337
1753294912.608073
1753294912.646370
1753294912.671394
1753294912.712410
1753294912.736074
1753294912.779205
1753294912.802856
1753294912.838727
1753294912.875529
1753294912.911445
1753294912.942404
1753294912.970940
1753294913.006904
1753294913.038081
1753294913.073754
1753294913.106412
1753294913.140231
1753294913.177729
1753294913.208382
1753294913.237542
1753294913.279014
1753294913.306041
1753294913.344816
1753294913.369257
1753294913.411697
1753294913.440075
1753294913.479060
1753294913.503749
1753294913.546173
1753294913.572210
1753294913.611081
1753294913.637540
1753294913.678095
1753294913.709071
1753294913.745162
1753294913.768233
1753294913.811001
1753294913.838452
1753294913.879663
1753294913.903187
1753294913.940785
1753294913.976488
1753294914.011203
1753294914.039497
1753294914.073539
1753294914.112113
1753294914.143154
1753294914.179268
1753294914.202925
1753294914.246030
1753294914.274199
1753294914.311902
1753294914.343030
1753294914.374652
1753294914.408627
1753294914.445561
1753294914.473380
1753294914.510147
1753294914.540257
1753294914.577996
1753294914.610120
1753294914.642898
1753294914.673343
1753294914.711603
1753294914.741452
1753294914.777743
1753294914.803961
1753294914.840108
1753294914.877244
1753294914.905566
1753294914.946019
1753294914.972480
1753294915.011814
1753294915.037653
1753294915.079153
1753294915.109202
1753294915.146318
1753294915.170110
1753294915.212421
1753294915.240702
1753294915.278523
1753294915.306667
1753294915.343140
1753294915.378613
1753294915.408792
1753294915.439918
1753294915.477314
1753294915.512322
1753294915.541887
1753294915.577051
1753294915.607335
1753294915.647091
1753294915.675070
1753294915.707353
1753294915.743993
1753294915.775096
1753294915.809977
1753294915.837315
1753294915.880447
1753294915.910619
1753294915.945905
1753294915.970282
1753294916.003606
1753294916.039697
1753294916.076195
1753294916.108978
1753294916.145271
1753294916.176644
1753294916.212057
1753294916.237938
1753294916.279248
1753294916.310207
1753294916.345921
1753294916.373526
1753294916.410913
1753294916.445398
1753294916.473073
1753294916.511740
1753294916.540908
1753294916.579842
1753294916.610931
1753294916.641734
1753294916.676771
1753294916.713036
1753294916.742409
1753294916.777415
1753294916.805724
1753294916.841723
1753294916.880771
1753294916.907411
1753294916.944862
1753294916.977600
1753294917.012357
1753294917.041311
1753294917.078376
1753294917.110262
1753294917.145501
1753294917.172589
1753294917.212548
1753294917.240149
1753294917.280468
1753294917.304475
1753294917.345588
1753294917.378109
1753294917.412992
1753294917.437606
1753294917.478961
1753294917.510341
1753294917.546150
1753294917.571178
1753294917.612680
1753294917.642994
1753294917.677909
1753294917.706918
1753294917.742403
1753294917.779022
1753294917.808581
1753294917.836840
1753294917.880942
1753294917.910991
1753294917.946236
1753294917.971969
1753294918.012795
1753294918.043763
1753294918.078734
1753294918.107026
1753294918.144844
1753294918.177667
1753294918.209951
1753294918.240907
1753294918.280562
1753294918.310132
1753294918.346106
1753294918.375867
1753294918.412180
1753294918.443932
1753294918.478516
1753294918.509335
1753294918.545015
1753294918.579891
1753294918.611696
1753294918.642134
1753294918.679178
1753294918.711435
1753294918.743868
1753294918.776593
1753294918.808161
1753294918.844861
1753294918.880109
1753294918.907222
1753294918.944156
1753294918.979773
1753294919.010980
1753294919.042534
1753294919.074681
1753294919.113885
1753294919.144478
1753294919.174420
1753294919.210586
1753294919.245043
1753294919.277121
1753294919.308198
1753294919.344770
1753294919.377422
1753294919.412435
1753294919.441986
1753294919.477475
1753294919.512555
1753294919.547312
1753294919.572695
1753294919.611108
1753294919.646123
1753294919.677517
1753294919.710254
1753294919.744861
1753294919.777962
1753294919.810426
1753294919.837915
1753294919.881135
1753294919.911960
1753294919.946702
1753294919.973328
1753294920.006812
1753294920.047304
1753294920.078389
1753294920.110233
1753294920.144528
1753294920.179492
1753294920.211968
1753294920.241850
1753294920.279861
1753294920.309063
1753294920.349252
1753294920.374923
1753294920.413982
1753294920.445355
1753294920.476370
1753294920.514786
1753294920.542920
1753294920.578940
1753294920.612912
1753294920.644113
1753294920.679031
1753294920.712653
1753294920.745250
1753294920.777488
1753294920.809442
1753294920.844759
1753294920.878319
1753294920.909977
1753294920.945579
1753294920.978762
1753294921.013195
1753294921.042016
1753294921.081792
1753294921.111787
1753294921.144471
1753294921.177278
1753294921.212207
1753294921.243591
1753294921.276722
1753294921.307711
1753294921.343586
1753294921.376334
1753294921.412019
1753294921.444376
1753294921.478625
1753294921.511571
1753294921.540934
1753294921.580361
1753294921.611002
1753294921.645774
1753294921.679667
1753294921.710527
1753294921.745912
1753294921.779651
1753294921.811643
1753294921.840086
1753294921.880096
1753294921.913044
1753294921.946108
1753294921.978319
1753294922.011176
1753294922.046594
1753294922.081136
1753294922.110923
1753294922.148556
1753294922.174919
1753294922.214828
1753294922.242409
1753294922.283008
1753294922.311120
1753294922.345747
1753294922.378943
1753294922.412273
1753294922.446267
1753294922.478384
1753294922.513555
1753294922.540210
1753294922.580271
1753294922.615013
1753294922.646584
1753294922.678661
1753294922.713308
1753294922.743890
1753294922.780559
1753294922.811764
1753294922.839499
1753294922.880846
1753294922.914275
1753294922.947192
1753294922.978148
1753294923.011254
1753294923.046749
1753294923.078023
1753294923.109496
1753294923.141098
1753294923.180976
1753294923.214846
1753294923.242496
1753294923.283376
1753294923.311617
1753294923.346480
1753294923.378429
1753294923.413072
1753294923.447170
1753294923.479132
1753294923.511589
1753294923.546747
1753294923.581235
1753294923.616187
1753294923.642987
1753294923.681831
1753294923.712204
1753294923.746201
1753294923.777959
1753294923.811700
1753294923.842897
1753294923.879319
1753294923.911674
1753294923.945920
1753294923.978012
1753294924.016604
1753294924.043146
1753294924.079808
1753294924.113868
1753294924.148938
1753294924.176937
1753294924.212162
1753294924.245702
1753294924.280107
1753294924.311895
1753294924.346682
1753294924.381476
1753294924.416847
1753294924.443913
1753294924.479705
1753294924.513297
1753294924.547590
1753294924.577917
1753294924.613167
1753294924.647344
1753294924.679558
1753294924.713067
1753294924.745612
1753294924.779457
1753294924.812085
1753294924.843906
1753294924.883960
1753294924.912228
1753294924.948334
1753294924.975033
1753294925.014945
1753294925.046196
1753294925.080717
1753294925.112147
1753294925.147018
1753294925.180567
1753294925.214852
1753294925.244206
1753294925.281600
1753294925.313054
1753294925.350014
1753294925.376035
1753294925.413142
1753294925.447931
1753294925.479505
1753294925.514498
1753294925.547229
1753294925.579881
1753294925.615092
1753294925.645393
1753294925.683447
1753294925.714220
1753294925.747502
1753294925.779321
1753294925.812762
1753294925.844829
1753294925.880989
1753294925.915214
1753294925.945214
1753294925.979770
1753294926.013967
1753294926.046221
1753294926.080828
1753294926.115726
1753294926.150351
1753294926.179026
1753294926.214122
1753294926.246338
1753294926.281512
1753294926.312291
1753294926.347572
1753294926.382343
1753294926.414166
1753294926.446646
1753294926.479118
1753294926.515509
1753294926.548721
1753294926.579472
1753294926.614219
1753294926.648939
1753294926.683397
1753294926.712161
1753294926.748758
1753294926.780052
1753294926.813298
1753294926.846625
1753294926.881420
1753294926.915972
1753294926.946122
1753294926.975805
1753294927.013483
1753294927.043940
1753294927.079926
1753294927.113670
1753294927.146605
1753294927.184881
1753294927.213909
1753294927.245127
1753294927.282749
1753294927.314259
1753294927.348468
1753294927.378675
1753294927.415215
1753294927.449773
1753294927.479842
1753294927.512642
1753294927.547712
1753294927.583418
1753294927.614028
1753294927.645781
1753294927.681140
1753294927.718739
1753294927.747119
1753294927.779047
1753294927.813670
1753294927.847422
1753294927.883230
1753294927.913150
1753294927.950033
1753294927.980098
1753294928.016451
1753294928.046045
1753294928.082195
1753294928.115993
1753294928.150452
1753294928.178667
1753294928.216298
1753294928.246902
1753294928.283066
1753294928.312371
1753294928.349085
1753294928.382974
1753294928.416244
1753294928.446274
1753294928.479740
1753294928.515922
1753294928.552203
1753294928.577797
1753294928.615128
1753294928.649377
1753294928.686493
1753294928.711977
1753294928.750264
1753294928.785660
1753294928.813651
1753294928.847932
1753294928.880114
1753294928.920116
1753294928.946266
1753294928.980119
1753294929.015891
1753294929.050834
1753294929.084248
1753294929.113032
1753294929.154145
1753294929.179961
1753294929.220934
1753294929.243391
1753294929.282582
1753294929.313855
1753294929.354765
1753294929.376872
1753294929.414614
1753294929.451104
1753294929.483280
1753294929.513077
1753294929.549431
1753294929.580997
1753294929.621773
1753294929.643744
1753294929.681550
1753294929.720141
1753294929.746446
1753294929.782336
1753294929.815867
1753294929.848494
1753294929.885512
1753294929.912635
1753294929.949284
1753294929.980332
1753294930.020310
1753294930.046643
1753294930.082942
1753294930.119235
1753294930.148832
1753294930.182391
1753294930.214519
1753294930.248257
1753294930.285137
1753294930.313486
1753294930.350162
1753294930.381391
1753294930.418673
1753294930.446525
1753294930.480096
1753294930.520702
1753294930.546755
1753294930.580286
1753294930.614669
1753294930.651732
1753294930.681005
1753294930.712588
1753294930.752187
1753294930.780776
1753294930.814629
1753294930.852304
1753294930.877544
1753294930.921076
1753294930.946887
1753294930.980754
1753294931.022769
1753294931.044543
1753294931.082090
1753294931.113187
1753294931.148555
1753294931.177708
1753294931.218647
1753294931.246278
1753294931.283589
1753294931.312573
1753294931.349552
1753294931.384302
1753294931.415802
1753294931.448854
1753294931.482950
1753294931.520536
1753294931.547547
1753294931.583311
1753294931.611709
1753294931.647790
1753294931.683311
1753294931.715545
1753294931.748431
1753294931.790176
1753294931.813901
1753294931.851596
1753294931.881003
1753294931.922903
1753294931.946720
1753294931.981359
1753294932.018233
1753294932.050254
1753294932.081865
1753294932.117832
1753294932.147164
1753294932.188132
1753294932.214636
1753294932.248477
1753294932.284726
1753294932.319211
1753294932.348347
1753294932.388352
1753294932.412943
1753294932.451485
1753294932.482379
1753294932.517439
1753294932.551650
1753294932.584119
1753294932.614494
1753294932.648812
1753294932.683836
1753294932.718580
1753294932.751211
1753294932.780729
1753294932.819571
1753294932.851951
1753294932.881548
1753294932.922238
1753294932.945412
1753294932.981587
1753294933.021415
1753294933.046656
1753294933.084912
1753294933.120168
1753294933.149879
1753294933.178719
1753294933.212893
1753294933.252684
1753294933.283075
1753294933.314669
1753294933.349857
1753294933.388108
1753294933.414626
1753294933.449224
1753294933.484336
1753294933.515795
1753294933.557983
1753294933.579110
1753294933.622661
1753294933.647192
1753294933.689311
1753294933.712929
1753294933.752560
1753294933.786002
1753294933.818673
1753294933.845939
1753294933.891068
1753294933.914071
1753294933.954852
1753294933.980629
1753294934.022243
1753294934.048479
1753294934.090523
1753294934.113651
1753294934.155590
1753294934.182182
1753294934.223191
1753294934.246194
1753294934.291414
1753294934.314631
1753294934.356263
1753294934.380749
1753294934.418416
1753294934.455050
1753294934.481218
1753294934.519456
1753294934.548261
1753294934.590803
1753294934.614122
1753294934.653720
1753294934.680826
1753294934.721282
1753294934.750837
1753294934.784983
1753294934.815236
1753294934.853133
1753294934.881996
1753294934.920179
1753294934.947271
1753294934.981633
1753294935.021893
1753294935.047170
1753294935.089510
1753294935.115455
1753294935.158298
1753294935.180126
1753294935.218875
1753294935.252308
1753294935.281947
1753294935.319840
1753294935.347677
1753294935.389504
1753294935.415669
1753294935.450711
1753294935.485843
1753294935.519804
1753294935.548973
1753294935.583844
1753294935.620823
1753294935.648483
1753294935.690137
1753294935.713648
1753294935.751569
1753294935.791755
1753294935.814363
1753294935.853589
1753294935.880738
1753294935.924627
1753294935.947632
1753294935.985111
1753294936.018176
1753294936.059886
1753294936.080712
1753294936.119325
1753294936.152135
1753294936.190404
1753294936.214986
1753294936.249823
1753294936.288414
1753294936.315264
1753294936.357255
1753294936.380587
1753294936.422441
1753294936.450506
1753294936.488463
1753294936.514223
1753294936.554846
1753294936.582878
1753294936.625490
1753294936.647385
1753294936.688635
1753294936.716667
1753294936.753209
1753294936.781475
1753294936.820544
1753294936.850964
1753294936.893673
1753294936.913883
1753294936.960874
1753294936.980931
1753294937.022902
1753294937.047664
1753294937.088516
1753294937.115770
1753294937.158718
1753294937.180856
1753294937.219322
1753294937.254567
1753294937.284089
1753294937.318704
1753294937.353169
1753294937.388282
1753294937.417659
1753294937.454807
1753294937.481209
1753294937.523975
1753294937.547943
1753294937.590941
1753294937.614292
1753294937.659864
1753294937.681511
1753294937.723194
1753294937.747135
1753294937.793633
1753294937.814458
1753294937.854009
1753294937.881526
1753294937.923840
1753294937.950088
1753294937.979964
1753294938.018986
1753294938.049132
1753294938.087342
1753294938.114703
1753294938.156660
1753294938.183241
1753294938.227438
1753294938.247292
1753294938.293176
1753294938.314766
1753294938.357584
1753294938.381495
1753294938.421097
1753294938.454739
1753294938.489726
1753294938.514974
1753294938.556167
1753294938.585567
1753294938.627334
1753294938.648604
1753294938.691198
1753294938.716528
1753294938.759349
1753294938.781988
1753294938.817906
1753294938.857959
1753294938.885424
1753294938.918545
1753294938.953529
1753294938.986663
1753294939.021628
1753294939.048614
1753294939.088715
1753294939.118098
1753294939.161701
1753294939.182309
1753294939.218171
1753294939.254072
1753294939.285746
1753294939.325211
1753294939.349007
1753294939.388777
1753294939.415301
1753294939.459098
1753294939.482356
1753294939.524424
1753294939.548810
1753294939.593045
1753294939.615453
1753294939.658956
1753294939.681214
1753294939.726030
1753294939.749077
1753294939.791967
1753294939.815701
1753294939.857343
1753294939.885115
1753294939.926824
1753294939.949431
1753294939.989619
1753294940.024835
1753294940.049984
1753294940.091299
1753294940.119464
1753294940.161189
1753294940.182808
1753294940.225187
1753294940.249257
1753294940.290673
1753294940.316574
1753294940.358791
1753294940.384118
1753294940.426753
1753294940.449932
1753294940.492693
1753294940.517192
1753294940.560562
1753294940.583030
1753294940.625841
1753294940.653766
1753294940.694935
1753294940.716985
1753294940.759880
1753294940.784558
1753294940.821084
1753294940.852300
1753294940.893199
1753294940.918128
1753294940.960939
1753294940.983589
1753294941.026401
1753294941.051121
1753294941.093987
1753294941.117010
1753294941.159547
1753294941.185336
1753294941.227960
1753294941.250010
1753294941.292516
1753294941.318953
1753294941.357153
1753294941.383092
1753294941.425628
1753294941.453163
1753294941.493443
1753294941.517132
1753294941.559009
1753294941.585937
1753294941.627948
1753294941.649907
1753294941.686327
1753294941.720952
1753294941.751922
1753294941.788071
1753294941.816259
1753294941.852404
1753294941.888551
1753294941.916613
1753294941.952786
1753294941.989124
1753294942.020844
1753294942.052373
1753294942.092946
1753294942.118616
1753294942.160511
1753294942.183865
1753294942.227325
1753294942.250825
1753294942.294921
1753294942.316626
1753294942.360129
1753294942.384513
1753294942.427297
1753294942.450334
1753294942.491656
1753294942.519550
1753294942.560882
1753294942.584705
1753294942.626962
1753294942.651606
1753294942.693545
1753294942.718349
1753294942.761280
1753294942.785284
1753294942.822637
1753294942.851621
1753294942.893792
1753294942.918346
1753294942.961218
1753294942.983972
1753294943.026890
1753294943.054799
1753294943.091865
1753294943.119189
1753294943.158941
1753294943.188446
1753294943.223057
1753294943.250320
1753294943.284680
1753294943.327523
1753294943.352196
1753294943.390756
1753294943.419217
1753294943.461935
1753294943.485601
1753294943.519370
1753294943.558317
1753294943.592216
1753294943.621751
1753294943.652698
1753294943.694490
1753294943.719116
1753294943.761657
1753294943.784240
1753294943.822377
1753294943.856873
1753294943.891644
1753294943.919504
1753294943.960851
1753294943.985257
1753294944.027501
1753294944.051638
1753294944.094505
1753294944.119251
1753294944.161994
1753294944.186496
1753294944.227993
1753294944.256108
1753294944.294666
1753294944.318718
1753294944.360870
1753294944.388240
1753294944.428843
1753294944.451659
1753294944.494376
1753294944.522985
1753294944.562820
1753294944.585049
1753294944.627712
1753294944.657575
1753294944.694450
1753294944.719685
1753294944.761864
1753294944.789297
1753294944.823976
1753294944.856712
1753294944.889721
1753294944.927292
1753294944.957959
1753294944.987559
1753294945.028276
1753294945.057045
1753294945.093950
1753294945.120523
1753294945.160959
1753294945.190747
1753294945.227624
1753294945.253556
1753294945.293500
1753294945.324046
1753294945.360934
1753294945.385266
1753294945.427884
1753294945.456785
1753294945.493023
1753294945.518222
1753294945.561619
1753294945.586968
1753294945.628429
1753294945.651758
1753294945.694500
1753294945.720896
1753294945.757164
1753294945.784836
1753294945.818749
1753294945.855693
1753294945.893551
1753294945.919746
1753294945.961358
1753294945.990925
1753294946.027931
1753294946.052279
1753294946.095736
1753294946.121090
1753294946.161818
1753294946.185682
1753294946.229664
1753294946.253990
1753294946.294975
1753294946.320574
1753294946.361945
1753294946.387260
1753294946.428806
1753294946.453189
1753294946.494857
1753294946.520947
1753294946.562200
1753294946.586219
1753294946.627983
1753294946.658004
1753294946.694367
1753294946.720830
1753294946.761832
1753294946.789785
1753294946.824677
1753294946.855329
1753294946.895064
1753294946.923053
1753294946.962099
1753294946.987345
1753294947.028638
1753294947.057099
1753294947.094772
1753294947.123055
1753294947.159750
1753294947.194645
1753294947.224368
1753294947.255283
1753294947.294281
1753294947.322920
1753294947.361220
1753294947.387423
1753294947.428000
1753294947.458042
1753294947.494678
1753294947.527581
1753294947.552389
1753294947.597420
1753294947.623269
1753294947.657192
1753294947.695047
1753294947.720732
1753294947.761498
1753294947.792348
1753294947.825635
1753294947.856079
1753294947.892222
1753294947.927938
1753294947.957714
1753294947.992848
1753294948.023731
1753294948.063583
1753294948.090002
1753294948.126998
1753294948.156909
1753294948.195603
1753294948.224667
1753294948.258476
1753294948.292194
1753294948.328138
1753294948.358822
1753294948.390814
1753294948.427847
1753294948.461107
1753294948.493745
1753294948.523074
1753294948.560399
1753294948.593806
1753294948.628752
1753294948.656147
1753294948.693691
1753294948.727568
1753294948.761358
1753294948.790574
1753294948.822544
1753294948.857884
1753294948.895677
1753294948.922599
1753294948.959203
1753294948.988318
1753294949.022977
1753294949.059743
1753294949.090545
1753294949.128903
1753294949.158263
1753294949.189892
1753294949.228170
1753294949.259651
1753294949.294029
1753294949.324707
1753294949.359524
1753294949.394786
1753294949.426743
1753294949.456826
1753294949.492691
1753294949.528737
1753294949.558729
1753294949.592544
1753294949.625628
1753294949.662408
1753294949.692854
1753294949.724949
1753294949.760276
1753294949.790911
1753294949.825071
1753294949.859676
1753294949.892755
1753294949.928969
1753294949.958834
1753294949.993927
1753294950.023829
1753294950.061992
1753294950.092007
1753294950.128018
1753294950.158710
1753294950.195566
1753294950.227252
1753294950.258712
1753294950.293720
1753294950.329159
1753294950.359656
1753294950.392122
1753294950.428135
1753294950.462673
1753294950.493939
1753294950.524135
1753294950.560728
1753294950.595729
1753294950.625123
1753294950.661561
1753294950.689537
1753294950.725032
1753294950.762609
1753294950.791868
1753294950.823343
1753294950.860170
1753294950.896009
1753294950.925199
1753294950.961636
1753294950.993342
1753294951.028805
1753294951.058834
1753294951.094061
1753294951.129000
1753294951.161033
1753294951.191564
1753294951.227435
1753294951.258638
1753294951.289153
1753294951.326748
1753294951.354538
1753294951.392116
1753294951.429341
1753294951.458221
1753294951.494669
1753294951.529609
1753294951.560774
1753294951.589976
1753294951.627512
1753294951.661982
1753294951.689851
1753294951.727210
1753294951.753695
1753294951.795469
1753294951.823245
1753294951.861199
1753294951.890449
1753294951.926275
1753294951.963196
1753294951.988454
1753294952.029107
1753294952.061374
1753294952.093740
1753294952.123492
1753294952.160898
1753294952.191586
1753294952.230756
1753294952.255625
1753294952.295671
1753294952.327289
1753294952.358962
1753294952.387808
1753294952.428645
1753294952.461975
1753294952.494249
1753294952.526149
1753294952.561570
1753294952.595346
1753294952.629824
1753294952.658499
1753294952.694801
1753294952.727803
1753294952.761135
1753294952.793529
1753294952.824942
1753294952.862222
1753294952.894724
1753294952.927880
1753294952.960076
1753294952.994809
1753294953.029824
1753294953.060216
1753294953.095448
1753294953.128193
1753294953.163302
1753294953.192217
1753294953.229833
1753294953.260807
1753294953.293879
1753294953.321916
1753294953.355900
1753294953.395411
1753294953.427893
1753294953.459382
1753294953.494943
1753294953.526725
1753294953.561880
1753294953.590500
1753294953.627978
1753294953.662305
1753294953.695282
1753294953.722116
1753294953.760825
1753294953.795198
1753294953.824432
1753294953.858502
1753294953.894966
1753294953.927542
1753294953.962331
1753294953.992994
1753294954.028549
1753294954.061228
1753294954.096143
1753294954.126514
1753294954.161973
1753294954.196600
1753294954.228892
1753294954.260269
1753294954.293856
1753294954.330057
1753294954.362122
1753294954.392117
1753294954.431478
1753294954.461654
1753294954.494251
1753294954.529645
1753294954.560468
1753294954.596634
1753294954.628032
1753294954.661632
1753294954.694055
1753294954.727755
1753294954.762478
1753294954.794168
1753294954.824375
1753294954.863133
1753294954.895866
1753294954.926806
1753294954.961860
1753294954.996598
1753294955.029696
1753294955.058427
1753294955.097136
1753294955.129047
1753294955.162107
1753294955.192668
1753294955.230784
1753294955.262140
1753294955.295435
1753294955.327363
1753294955.362525
1753294955.395270
1753294955.429917
1753294955.461058
1753294955.494545
1753294955.530029
1753294955.563925
1753294955.593254
1753294955.628986
1753294955.661862
1753294955.694736
1753294955.727385
1753294955.762091
1753294955.796838
1753294955.828044
1753294955.862904
1753294955.889823
1753294955.929035
1753294955.964193
1753294955.996099
1753294956.027547
1753294956.061975
1753294956.092385
1753294956.132847
1753294956.161141
1753294956.195411
1753294956.227923
1753294956.260854
1753294956.295953
1753294956.327655
1753294956.362582
1753294956.397323
1753294956.431396
1753294956.458802
1753294956.498551
1753294956.528589
1753294956.561759
1753294956.593652
1753294956.628326
1753294956.661444
1753294956.694648
1753294956.728392
1753294956.762992
1753294956.796742
1753294956.828236
1753294956.861964
1753294956.895376
1753294956.929421
1753294956.962254
1753294956.996908
1753294957.027959
1753294957.061893
1753294957.097551
1753294957.128610
1753294957.162887
1753294957.196874
1753294957.231024
1753294957.261481
1753294957.295225
1753294957.329577
1753294957.364223
1753294957.394432
1753294957.429508
1753294957.464488
1753294957.499209
1753294957.527660
1753294957.563187
1753294957.594585
1753294957.630108
1753294957.660885
1753294957.696069
1753294957.730344
1753294957.765307
1753294957.792277
1753294957.829352
1753294957.862746
1753294957.895659
1753294957.929305
1753294957.962077
1753294957.996077
1753294958.030423
1753294958.061601
1753294958.096880
1753294958.131680
1753294958.162980
1753294958.194743
1753294958.229732
1753294958.264390
1753294958.296987
1753294958.329187
1753294958.364291
1753294958.398959
1753294958.429757
1753294958.463520
1753294958.495940
1753294958.530324
1753294958.564808
1753294958.595198
1753294958.630103
1753294958.664752
1753294958.698560
1753294958.728548
1753294958.763463
1753294958.796776
1753294958.827999
1753294958.863743
1753294958.895884
1753294958.929757
1753294958.964768
1753294958.995445
1753294959.031022
1753294959.066229
1753294959.095856
1753294959.130053
1753294959.163477
1753294959.197587
1753294959.232176
1753294959.261675
1753294959.298560
1753294959.332912
1753294959.362337
1753294959.397724
1753294959.428703
1753294959.464624
1753294959.499692
1753294959.528422
1753294959.563905
1753294959.598825
1753294959.629817
1753294959.663748
1753294959.696847
1753294959.729806
1753294959.764876
1753294959.795166
1753294959.829524
1753294959.862816
1753294959.895354
1753294959.926307
1753294959.963919
1753294959.998613
1753294960.029515
1753294960.061259
1753294960.097419
1753294960.132509
1753294960.165188
1753294960.194632
1753294960.233818
1753294960.262173
1753294960.296976
1753294960.331144
1753294960.362179
1753294960.400035
1753294960.432320
1753294960.461907
1753294960.498302
1753294960.533303
1753294960.566261
1753294960.594781
1753294960.631558
1753294960.663658
1753294960.698623
1753294960.728108
1753294960.764534
1753294960.798542
1753294960.829787
1753294960.863015
1753294960.897091
1753294960.931855
1753294960.962263
1753294960.998097
1753294961.031227
1753294961.067779
1753294961.097545
1753294961.128911
1753294961.163907
1753294961.199493
1753294961.234326
1753294961.261045
1753294961.297261
1753294961.333605
1753294961.363570
1753294961.395257
1753294961.433057
1753294961.466748
1753294961.496805
1753294961.530993
1753294961.564147
1753294961.599931
1753294961.631038
1753294961.662372
1753294961.697366
1753294961.733006
1753294961.764539
1753294961.795722
1753294961.830079
1753294961.870157
1753294961.895491
1753294961.930471
1753294961.964901
1753294961.998969
1753294962.033302
1753294962.062395
1753294962.097995
1753294962.133707
1753294962.165105
1753294962.196052
1753294962.232758
1753294962.266577
1753294962.297193
1753294962.331206
1753294962.362570
1753294962.400688
1753294962.431739
1753294962.463146
1753294962.498138
1753294962.532975
1753294962.564479
1753294962.597924
1753294962.631534
1753294962.670195
1753294962.696969
1753294962.730998
1753294962.766210
1753294962.800145
1753294962.831124
1753294962.866885
1753294962.896179
1753294962.929409
1753294962.965659
1753294962.997895
1753294963.032494
1753294963.064497
1753294963.100853
1753294963.129671
1753294963.164859
1753294963.202116
1753294963.230402
1753294963.262514
1753294963.299380
1753294963.331284
1753294963.366253
1753294963.393595
1753294963.427913
1753294963.469606
1753294963.496798
1753294963.531419
1753294963.565324
1753294963.599250
1753294963.633622
1753294963.663334
1753294963.697257
1753294963.734897
1753294963.765537
1753294963.797226
1753294963.829078
1753294963.869619
1753294963.897065
1753294963.931262
1753294963.966043
1753294964.001149
1753294964.032285
1753294964.063563
1753294964.099306
1753294964.133354
1753294964.170718
1753294964.200704
1753294964.227252
1753294964.267015
1753294964.301280
1753294964.337126
1753294964.363904
1753294964.402067
1753294964.429645
1753294964.466788
1753294964.499754
1753294964.531833
1753294964.565836
1753294964.607302
1753294964.629920
1753294964.669017
1753294964.696324
1753294964.733538
1753294964.770114
1753294964.796144
1753294964.832343
1753294964.868632
1753294964.898250
1753294964.933673
1753294964.963871
1753294965.001655
1753294965.031179
1753294965.067950
1753294965.096414
1753294965.134393
1753294965.165898
1753294965.200569
1753294965.230583
1753294965.271634
1753294965.296934
1753294965.334222
1753294965.363277
1753294965.400996
1753294965.432817
1753294965.466290
1753294965.499574
1753294965.538280
1753294965.563992
1753294965.598021
1753294965.633125
1753294965.666827
1753294965.701274
1753294965.729376
1753294965.766381
1753294965.797696
1753294965.830738
1753294965.867830
1753294965.897127
1753294965.934938
1753294965.965487
1753294966.000482
1753294966.030733
1753294966.071873
1753294966.096761
1753294966.138420
1753294966.162117
1753294966.200869
1753294966.232695
1753294966.263985
1753294966.300357
1753294966.338577
1753294966.363769
1753294966.405963
1753294966.428334
1753294966.471540
1753294966.497514
1753294966.531527
1753294966.568351
1753294966.598546
1753294966.639206
1753294966.662197
1753294966.700034
1753294966.740262
1753294966.763182
1753294966.798930
1753294966.830470
1753294966.872213
1753294966.897247
1753294966.937765
1753294966.963440
1753294967.000983
1753294967.033497
1753294967.071947
1753294967.096086
1753294967.143267
1753294967.163307
1753294967.202162
1753294967.230828
1753294967.272903
1753294967.297184
1753294967.334675
1753294967.365970
1753294967.406978
1753294967.430647
1753294967.467538
1753294967.499579
1753294967.539205
1753294967.563818
1753294967.601023
1753294967.631040
1753294967.670994
1753294967.697375
1753294967.732117
1753294967.767080
1753294967.803543
1753294967.829810
1753294967.865265
1753294967.900111
1753294967.938491
1753294967.963864
1753294968.005431
1753294968.029705
1753294968.068679
1753294968.101438
1753294968.130702
1753294968.169085
1753294968.197979
1753294968.237451
1753294968.263159
1753294968.308001
1753294968.330609
1753294968.370265
1753294968.397138
1753294968.439260
1753294968.464339
1753294968.504322
1753294968.530380
1753294968.568809
1753294968.598063
1753294968.640798
1753294968.663023
1753294968.703363
1753294968.733537
1753294968.776303
1753294968.796289
1753294968.832997
1753294968.874704
1753294968.897624
1753294968.936522
1753294968.964138
1753294969.004577
1753294969.032082
1753294969.071862
1753294969.097027
1753294969.138606
1753294969.165698
1753294969.206409
1753294969.229912
1753294969.271388
1753294969.297570
1753294969.335776
1753294969.364132
1753294969.404922
1753294969.431858
1753294969.469998
1753294969.497379
1753294969.537954
1753294969.566011
1753294969.599953
1753294969.636341
1753294969.668021
1753294969.708157
1753294969.730346
1753294969.769106
1753294969.801425
1753294969.833308
1753294969.870140
1753294969.897758
1753294969.939684
1753294969.965736
1753294969.999594
1753294970.031941
1753294970.065752
1753294970.107767
1753294970.130434
1753294970.173311
1753294970.199456
1753294970.240400
1753294970.263833
1753294970.307182
1753294970.332845
1753294970.374060
1753294970.397143
1753294970.437826
1753294970.466930
1753294970.508669
1753294970.530802
1753294970.574454
1753294970.598254
1753294970.640188
1753294970.664041
1753294970.705977
1753294970.732373
1753294970.774600
1753294970.796811
1753294970.833368
1753294970.874024
1753294970.900876
1753294970.939468
1753294970.964418
1753294971.006261
1753294971.033095
1753294971.073822
1753294971.097514
1753294971.141082
1753294971.166342
1753294971.207927
1753294971.230760
1753294971.274572
1753294971.298410
1753294971.341135
1753294971.364314
1753294971.406445
1753294971.433052
1753294971.472557
1753294971.497843
1753294971.539476
1753294971.570535
1753294971.602519
1753294971.636402
1753294971.672241
1753294971.700964
1753294971.737947
1753294971.765010
1753294971.804542
1753294971.832686
1753294971.872214
1753294971.897213
1753294971.940451
1753294971.967346
1753294972.006849
1753294972.031344
1753294972.075559
1753294972.098555
1753294972.140224
1753294972.164749
1753294972.207338
1753294972.233778
1753294972.275613
1753294972.298207
1753294972.340310
1753294972.367724
1753294972.410110
1753294972.431858
1753294972.471169
1753294972.506202
1753294972.543313
1753294972.564948
1753294972.608722
1753294972.632028
1753294972.673940
1753294972.702019
1753294972.742456
1753294972.765261
1753294972.805251
1753294972.833038
1753294972.873965
1753294972.898463
1753294972.941285
1753294972.966563
1753294973.006958
1753294973.032286
1753294973.074380
1753294973.101305
1753294973.142687
1753294973.165407
1753294973.208574
1753294973.235484
1753294973.272043
1753294973.297609
1753294973.341363
1753294973.369756
1753294973.400223
1753294973.438790
1753294973.468066
1753294973.499535
1753294973.541738
1753294973.565443
1753294973.610173
1753294973.632344
1753294973.673167
1753294973.698730
1753294973.741891
1753294973.765724
1753294973.801541
1753294973.833462
1753294973.875957
1753294973.898872
1753294973.941068
1753294973.965489
1753294974.007955
1753294974.035285
1753294974.070920
1753294974.101295
1753294974.144082
1753294974.166010
1753294974.208466
1753294974.232428
1753294974.274926
1753294974.301779
1753294974.340405
1753294974.366206
1753294974.408922
1753294974.437750
1753294974.468165
1753294974.507761
1753294974.536860
1753294974.578313
1753294974.599599
1753294974.642449
1753294974.671299
1753294974.709468
1753294974.733281
1753294974.777465
1753294974.798342
1753294974.832714
1753294974.875563
1753294974.900431
1753294974.943810
1753294974.968924
1753294975.007684
1753294975.033391
1753294975.074395
1753294975.103067
1753294975.142600
1753294975.167418
1753294975.208301
1753294975.236751
1753294975.271876
1753294975.300703
1753294975.343658
1753294975.367183
1753294975.408812
1753294975.433753
1753294975.471333
1753294975.506631
1753294975.533766
1753294975.576365
1753294975.600351
1753294975.643769
1753294975.666211
1753294975.710077
1753294975.733775
1753294975.777069
1753294975.800035
1753294975.836416
1753294975.872410
1753294975.909004
1753294975.934421
1753294975.976043
1753294975.999865
1753294976.042298
1753294976.067814
1753294976.110671
1753294976.134313
1753294976.173806
1753294976.201233
1753294976.241065
1753294976.271479
1753294976.306594
1753294976.334795
1753294976.377147
1753294976.400945
1753294976.444319
1753294976.467034
1753294976.509151
1753294976.537719
1753294976.578269
1753294976.601542
1753294976.644375
1753294976.671264
1753294976.711609
1753294976.735072
1753294976.777311
1753294976.802542
1753294976.836920
1753294976.876565
1753294976.902808
1753294976.944153
1753294976.969155
1753294977.010543
1753294977.035617
1753294977.078896
1753294977.102402
1753294977.139822
1753294977.170571
1753294977.211823
1753294977.235310
1753294977.274790
1753294977.302751
1753294977.344621
1753294977.368889
1753294977.410420
1753294977.434877
1753294977.473257
1753294977.508351
1753294977.534232
1753294977.576777
1753294977.602389
1753294977.644797
1753294977.666923
1753294977.710216
1753294977.735376
1753294977.778532
1753294977.800638
1753294977.835886
1753294977.878056
1753294977.903022
1753294977.937149
1753294977.972429
1753294978.007231
1753294978.043699
1753294978.067630
1753294978.109527
1753294978.140806
1753294978.177319
1753294978.200703
1753294978.245253
1753294978.268832
1753294978.310553
1753294978.334434
1753294978.376002
1753294978.403301
1753294978.444836
1753294978.467319
1753294978.510536
1753294978.537887
1753294978.579205
1753294978.600902
1753294978.642372
1753294978.675528
1753294978.709968
1753294978.735691
1753294978.777664
1753294978.801205
1753294978.837250
1753294978.873351
1753294978.904468
1753294978.942595
1753294978.972597
1753294979.004849
1753294979.042214
1753294979.075363
1753294979.110868
1753294979.137772
1753294979.176933
1753294979.203748
1753294979.244248
1753294979.269219
1753294979.307362
1753294979.343623
1753294979.374117
1753294979.404059
1753294979.444524
1753294979.468864
1753294979.512611
1753294979.534984
1753294979.577413
1753294979.606879
1753294979.643423
1753294979.669770
1753294979.711476
1753294979.735306
1753294979.778397
1753294979.801765
1753294979.838653
1753294979.878189
1753294979.903723
1753294979.941750
1753294979.970198
1753294980.007383
1753294980.044179
1753294980.068316
1753294980.110864
1753294980.140135
1753294980.177323
1753294980.204686
1753294980.244215
1753294980.272566
1753294980.310571
1753294980.337521
1753294980.378769
1753294980.403582
1753294980.445492
1753294980.467379
1753294980.511578
1753294980.541325
1753294980.577749
1753294980.604645
1753294980.645457
1753294980.675106
1753294980.709137
1753294980.736153
1753294980.779286
1753294980.802719
1753294980.838575
1753294980.871718
1753294980.901402
1753294980.937788
1753294980.974359
1753294981.010771
1753294981.042765
1753294981.076715
1753294981.106597
1753294981.144750
1753294981.175607
1753294981.210618
1753294981.237267
1753294981.274633
1753294981.305620
1753294981.340442
1753294981.371868
1753294981.412224
1753294981.442740
1753294981.472955
1753294981.509248
1753294981.545240
1753294981.574377
1753294981.608729
1753294981.638942
1753294981.680259
1753294981.707710
1753294981.739627
1753294981.776012
1753294981.807517
1753294981.838474
1753294981.878052
1753294981.904365
1753294981.945352
1753294981.971147
1753294982.012185
1753294982.037286
1753294982.078799
1753294982.108492
1753294982.142713
1753294982.173942
1753294982.210646
1753294982.242845
1753294982.274854
1753294982.308731
1753294982.345284
1753294982.375399
1753294982.406428
1753294982.439373
1753294982.476555
1753294982.505872
1753294982.536004
1753294982.574207
1753294982.609821
1753294982.643176
1753294982.669267
1753294982.711557
1753294982.737250
1753294982.779099
1753294982.802675
1753294982.838205
1753294982.878955
1753294982.907625
1753294982.939489
1753294982.972409
1753294983.010553
1753294983.043521
1753294983.070092
1753294983.110775
1753294983.142848
1753294983.177995
1753294983.202744
1753294983.243420
1753294983.272390
1753294983.309622
1753294983.336293
1753294983.373968
1753294983.411380
1753294983.440747
1753294983.471044
1753294983.512096
1753294983.537852
1753294983.570652
1753294983.609627
1753294983.640411
1753294983.678077
1753294983.709621
1753294983.737062
1753294983.777881
1753294983.809569
1753294983.839027
1753294983.870372
1753294983.906774
1753294983.941382
1753294983.977880
1753294984.003948
1753294984.044829
1753294984.075608
1753294984.111390
1753294984.140172
1753294984.177084
1753294984.211953
1753294984.240747
1753294984.274804
1753294984.308873
1753294984.345496
1753294984.376413
1753294984.405150
1753294984.444837
1753294984.472199
1753294984.510547
1753294984.539669
1753294984.577106
1753294984.612227
1753294984.643647
1753294984.674164
1753294984.711107
1753294984.744471
1753294984.777318
1753294984.805784
1753294984.841092
1753294984.881201
1753294984.909092
1753294984.942838
1753294984.977746
1753294985.008842
1753294985.046873
1753294985.073444
1753294985.113308
1753294985.144457
1753294985.176108
1753294985.208663
1753294985.242584
1753294985.278477
1753294985.308767
1753294985.344419
1753294985.372544
1753294985.411388
1753294985.443722
1753294985.475652
1753294985.508761
1753294985.546950
1753294985.577476
1753294985.610602
1753294985.644061
1753294985.679485
1753294985.709806
1753294985.739613
1753294985.777483
1753294985.810372
1753294985.841867
1753294985.876087
1753294985.906910
1753294985.945955
1753294985.974107
1753294986.012727
1753294986.041029
1753294986.081033
1753294986.108748
1753294986.144863
1753294986.174707
1753294986.214168
1753294986.242461
1753294986.276868
1753294986.309971
1753294986.345844
1753294986.377559
1753294986.408664
1753294986.441963
1753294986.478326
1753294986.510977
1753294986.538396
1753294986.578899
1753294986.609341
1753294986.647262
1753294986.671672
1753294986.712656
1753294986.744249
1753294986.779052
1753294986.808227
1753294986.843260
1753294986.879432
1753294986.911112
1753294986.943413
1753294986.976884
1753294987.011816
1753294987.046913
1753294987.073773
1753294987.110737
1753294987.146029
1753294987.176569
1753294987.210862
1753294987.240436
1753294987.278870
1753294987.311180
1753294987.344949
1753294987.375503
1753294987.415840
1753294987.443018
1753294987.478469
1753294987.509932
1753294987.547693
1753294987.579404
1753294987.610074
1753294987.643427
1753294987.679387
1753294987.711213
1753294987.744364
1753294987.777402
1753294987.810241
1753294987.843470
1753294987.878534
1753294987.910266
1753294987.945662
1753294987.976974
1753294988.008243
1753294988.045836
1753294988.078467
1753294988.111546
1753294988.139765
1753294988.177551
1753294988.211881
1753294988.241896
1753294988.276981
1753294988.309743
1753294988.346416
1753294988.377953
1753294988.408656
1753294988.446934
1753294988.477586
1753294988.510767
1753294988.540937
1753294988.578400
1753294988.610483
1753294988.645730
1753294988.674520
1753294988.713642
1753294988.741252
1753294988.781122
1753294988.806543
1753294988.843552
1753294988.878842
1753294988.911165
1753294988.941760
1753294988.978126
1753294989.012609
1753294989.045294
1753294989.077190
1753294989.112015
1753294989.143668
1753294989.179380
1753294989.212842
1753294989.239436
1753294989.278952
1753294989.311681
1753294989.344859
1753294989.376555
1753294989.414051
1753294989.443953
1753294989.479094
1753294989.511911
1753294989.544728
1753294989.578776
1753294989.609902
1753294989.642780
1753294989.679338
1753294989.708591
1753294989.746224
1753294989.779606
1753294989.810010
1753294989.844234
1753294989.879049
1753294989.913743
1753294989.943057
1753294989.979045
1753294990.010991
1753294990.047924
1753294990.072955
1753294990.112192
1753294990.145741
1753294990.178074
1753294990.210543
1753294990.244309
1753294990.278273
1753294990.311072
1753294990.344227
1753294990.378363
1753294990.412758
1753294990.444648
1753294990.477672
1753294990.512615
1753294990.547402
1753294990.579568
1753294990.610322
1753294990.645538
1753294990.679746
1753294990.711554
1753294990.741469
1753294990.780560
1753294990.812504
1753294990.842336
1753294990.879132
1753294990.910694
1753294990.948952
1753294990.977406
1753294991.014746
1753294991.044431
1753294991.079903
1753294991.112770
1753294991.141243
1753294991.180846
1753294991.211928
1753294991.244957
1753294991.275780
1753294991.309508
1753294991.345521
1753294991.380232
1753294991.406817
1753294991.446359
1753294991.477717
1753294991.516273
1753294991.540014
1753294991.580427
1753294991.611752
1753294991.647509
1753294991.673695
1753294991.710774
1753294991.743793
1753294991.778420
1753294991.807202
1753294991.846260
1753294991.876748
1753294991.911139
1753294991.939953
1753294991.979036
1753294992.013894
1753294992.042356
1753294992.075744
1753294992.113719
1753294992.145271
1753294992.176887
1753294992.206884
1753294992.242685
1753294992.276271
1753294992.308476
1753294992.343740
1753294992.377207
1753294992.411187
1753294992.445945
1753294992.473955
1753294992.513833
1753294992.545302
1753294992.578924
1753294992.607235
1753294992.647779
1753294992.679088
1753294992.713042
1753294992.740696
1753294992.778012
1753294992.812897
1753294992.844224
1753294992.874065
1753294992.911530
1753294992.946627
1753294992.976347
1753294993.007597
1753294993.044889
1753294993.079794
1753294993.111308
1753294993.140847
1753294993.179096
1753294993.211715
1753294993.244992
1753294993.274270
1753294993.313299
1753294993.346581
1753294993.379271
1753294993.407606
1753294993.446348
1753294993.478304
1753294993.513374
1753294993.541009
1753294993.581083
1753294993.607944
1753294993.642492
1753294993.674941
1753294993.714610
1753294993.744994
1753294993.781376
1753294993.808098
1753294993.845527
1753294993.880474
1753294993.915719
1753294993.941353
1753294993.979431
1753294994.014515
1753294994.047668
1753294994.077271
1753294994.112262
1753294994.148877
1753294994.179276
1753294994.209914
1753294994.245478
1753294994.280489
1753294994.315277
1753294994.341517
1753294994.380357
1753294994.414043
1753294994.447536
1753294994.474972
1753294994.515648
1753294994.545224
1753294994.581770
1753294994.608423
1753294994.648338
1753294994.678699
1753294994.714892
1753294994.741885
1753294994.783315
1753294994.812108
1753294994.847285
1753294994.875283
1753294994.916379
1753294994.945195
1753294994.979561
1753294995.009534
1753294995.047932
1753294995.082441
1753294995.111932
1753294995.145061
1753294995.179995
1753294995.214797
1753294995.245238
1753294995.278550
1753294995.312832
1753294995.349049
1753294995.378741
1753294995.411629
1753294995.445988
1753294995.479805
1753294995.515634
1753294995.542315
1753294995.578985
1753294995.614971
1753294995.648893
1753294995.676407
1753294995.713406
1753294995.747554
1753294995.785304
1753294995.808950
1753294995.846722
1753294995.886377
1753294995.912245
1753294995.944751
1753294995.981649
1753294996.009877
1753294996.049002
1753294996.075613
1753294996.117044
1753294996.145770
1753294996.182612
1753294996.208181
1753294996.243336
1753294996.276226
1753294996.309153
1753294996.342398
1753294996.375657
1753294996.414873
1753294996.450159
1753294996.475918
1753294996.516343
1753294996.545286
1753294996.582005
1753294996.609325
1753294996.654642
1753294996.678025
1753294996.714762
1753294996.743064
1753294996.782602
1753294996.812518
1753294996.847199
1753294996.876646
1753294996.917513
1753294996.945718
1753294996.979760
1753294997.010455
1753294997.049885
1753294997.079592
1753294997.115401
1753294997.143950
1753294997.178300
1753294997.219548
1753294997.245577
1753294997.279371
1753294997.314613
1753294997.349935
1753294997.380704
1753294997.411190
1753294997.448097
