1753296447.106490
1753296447.206492
1753296447.239817
1753296447.272475
1753296447.306750
1753296447.340551
1753296447.373936
1753296447.406391
1753296447.440370
1753296447.483297
1753296447.508645
1753296447.552079
1753296447.585019
1753296447.615394
1753296447.651606
1753296447.683377
1753296447.714191
1753296447.750183
1753296447.782042
1753296447.814905
1753296447.846250
1753296447.885660
1753296447.915253
1753296447.950562
1753296447.984344
1753296448.019356
1753296448.049904
1753296448.084328
1753296448.116114
1753296448.148887
1753296448.186236
1753296448.218397
1753296448.244364
1753296448.277759
1753296448.311392
1753296448.345133
1753296448.385670
1753296448.419174
1753296448.455460
1753296448.487564
1753296448.520692
1753296448.554029
1753296448.577041
1753296448.607298
1753296448.650355
1753296448.686142
1753296448.707075
1753296448.739759
1753296448.779408
1753296448.805911
1753296448.842613
1753296448.872383
1753296448.914956
1753296448.940627
1753296448.980683
1753296449.006811
1753296449.049481
1753296449.074069
1753296449.113541
1753296449.140279
1753296449.183128
1753296449.207265
1753296449.250046
1753296449.273706
1753296449.315238
1753296449.341210
1753296449.384381
1753296449.407010
1753296449.447915
1753296449.475886
1753296449.518707
1753296449.540468
1753296449.582805
1753296449.607972
1753296449.652276
1753296449.673883
1753296449.716860
1753296449.741456
1753296449.782643
1753296449.807218
1753296449.847536
1753296449.876433
1753296449.910775
1753296449.940507
1753296449.981912
1753296450.008621
1753296450.051570
1753296450.074087
1753296450.117276
1753296450.141943
1753296450.184505
1753296450.207780
1753296450.250043
1753296450.277564
1753296450.314328
1753296450.341598
1753296450.384663
1753296450.408481
1753296450.450150
1753296450.474707
1753296450.518388
1753296450.542443
1753296450.582879
1753296450.608279
1753296450.650735
1753296450.676696
1753296450.718895
1753296450.741063
1753296450.782208
1753296450.808038
1753296450.849475
1753296450.874850
1753296450.917871
1753296450.941868
1753296450.986263
1753296451.008306
1753296451.049955
1753296451.078729
1753296451.119938
1753296451.141342
1753296451.180286
1753296451.214215
1753296451.241522
1753296451.274713
1753296451.312570
1753296451.345549
1753296451.377281
1753296451.412345
1753296451.444459
1753296451.484117
1753296451.512114
1753296451.543341
1753296451.583854
1753296451.611619
1753296451.652450
1753296451.675360
1753296451.718416
1753296451.746237
1753296451.784706
1753296451.808456
1753296451.853021
1753296451.876552
1753296451.919169
1753296451.941786
1753296451.986166
1753296452.010141
1753296452.052586
1753296452.075418
1753296452.119106
1753296452.143978
1753296452.184934
1753296452.210358
1753296452.252091
1753296452.279321
1753296452.318378
1753296452.343944
1753296452.384339
1753296452.412780
1753296452.451375
1753296452.477515
1753296452.518864
1753296452.547508
1753296452.584561
1753296452.608902
1753296452.652080
1753296452.677618
1753296452.719324
1753296452.742937
1753296452.783960
1753296452.809852
1753296452.851205
1753296452.876642
1753296452.919270
1753296452.944498
1753296452.986040
1753296453.009269
1753296453.052298
1753296453.077538
1753296453.117516
1753296453.143512
1753296453.185943
1753296453.211166
1753296453.251831
1753296453.276556
1753296453.318095
1753296453.345438
1753296453.386885
1753296453.409134
1753296453.451148
1753296453.478261
1753296453.520643
1753296453.542602
1753296453.585939
1753296453.611703
1753296453.654368
1753296453.675917
1753296453.718787
1753296453.745012
1753296453.784472
1753296453.809573
1753296453.851492
1753296453.879681
1753296453.920943
1753296453.942569
1753296453.980644
1753296454.011250
1753296454.045027
1753296454.078619
1753296454.117943
1753296454.146192
1753296454.187308
1753296454.209852
1753296454.253017
1753296454.279328
1753296454.320579
1753296454.342960
1753296454.378617
1753296454.413808
1753296454.450282
1753296454.476355
1753296454.515530
1753296454.550810
1753296454.585392
1753296454.611754
1753296454.652652
1753296454.679764
1753296454.719967
1753296454.743438
1753296454.783907
1753296454.812871
1753296454.853617
1753296454.876538
1753296454.919812
1753296454.944748
1753296454.987784
1753296455.009839
1753296455.052357
1753296455.081153
1753296455.119346
1753296455.143267
1753296455.185574
1753296455.215274
1753296455.250630
1753296455.276832
1753296455.311241
1753296455.353791
1753296455.378738
1753296455.413898
1753296455.449324
1753296455.485891
1753296455.515778
1753296455.552135
1753296455.579394
1753296455.620325
1753296455.648070
1753296455.684387
1753296455.714256
1753296455.754774
1753296455.779765
1753296455.812813
1753296455.852661
1753296455.880940
1753296455.919026
1753296455.944894
1753296455.987036
1753296456.014479
1753296456.054631
1753296456.077529
1753296456.116360
1753296456.152144
1753296456.185817
1753296456.214359
1753296456.251776
1753296456.286360
1753296456.316331
1753296456.349996
1753296456.383989
1753296456.418550
1753296456.449124
1753296456.483605
1753296456.516426
1753296456.552810
1753296456.585294
1753296456.614540
1753296456.650697
1753296456.686533
1753296456.718308
1753296456.749352
1753296456.782262
1753296456.815193
1753296456.852917
1753296456.881499
1753296456.918545
1753296456.951303
1753296456.986291
1753296457.021036
1753296457.044533
1753296457.087598
1753296457.114771
1753296457.152635
1753296457.182267
1753296457.218358
1753296457.248879
1753296457.286579
1753296457.318310
1753296457.353509
1753296457.381778
1753296457.419934
1753296457.449899
1753296457.486280
1753296457.515684
1753296457.553844
1753296457.585494
1753296457.615669
1753296457.651356
1753296457.686911
1753296457.717523
1753296457.752956
1753296457.780618
1753296457.817140
1753296457.853036
1753296457.884281
1753296457.916761
1753296457.953708
1753296457.985375
1753296458.017071
1753296458.049965
1753296458.086605
1753296458.117286
1753296458.151724
1753296458.183229
1753296458.219400
1753296458.253976
1753296458.283681
1753296458.319657
1753296458.352512
1753296458.386386
1753296458.416092
1753296458.450681
1753296458.486784
1753296458.518656
1753296458.553900
1753296458.582822
1753296458.621485
1753296458.647528
1753296458.687562
1753296458.714767
1753296458.755515
1753296458.781069
1753296458.813515
1753296458.850914
1753296458.882455
1753296458.915247
1753296458.945228
1753296458.983274
1753296459.013918
1753296459.049818
1753296459.078740
1753296459.116504
1753296459.148506
1753296459.184968
1753296459.212389
1753296459.253122
1753296459.285354
1753296459.320518
1753296459.350854
1753296459.386263
1753296459.418500
1753296459.453177
1753296459.483150
1753296459.519403
1753296459.551247
1753296459.587799
1753296459.616303
1753296459.651831
1753296459.686887
1753296459.719896
1753296459.746413
1753296459.784417
1753296459.816530
1753296459.853679
1753296459.880813
1753296459.920934
1753296459.949650
1753296459.988085
1753296460.014330
1753296460.052345
1753296460.087401
1753296460.118880
1753296460.149898
1753296460.185452
1753296460.219082
1753296460.252806
1753296460.283335
1753296460.319210
1753296460.353403
1753296460.384637
1753296460.419829
1753296460.450264
1753296460.489467
1753296460.519470
1753296460.550742
1753296460.586131
1753296460.619164
1753296460.653620
1753296460.684263
1753296460.716385
1753296460.755647
1753296460.783814
1753296460.817621
1753296460.853076
1753296460.885514
1753296460.920596
1753296460.949271
1753296460.988735
1753296461.019913
1753296461.052609
1753296461.084775
1753296461.119333
1753296461.154081
1753296461.187978
1753296461.212497
1753296461.252814
1753296461.287397
1753296461.316993
1753296461.352746
1753296461.382943
1753296461.421541
1753296461.451511
1753296461.484753
1753296461.519721
1753296461.553932
1753296461.586290
1753296461.616932
1753296461.654672
1753296461.686847
1753296461.718834
1753296461.752918
1753296461.782760
1753296461.817150
1753296461.852713
1753296461.885336
1753296461.920371
1753296461.955012
1753296461.986714
1753296462.018659
1753296462.053562
1753296462.087828
1753296462.120979
1753296462.149662
1753296462.188115
1753296462.219686
1753296462.252564
1753296462.282312
1753296462.318655
1753296462.354017
1753296462.388328
1753296462.417503
1753296462.454294
1753296462.486610
1753296462.521078
1753296462.552077
1753296462.587168
1753296462.620204
1753296462.652606
1753296462.686281
1753296462.719029
1753296462.754629
1753296462.784651
1753296462.816651
1753296462.855461
1753296462.886433
1753296462.919652
1753296462.951271
1753296462.986810
1753296463.021193
1753296463.054446
1753296463.083978
1753296463.120212
1753296463.153642
1753296463.188709
1753296463.215652
1753296463.253979
1753296463.286262
1753296463.319445
1753296463.350656
1753296463.387641
1753296463.419442
1753296463.453418
1753296463.485713
1753296463.520475
1753296463.553332
1753296463.587851
1753296463.618813
1753296463.653368
1753296463.687793
1753296463.721935
1753296463.750386
1753296463.787486
1753296463.815890
1753296463.855920
1753296463.882261
1753296463.921463
1753296463.953954
1753296463.988589
1753296464.017456
1753296464.053450
1753296464.085678
1753296464.121648
1753296464.152189
1753296464.187494
1753296464.220385
1753296464.254578
1753296464.282983
1753296464.320998
1753296464.354639
1753296464.388528
1753296464.418179
1753296464.453386
1753296464.486196
1753296464.522374
1753296464.551879
1753296464.587884
1753296464.622287
1753296464.656328
1753296464.685770
1753296464.718984
1753296464.754610
1753296464.788701
1753296464.814173
1753296464.851657
1753296464.887428
1753296464.921513
1753296464.948391
1753296464.984308
1753296465.016938
1753296465.053311
1753296465.085806
1753296465.120497
1753296465.153282
1753296465.188351
1753296465.217904
1753296465.256664
1753296465.286065
1753296465.318424
1753296465.352944
1753296465.381706
1753296465.421694
1753296465.454393
1753296465.488721
1753296465.522681
1753296465.552638
1753296465.587338
1753296465.621714
1753296465.653511
1753296465.688509
1753296465.719693
1753296465.754048
1753296465.788120
1753296465.814844
1753296465.855347
1753296465.889717
1753296465.922684
1753296465.953681
1753296465.986593
1753296466.022583
1753296466.057523
1753296466.085865
1753296466.121409
1753296466.156141
1753296466.189668
1753296466.219511
1753296466.254032
1753296466.287824
1753296466.321620
1753296466.354046
1753296466.389095
1753296466.424350
1753296466.452120
1753296466.491162
1753296466.518633
1753296466.555088
1753296466.588960
1753296466.619952
1753296466.654819
1753296466.689794
1753296466.720770
1753296466.755027
1753296466.784091
1753296466.820316
1753296466.854999
1753296466.889203
1753296466.920117
1753296466.954203
1753296466.988960
1753296467.019785
1753296467.054524
1753296467.088843
1753296467.123476
1753296467.151485
1753296467.188706
1753296467.222674
1753296467.254342
1753296467.285292
1753296467.322390
1753296467.356631
1753296467.388094
1753296467.419764
1753296467.453793
1753296467.488976
1753296467.522820
1753296467.553298
1753296467.587803
1753296467.622417
1753296467.657284
1753296467.686029
1753296467.721352
1753296467.756156
1753296467.787926
1753296467.817337
1753296467.856294
1753296467.888104
1753296467.922938
1753296467.953469
1753296467.990217
1753296468.021141
1753296468.055411
1753296468.088515
1753296468.121800
1753296468.157097
1753296468.190670
1753296468.219102
1753296468.253725
1753296468.287256
1753296468.321572
1753296468.356192
1753296468.389107
1753296468.423696
1753296468.453826
1753296468.490026
1753296468.521432
1753296468.556534
1753296468.588497
1753296468.623405
1753296468.653460
1753296468.689766
1753296468.720907
1753296468.756411
1753296468.785647
1753296468.818310
1753296468.856206
1753296468.887811
1753296468.923600
1753296468.954079
1753296468.990354
1753296469.022483
1753296469.055954
1753296469.090188
1753296469.123409
1753296469.152552
1753296469.188637
1753296469.222172
1753296469.260141
1753296469.285887
1753296469.322642
1753296469.357391
1753296469.390392
1753296469.419825
1753296469.458127
1753296469.488230
1753296469.523751
1753296469.552326
1753296469.589157
1753296469.624308
1753296469.655345
1753296469.688881
1753296469.723308
1753296469.755054
1753296469.788622
1753296469.818343
1753296469.858617
1753296469.890568
1753296469.925699
1753296469.953267
1753296469.989793
1753296470.021681
1753296470.058276
1753296470.086785
1753296470.123262
1753296470.154074
1753296470.189136
1753296470.219724
1753296470.255672
1753296470.288811
1753296470.326119
1753296470.353855
1753296470.390631
1753296470.424939
1753296470.459519
1753296470.487350
1753296470.523425
1753296470.557831
1753296470.592576
1753296470.620797
1753296470.656094
1753296470.692234
1753296470.724586
1753296470.757356
1753296470.788947
1753296470.820297
1753296470.861642
1753296470.887587
1753296470.924643
1753296470.954161
1753296470.995746
1753296471.019625
1753296471.061754
1753296471.084881
1753296471.122932
1753296471.153634
1753296471.190219
1753296471.221946
1753296471.254879
1753296471.285509
1753296471.325829
1753296471.358225
1753296471.391515
1753296471.419245
1753296471.456372
1753296471.492320
1753296471.521814
1753296471.553112
1753296471.588356
1753296471.624810
1753296471.660730
1753296471.686860
1753296471.722334
1753296471.762881
1753296471.787660
1753296471.820807
1753296471.856918
1753296471.892372
1753296471.923963
1753296471.954131
1753296471.990725
1753296472.024933
1753296472.059796
1753296472.087187
1753296472.122389
1753296472.158737
1753296472.195000
1753296472.219166
1753296472.256639
1753296472.288297
1753296472.325400
1753296472.354936
1753296472.391672
1753296472.423238
1753296472.458691
1753296472.488538
1753296472.524942
1753296472.560090
1753296472.590595
1753296472.622039
1753296472.657622
1753296472.692000
1753296472.728551
1753296472.754507
1753296472.789101
1753296472.822234
1753296472.860048
1753296472.888350
1753296472.925466
1753296472.954704
1753296472.995508
1753296473.020580
1753296473.057659
1753296473.092586
1753296473.128325
1753296473.153720
1753296473.189266
1753296473.224922
1753296473.260865
1753296473.285881
1753296473.329897
1753296473.354639
1753296473.390760
1753296473.423534
1753296473.457387
1753296473.498495
1753296473.521187
1753296473.562185
1753296473.587444
1753296473.629946
1753296473.654592
1753296473.698183
1753296473.718489
1753296473.763138
1753296473.787612
1753296473.823851
1753296473.861996
1753296473.888132
1753296473.925502
1753296473.956348
1753296473.993532
1753296474.021800
1753296474.061308
1753296474.088851
1753296474.130990
1753296474.154141
1753296474.191469
1753296474.225400
1753296474.264002
1753296474.287496
1753296474.330150
1753296474.355790
1753296474.394016
1753296474.421717
1753296474.457069
1753296474.497297
1753296474.522345
1753296474.564882
1753296474.586856
1753296474.631169
1753296474.655056
1753296474.693752
1753296474.721891
1753296474.764501
1753296474.788200
1753296474.824014
1753296474.859238
1753296474.897800
1753296474.921771
1753296474.959295
1753296474.992046
1753296475.024169
1753296475.063899
1753296475.088474
1753296475.126169
1753296475.160253
1753296475.191177
1753296475.225136
1753296475.256560
1753296475.290417
1753296475.331975
1753296475.353447
1753296475.396839
1753296475.419140
1753296475.454477
1753296475.491825
1753296475.524793
1753296475.564917
1753296475.588443
1753296475.625740
1753296475.655914
1753296475.697666
1753296475.721766
1753296475.758543
1753296475.789884
1753296475.824975
1753296475.864835
1753296475.887305
1753296475.929232
1753296475.954676
1753296475.990811
1753296476.020791
1753296476.061436
1753296476.089167
1753296476.130462
1753296476.153982
1753296476.193882
1753296476.222844
1753296476.263021
1753296476.288425
1753296476.323779
1753296476.364670
1753296476.388387
1753296476.430452
1753296476.454511
1753296476.495776
1753296476.523332
1753296476.565357
1753296476.587890
1753296476.629251
1753296476.656396
1753296476.699061
1753296476.720722
1753296476.766907
1753296476.788795
1753296476.825045
1753296476.862412
1753296476.889750
1753296476.932608
1753296476.954646
1753296477.000392
1753296477.022136
1753296477.064734
1753296477.088016
1753296477.125920
1753296477.161692
1753296477.189748
1753296477.224648
1753296477.256994
1753296477.289345
1753296477.329155
1753296477.354769
1753296477.393377
1753296477.425389
1753296477.462179
1753296477.488596
1753296477.529206
1753296477.558087
1753296477.598772
1753296477.621599
1753296477.665834
1753296477.688967
1753296477.728734
1753296477.755062
1753296477.791218
1753296477.826532
1753296477.864738
1753296477.888385
1753296477.926882
1753296477.958727
1753296478.000957
1753296478.021721
1753296478.064263
1753296478.089718
1753296478.132661
1753296478.155015
1753296478.198417
1753296478.222447
1753296478.264553
1753296478.288251
1753296478.332255
1753296478.355806
1753296478.397461
1753296478.421750
1753296478.464159
1753296478.489545
1753296478.531800
1753296478.555320
1753296478.596899
1753296478.623086
1753296478.661594
1753296478.689048
1753296478.728616
1753296478.757336
1753296478.795826
1753296478.820815
1753296478.866897
1753296478.889272
1753296478.931415
1753296478.955564
1753296478.997118
1753296479.025695
1753296479.066549
1753296479.088907
1753296479.128805
1753296479.158195
1753296479.200390
1753296479.221756
1753296479.262958
1753296479.291619
1753296479.334174
1753296479.355539
1753296479.399074
1753296479.424032
1753296479.460207
1753296479.489560
1753296479.527168
1753296479.558797
1753296479.594637
1753296479.621553
1753296479.667050
1753296479.689438
1753296479.730497
1753296479.755530
1753296479.794567
1753296479.826983
1753296479.867431
1753296479.889138
1753296479.930532
1753296479.957704
1753296480.000813
1753296480.022589
1753296480.066934
1753296480.089205
1753296480.132740
1753296480.155936
1753296480.199613
1753296480.222383
1753296480.268852
1753296480.289023
1753296480.332191
1753296480.355941
1753296480.401028
1753296480.422784
1753296480.461375
1753296480.498396
1753296480.526157
1753296480.564443
1753296480.589542
1753296480.629996
1753296480.660014
1753296480.689648
1753296480.726751
1753296480.758029
1753296480.789717
1753296480.825792
1753296480.861366
1753296480.899452
1753296480.923179
1753296480.961054
1753296480.990110
1753296481.032248
1753296481.057015
1753296481.095913
1753296481.123182
1753296481.168754
1753296481.189868
1753296481.229556
1753296481.256284
1753296481.291578
1753296481.327917
1753296481.356951
1753296481.397059
1753296481.428467
1753296481.463161
1753296481.490094
1753296481.532610
1753296481.558342
1753296481.601138
1753296481.623435
1753296481.665270
1753296481.692535
1753296481.733684
1753296481.756076
1753296481.795672
1753296481.828301
1753296481.868095
1753296481.890045
1753296481.932424
1753296481.957664
1753296482.000178
1753296482.035464
1753296482.056773
1753296482.100345
1753296482.123857
1753296482.169947
1753296482.190899
1753296482.230002
1753296482.257183
1753296482.300691
1753296482.327276
1753296482.361810
1753296482.395438
1753296482.435352
1753296482.457356
1753296482.500868
1753296482.524076
1753296482.570349
1753296482.591039
1753296482.633400
1753296482.657860
1753296482.698810
1753296482.729249
1753296482.761198
1753296482.793988
1753296482.828686
1753296482.869353
1753296482.890695
1753296482.934113
1753296482.957970
1753296483.002698
1753296483.024430
1753296483.067229
1753296483.092286
1753296483.134163
1753296483.158230
1753296483.200459
1753296483.227402
1753296483.269209
1753296483.290662
1753296483.333514
1753296483.359654
1753296483.395879
1753296483.424449
1753296483.463678
1753296483.496800
1753296483.528609
1753296483.558240
1753296483.595620
1753296483.627630
1753296483.659841
1753296483.691423
1753296483.731548
1753296483.760098
1753296483.795849
1753296483.823033
1753296483.869767
1753296483.891458
1753296483.935040
1753296483.957724
1753296484.000659
1753296484.027748
1753296484.069359
1753296484.091930
1753296484.134617
1753296484.159753
1753296484.201314
1753296484.226874
1753296484.263395
1753296484.298964
1753296484.334485
1753296484.359539
1753296484.400879
1753296484.429310
1753296484.465227
1753296484.494828
1753296484.535544
1753296484.561060
1753296484.602920
1753296484.625885
1753296484.668478
1753296484.693978
1753296484.736044
1753296484.759080
1753296484.796318
1753296484.828519
1753296484.869696
1753296484.893319
1753296484.934586
1753296484.964095
1753296485.002885
1753296485.026709
1753296485.069152
1753296485.093026
1753296485.135969
1753296485.160390
1753296485.201714
1753296485.227488
1753296485.269574
1753296485.293284
1753296485.335577
1753296485.362943
1753296485.398977
1753296485.427019
1753296485.462639
1753296485.497003
1753296485.526299
1753296485.564853
1753296485.592920
1753296485.637369
1753296485.660528
1753296485.701399
1753296485.726904
1753296485.769407
1753296485.793596
1753296485.829435
1753296485.865056
1753296485.900685
1753296485.931190
1753296485.961679
1753296485.999919
1753296486.031380
1753296486.065821
1753296486.093089
1753296486.135350
1753296486.161222
1753296486.203156
1753296486.226054
1753296486.269013
1753296486.293502
1753296486.336236
1753296486.360805
1753296486.402560
1753296486.430741
1753296486.466583
1753296486.494732
1753296486.535484
1753296486.565426
1753296486.602214
1753296486.628185
1753296486.669162
1753296486.697631
1753296486.735141
1753296486.761268
1753296486.802605
1753296486.825616
1753296486.868061
1753296486.894451
1753296486.936283
1753296486.958239
1753296486.995196
1753296487.025938
1753296487.067177
1753296487.100663
1753296487.133831
1753296487.162010
1753296487.202877
1753296487.230160
1753296487.268294
1753296487.295601
1753296487.335997
1753296487.365390
1753296487.402215
1753296487.428235
1753296487.464481
1753296487.503585
1753296487.526602
1753296487.568848
1753296487.595197
1753296487.636700
1753296487.662634
1753296487.695854
1753296487.730065
1753296487.770353
1753296487.795146
1753296487.825977
1753296487.868245
1753296487.896610
1753296487.935663
1753296487.960007
1753296488.002813
1753296488.028832
1753296488.070350
1753296488.093796
1753296488.132398
1753296488.169202
1753296488.199823
1753296488.230680
1753296488.267601
1753296488.298470
1753296488.335510
1753296488.361233
1753296488.402881
1753296488.429088
1753296488.469520
1753296488.495681
1753296488.536764
1753296488.565462
1753296488.602714
1753296488.627988
1753296488.666948
1753296488.697964
1753296488.730132
1753296488.764836
1753296488.793913
1753296488.831649
1753296488.863423
1753296488.899564
1753296488.931445
1753296488.968144
1753296489.002486
1753296489.029468
1753296489.070311
1753296489.098312
1753296489.135913
1753296489.162911
1753296489.201779
1753296489.231717
1753296489.269577
1753296489.296043
1753296489.336676
1753296489.364041
1753296489.402477
1753296489.426142
1753296489.470106
1753296489.496541
1753296489.537476
1753296489.561409
1753296489.603530
1753296489.632886
1753296489.669657
1753296489.697754
1753296489.734168
1753296489.769843
1753296489.798122
1753296489.829411
1753296489.870062
1753296489.898794
1753296489.936190
1753296489.961876
1753296490.003691
1753296490.031478
1753296490.067562
1753296490.096703
1753296490.135199
1753296490.169144
1753296490.202796
1753296490.231827
1753296490.263790
1753296490.300410
1753296490.336175
1753296490.368594
1753296490.394128
1753296490.437962
1753296490.465781
1753296490.502461
1753296490.531875
1753296490.567008
1753296490.598584
1753296490.636993
1753296490.667552
1753296490.700316
1753296490.734055
1753296490.769896
1753296490.801334
1753296490.827786
1753296490.869935
1753296490.900010
1753296490.937149
1753296490.963969
1753296491.002935
1753296491.034251
1753296491.069435
1753296491.099104
1753296491.135019
1753296491.169553
1753296491.201252
1753296491.232883
1753296491.267954
1753296491.301711
1753296491.336880
1753296491.364759
1753296491.401588
1753296491.435973
1753296491.466527
1753296491.501191
1753296491.529694
1753296491.569850
1753296491.601069
1753296491.632873
1753296491.669377
1753296491.700487
1753296491.736064
1753296491.765469
1753296491.801925
1753296491.834002
1753296491.870240
1753296491.896879
1753296491.936819
1753296491.967110
1753296492.004442
1753296492.030786
1753296492.068646
1753296492.102349
1753296492.135370
1753296492.166422
1753296492.203021
1753296492.233530
1753296492.269907
1753296492.298436
1753296492.330990
1753296492.368791
1753296492.403449
1753296492.433035
1753296492.469037
1753296492.502710
1753296492.532801
1753296492.569169
1753296492.599894
1753296492.637744
1753296492.668404
1753296492.699698
1753296492.735754
1753296492.768314
1753296492.802187
1753296492.828836
1753296492.870320
1753296492.902175
1753296492.937330
1753296492.964815
1753296493.002582
1753296493.035136
1753296493.070388
1753296493.097689
1753296493.135790
1753296493.167753
1753296493.203703
1753296493.232133
1753296493.269227
1753296493.301248
1753296493.336616
1753296493.365206
1753296493.402414
1753296493.436772
1753296493.470143
1753296493.497893
1753296493.532783
1753296493.571582
1753296493.602238
1753296493.633448
1753296493.669362
1753296493.701678
1753296493.736256
1753296493.765831
1753296493.802364
1753296493.835490
1753296493.870701
1753296493.900348
1753296493.936657
1753296493.969233
1753296494.004535
1753296494.031629
1753296494.069489
1753296494.101292
1753296494.136915
1753296494.164339
1753296494.204439
1753296494.234561
1753296494.270382
1753296494.299768
1753296494.336172
1753296494.370868
1753296494.402023
1753296494.434614
1753296494.469621
1753296494.502416
1753296494.535231
1753296494.565124
1753296494.602019
1753296494.637063
1753296494.669880
1753296494.700578
1753296494.735384
1753296494.770678
1753296494.800896
1753296494.835996
1753296494.867828
1753296494.903438
1753296494.938010
1753296494.967822
1753296495.002358
1753296495.037654
1753296495.069659
1753296495.101146
1753296495.136365
1753296495.171136
1753296495.202963
1753296495.233211
1753296495.270811
1753296495.301843
1753296495.338816
1753296495.366949
1753296495.403005
1753296495.438144
1753296495.468993
1753296495.501310
1753296495.534051
1753296495.567050
1753296495.598275
1753296495.636404
1753296495.667534
1753296495.702975
1753296495.735160
1753296495.767341
1753296495.800872
1753296495.836195
1753296495.868687
1753296495.899832
1753296495.936338
1753296495.968644
1753296496.003459
1753296496.033883
1753296496.071668
1753296496.102729
1753296496.136671
1753296496.166656
1753296496.204799
1753296496.235499
1753296496.271575
1753296496.300778
1753296496.336526
1753296496.368563
1753296496.405822
1753296496.434541
1753296496.469439
1753296496.502119
1753296496.535712
1753296496.565909
1753296496.604829
1753296496.638471
1753296496.671527
1753296496.699946
1753296496.739374
1753296496.768941
1753296496.803890
1753296496.830970
1753296496.869312
1753296496.902325
1753296496.937428
1753296496.967279
1753296497.003298
1753296497.038617
1753296497.071573
1753296497.101352
1753296497.136696
1753296497.171394
1753296497.204476
1753296497.235646
1753296497.269643
1753296497.304537
1753296497.338101
1753296497.367736
1753296497.403263
1753296497.437813
1753296497.470943
1753296497.501401
1753296497.535143
1753296497.570113
1753296497.603990
1753296497.633685
1753296497.671616
1753296497.703025
1753296497.737006
1753296497.768976
1753296497.802216
1753296497.837038
1753296497.870985
1753296497.899149
1753296497.938052
1753296497.967674
1753296498.001174
1753296498.030434
1753296498.071162
1753296498.103907
1753296498.137828
1753296498.169679
1753296498.203448
1753296498.237099
1753296498.271020
1753296498.302831
1753296498.337534
1753296498.370645
1753296498.403152
1753296498.434689
1753296498.470094
1753296498.504348
1753296498.536727
1753296498.568993
1753296498.603430
1753296498.636671
1753296498.668963
1753296498.703471
1753296498.731410
1753296498.771271
1753296498.804641
1753296498.836706
1753296498.870087
1753296498.902566
1753296498.938022
1753296498.972667
1753296499.003267
1753296499.036847
1753296499.070872
1753296499.104263
1753296499.139057
1753296499.170098
1753296499.203140
1753296499.237720
1753296499.272178
1753296499.302644
1753296499.337346
1753296499.371098
1753296499.403168
1753296499.436443
1753296499.470858
1753296499.501628
1753296499.536923
1753296499.569077
1753296499.603077
1753296499.636584
1753296499.670055
1753296499.704503
1753296499.735702
1753296499.769415
1753296499.803143
1753296499.837002
1753296499.870156
1753296499.904334
1753296499.938763
1753296499.969376
1753296500.003963
1753296500.038344
1753296500.072872
1753296500.102489
1753296500.138068
1753296500.172631
1753296500.204136
1753296500.236332
1753296500.270161
1753296500.305298
1753296500.338786
1753296500.369208
1753296500.405129
1753296500.440013
1753296500.470314
1753296500.505027
1753296500.536567
1753296500.569661
1753296500.605650
1753296500.636879
1753296500.671581
1753296500.705727
1753296500.740150
1753296500.769416
1753296500.803996
1753296500.837390
1753296500.871619
1753296500.903954
1753296500.937839
1753296500.972386
1753296501.007307
1753296501.036415
1753296501.072621
1753296501.106565
1753296501.138741
1753296501.169788
1753296501.205542
1753296501.237951
1753296501.272422
1753296501.302175
1753296501.340324
1753296501.369944
1753296501.404946
1753296501.436452
1753296501.471013
1753296501.506019
1753296501.537538
1753296501.571477
1753296501.603882
1753296501.640054
1753296501.672420
1753296501.702872
1753296501.738341
1753296501.773218
1753296501.803512
1753296501.836487
1753296501.868899
1753296501.908178
1753296501.937483
1753296501.970002
1753296502.004194
1753296502.038534
1753296502.072720
1753296502.103148
1753296502.138647
1753296502.173365
1753296502.204628
1753296502.236864
1753296502.271816
1753296502.306751
1753296502.337943
1753296502.370910
1753296502.403495
1753296502.439031
1753296502.472772
1753296502.503652
1753296502.538090
1753296502.573506
1753296502.605843
1753296502.637250
1753296502.672186
1753296502.706596
1753296502.740530
1753296502.769998
1753296502.805143
1753296502.839488
1753296502.873921
1753296502.903064
1753296502.943301
1753296502.971453
1753296503.006124
1753296503.036763
1753296503.072109
1753296503.107021
1753296503.140129
1753296503.170199
1753296503.205758
1753296503.239229
1753296503.274590
1753296503.303045
1753296503.341753
1753296503.371001
1753296503.410766
1753296503.433470
1753296503.473856
1753296503.507842
1753296503.537094
1753296503.572320
1753296503.603858
1753296503.643869
1753296503.670404
1753296503.705468
1753296503.739404
1753296503.775072
1753296503.804155
1753296503.838118
1753296503.870282
1753296503.906379
1753296503.938379
1753296503.970232
1753296504.005264
1753296504.043461
1753296504.070749
1753296504.107226
1753296504.136814
1753296504.173321
1753296504.205672
1753296504.237118
1753296504.273107
1753296504.304081
1753296504.340840
1753296504.370223
1753296504.405384
1753296504.441446
1753296504.472896
1753296504.505349
1753296504.539888
1753296504.571536
1753296504.608600
1753296504.637330
1753296504.673318
1753296504.706034
1753296504.742561
1753296504.770912
1753296504.805261
1753296504.839686
1753296504.874397
1753296504.904514
1753296504.940611
1753296504.973695
1753296505.005565
1753296505.040156
1753296505.071144
1753296505.111893
1753296505.137554
1753296505.172672
1753296505.204382
1753296505.241040
1753296505.276273
1753296505.301539
1753296505.338852
1753296505.375540
1753296505.407971
1753296505.435200
1753296505.475669
1753296505.508626
1753296505.541194
1753296505.570612
1753296505.609433
1753296505.635841
1753296505.670781
1753296505.702594
1753296505.739251
1753296505.777963
1753296505.804355
1753296505.838015
1753296505.873280
1753296505.905746
1753296505.942019
1753296505.970407
1753296506.007028
1753296506.042076
1753296506.078182
1753296506.101475
1753296506.142933
1753296506.172153
1753296506.208975
1753296506.237521
1753296506.278006
1753296506.305287
1753296506.345713
1753296506.369089
1753296506.405973
1753296506.443100
1753296506.472146
1753296506.507070
1753296506.538690
1753296506.575962
1753296506.606489
1753296506.640516
1753296506.671710
1753296506.709014
1753296506.741408
1753296506.771647
1753296506.807495
1753296506.841449
1753296506.879197
1753296506.903791
1753296506.940356
1753296506.977398
1753296507.005628
1753296507.043822
1753296507.069177
1753296507.107883
1753296507.144471
1753296507.171888
1753296507.209059
1753296507.240130
1753296507.274931
1753296507.310275
1753296507.340213
1753296507.371059
1753296507.408351
1753296507.439850
1753296507.481500
1753296507.502604
1753296507.540731
1753296507.579028
1753296507.605663
1753296507.638193
1753296507.673984
1753296507.708029
1753296507.744751
1753296507.770780
1753296507.806625
1753296507.839623
1753296507.879358
1753296507.903201
1753296507.940551
1753296507.978300
1753296508.005566
1753296508.039142
1753296508.073328
1753296508.111916
1753296508.138448
1753296508.175138
1753296508.205402
1753296508.242761
1753296508.277763
1753296508.304165
1753296508.345395
1753296508.371791
1753296508.414618
1753296508.436278
1753296508.473327
1753296508.511808
1753296508.538566
1753296508.574265
1753296508.607059
1753296508.645269
1753296508.672247
1753296508.709065
1753296508.738370
1753296508.776814
1753296508.807049
1753296508.839473
1753296508.876399
1753296508.906334
1753296508.940311
1753296508.972526
1753296509.005659
1753296509.042113
1753296509.079245
1753296509.104246
1753296509.144425
1753296509.171278
1753296509.209969
1753296509.238352
1753296509.278574
1753296509.305809
1753296509.346581
1753296509.370494
1753296509.407150
1753296509.441366
1753296509.472161
1753296509.509564
1753296509.539410
1753296509.576504
1753296509.606092
1753296509.643398
1753296509.671847
1753296509.714574
1753296509.738366
1753296509.777803
1753296509.804542
1753296509.844795
1753296509.872123
1753296509.907332
1753296509.940237
1753296509.981223
1753296510.005033
1753296510.043178
1753296510.071875
1753296510.114457
1753296510.138453
1753296510.180437
1753296510.204081
1753296510.247865
1753296510.271604
1753296510.313393
1753296510.337645
1753296510.380416
1753296510.406360
1753296510.443351
1753296510.472113
1753296510.512958
1753296510.539946
1753296510.577417
1753296510.605165
1753296510.645847
1753296510.673356
1753296510.709653
1753296510.744876
1753296510.772947
1753296510.811547
1753296510.838685
1753296510.881276
1753296510.905321
1753296510.944208
1753296510.971151
1753296511.010932
1753296511.039672
1753296511.080692
1753296511.105207
1753296511.147128
1753296511.172503
1753296511.212230
1753296511.238625
1753296511.272834
1753296511.308329
1753296511.338608
1753296511.372808
1753296511.411529
1753296511.439599
1753296511.481242
1753296511.504774
1753296511.542962
1753296511.575053
1753296511.614391
1753296511.638017
1753296511.678412
1753296511.706844
1753296511.749700
1753296511.771165
1753296511.808666
1753296511.843008
1753296511.881821
1753296511.904493
1753296511.947264
1753296511.972347
1753296512.017402
1753296512.037768
1753296512.083411
1753296512.105346
1753296512.148392
1753296512.171270
1753296512.214371
1753296512.239069
1753296512.279141
1753296512.305080
1753296512.351191
1753296512.371731
1753296512.418378
1753296512.438031
1753296512.485293
1753296512.505057
1753296512.547909
1753296512.572115
1753296512.614257
1753296512.639758
1753296512.681419
1753296512.705284
1753296512.748308
1753296512.772582
1753296512.812143
1753296512.839304
1753296512.880617
1753296512.907581
1753296512.949499
1753296512.971989
1753296513.012643
1753296513.042166
1753296513.084607
1753296513.105136
1753296513.145564
1753296513.174933
1753296513.216709
1753296513.238742
1753296513.278960
1753296513.312916
1753296513.340032
1753296513.381454
1753296513.405360
1753296513.444188
1753296513.475819
1753296513.513544
1753296513.539241
1753296513.582627
1753296513.606721
1753296513.647673
1753296513.672232
1753296513.713078
1753296513.741626
1753296513.776453
1753296513.807946
1753296513.847408
1753296513.878570
1753296513.905753
1753296513.947965
1753296513.974650
1753296514.014006
1753296514.039210
1753296514.082491
1753296514.106491
1753296514.148655
1753296514.172610
1753296514.214798
1753296514.241138
1753296514.281820
1753296514.306036
1753296514.349428
1753296514.373256
1753296514.411007
1753296514.441022
1753296514.474929
1753296514.517036
1753296514.539790
1753296514.581365
1753296514.606010
1753296514.644438
1753296514.674994
1753296514.717601
1753296514.739563
1753296514.785574
1753296514.806193
1753296514.845858
1753296514.873028
1753296514.916855
1753296514.939843
1753296514.979500
1753296515.006565
1753296515.050663
1753296515.073207
1753296515.115029
1753296515.139807
1753296515.182499
1753296515.206571
1753296515.248450
1753296515.273194
1753296515.315044
1753296515.341816
1753296515.384747
1753296515.406439
1753296515.450535
1753296515.473449
1753296515.516771
1753296515.539994
1753296515.578805
1753296515.606701
1753296515.648460
1753296515.680020
1753296515.706937
1753296515.742608
1753296515.773745
1753296515.813439
1753296515.840155
1753296515.882444
1753296515.907998
1753296515.949425
1753296515.973197
1753296516.016781
1753296516.040015
1753296516.084022
1753296516.106544
1753296516.149548
1753296516.174876
1753296516.216528
1753296516.240346
1753296516.281541
1753296516.309888
1753296516.352079
1753296516.373767
1753296516.414043
1753296516.447430
1753296516.483863
1753296516.507615
1753296516.550021
1753296516.574943
1753296516.616358
1753296516.641002
1753296516.684866
1753296516.707181
1753296516.750833
1753296516.774510
1753296516.812866
1753296516.847142
1753296516.883923
1753296516.907911
1753296516.948556
1753296516.980508
1753296517.017478
1753296517.041479
1753296517.084843
1753296517.107896
1753296517.150061
1753296517.174846
1753296517.216835
1753296517.245362
1753296517.282872
1753296517.308161
1753296517.348935
1753296517.381964
1753296517.414557
1753296517.441579
1753296517.484854
1753296517.508314
1753296517.550937
1753296517.574315
1753296517.616612
1753296517.641998
1753296517.686824
1753296517.707056
1753296517.750344
1753296517.778139
1753296517.814079
1753296517.841229
1753296517.883067
1753296517.911000
1753296517.949974
1753296517.976150
1753296518.015446
1753296518.042186
1753296518.084772
1753296518.107349
1753296518.150353
1753296518.174865
1753296518.216840
1753296518.241459
1753296518.284398
1753296518.308788
1753296518.351042
1753296518.374916
1753296518.417588
1753296518.443510
1753296518.485741
1753296518.507836
1753296518.551586
1753296518.575229
1753296518.619093
1753296518.641427
1753296518.684208
1753296518.708892
1753296518.751920
1753296518.774779
1753296518.813171
1753296518.851808
1753296518.878273
1753296518.913187
1753296518.942890
1753296518.978288
1753296519.009223
1753296519.044983
1753296519.080108
1753296519.115134
1753296519.150722
1753296519.176109
1753296519.217084
1753296519.246537
1753296519.282066
1753296519.312137
1753296519.350270
1753296519.380868
1753296519.417819
1753296519.443143
1753296519.480963
1753296519.512097
1753296519.544295
1753296519.579691
1753296519.610771
1753296519.646479
1753296519.677203
1753296519.710932
1753296519.744139
1753296519.779920
1753296519.811384
1753296519.842795
1753296519.884632
1753296519.910042
1753296519.951297
1753296519.975154
1753296520.018096
1753296520.043366
1753296520.085527
1753296520.108481
1753296520.151477
1753296520.179045
1753296520.218482
1753296520.242078
1753296520.281871
1753296520.317169
1753296520.346820
1753296520.382009
1753296520.410874
1753296520.452532
1753296520.479376
1753296520.514485
1753296520.546465
1753296520.586804
1753296520.610759
1753296520.651606
1753296520.677882
1753296520.718781
1753296520.748220
1753296520.779251
1753296520.812632
1753296520.852184
1753296520.880054
1753296520.916318
1753296520.944509
1753296520.987261
1753296521.013016
1753296521.049808
1753296521.078027
1753296521.119701
1753296521.147965
1753296521.182893
1753296521.211206
1753296521.250471
1753296521.279428
1753296521.314154
1753296521.345035
1753296521.386678
1753296521.414191
1753296521.448605
1753296521.482731
1753296521.518675
1753296521.549691
1753296521.579173
1753296521.619683
1753296521.645404
1753296521.686103
1753296521.712308
1753296521.752696
1753296521.780723
1753296521.816324
1753296521.844492
1753296521.885587
1753296521.915398
1753296521.950387
1753296521.979717
1753296522.016844
1753296522.052047
1753296522.082284
1753296522.112160
1753296522.152597
1753296522.179662
1753296522.216881
1753296522.245960
1753296522.283078
1753296522.318060
1753296522.349087
1753296522.379077
1753296522.419681
1753296522.446628
1753296522.483713
1753296522.513547
1753296522.551747
1753296522.585135
1753296522.618937
1753296522.647623
1753296522.684717
1753296522.718548
1753296522.751960
1753296522.780643
1753296522.813595
1753296522.853637
1753296522.882447
1753296522.916852
1753296522.946188
1753296522.987190
1753296523.014825
1753296523.050292
1753296523.079590
1753296523.120503
1753296523.148659
1753296523.181681
1753296523.217126
1753296523.251410
1753296523.282633
1753296523.312665
1753296523.353637
1753296523.381022
1753296523.419078
1753296523.447440
1753296523.483401
1753296523.519242
1753296523.549896
1753296523.582658
1753296523.614818
1753296523.650564
1753296523.681926
1753296523.719149
1753296523.743623
1753296523.786891
1753296523.810611
1753296523.851756
1753296523.883233
1753296523.916055
1753296523.948632
1753296523.986204
1753296524.017728
1753296524.048193
1753296524.084754
1753296524.118861
1753296524.149433
1753296524.181257
1753296524.216528
1753296524.251110
1753296524.283681
1753296524.314826
1753296524.351378
1753296524.386241
1753296524.416002
1753296524.449466
1753296524.483813
1753296524.519613
1753296524.550146
1753296524.584028
1753296524.614810
1753296524.652761
1753296524.684098
1753296524.717341
1753296524.749809
1753296524.783935
1753296524.816070
1753296524.852389
1753296524.881911
1753296524.922330
1753296524.947808
1753296524.985183
1753296525.015235
1753296525.053215
1753296525.083959
1753296525.115823
1753296525.151380
1753296525.183680
1753296525.218511
1753296525.248628
1753296525.285359
1753296525.319213
1753296525.351519
1753296525.382860
1753296525.417020
1753296525.452132
1753296525.485854
1753296525.514942
1753296525.551023
1753296525.585995
1753296525.617767
1753296525.648569
1753296525.684509
1753296525.719002
1753296525.750593
1753296525.781518
1753296525.812775
1753296525.845691
1753296525.886526
1753296525.913400
1753296525.954134
1753296525.984369
1753296526.019898
1753296526.046302
1753296526.086374
1753296526.116191
1753296526.153660
1753296526.178299
1753296526.217279
1753296526.250691
1753296526.286533
1753296526.313105
1753296526.352691
1753296526.385745
1753296526.418164
1753296526.448738
1753296526.485465
1753296526.519780
1753296526.550954
1753296526.585294
1753296526.616440
1753296526.654721
1753296526.685350
1753296526.716131
1753296526.752615
1753296526.782844
1753296526.817726
1753296526.851831
1753296526.882943
1753296526.921192
1753296526.951648
1753296526.986945
1753296527.016307
1753296527.055845
1753296527.084979
1753296527.111148
1753296527.154096
1753296527.185158
1753296527.219505
1753296527.250107
1753296527.285189
1753296527.319682
1753296527.353147
1753296527.383177
1753296527.419180
1753296527.449943
1753296527.487446
1753296527.516175
1753296527.552176
1753296527.584724
1753296527.620053
1753296527.649413
1753296527.685689
1753296527.715825
1753296527.755061
1753296527.778985
1753296527.816120
1753296527.853676
1753296527.886376
1753296527.916119
1753296527.953091
1753296527.984337
1753296528.020365
1753296528.047616
1753296528.085380
1753296528.120461
1753296528.151122
1753296528.183122
1753296528.218006
1753296528.251312
1753296528.286639
1753296528.317025
1753296528.352804
1753296528.386850
1753296528.419138
1753296528.449222
1753296528.487513
1753296528.518999
1753296528.553949
1753296528.583879
1753296528.619478
1753296528.653449
1753296528.686148
1753296528.717534
1753296528.752042
1753296528.785504
1753296528.816838
1753296528.852990
1753296528.883918
1753296528.920258
1753296528.952578
1753296528.987402
1753296529.017115
1753296529.054100
1753296529.086556
1753296529.117351
1753296529.152331
1753296529.187026
1753296529.219572
1753296529.251091
1753296529.286195
1753296529.319091
1753296529.352912
1753296529.384005
1753296529.419701
1753296529.453882
1753296529.486156
1753296529.517994
1753296529.552737
1753296529.585328
1753296529.618462
1753296529.652214
1753296529.684420
1753296529.720646
1753296529.753935
1753296529.781891
1753296529.815424
1753296529.854956
1753296529.886373
1753296529.917099
1753296529.949962
1753296529.981401
1753296530.016541
1753296530.049879
1753296530.088059
1753296530.119565
1753296530.151494
1753296530.186758
1753296530.217980
1753296530.252784
1753296530.282527
1753296530.321656
1753296530.351284
1753296530.386810
1753296530.420345
1753296530.449811
1753296530.485894
1753296530.520273
1753296530.553215
1753296530.585204
1753296530.620338
1753296530.653763
1753296530.687303
1753296530.716201
1753296530.755279
1753296530.783957
1753296530.819644
1753296530.847337
1753296530.886256
1753296530.920142
1753296530.953548
1753296530.984881
1753296531.019383
1753296531.053344
1753296531.086882
1753296531.118572
1753296531.153022
1753296531.187545
1753296531.220610
1753296531.251210
1753296531.286272
1753296531.320980
1753296531.354304
1753296531.385482
1753296531.420427
1753296531.451331
1753296531.487585
1753296531.518230
1753296531.553395
1753296531.586750
1753296531.620461
1753296531.651815
1753296531.686817
1753296531.719242
1753296531.748649
1753296531.785329
1753296531.814632
1753296531.854165
1753296531.888409
1753296531.917494
1753296531.952307
1753296531.988697
1753296532.021262
1753296532.055493
1753296532.081056
1753296532.120801
1753296532.154330
1753296532.187557
1753296532.220240
1753296532.251647
1753296532.286486
1753296532.319626
1753296532.353309
1753296532.383122
1753296532.423633
1753296532.452867
1753296532.488466
1753296532.518804
1753296532.554041
1753296532.587912
1753296532.622323
1753296532.652236
1753296532.688337
1753296532.722343
1753296532.756990
1753296532.782547
1753296532.818574
1753296532.855793
1753296532.887930
1753296532.919490
1753296532.953032
1753296532.988088
1753296533.022161
1753296533.052066
1753296533.084719
1753296533.120382
1753296533.154601
1753296533.184863
1753296533.219501
1753296533.254026
1753296533.288052
1753296533.319351
1753296533.353847
1753296533.386745
1753296533.421077
1753296533.452631
1753296533.486194
1753296533.517724
1753296533.554393
1753296533.588031
1753296533.618858
1753296533.654505
1753296533.687659
1753296533.719369
1753296533.754591
1753296533.787158
1753296533.817162
1753296533.853035
1753296533.887204
1753296533.921398
1753296533.955620
1753296533.985875
1753296534.020971
1753296534.055237
1753296534.089371
1753296534.118501
1753296534.154983
1753296534.189347
1753296534.219755
1753296534.253118
1753296534.287819
1753296534.322256
1753296534.356051
1753296534.385691
1753296534.420644
1753296534.453387
1753296534.487182
1753296534.519159
1753296534.553965
1753296534.588305
1753296534.623017
1753296534.651848
1753296534.688378
1753296534.718931
1753296534.755753
1753296534.783434
1753296534.819360
1753296534.857144
1753296534.886779
1753296534.918949
1753296534.953667
1753296534.987714
1753296535.022372
1753296535.051867
1753296535.086261
1753296535.119893
1753296535.153547
1753296535.185782
1753296535.219774
1753296535.254568
1753296535.287149
1753296535.319406
1753296535.352801
1753296535.388315
1753296535.422827
1753296535.451564
1753296535.489698
1753296535.520430
1753296535.555431
1753296535.587969
1753296535.621910
1753296535.656933
1753296535.689041
1753296535.719262
1753296535.758005
1753296535.784412
1753296535.821020
1753296535.854403
1753296535.885127
1753296535.916967
1753296535.957457
1753296535.986663
1753296536.021676
1753296536.056282
1753296536.090237
1753296536.119959
1753296536.155554
1753296536.189666
1753296536.223138
1753296536.253443
1753296536.287282
1753296536.322701
1753296536.357468
1753296536.385184
1753296536.423720
1753296536.455536
1753296536.490518
1753296536.519390
1753296536.556204
1753296536.590926
1753296536.622288
1753296536.655350
1753296536.689515
1753296536.721769
1753296536.756849
1753296536.784972
1753296536.821223
1753296536.853636
1753296536.889853
1753296536.920066
1753296536.954179
1753296536.988928
1753296537.024523
1753296537.053152
1753296537.089849
1753296537.123661
1753296537.156990
1753296537.186780
1753296537.221938
1753296537.256459
1753296537.289055
1753296537.323049
1753296537.351693
1753296537.391266
1753296537.422674
1753296537.452903
1753296537.493936
1753296537.518952
1753296537.559682
1753296537.586959
1753296537.624908
1753296537.655344
1753296537.690677
1753296537.719875
1753296537.756550
1753296537.787351
1753296537.821934
1753296537.856789
1753296537.886792
1753296537.923766
1753296537.957225
1753296537.987251
1753296538.021299
1753296538.056833
1753296538.091111
1753296538.121023
1753296538.156272
1753296538.194834
1753296538.219408
1753296538.255830
1753296538.287240
1753296538.323877
1753296538.353727
1753296538.386972
1753296538.422448
1753296538.455840
1753296538.490644
1753296538.519304
1753296538.559377
1753296538.588528
1753296538.629032
1753296538.650734
1753296538.688185
1753296538.724345
1753296538.759203
1753296538.785113
1753296538.818213
1753296538.858179
1753296538.888361
1753296538.920550
1753296538.955114
1753296538.990684
1753296539.022270
1753296539.053638
1753296539.090030
1753296539.123986
1753296539.158172
1753296539.187272
1753296539.222028
1753296539.257441
1753296539.288141
1753296539.322884
1753296539.354366
1753296539.390718
1753296539.425617
1753296539.453255
1753296539.489653
1753296539.529405
1753296539.554150
1753296539.591304
1753296539.621649
1753296539.658719
1753296539.689411
1753296539.723224
1753296539.758003
1753296539.789941
1753296539.822903
1753296539.856149
1753296539.890936
1753296539.926654
1753296539.952728
1753296539.987381
1753296540.019831
1753296540.057031
1753296540.092582
1753296540.120628
1753296540.156848
1753296540.190692
1753296540.222071
1753296540.256460
1753296540.287046
1753296540.324526
1753296540.359974
1753296540.389813
1753296540.418392
1753296540.457907
1753296540.489093
1753296540.527300
1753296540.554779
1753296540.591655
1753296540.621057
1753296540.656853
1753296540.689693
1753296540.723443
1753296540.755783
1753296540.797320
1753296540.817952
1753296540.859083
1753296540.887934
1753296540.925494
1753296540.958323
1753296540.994089
1753296541.020515
1753296541.060845
1753296541.088459
1753296541.125870
1753296541.154890
1753296541.195754
1753296541.221458
1753296541.254464
1753296541.287547
1753296541.321318
1753296541.354994
1753296541.387784
1753296541.423408
1753296541.458195
1753296541.493575
1753296541.518690
1753296541.563263
1753296541.587907
1753296541.630304
1753296541.651991
1753296541.696086
1753296541.721767
1753296541.763080
1753296541.785668
1753296541.822023
1753296541.859391
1753296541.888386
1753296541.921671
1753296541.957535
1753296541.989236
1753296542.027508
1753296542.052262
1753296542.090070
1753296542.126454
1753296542.156683
1753296542.187697
1753296542.223429
1753296542.263830
1753296542.287913
1753296542.321687
1753296542.362265
1753296542.388408
1753296542.427492
1753296542.452908
1753296542.493969
1753296542.521559
1753296542.562724
1753296542.586554
1753296542.624621
1753296542.661445
1753296542.688610
1753296542.723847
1753296542.757708
1753296542.788896
1753296542.821883
1753296542.856734
1753296542.891805
1753296542.924124
1753296542.959561
1753296542.988139
1753296543.024747
1753296543.061570
1753296543.088960
1753296543.125302
1753296543.152539
1753296543.200523
1753296543.219997
1753296543.258117
1753296543.292314
1753296543.327411
1753296543.355659
1753296543.391189
1753296543.426202
1753296543.455805
1753296543.498163
1753296543.520337
1753296543.565412
1753296543.588206
1753296543.627827
1753296543.654158
1753296543.698221
1753296543.721152
1753296543.760141
1753296543.788092
1753296543.822902
1753296543.863751
1753296543.888386
1753296543.924107
1753296543.955618
1753296543.997665
1753296544.021521
1753296544.057774
1753296544.089259
1753296544.129477
1753296544.154946
1753296544.195340
1753296544.220402
1753296544.265690
1753296544.287891
1753296544.322783
1753296544.358546
1753296544.396687
1753296544.421983
1753296544.456323
1753296544.491232
1753296544.530350
1753296544.554828
1753296544.589725
1753296544.625597
1753296544.660725
1753296544.692457
1753296544.722143
1753296544.760020
1753296544.788874
1753296544.825564
1753296544.856026
1753296544.897332
1753296544.921687
1753296544.958929
1753296544.989350
1753296545.027271
1753296545.060543
1753296545.089573
1753296545.127266
1753296545.155260
1753296545.198252
1753296545.220617
1753296545.268049
1753296545.287349
1753296545.333825
1753296545.354577
1753296545.399456
1753296545.421187
1753296545.461710
1753296545.495603
1753296545.521695
1753296545.560536
1753296545.593716
1753296545.627920
1753296545.655303
1753296545.697868
1753296545.722085
1753296545.764323
1753296545.788079
1753296545.824311
1753296545.864998
1753296545.888682
1753296545.928600
1753296545.954465
1753296545.988539
1753296546.030900
1753296546.054743
1753296546.095026
1753296546.124862
1753296546.166115
1753296546.188096
1753296546.225402
1753296546.266541
1753296546.288748
1753296546.330344
1753296546.354617
1753296546.398837
1753296546.422244
1753296546.459263
1753296546.494780
1753296546.526714
1753296546.565489
1753296546.588187
1753296546.629593
1753296546.656055
1753296546.698084
1753296546.721645
1753296546.761593
1753296546.793097
1753296546.823540
1753296546.858426
1753296546.894686
1753296546.928712
1753296546.956647
1753296546.997952
1753296547.021617
1753296547.068075
1753296547.088354
1753296547.127847
1753296547.155677
1753296547.201863
1753296547.221294
1753296547.265170
1753296547.288431
1753296547.334741
1753296547.355465
1753296547.394761
1753296547.422073
1753296547.465075
1753296547.490789
1753296547.532533
1753296547.555449
1753296547.595993
1753296547.628443
1753296547.656017
1753296547.697691
1753296547.722523
1753296547.764578
1753296547.788927
1753296547.825453
1753296547.863506
1753296547.895356
1753296547.922493
1753296547.959933
1753296548.001811
1753296548.022300
1753296548.064849
1753296548.088890
1753296548.131043
1753296548.158307
1753296548.194168
1753296548.223141
1753296548.263374
1753296548.289342
1753296548.324168
1753296548.364895
1753296548.390591
1753296548.433295
1753296548.455668
1753296548.499381
1753296548.522794
1753296548.568747
1753296548.589289
1753296548.631945
1753296548.658417
1753296548.701051
1753296548.729168
1753296548.755819
1753296548.796920
1753296548.826670
1753296548.868479
1753296548.889783
1753296548.932829
1753296548.956567
1753296548.999277
1753296549.024088
1753296549.067304
1753296549.089848
1753296549.135907
1753296549.156522
1753296549.200555
1753296549.224343
1753296549.266649
1753296549.289859
1753296549.332304
1753296549.356523
1753296549.397783
1753296549.429808
1753296549.456812
1753296549.500420
1753296549.524102
1753296549.566303
1753296549.590272
1753296549.633054
1753296549.657805
1753296549.702322
1753296549.723738
1753296549.765912
1753296549.793584
1753296549.825323
1753296549.868125
1753296549.889974
1753296549.934462
1753296549.957129
1753296549.999855
1753296550.023442
1753296550.066440
1753296550.093575
1753296550.128648
1753296550.159128
1753296550.201719
1753296550.224967
1753296550.266850
1753296550.290440
1753296550.335376
1753296550.357043
1753296550.402211
1753296550.423516
1753296550.464679
1753296550.493279
1753296550.528077
1753296550.561652
1753296550.600936
1753296550.624222
1753296550.666158
1753296550.690603
1753296550.731633
1753296550.764094
1753296550.790716
1753296550.828705
1753296550.867498
1753296550.891898
1753296550.934449
1753296550.956162
1753296550.993940
1753296551.025958
1753296551.062100
1753296551.093576
1753296551.135485
1753296551.158077
1753296551.202008
1753296551.224569
1753296551.267339
1753296551.294391
1753296551.329765
1753296551.361460
1753296551.401706
1753296551.427026
1753296551.462047
1753296551.493397
1753296551.534269
1753296551.559166
1753296551.601134
1753296551.625333
1753296551.668280
1753296551.692619
1753296551.733871
1753296551.759295
1753296551.797204
1753296551.828773
1753296551.866538
1753296551.892361
1753296551.935407
1753296551.958258
1753296552.000895
1753296552.024836
1753296552.068398
1753296552.091688
1753296552.132189
1753296552.158687
1753296552.200927
1753296552.226153
1753296552.263758
1753296552.292024
1753296552.335487
1753296552.358414
1753296552.399698
1753296552.425273
1753296552.465894
1753296552.498738
1753296552.525766
1753296552.567659
1753296552.594480
1753296552.636046
1753296552.657612
1753296552.699997
1753296552.729131
1753296552.768555
1753296552.791302
1753296552.828943
1753296552.869283
1753296552.893194
1753296552.935137
1753296552.959336
1753296553.002424
1753296553.027393
1753296553.062015
1753296553.096660
1753296553.133649
1753296553.164513
1753296553.193352
1753296553.231808
1753296553.267574
1753296553.297848
1753296553.326582
1753296553.367143
1753296553.394624
1753296553.436370
1753296553.459037
1753296553.503511
1753296553.526871
1753296553.566804
1753296553.593153
1753296553.635800
1753296553.661128
1753296553.702936
1753296553.727634
1753296553.768719
1753296553.793272
1753296553.829986
1753296553.866238
1753296553.894205
1753296553.935491
1753296553.964024
1753296553.995462
1753296554.031848
1753296554.068545
1753296554.096793
1753296554.132761
1753296554.160894
1753296554.203095
1753296554.228647
1753296554.265882
1753296554.294300
1753296554.336048
1753296554.360138
1753296554.401249
1753296554.426868
1753296554.463377
1753296554.503062
1753296554.525545
1753296554.570716
1753296554.594055
1753296554.636259
1753296554.658966
1753296554.703009
1753296554.727746
1753296554.769604
1753296554.792378
1753296554.829724
1753296554.870430
1753296554.894846
1753296554.936032
1753296554.960010
1753296555.001814
1753296555.032066
1753296555.061966
1753296555.098105
1753296555.135044
1753296555.165034
1753296555.197372
1753296555.230221
1753296555.267848
1753296555.298996
1753296555.328644
1753296555.368590
1753296555.396803
1753296555.436857
1753296555.461208
1753296555.502654
1753296555.532600
1753296555.566010
1753296555.595875
1753296555.630274
1753296555.667969
1753296555.699078
1753296555.728859
1753296555.768978
1753296555.795324
1753296555.832223
1753296555.862567
1753296555.901320
1753296555.926762
1753296555.966043
1753296555.995798
1753296556.028254
1753296556.060584
1753296556.102933
1753296556.126056
1753296556.167434
1753296556.197615
1753296556.233385
1753296556.260694
1753296556.301928
1753296556.331336
1753296556.365789
1753296556.394999
1753296556.435771
1753296556.466165
1753296556.501829
1753296556.527197
1753296556.568738
1753296556.599622
1753296556.635624
1753296556.662557
1753296556.702697
1753296556.732175
1753296556.769252
1753296556.796106
1753296556.831289
1753296556.868619
1753296556.900452
1753296556.930505
1753296556.966542
1753296557.002575
1753296557.032934
1753296557.071010
1753296557.093343
1753296557.138080
1753296557.163661
1753296557.202036
1753296557.232325
1753296557.266980
1753296557.297704
1753296557.335800
1753296557.366509
1753296557.402357
1753296557.430448
1753296557.466682
1753296557.502857
1753296557.531104
1753296557.567963
1753296557.602153
1753296557.634685
1753296557.664511
1753296557.701562
1753296557.731761
1753296557.766578
1753296557.797628
1753296557.829466
1753296557.870400
1753296557.899213
1753296557.932214
1753296557.966927
1753296558.002937
1753296558.030841
1753296558.066479
1753296558.097537
1753296558.135299
1753296558.168438
1753296558.196332
1753296558.231396
1753296558.268655
1753296558.301638
1753296558.331060
1753296558.366915
1753296558.402849
1753296558.433608
1753296558.465032
1753296558.501694
1753296558.534992
1753296558.569715
1753296558.598432
1753296558.634315
1753296558.669581
1753296558.700268
1753296558.733264
1753296558.766712
1753296558.802030
1753296558.828648
1753296558.868941
1753296558.896711
1753296558.937532
1753296558.965099
1753296559.001368
1753296559.031322
1753296559.069629
1753296559.100124
1753296559.131453
1753296559.168187
1753296559.203144
1753296559.232581
1753296559.267782
1753296559.298555
1753296559.338777
1753296559.364720
1753296559.400993
1753296559.431821
1753296559.468248
1753296559.503299
1753296559.529414
1753296559.569716
1753296559.601581
1753296559.637095
1753296559.663091
1753296559.701622
1753296559.736069
1753296559.766981
1753296559.801406
1753296559.828145
1753296559.869862
1753296559.901046
1753296559.932478
1753296559.965081
1753296560.004316
1753296560.034137
1753296560.065534
1753296560.101355
1753296560.136603
1753296560.167608
1753296560.199156
1753296560.232242
1753296560.268682
1753296560.301309
1753296560.331017
1753296560.366164
1753296560.400952
1753296560.436724
1753296560.461857
1753296560.502811
1753296560.535329
1753296560.569143
1753296560.598402
1753296560.635292
1753296560.667321
1753296560.703257
1753296560.731317
1753296560.769451
1753296560.800035
1753296560.835409
1753296560.864875
1753296560.902029
1753296560.935596
1753296560.968426
1753296560.999140
1753296561.035197
1753296561.068921
1753296561.101773
1753296561.132675
1753296561.168785
1753296561.201318
1753296561.233590
1753296561.262815
1753296561.302228
1753296561.336184
1753296561.367838
1753296561.399293
1753296561.434025
1753296561.469338
1753296561.501142
1753296561.533404
1753296561.568356
1753296561.603880
1753296561.635492
1753296561.665738
1753296561.702644
1753296561.737213
1753296561.767769
1753296561.802193
1753296561.830838
1753296561.868865
1753296561.904267
1753296561.931746
1753296561.963109
1753296562.000045
1753296562.030235
1753296562.067865
1753296562.099377
1753296562.138420
1753296562.167652
1753296562.200327
1753296562.233097
1753296562.270756
1753296562.301630
1753296562.332876
1753296562.369346
1753296562.401007
1753296562.435912
1753296562.466323
1753296562.502813
1753296562.535591
1753296562.568819
1753296562.600613
1753296562.635832
1753296562.667873
1753296562.703659
1753296562.733128
1753296562.770636
1753296562.802734
1753296562.836643
1753296562.867424
1753296562.903196
1753296562.935737
1753296562.970853
1753296562.999638
1753296563.038097
1753296563.068800
1753296563.101834
1753296563.133984
1753296563.169192
1753296563.202195
1753296563.236385
1753296563.268541
1753296563.301652
1753296563.336996
1753296563.370138
1753296563.401574
1753296563.434932
1753296563.470048
1753296563.503178
1753296563.534245
1753296563.569093
1753296563.604630
1753296563.635936
1753296563.668009
1753296563.700836
1753296563.736421
1753296563.769111
1753296563.802868
1753296563.830528
1753296563.869416
1753296563.902042
1753296563.936714
1753296563.968023
1753296564.003384
1753296564.037570
1753296564.065983
1753296564.103324
1753296564.135628
1753296564.164915
1753296564.201633
1753296564.233852
1753296564.273263
1753296564.300318
1753296564.334691
1753296564.367418
1753296564.402787
1753296564.437131
1753296564.467347
1753296564.502840
1753296564.535010
1753296564.569482
1753296564.600878
1753296564.636163
1753296564.669500
1753296564.702491
1753296564.734677
1753296564.769707
1753296564.802103
1753296564.836426
1753296564.868262
1753296564.903338
1753296564.937903
1753296564.970310
1753296564.997367
1753296565.035367
1753296565.068114
1753296565.102001
1753296565.135142
1753296565.169440
1753296565.203552
1753296565.234996
1753296565.268663
1753296565.302337
1753296565.336713
1753296565.369230
1753296565.403746
1753296565.430605
1753296565.469470
1753296565.502544
1753296565.537378
1753296565.571354
1753296565.602162
1753296565.635376
1753296565.669798
1753296565.703794
1753296565.735446
1753296565.770476
1753296565.803768
1753296565.837438
1753296565.868453
1753296565.902540
1753296565.938309
1753296565.971089
1753296565.997496
1753296566.035872
1753296566.069161
1753296566.099405
1753296566.131557
1753296566.170910
1753296566.205264
1753296566.236927
1753296566.265181
1753296566.304853
1753296566.337855
1753296566.370794
1753296566.401409
1753296566.436721
1753296566.470366
1753296566.503773
1753296566.534706
1753296566.569266
1753296566.604412
1753296566.638451
1753296566.666886
1753296566.706791
1753296566.735766
1753296566.769028
1753296566.803218
1753296566.835138
1753296566.871063
1753296566.905456
1753296566.933008
1753296566.972264
1753296567.002712
1753296567.038206
1753296567.068991
1753296567.102689
1753296567.136843
1753296567.170945
1753296567.202818
1753296567.237282
1753296567.271153
1753296567.305029
1753296567.335438
1753296567.369437
1753296567.406199
1753296567.434853
1753296567.469981
1753296567.502909
1753296567.537309
1753296567.571223
1753296567.602338
1753296567.637273
1753296567.671562
1753296567.704680
1753296567.736398
1753296567.769616
1753296567.803500
1753296567.838175
1753296567.869292
1753296567.903980
1753296567.937987
1753296567.972704
1753296568.001272
1753296568.036602
1753296568.070666
1753296568.105351
1753296568.135170
1753296568.169995
1753296568.202929
1753296568.240700
1753296568.267710
1753296568.303850
1753296568.338217
1753296568.371884
1753296568.400666
1753296568.436984
1753296568.472043
1753296568.503523
1753296568.534706
1753296568.569694
1753296568.605005
1753296568.639474
1753296568.666107
1753296568.702449
1753296568.742741
1753296568.769018
1753296568.803222
1753296568.835528
1753296568.875999
1753296568.902333
1753296568.936391
1753296568.970826
1753296569.004781
1753296569.040088
1753296569.069220
1753296569.104419
1753296569.138457
1753296569.172802
1753296569.202548
1753296569.240782
1753296569.269779
1753296569.304555
1753296569.337677
1753296569.371564
1753296569.405977
1753296569.437176
1753296569.472125
1753296569.502930
1753296569.534344
1753296569.569862
1753296569.600778
1753296569.641520
1753296569.670792
1753296569.706764
1753296569.737189
1753296569.772153
1753296569.804083
1753296569.837633
1753296569.871672
1753296569.903165
1753296569.938670
1753296569.973761
1753296569.999704
1753296570.037368
1753296570.068290
1753296570.103003
1753296570.138078
1753296570.170480
1753296570.206368
1753296570.239198
1753296570.269584
1753296570.305207
1753296570.340817
1753296570.369924
1753296570.402659
1753296570.437748
1753296570.472723
1753296570.504189
1753296570.532149
1753296570.572558
1753296570.607408
1753296570.639677
1753296570.669611
1753296570.704854
1753296570.740800
1753296570.771024
1753296570.802725
1753296570.838148
1753296570.874775
1753296570.905679
1753296570.937821
1753296570.972343
1753296571.006629
1753296571.037958
1753296571.072386
1753296571.103471
1753296571.144601
1753296571.170116
1753296571.210040
1753296571.233639
1753296571.271512
1753296571.303766
1753296571.336190
1753296571.374193
1753296571.406835
1753296571.440683
1753296571.469603
1753296571.510970
1753296571.537170
1753296571.577454
1753296571.601091
1753296571.638779
1753296571.674521
1753296571.708761
1753296571.737103
1753296571.775406
1753296571.803899
1753296571.837541
1753296571.873995
1753296571.903727
1753296571.941830
1753296571.970776
1753296572.004918
1753296572.036740
1753296572.078330
1753296572.103627
1753296572.136548
1753296572.172198
1753296572.207408
1753296572.238600
1753296572.270393
1753296572.305243
1753296572.341372
1753296572.372114
1753296572.401346
1753296572.440539
1753296572.476319
1753296572.504741
1753296572.540283
1753296572.570146
1753296572.611590
1753296572.636007
1753296572.672480
1753296572.703774
1753296572.740344
1753296572.775179
1753296572.800889
1753296572.836834
1753296572.874095
1753296572.904939
1753296572.937640
1753296572.970395
1753296573.003637
1753296573.039352
1753296573.069824
1753296573.107424
1753296573.139001
1753296573.174017
1753296573.203943
1753296573.238751
1753296573.275369
1753296573.305745
1753296573.338602
1753296573.372005
1753296573.406631
1753296573.440911
1753296573.470231
1753296573.506175
1753296573.540308
1753296573.575040
1753296573.602599
1753296573.639046
1753296573.676046
1753296573.704163
1753296573.741854
1753296573.768053
1753296573.806634
1753296573.840597
1753296573.877845
1753296573.904227
1753296573.940991
1753296573.970957
1753296574.008037
1753296574.041332
1753296574.070231
1753296574.107252
1753296574.139362
1753296574.177955
1753296574.202659
1753296574.239223
1753296574.276516
1753296574.304652
1753296574.339591
1753296574.372789
1753296574.408980
1753296574.440138
1753296574.470132
1753296574.505765
1753296574.537462
1753296574.572625
1753296574.604275
1753296574.644813
1753296574.671361
1753296574.709107
1753296574.737138
1753296574.772821
1753296574.805559
1753296574.839279
1753296574.874815
1753296574.905213
1753296574.942604
1753296574.973775
1753296575.004501
1753296575.041435
1753296575.073472
1753296575.111727
1753296575.137391
1753296575.173893
1753296575.210196
1753296575.238311
1753296575.276032
1753296575.304270
1753296575.342625
1753296575.373313
1753296575.404469
1753296575.441437
1753296575.477884
1753296575.505158
1753296575.546854
1753296575.569133
1753296575.608458
1753296575.645700
1753296575.670153
1753296575.707929
1753296575.739456
1753296575.777951
1753296575.804201
1753296575.842151
1753296575.878676
1753296575.905607
1753296575.942390
1753296575.971752
1753296576.008673
1753296576.043253
1753296576.069415
1753296576.107170
1753296576.147315
1753296576.168252
1753296576.204037
1753296576.240195
1753296576.277503
1753296576.304803
1753296576.340396
1753296576.370358
1753296576.411914
1753296576.438276
1753296576.473161
1753296576.505761
1753296576.544533
1753296576.571776
1753296576.604379
1753296576.645345
1753296576.672197
1753296576.707080
1753296576.740511
1753296576.776009
1753296576.806830
1753296576.840347
1753296576.871331
1753296576.908412
1753296576.944070
1753296576.974031
1753296577.010583
1753296577.038037
1753296577.076970
1753296577.105862
1753296577.142970
1753296577.171440
1753296577.213079
1753296577.238299
1753296577.274873
1753296577.305907
1753296577.346026
1753296577.372184
1753296577.413536
1753296577.436927
1753296577.479482
1753296577.505684
1753296577.545599
1753296577.570745
1753296577.615052
1753296577.638209
1753296577.675475
1753296577.705964
1753296577.747293
1753296577.771291
1753296577.807996
1753296577.842599
1753296577.879082
1753296577.905938
1753296577.940819
1753296577.975678
1753296578.006919
1753296578.048451
1753296578.070469
1753296578.112054
1753296578.139059
1753296578.180893
1753296578.203695
1753296578.245538
1753296578.271450
1753296578.314742
1753296578.337362
1753296578.378888
1753296578.406716
1753296578.448983
1753296578.470808
1753296578.508367
1753296578.549730
1753296578.571420
1753296578.607887
1753296578.642862
1753296578.672440
1753296578.713659
1753296578.737392
1753296578.779706
1753296578.805856
1753296578.843301
1753296578.871712
1753296578.910138
1753296578.939326
1753296578.978281
1753296579.004226
1753296579.046433
1753296579.072182
1753296579.113472
1753296579.137517
1753296579.180071
1753296579.205090
1753296579.247098
1753296579.270962
1753296579.314561
1753296579.338622
1753296579.381913
1753296579.404326
1753296579.451210
1753296579.471246
1753296579.514737
1753296579.537837
1753296579.579716
1753296579.605784
1753296579.646261
1753296579.671993
1753296579.707495
1753296579.749457
1753296579.771917
1753296579.809196
1753296579.840065
1753296579.882674
1753296579.905185
1753296579.943326
1753296579.971538
1753296580.015001
1753296580.037860
1753296580.074822
1753296580.107009
1753296580.143302
1753296580.173280
1753296580.209855
1753296580.239132
1753296580.276433
1753296580.307430
1753296580.339212
1753296580.376247
1753296580.407143
1753296580.442149
1753296580.470068
1753296580.510015
1753296580.541041
1753296580.578879
1753296580.605534
1753296580.645634
1753296580.672504
1753296580.715088
1753296580.738281
1753296580.781403
1753296580.804899
1753296580.844131
1753296580.871976
1753296580.918972
1753296580.938366
1753296580.982131
1753296581.005398
1753296581.046930
1753296581.074346
1753296581.114956
1753296581.138490
1753296581.181525
1753296581.206968
1753296581.248917
1753296581.271984
1753296581.316147
1753296581.338829
1753296581.385091
1753296581.405520
1753296581.448445
1753296581.472787
1753296581.516235
1753296581.538939
1753296581.581452
1753296581.606918
1753296581.649859
1753296581.672611
1753296581.713614
1753296581.744053
1753296581.781008
1753296581.805477
1753296581.846277
1753296581.876828
1753296581.918369
1753296581.938784
1753296581.980391
1753296582.009926
1753296582.047873
1753296582.080856
1753296582.105257
1753296582.150568
1753296582.172309
1753296582.215388
1753296582.240798
1753296582.280263
1753296582.305538
1753296582.350456
1753296582.372504
1753296582.414551
1753296582.439038
1753296582.484793
1753296582.505866
1753296582.548086
1753296582.572422
1753296582.617496
1753296582.639448
1753296582.681601
1753296582.705724
1753296582.748332
1753296582.775059
1753296582.808904
1753296582.844299
1753296582.877050
1753296582.917555
1753296582.939175
1753296582.975870
1753296583.008772
1753296583.045829
1753296583.072658
1753296583.114799
1753296583.140400
1753296583.183035
1753296583.205862
1753296583.248420
1753296583.272814
1753296583.318643
1753296583.339183
1753296583.381624
1753296583.406643
1753296583.448724
1753296583.472611
1753296583.515387
1753296583.539266
1753296583.582942
1753296583.606187
1753296583.647586
1753296583.672981
1753296583.718263
1753296583.739566
1753296583.779953
1753296583.807178
1753296583.848549
1753296583.872961
1753296583.915286
1753296583.940394
1753296583.983262
1753296584.006086
1753296584.047772
1753296584.074382
1753296584.117502
1753296584.139418
1753296584.180831
1753296584.207414
1753296584.250719
1753296584.272772
1753296584.314335
1753296584.340073
1753296584.383344
1753296584.406317
1753296584.447793
1753296584.473655
1753296584.518026
1753296584.539564
1753296584.582147
1753296584.606929
1753296584.649560
1753296584.672964
1753296584.714929
1753296584.740651
1753296584.781365
1753296584.806274
1753296584.847306
1753296584.875000
1753296584.917064
1753296584.939836
1753296584.980758
1753296585.009407
1753296585.050674
1753296585.073253
1753296585.114320
1753296585.140748
1753296585.184450
1753296585.206568
1753296585.244526
1753296585.279120
1753296585.308805
1753296585.339912
1753296585.377871
1753296585.410782
1753296585.444847
1753296585.473346
1753296585.511062
1753296585.544908
1753296585.579480
1753296585.606792
1753296585.646285
1753296585.674647
1753296585.717015
1753296585.740107
1753296585.777679
1753296585.809248
1753296585.849782
1753296585.873433
1753296585.915155
1753296585.941382
1753296585.984200
1753296586.006875
1753296586.048697
1753296586.075305
1753296586.115363
1753296586.140229
1753296586.179068
1753296586.214511
1753296586.239615
1753296586.273763
1753296586.314458
1753296586.341783
1753296586.385077
1753296586.407060
1753296586.447910
1753296586.478233
1753296586.518910
1753296586.540580
1753296586.583309
1753296586.608770
1753296586.651759
1753296586.673849
1753296586.714966
1753296586.742544
1753296586.782433
1753296586.807040
1753296586.848692
1753296586.876386
1753296586.915658
1753296586.940679
1753296586.982307
1753296587.010378
1753296587.052033
1753296587.074192
1753296587.115901
1753296587.143950
1753296587.185273
1753296587.207575
1753296587.249751
1753296587.277305
1753296587.318179
1753296587.341028
1753296587.381103
1753296587.415452
1753296587.444233
1753296587.476669
1753296587.514099
1753296587.550982
1753296587.579281
1753296587.609537
1753296587.651972
1753296587.676676
1753296587.715084
1753296587.741683
1753296587.786441
1753296587.807662
1753296587.852125
1753296587.874740
1753296587.918127
1753296587.941995
1753296587.987565
1753296588.008184
1753296588.052128
1753296588.076266
1753296588.119010
1753296588.141623
1753296588.184450
1753296588.211456
1753296588.252796
1753296588.274987
1753296588.318289
1753296588.345640
1753296588.386706
1753296588.408156
1753296588.449698
1753296588.478832
1753296588.519611
1753296588.541841
1753296588.585500
1753296588.611178
1753296588.653226
1753296588.675315
1753296588.719513
1753296588.744348
1753296588.783336
1753296588.808748
1753296588.851885
1753296588.880163
1753296588.918282
1753296588.941995
1753296588.980930
1753296589.018014
1753296589.048082
1753296589.078541
1753296589.116885
1753296589.148173
1753296589.184077
1753296589.211745
1753296589.250165
1753296589.279667
1753296589.317570
1753296589.344139
1753296589.385526
1753296589.411855
1753296589.451323
1753296589.475606
1753296589.518168
1753296589.545471
1753296589.586500
1753296589.608801
1753296589.652277
1753296589.678669
1753296589.718597
1753296589.742218
1753296589.784569
1753296589.809420
1753296589.852083
1753296589.875528
1753296589.916616
1753296589.945976
1753296589.986801
1753296590.009041
1753296590.051940
1753296590.077964
1753296590.119784
