1742359081.124322
1742359081.225296
1742359081.257700
1742359081.290618
1742359081.325535
1742359081.358615
1742359081.391273
1742359081.424260
1742359081.457691
1742359081.490816
1742359081.528961
1742359081.559054
1742359081.590750
1742359081.635705
1742359081.670428
1742359081.701333
1742359081.737591
1742359081.765747
1742359081.798055
1742359081.838537
1742359081.863318
1742359081.905886
1742359081.933465
1742359081.972411
1742359082.005284
1742359082.040360
1742359082.070250
1742359082.106654
1742359082.139264
1742359082.171069
1742359082.206848
1742359082.239482
1742359082.272986
1742359082.305641
1742359082.338595
1742359082.373705
1742359082.403534
1742359082.435738
1742359082.472859
1742359082.507171
1742359082.538929
1742359082.573799
1742359082.594699
1742359082.625271
1742359082.669121
1742359082.704470
1742359082.725419
1742359082.758095
1742359082.802395
1742359082.825624
1742359082.867591
1742359082.891480
1742359082.934177
1742359082.959507
1742359083.004740
1742359083.025155
1742359083.070461
1742359083.091915
1742359083.135158
1742359083.158699
1742359083.203927
1742359083.225424
1742359083.269515
1742359083.291918
1742359083.338422
1742359083.358743
1742359083.405733
1742359083.425307
1742359083.469933
1742359083.492684
1742359083.536419
1742359083.558686
1742359083.603269
1742359083.625753
1742359083.673089
1742359083.692079
1742359083.729658
1742359083.771231
1742359083.792278
1742359083.825405
1742359083.863640
1742359083.902989
1742359083.925713
1742359083.959187
1742359083.998555
1742359084.031908
1742359084.066525
1742359084.092208
1742359084.134820
1742359084.159688
1742359084.206350
1742359084.225783
1742359084.264983
1742359084.297978
1742359084.334183
1742359084.359037
1742359084.406153
1742359084.425831
1742359084.473370
1742359084.492422
1742359084.534497
1742359084.559846
1742359084.606577
1742359084.625845
1742359084.672554
1742359084.692916
1742359084.739262
1742359084.759356
1742359084.803378
1742359084.826589
1742359084.872711
1742359084.892800
1742359084.938413
1742359084.959595
1742359085.001840
1742359085.026012
1742359085.068591
1742359085.093093
1742359085.139666
1742359085.159609
1742359085.205740
1742359085.226598
1742359085.273432
1742359085.292925
1742359085.338056
1742359085.359953
1742359085.406528
1742359085.426422
1742359085.472860
1742359085.493368
1742359085.540105
1742359085.559919
1742359085.605764
1742359085.626741
1742359085.673392
1742359085.693307
1742359085.740055
1742359085.760255
1742359085.806897
1742359085.826793
1742359085.873439
1742359085.893496
1742359085.932332
1742359085.960007
1742359085.997874
1742359086.039225
1742359086.060618
1742359086.100607
1742359086.129078
1742359086.173318
1742359086.193855
1742359086.234763
1742359086.260970
1742359086.306913
1742359086.327202
1742359086.364811
1742359086.396737
1742359086.431305
1742359086.462441
1742359086.498860
1742359086.535367
1742359086.568696
1742359086.599207
1742359086.627661
1742359086.671539
1742359086.694189
1742359086.733053
1742359086.760984
1742359086.807082
1742359086.827849
1742359086.870593
1742359086.894007
1742359086.929483
1742359086.965186
1742359086.996821
1742359087.034797
1742359087.062725
1742359087.103583
1742359087.130053
1742359087.171092
1742359087.194807
1742359087.240235
1742359087.261866
1742359087.304854
1742359087.328295
1742359087.372455
1742359087.395963
1742359087.438394
1742359087.461423
1742359087.507238
1742359087.527905
1742359087.572694
1742359087.595326
1742359087.639756
1742359087.662752
1742359087.704870
1742359087.729022
1742359087.773960
1742359087.796051
1742359087.838269
1742359087.862275
1742359087.907066
1742359087.929610
1742359087.966180
1742359088.001941
1742359088.037440
1742359088.065091
1742359088.095883
1742359088.140159
1742359088.162178
1742359088.206987
1742359088.228298
1742359088.273548
1742359088.296490
1742359088.340339
1742359088.361608
1742359088.406698
1742359088.429863
1742359088.474061
1742359088.494684
1742359088.538946
1742359088.563572
1742359088.605957
1742359088.628743
1742359088.674885
1742359088.696622
1742359088.740124
1742359088.762291
1742359088.807579
1742359088.830173
1742359088.874322
1742359088.895041
1742359088.940586
1742359088.963560
1742359089.007938
1742359089.028292
1742359089.074635
1742359089.095562
1742359089.140218
1742359089.161890
1742359089.207348
1742359089.230682
1742359089.273969
1742359089.295022
1742359089.340188
1742359089.363856
1742359089.407124
1742359089.428583
1742359089.472220
1742359089.499932
1742359089.540862
1742359089.561933
1742359089.607185
1742359089.630961
1742359089.673343
1742359089.695593
1742359089.740340
1742359089.763834
1742359089.805630
1742359089.828697
1742359089.870342
1742359089.902363
1742359089.938767
1742359089.962160
1742359090.007077
1742359090.031460
1742359090.073359
1742359090.095389
1742359090.138788
1742359090.167845
1742359090.207028
1742359090.228773
1742359090.274808
1742359090.297676
1742359090.341854
1742359090.362364
1742359090.407602
1742359090.431513
1742359090.474561
1742359090.495571
1742359090.541601
1742359090.563719
1742359090.607204
1742359090.629033
1742359090.672668
1742359090.700677
1742359090.741085
1742359090.762431
1742359090.808068
1742359090.832441
1742359090.873819
1742359090.895893
1742359090.940468
1742359090.965816
1742359091.008988
1742359091.039753
1742359091.062709
1742359091.106174
1742359091.135776
1742359091.173537
1742359091.202594
1742359091.237860
1742359091.266815
1742359091.307401
1742359091.332045
1742359091.373436
1742359091.399216
1742359091.440138
1742359091.469932
1742359091.499603
1742359091.540259
1742359091.566739
1742359091.607381
1742359091.630382
1742359091.673985
1742359091.702225
1742359091.736935
1742359091.764740
1742359091.806593
1742359091.835693
1742359091.873042
1742359091.897377
1742359091.939604
1742359091.969306
1742359092.005763
1742359092.032536
1742359092.074041
1742359092.100880
1742359092.142404
1742359092.163518
1742359092.208563
1742359092.233267
1742359092.275400
1742359092.297748
1742359092.341459
1742359092.367062
1742359092.410103
1742359092.430326
1742359092.477370
1742359092.500401
1742359092.542215
1742359092.563889
1742359092.608680
1742359092.633089
1742359092.675263
1742359092.696977
1742359092.740416
1742359092.769617
1742359092.810321
1742359092.830192
1742359092.872694
1742359092.900739
1742359092.942066
1742359092.963718
1742359093.007715
1742359093.033219
1742359093.069407
1742359093.098686
1742359093.135392
1742359093.175675
1742359093.199905
1742359093.238395
1742359093.267354
1742359093.309113
1742359093.335615
1742359093.370466
1742359093.403071
1742359093.440630
1742359093.470482
1742359093.500496
1742359093.542039
1742359093.567237
1742359093.609374
1742359093.630674
1742359093.677618
1742359093.700060
1742359093.741881
1742359093.763877
1742359093.808936
1742359093.834240
1742359093.875408
1742359093.897174
1742359093.943337
1742359093.968290
1742359094.010036
1742359094.030614
1742359094.073551
1742359094.103214
1742359094.141167
1742359094.164325
1742359094.210296
1742359094.235079
1742359094.273221
1742359094.297897
1742359094.342282
1742359094.366063
1742359094.408351
1742359094.431199
1742359094.477553
1742359094.501699
1742359094.539774
1742359094.567526
1742359094.608757
1742359094.635718
1742359094.674020
1742359094.698812
1742359094.742361
1742359094.769538
1742359094.809399
1742359094.833035
1742359094.875164
1742359094.904157
1742359094.941090
1742359094.968005
1742359095.009023
1742359095.037861
1742359095.075724
1742359095.097965
1742359095.142299
1742359095.169007
1742359095.210131
1742359095.233064
1742359095.273318
1742359095.302284
1742359095.342255
1742359095.367526
1742359095.400872
1742359095.441485
1742359095.469365
1742359095.499310
1742359095.541503
1742359095.569650
1742359095.605830
1742359095.631985
1742359095.675895
1742359095.702304
1742359095.740727
1742359095.765184
1742359095.810144
1742359095.835825
1742359095.876016
1742359095.898493
1742359095.943390
1742359095.969037
1742359096.007137
1742359096.032322
1742359096.078218
1742359096.102615
1742359096.141698
1742359096.165131
1742359096.209347
1742359096.236401
1742359096.276247
1742359096.298522
1742359096.343522
1742359096.369758
1742359096.410474
1742359096.432165
1742359096.478781
1742359096.503082
1742359096.542550
1742359096.567293
1742359096.609675
1742359096.637139
1742359096.676660
1742359096.700210
1742359096.742075
1742359096.771660
1742359096.808336
1742359096.833524
1742359096.876037
1742359096.904603
1742359096.942629
1742359096.969988
1742359097.008427
1742359097.038458
1742359097.074500
1742359097.102494
1742359097.140320
1742359097.175483
1742359097.205435
1742359097.235982
1742359097.273797
1742359097.306872
1742359097.339942
1742359097.368080
1742359097.408284
1742359097.437653
1742359097.476778
1742359097.499118
1742359097.542149
1742359097.572228
1742359097.608681
1742359097.634207
1742359097.677177
1742359097.703967
1742359097.743557
1742359097.766822
1742359097.810950
1742359097.837483
1742359097.877348
1742359097.899309
1742359097.941665
1742359097.972233
1742359098.007627
1742359098.035233
1742359098.075499
1742359098.105711
1742359098.141530
1742359098.168332
1742359098.205862
1742359098.241032
1742359098.276139
1742359098.299685
1742359098.341918
1742359098.372887
1742359098.408324
1742359098.433899
1742359098.475663
1742359098.506826
1742359098.541206
1742359098.569324
1742359098.608902
1742359098.638792
1742359098.675297
1742359098.704233
1742359098.742514
1742359098.769468
1742359098.810182
1742359098.835849
1742359098.877557
1742359098.905117
1742359098.941552
1742359098.971240
1742359099.007088
1742359099.041481
1742359099.075548
1742359099.104540
1742359099.142495
1742359099.174086
1742359099.209181
1742359099.237594
1742359099.277494
1742359099.306714
1742359099.341439
1742359099.375815
1742359099.400044
1742359099.442981
1742359099.474077
1742359099.510475
1742359099.540148
1742359099.573883
1742359099.606724
1742359099.638986
1742359099.674361
1742359099.704271
1742359099.743004
1742359099.772661
1742359099.809083
1742359099.835933
1742359099.874816
1742359099.909040
1742359099.940900
1742359099.971472
1742359100.006411
1742359100.042249
1742359100.074507
1742359100.104961
1742359100.139631
1742359100.175659
1742359100.208533
1742359100.237675
1742359100.277704
1742359100.305342
1742359100.343331
1742359100.369031
1742359100.411096
1742359100.436440
1742359100.478538
1742359100.501256
1742359100.541773
1742359100.577108
1742359100.608783
1742359100.638432
1742359100.676941
1742359100.707273
1742359100.740812
1742359100.772154
1742359100.811356
1742359100.839135
1742359100.879212
1742359100.902348
1742359100.942378
1742359100.976091
1742359101.009889
1742359101.038780
1742359101.077890
1742359101.105353
1742359101.142579
1742359101.172927
1742359101.208334
1742359101.242912
1742359101.276999
1742359101.304618
1742359101.343666
1742359101.376624
1742359101.409117
1742359101.439429
1742359101.475111
1742359101.509307
1742359101.542235
1742359101.571397
1742359101.608684
1742359101.642363
1742359101.676257
1742359101.703686
1742359101.743546
1742359101.776270
1742359101.810604
1742359101.836016
1742359101.876764
1742359101.907478
1742359101.940344
1742359101.974331
1742359102.007048
1742359102.043416
1742359102.077253
1742359102.105217
1742359102.144461
1742359102.173225
1742359102.210103
1742359102.239060
1742359102.275783
1742359102.310234
1742359102.342772
1742359102.372063
1742359102.411595
1742359102.439868
1742359102.477938
1742359102.504878
1742359102.540804
1742359102.576180
1742359102.610343
1742359102.638640
1742359102.676165
1742359102.710584
1742359102.743058
1742359102.771731
1742359102.812495
1742359102.839282
1742359102.877903
1742359102.905997
1742359102.944612
1742359102.974528
1742359103.008857
1742359103.042047
1742359103.075491
1742359103.111743
1742359103.141101
1742359103.174572
1742359103.209990
1742359103.244439
1742359103.274913
1742359103.309874
1742359103.339872
1742359103.378129
1742359103.407264
1742359103.439642
1742359103.476544
1742359103.511300
1742359103.541170
1742359103.573561
1742359103.611861
1742359103.640955
1742359103.677237
1742359103.706003
1742359103.742160
1742359103.776049
1742359103.808335
1742359103.840846
1742359103.877585
1742359103.910145
1742359103.944353
1742359103.972490
1742359104.009876
1742359104.045546
1742359104.075829
1742359104.106829
1742359104.144094
1742359104.177918
1742359104.207439
1742359104.240021
1742359104.277028
1742359104.311640
1742359104.340156
1742359104.374915
1742359104.410605
1742359104.444793
1742359104.474614
1742359104.507286
1742359104.542092
1742359104.577523
1742359104.609743
1742359104.639941
1742359104.676752
1742359104.712752
1742359104.742460
1742359104.776838
1742359104.808326
1742359104.842964
1742359104.877719
1742359104.904819
1742359104.941851
1742359104.976338
1742359105.012751
1742359105.040257
1742359105.079016
1742359105.110612
1742359105.144302
1742359105.175707
1742359105.210707
1742359105.242784
1742359105.278624
1742359105.306387
1742359105.346465
1742359105.376141
1742359105.411158
1742359105.439591
1742359105.480556
1742359105.508835
1742359105.543346
1742359105.573841
1742359105.614774
1742359105.640133
1742359105.679910
1742359105.704882
1742359105.744338
1742359105.775062
1742359105.812718
1742359105.838929
1742359105.877163
1742359105.910895
1742359105.941750
1742359105.974121
1742359106.015244
1742359106.040169
1742359106.077445
1742359106.107403
1742359106.148655
1742359106.173118
1742359106.211504
1742359106.241046
1742359106.279347
1742359106.310746
1742359106.344809
1742359106.373268
1742359106.414907
1742359106.440181
1742359106.477959
1742359106.507547
1742359106.548530
1742359106.573528
1742359106.613606
1742359106.639206
1742359106.677527
1742359106.711022
1742359106.744696
1742359106.773991
1742359106.811323
1742359106.845635
1742359106.877914
1742359106.909974
1742359106.944007
1742359106.973076
1742359107.014503
1742359107.040313
1742359107.080965
1742359107.107932
1742359107.145053
1742359107.177276
1742359107.210987
1742359107.246625
1742359107.277920
1742359107.308954
1742359107.347023
1742359107.377386
1742359107.412211
1742359107.442265
1742359107.480251
1742359107.509165
1742359107.549396
1742359107.570953
1742359107.615109
1742359107.640488
1742359107.681488
1742359107.714987
1742359107.737424
1742359107.780334
1742359107.811203
1742359107.847540
1742359107.874645
1742359107.914092
1742359107.940369
1742359107.982548
1742359108.007330
1742359108.047108
1742359108.075665
1742359108.112558
1742359108.142975
1742359108.176819
1742359108.211240
1742359108.247436
1742359108.278116
1742359108.306588
1742359108.348382
1742359108.373916
1742359108.414711
1742359108.438032
1742359108.480514
1742359108.511416
1742359108.547210
1742359108.574801
1742359108.616167
1742359108.640569
1742359108.682631
1742359108.706113
1742359108.743535
1742359108.781274
1742359108.808496
1742359108.847658
1742359108.874315
1742359108.915340
1742359108.941553
1742359108.981951
1742359109.007121
1742359109.050234
1742359109.074646
1742359109.116362
1742359109.139446
1742359109.183107
1742359109.208142
1742359109.250244
1742359109.272748
1742359109.314828
1742359109.341651
1742359109.379390
1742359109.409663
1742359109.447908
1742359109.474919
1742359109.510191
1742359109.545570
1742359109.581836
1742359109.608068
1742359109.642722
1742359109.678436
1742359109.713293
1742359109.747801
1742359109.772020
1742359109.818756
1742359109.840942
1742359109.883722
1742359109.905130
1742359109.945708
1742359109.980130
1742359110.010532
1742359110.043507
1742359110.081734
1742359110.108287
1742359110.150794
1742359110.171853
1742359110.215274
1742359110.241606
1742359110.280473
1742359110.305359
1742359110.350857
1742359110.374431
1742359110.413535
1742359110.440134
1742359110.483601
1742359110.507955
1742359110.550539
1742359110.572068
1742359110.617438
1742359110.641020
1742359110.680258
1742359110.707674
1742359110.751141
1742359110.774170
1742359110.817197
1742359110.839132
1742359110.880118
1742359110.915405
1742359110.941711
1742359110.983914
1742359111.007083
1742359111.053839
1742359111.073768
1742359111.116822
1742359111.140006
1742359111.186290
1742359111.207743
1742359111.252482
1742359111.272749
1742359111.319484
1742359111.340596
1742359111.379265
1742359111.411010
1742359111.452073
1742359111.474695
1742359111.510498
1742359111.547205
1742359111.581072
1742359111.608248
1742359111.646310
1742359111.679409
1742359111.715446
1742359111.741513
1742359111.781084
1742359111.808343
1742359111.852153
1742359111.874786
1742359111.912730
1742359111.942625
1742359111.985205
1742359112.008084
1742359112.045180
1742359112.079481
1742359112.114872
1742359112.142085
1742359112.179872
1742359112.210561
1742359112.250303
1742359112.275930
1742359112.317311
1742359112.340369
1742359112.386715
1742359112.408082
1742359112.451150
1742359112.473777
1742359112.520807
1742359112.540718
1742359112.586880
1742359112.606928
1742359112.654012
1742359112.674858
1742359112.706392
1742359112.753614
1742359112.773005
1742359112.820200
1742359112.840991
1742359112.887285
1742359112.906982
1742359112.951036
1742359112.974944
1742359113.013978
1742359113.046659
1742359113.083557
1742359113.106838
1742359113.154201
1742359113.174447
1742359113.220766
1742359113.240414
1742359113.287209
1742359113.308002
1742359113.352655
1742359113.373771
1742359113.420423
1742359113.441779
1742359113.487492
1742359113.507300
1742359113.551281
1742359113.575046
1742359113.620115
1742359113.640626
1742359113.687699
1742359113.707855
1742359113.752336
1742359113.773999
1742359113.819664
1742359113.841735
1742359113.887525
1742359113.907520
1742359113.955201
1742359113.974634
1742359114.020447
1742359114.040768
1742359114.087749
1742359114.108164
1742359114.152544
1742359114.174306
1742359114.221052
1742359114.241498
1742359114.285755
1742359114.307618
1742359114.354673
1742359114.374981
1742359114.418847
1742359114.440947
1742359114.487806
1742359114.508290
1742359114.554214
1742359114.574661
1742359114.618197
1742359114.642878
1742359114.684694
1742359114.707948
1742359114.753952
1742359114.775400
1742359114.822044
1742359114.841128
1742359114.887935
1742359114.907575
1742359114.943212
1742359114.975484
1742359115.017671
1742359115.043455
1742359115.086119
1742359115.107878
1742359115.154878
1742359115.175627
1742359115.221879
1742359115.241455
1742359115.287525
1742359115.309029
1742359115.355172
1742359115.374719
1742359115.418164
1742359115.442402
1742359115.486078
1742359115.507960
1742359115.554389
1742359115.575285
1742359115.621697
1742359115.641443
1742359115.688833
1742359115.708334
1742359115.755526
1742359115.774982
1742359115.821756
1742359115.842042
1742359115.885990
1742359115.908112
1742359115.948802
1742359115.982210
1742359116.016040
1742359116.051541
1742359116.075078
1742359116.121932
1742359116.142357
1742359116.189961
1742359116.208869
1742359116.255150
1742359116.275476
1742359116.322807
1742359116.342230
1742359116.380450
1742359116.415138
1742359116.451739
1742359116.476058
1742359116.515532
1742359116.544802
1742359116.587044
1742359116.609357
1742359116.655851
1742359116.675570
1742359116.722608
1742359116.742718
1742359116.784173
1742359116.809380
1742359116.854073
1742359116.876276
1742359116.919904
1742359116.942433
1742359116.986222
1742359117.009526
1742359117.056027
1742359117.075650
1742359117.123020
1742359117.142648
1742359117.188126
1742359117.209407
1742359117.256312
1742359117.276194
1742359117.322599
1742359117.342795
1742359117.389660
1742359117.409499
1742359117.453346
1742359117.476049
1742359117.522971
1742359117.542968
1742359117.585611
1742359117.609440
1742359117.656822
1742359117.676389
1742359117.716302
1742359117.743052
1742359117.789196
1742359117.809657
1742359117.852176
1742359117.876167
1742359117.920684
1742359117.943310
1742359117.986256
1742359118.009685
1742359118.056554
1742359118.076579
1742359118.118493
1742359118.142801
1742359118.186978
1742359118.210562
1742359118.252232
1742359118.276444
1742359118.323645
1742359118.343236
1742359118.385221
1742359118.409859
1742359118.456835
1742359118.476658
1742359118.520221
1742359118.543195
1742359118.590441
1742359118.610471
1742359118.653158
1742359118.676972
1742359118.721214
1742359118.746177
1742359118.787482
1742359118.810246
1742359118.852553
1742359118.877339
1742359118.924065
1742359118.943556
1742359118.988678
1742359119.010318
1742359119.056489
1742359119.077521
1742359119.121817
1742359119.144336
1742359119.187518
1742359119.210987
1742359119.254407
1742359119.281094
1742359119.321325
1742359119.344700
1742359119.387822
1742359119.412251
1742359119.454695
1742359119.478198
1742359119.522831
1742359119.544455
1742359119.585741
1742359119.610786
1742359119.656587
1742359119.677773
1742359119.719402
1742359119.743530
1742359119.786662
1742359119.814248
1742359119.847227
1742359119.888303
1742359119.911542
1742359119.954070
1742359119.977134
1742359120.023972
1742359120.044477
1742359120.091022
1742359120.110571
1742359120.156270
1742359120.178455
1742359120.224320
1742359120.243749
1742359120.290639
1742359120.311915
1742359120.354322
1742359120.378560
1742359120.422985
1742359120.445443
1742359120.488723
1742359120.510723
1742359120.552096
1742359120.587041
1742359120.614427
1742359120.651253
1742359120.680933
1742359120.724527
1742359120.745768
1742359120.788556
1742359120.812656
1742359120.856783
1742359120.879607
1742359120.923219
1742359120.945770
1742359120.989950
1742359121.012810
1742359121.054896
1742359121.079702
1742359121.124936
1742359121.146744
1742359121.189150
1742359121.212914
1742359121.255408
1742359121.284065
1742359121.318677
1742359121.347580
1742359121.389313
1742359121.415027
1742359121.453700
1742359121.479978
1742359121.522045
1742359121.548894
1742359121.583742
1742359121.618829
1742359121.653843
1742359121.682567
1742359121.713817
1742359121.755497
1742359121.782381
1742359121.824450
1742359121.844497
1742359121.891264
1742359121.913832
1742359121.955810
1742359121.977916
1742359122.024574
1742359122.047171
1742359122.086330
1742359122.113662
1742359122.152388
1742359122.188547
1742359122.216078
1742359122.251154
1742359122.285323
1742359122.321366
1742359122.346803
1742359122.383184
1742359122.419929
1742359122.449920
1742359122.490132
1742359122.511865
1742359122.556715
1742359122.580777
1742359122.622859
1742359122.645576
1742359122.688571
1742359122.716984
1742359122.757278
1742359122.779564
1742359122.822655
1742359122.849134
1742359122.891234
1742359122.912130
1742359122.956982
1742359122.978695
1742359123.015630
1742359123.049492
1742359123.088291
1742359123.115314
1742359123.157314
1742359123.179529
1742359123.223296
1742359123.248605
1742359123.291975
1742359123.312664
1742359123.358860
1742359123.382166
1742359123.424410
1742359123.446157
1742359123.489845
1742359123.518638
1742359123.554592
1742359123.580058
1742359123.622117
1742359123.651276
1742359123.690045
1742359123.712093
1742359123.755861
1742359123.784212
1742359123.826241
1742359123.845699
1742359123.889177
1742359123.917302
1742359123.959110
1742359123.979306
1742359124.022492
1742359124.050277
1742359124.091828
1742359124.112695
1742359124.157073
1742359124.184633
1742359124.221963
1742359124.246507
1742359124.289606
1742359124.315801
1742359124.357334
1742359124.391181
1742359124.412746
1742359124.457785
1742359124.483227
1742359124.525993
1742359124.549681
1742359124.590906
1742359124.614437
1742359124.656585
1742359124.685575
1742359124.716014
1742359124.757023
1742359124.783897
1742359124.825926
1742359124.846396
1742359124.892543
1742359124.916759
1742359124.958154
1742359124.980473
1742359125.024683
1742359125.050175
1742359125.092320
1742359125.114214
1742359125.155870
1742359125.186204
1742359125.223097
1742359125.250894
1742359125.290555
1742359125.318783
1742359125.356463
1742359125.384243
1742359125.424753
1742359125.450524
1742359125.492693
1742359125.514890
1742359125.558174
1742359125.584548
1742359125.624691
1742359125.646631
1742359125.693232
1742359125.717020
1742359125.758395
1742359125.780112
1742359125.827263
1742359125.849856
1742359125.892161
1742359125.913809
1742359125.960272
1742359125.984143
1742359126.026025
1742359126.046722
1742359126.091674
1742359126.117689
1742359126.158772
1742359126.180156
1742359126.227185
1742359126.250755
1742359126.289766
1742359126.313898
1742359126.358845
1742359126.383918
1742359126.425594
1742359126.447112
1742359126.493812
1742359126.517344
1742359126.558012
1742359126.580698
1742359126.626978
1742359126.651323
1742359126.689325
1742359126.717108
1742359126.757923
1742359126.785608
1742359126.826545
1742359126.847281
1742359126.892695
1742359126.917977
1742359126.956471
1742359126.983294
1742359127.024975
1742359127.051768
1742359127.093019
1742359127.116276
1742359127.157366
1742359127.187169
1742359127.224981
1742359127.251590
1742359127.288777
1742359127.323636
1742359127.354732
1742359127.386881
1742359127.422320
1742359127.456123
1742359127.489995
1742359127.517944
1742359127.553783
1742359127.590431
1742359127.620016
1742359127.650065
1742359127.691879
1742359127.718833
1742359127.757190
1742359127.781394
1742359127.826067
1742359127.851545
1742359127.889865
1742359127.916596
1742359127.958143
1742359127.986630
1742359128.026231
1742359128.047776
1742359128.090762
1742359128.120601
1742359128.157724
1742359128.182589
1742359128.224320
1742359128.254364
1742359128.290841
1742359128.315634
1742359128.357173
1742359128.386066
1742359128.426870
1742359128.448107
1742359128.493813
1742359128.519205
1742359128.557881
1742359128.582405
1742359128.625047
1742359128.654171
1742359128.691593
1742359128.715495
1742359128.757851
1742359128.787557
1742359128.823982
1742359128.850348
1742359128.891927
1742359128.920933
1742359128.958761
1742359128.983693
1742359129.025203
1742359129.054455
1742359129.090283
1742359129.119631
1742359129.155880
1742359129.191217
1742359129.221537
1742359129.255697
1742359129.286599
1742359129.326149
1742359129.353605
1742359129.391987
1742359129.419900
1742359129.458987
1742359129.488169
1742359129.521877
1742359129.553652
1742359129.592469
1742359129.621679
1742359129.653204
1742359129.690293
1742359129.723330
1742359129.755236
1742359129.784326
1742359129.826373
1742359129.853132
1742359129.893672
1742359129.915295
1742359129.960926
1742359129.986661
1742359130.026595
1742359130.049803
1742359130.092219
1742359130.121320
1742359130.156816
1742359130.185811
1742359130.223792
1742359130.254959
1742359130.292187
1742359130.315686
1742359130.358083
1742359130.388334
1742359130.424350
1742359130.452552
1742359130.490715
1742359130.521165
1742359130.554561
1742359130.587001
1742359130.625272
1742359130.654901
1742359130.691134
1742359130.717861
1742359130.756457
1742359130.789956
1742359130.821986
1742359130.853724
1742359130.891181
1742359130.921547
1742359130.957915
1742359130.987345
1742359131.025882
1742359131.055198
1742359131.091135
1742359131.120539
1742359131.157286
1742359131.190930
1742359131.225860
1742359131.253481
1742359131.293040
1742359131.321883
1742359131.359420
1742359131.386819
1742359131.426700
1742359131.452670
1742359131.493534
1742359131.518883
1742359131.555738
1742359131.592384
1742359131.622348
1742359131.653712
1742359131.692561
1742359131.720692
1742359131.761303
1742359131.782841
1742359131.827995
1742359131.853588
1742359131.894388
1742359131.916252
1742359131.958845
1742359131.989391
1742359132.024800
1742359132.053157
1742359132.093378
1742359132.121066
1742359132.158989
1742359132.184514
1742359132.220815
1742359132.261670
1742359132.287518
1742359132.321121
1742359132.357361
1742359132.390699
1742359132.426001
1742359132.452434
1742359132.491824
1742359132.521332
1742359132.556749
1742359132.588150
1742359132.624621
1742359132.659370
1742359132.689363
1742359132.725948
1742359132.750021
1742359132.791935
1742359132.826768
1742359132.856764
1742359132.889537
1742359132.925414
1742359132.955295
1742359132.992884
1742359133.024956
1742359133.054522
1742359133.091359
1742359133.125290
1742359133.157775
1742359133.187812
1742359133.225344
1742359133.257737
1742359133.292562
1742359133.316554
1742359133.351773
1742359133.383798
1742359133.416536
1742359133.449834
1742359133.483166
1742359133.526576
1742359133.555724
1742359133.592776
1742359133.620380
1742359133.660420
1742359133.689991
1742359133.725407
1742359133.754922
1742359133.789427
1742359133.820008
1742359133.857217
1742359133.889776
1742359133.926048
1742359133.959081
1742359133.988821
1742359134.026509
1742359134.056340
1742359134.089910
1742359134.125381
1742359134.154969
1742359134.195899
1742359134.222296
1742359134.259026
1742359134.288349
1742359134.327359
1742359134.356534
1742359134.388286
1742359134.426487
1742359134.455376
1742359134.493001
1742359134.521223
1742359134.560551
1742359134.589463
1742359134.626162
1742359134.656112
1742359134.693517
1742359134.724382
1742359134.758464
1742359134.788124
1742359134.825320
1742359134.859575
1742359134.893500
1742359134.920118
1742359134.956222
1742359134.992906
1742359135.026568
1742359135.052620
1742359135.094414
1742359135.123210
1742359135.159775
1742359135.190359
1742359135.224430
1742359135.256973
1742359135.290718
1742359135.324507
1742359135.358775
1742359135.393886
1742359135.426703
1742359135.455910
1742359135.493618
1742359135.526103
1742359135.561840
1742359135.588207
1742359135.629282
1742359135.657081
1742359135.690699
1742359135.721206
1742359135.760767
1742359135.789767
1742359135.825942
1742359135.855177
1742359135.895762
1742359135.922764
1742359135.962477
1742359135.984757
1742359136.025011
1742359136.060143
1742359136.091716
1742359136.122243
1742359136.161204
1742359136.191629
1742359136.226799
1742359136.254880
1742359136.295513
1742359136.323671
1742359136.358841
1742359136.386039
1742359136.427089
1742359136.456598
1742359136.494810
1742359136.518158
1742359136.559147
1742359136.594745
1742359136.624088
1742359136.655794
1742359136.696360
1742359136.722998
1742359136.760404
1742359136.787631
1742359136.828501
1742359136.856542
1742359136.891538
1742359136.922423
1742359136.963273
1742359136.989999
1742359137.030053
1742359137.052420
1742359137.095827
1742359137.123817
1742359137.159006
1742359137.190080
1742359137.228548
1742359137.258887
1742359137.294102
1742359137.323183
1742359137.363422
1742359137.390141
1742359137.430394
1742359137.454818
1742359137.493100
1742359137.524190
1742359137.560236
1742359137.590321
1742359137.625782
1742359137.661348
1742359137.692009
1742359137.725557
1742359137.759643
1742359137.795514
1742359137.827617
1742359137.857550
1742359137.893470
1742359137.924914
1742359137.960902
1742359137.990132
1742359138.028044
1742359138.059174
1742359138.093809
1742359138.123151
1742359138.162854
1742359138.192215
1742359138.227837
1742359138.257672
1742359138.295090
1742359138.325400
1742359138.362471
1742359138.389982
1742359138.428570
1742359138.459807
1742359138.496185
1742359138.523254
1742359138.564749
1742359138.589276
1742359138.629178
1742359138.655843
1742359138.694193
1742359138.729010
1742359138.759587
1742359138.794269
1742359138.824687
1742359138.864811
1742359138.890109
1742359138.926732
1742359138.960241
1742359138.995515
1742359139.026657
1742359139.060325
1742359139.093811
1742359139.130547
1742359139.156423
1742359139.197070
1742359139.222861
1742359139.261121
1742359139.296384
1742359139.322495
1742359139.359910
1742359139.394509
1742359139.430064
1742359139.456630
1742359139.497058
1742359139.523607
1742359139.564474
1742359139.589987
1742359139.630791
1742359139.656841
1742359139.697660
1742359139.722708
1742359139.764054
1742359139.789799
1742359139.832547
1742359139.855470
1742359139.894044
1742359139.930916
1742359139.956906
1742359139.991591
1742359140.024397
1742359140.063569
1742359140.092616
1742359140.123019
1742359140.164189
1742359140.189864
1742359140.230938
1742359140.253726
1742359140.298357
1742359140.321487
1742359140.360187
1742359140.390627
1742359140.431355
1742359140.457293
1742359140.498738
1742359140.520281
1742359140.564900
1742359140.590036
1742359140.631334
1742359140.653637
1742359140.699359
1742359140.723068
1742359140.765779
1742359140.787163
1742359140.830406
1742359140.858181
1742359140.898928
1742359140.920512
1742359140.966425
1742359140.989801
1742359141.028334
1742359141.064865
1742359141.087329
1742359141.133358
1742359141.157123
1742359141.199561
1742359141.223840
1742359141.263534
1742359141.289988
1742359141.328686
1742359141.360735
1742359141.390945
1742359141.431036
1742359141.457698
1742359141.499478
1742359141.520935
1742359141.567034
1742359141.590085
1742359141.628486
1742359141.659042
1742359141.697354
1742359141.723570
1742359141.766434
1742359141.787600
1742359141.831461
1742359141.857795
1742359141.899154
1742359141.921082
1742359141.964282
1742359141.990933
1742359142.032975
1742359142.054339
1742359142.099938
1742359142.123106
1742359142.167413
1742359142.187945
1742359142.234488
1742359142.257022
1742359142.298908
1742359142.321179
1742359142.365875
1742359142.390573
1742359142.432871
1742359142.454638
1742359142.501068
1742359142.522981
1742359142.567273
1742359142.588087
1742359142.631433
1742359142.657823
1742359142.696527
1742359142.723324
1742359142.761711
1742359142.797022
1742359142.824242
1742359142.859454
1742359142.899058
1742359142.923765
1742359142.968314
1742359142.988082
1742359143.032726
1742359143.057143
1742359143.096410
1742359143.123529
1742359143.161098
1742359143.197068
1742359143.224443
1742359143.262009
1742359143.294940
1742359143.331186
1742359143.358363
1742359143.398926
1742359143.424259
1742359143.468704
1742359143.490814
1742359143.531812
1742359143.557704
1742359143.600014
1742359143.624110
1742359143.665595
1742359143.690668
1742359143.732564
1742359143.758478
1742359143.799989
1742359143.823812
1742359143.863378
1742359143.897323
1742359143.923349
1742359143.961444
1742359144.000668
1742359144.024230
1742359144.060519
1742359144.095862
1742359144.128004
1742359144.167427
1742359144.188780
1742359144.235467
1742359144.257241
1742359144.299509
1742359144.322264
1742359144.367653
1742359144.390589
1742359144.434723
1742359144.455713
1742359144.502108
1742359144.524136
1742359144.565789
1742359144.589248
1742359144.635570
1742359144.657501
1742359144.699759
1742359144.722720
1742359144.768617
1742359144.790817
1742359144.836738
1742359144.856202
1742359144.902851
1742359144.924018
1742359144.968824
1742359144.989396
1742359145.035930
1742359145.057500
1742359145.102604
1742359145.122761
1742359145.169721
1742359145.190518
1742359145.234942
1742359145.256181
1742359145.303194
1742359145.324213
1742359145.369931
1742359145.389521
1742359145.436342
1742359145.457785
1742359145.503676
1742359145.522965
1742359145.570115
1742359145.591052
1742359145.636432
1742359145.656579
1742359145.703592
1742359145.724637
1742359145.769935
1742359145.789953
1742359145.837205
1742359145.857371
1742359145.901990
1742359145.923354
1742359145.970789
1742359145.990647
1742359146.026919
1742359146.061031
1742359146.096397
1742359146.132311
1742359146.159984
1742359146.195056
1742359146.232836
1742359146.258231
1742359146.300525
1742359146.323626
1742359146.370044
1742359146.391442
1742359146.434991
1742359146.457074
1742359146.500302
1742359146.525657
1742359146.570572
1742359146.590323
1742359146.637531
1742359146.657637
1742359146.700906
1742359146.723875
1742359146.771196
1742359146.790754
1742359146.837859
1742359146.856961
1742359146.904162
1742359146.924659
1742359146.966626
1742359146.990759
1742359147.035474
1742359147.058208
1742359147.104722
1742359147.124004
1742359147.170867
1742359147.191259
1742359147.233160
1742359147.257303
1742359147.293786
1742359147.333931
1742359147.358978
1742359147.401262
1742359147.424557
1742359147.468982
1742359147.491821
1742359147.538275
1742359147.557795
1742359147.604353
1742359147.624899
1742359147.670878
1742359147.691095
1742359147.736969
1742359147.758320
1742359147.804218
1742359147.824371
1742359147.870530
1742359147.891635
1742359147.934531
1742359147.957699
1742359148.004640
1742359148.024769
1742359148.066409
1742359148.091630
1742359148.138089
1742359148.157851
1742359148.199798
1742359148.225115
1742359148.272258
1742359148.291250
1742359148.335498
1742359148.357681
1742359148.401456
1742359148.425280
1742359148.469199
1742359148.491162
1742359148.538199
1742359148.558519
1742359148.601676
1742359148.624780
1742359148.667713
1742359148.691950
1742359148.729243
1742359148.763453
1742359148.802673
1742359148.825392
1742359148.863808
1742359148.897513
1742359148.931458
1742359148.966998
1742359148.991677
1742359149.038350
1742359149.058175
1742359149.104752
1742359149.124938
1742359149.171960
1742359149.191486
1742359149.238064
1742359149.258347
1742359149.304347
1742359149.325445
1742359149.372035
1742359149.400831
1742359149.424909
1742359149.471476
1742359149.492358
1742359149.537537
1742359149.559442
1742359149.605966
1742359149.625600
1742359149.670810
1742359149.693089
1742359149.735130
1742359149.758979
1742359149.804068
1742359149.826079
1742359149.872126
1742359149.892328
1742359149.937931
1742359149.959167
1742359150.000064
1742359150.025680
1742359150.072804
1742359150.092235
1742359150.131610
1742359150.159088
1742359150.204999
1742359150.225560
1742359150.268096
1742359150.292424
1742359150.336025
1742359150.359414
1742359150.403032
1742359150.425867
1742359150.471078
1742359150.493096
1742359150.535974
1742359150.559341
1742359150.606240
1742359150.625989
1742359150.670367
1742359150.692680
1742359150.738880
1742359150.759267
1742359150.801426
1742359150.826012
1742359150.873037
1742359150.892911
1742359150.932567
1742359150.959389
1742359151.006561
1742359151.026477
1742359151.063901
1742359151.098207
1742359151.134577
1742359151.160573
1742359151.199734
1742359151.226841
1742359151.272986
1742359151.293193
1742359151.333116
1742359151.359568
1742359151.403925
1742359151.430061
1742359151.461177
1742359151.503150
1742359151.526452
1742359151.569069
1742359151.593503
1742359151.638959
1742359151.659763
1742359151.706273
1742359151.726486
1742359151.769712
1742359151.796502
1742359151.835281
1742359151.860472
1742359151.906709
1742359151.927334
1742359151.973574
1742359151.993399
1742359152.040161
1742359152.060912
1742359152.105167
1742359152.126900
1742359152.170304
1742359152.195210
1742359152.238272
1742359152.259648
1742359152.306033
1742359152.327491
1742359152.374350
1742359152.393105
1742359152.439929
1742359152.461269
1742359152.507434
1742359152.526473
1742359152.569357
1742359152.595385
1742359152.640232
1742359152.659956
1742359152.704881
1742359152.728279
1742359152.773177
1742359152.793247
1742359152.837057
1742359152.863572
1742359152.906139
1742359152.926747
1742359152.965985
1742359152.996558
1742359153.032503
1742359153.060582
1742359153.107751
1742359153.128379
1742359153.171249
1742359153.193527
1742359153.237041
1742359153.262928
1742359153.305763
1742359153.326901
1742359153.373613
1742359153.395339
1742359153.439625
1742359153.460242
1742359153.506797
1742359153.528726
1742359153.574253
1742359153.593715
1742359153.641081
1742359153.662278
1742359153.708103
1742359153.727308
1742359153.773637
1742359153.795822
1742359153.838404
1742359153.861136
1742359153.908603
1742359153.929308
1742359153.973732
1742359153.993966
1742359154.039774
1742359154.062694
1742359154.104992
1742359154.127234
1742359154.170782
1742359154.197956
1742359154.240820
1742359154.260576
1742359154.307748
1742359154.329314
1742359154.371489
1742359154.394521
1742359154.440085
1742359154.463037
1742359154.506439
1742359154.527615
1742359154.571061
1742359154.599319
1742359154.640515
1742359154.660920
1742359154.706451
1742359154.729967
1742359154.772173
1742359154.794549
1742359154.838296
1742359154.863920
1742359154.905973
1742359154.927526
1742359154.974619
1742359154.997339
1742359155.039794
1742359155.061006
1742359155.106791
1742359155.130280
1742359155.172963
1742359155.194505
1742359155.238705
1742359155.263795
1742359155.305802
1742359155.328193
1742359155.372825
1742359155.397157
1742359155.439325
1742359155.461502
1742359155.506833
1742359155.530312
1742359155.573212
1742359155.595625
1742359155.641928
1742359155.664477
1742359155.707726
1742359155.728703
1742359155.773649
1742359155.797901
1742359155.841545
1742359155.861678
1742359155.906828
1742359155.931055
1742359155.975171
1742359155.994718
1742359156.039259
1742359156.064102
1742359156.106628
1742359156.128155
1742359156.172614
1742359156.197387
1742359156.241546
1742359156.261867
1742359156.308556
1742359156.330892
1742359156.374020
1742359156.395008
1742359156.442180
1742359156.464871
1742359156.507690
1742359156.528591
1742359156.568284
1742359156.604810
1742359156.634576
1742359156.665390
1742359156.705146
1742359156.732854
1742359156.774690
1742359156.795170
1742359156.839183
1742359156.864490
1742359156.908735
1742359156.928671
1742359156.971830
1742359156.998905
1742359157.040805
1742359157.062072
1742359157.109526
1742359157.131914
1742359157.174199
1742359157.196029
1742359157.239132
1742359157.267965
1742359157.306487
1742359157.330386
1742359157.372571
1742359157.400025
1742359157.440865
1742359157.463732
1742359157.505631
1742359157.535340
1742359157.573395
1742359157.598746
1742359157.639630
1742359157.667464
1742359157.705641
1742359157.741060
1742359157.762627
1742359157.807386
1742359157.835334
1742359157.873659
1742359157.902582
1742359157.935668
1742359157.968229
1742359158.007802
1742359158.033253
1742359158.071376
1742359158.096680
1742359158.142882
1742359158.166671
1742359158.206492
1742359158.232970
1742359158.274299
1742359158.301206
1742359158.338065
1742359158.367193
1742359158.407692
1742359158.434715
1742359158.469426
1742359158.502111
1742359158.540935
1742359158.568660
1742359158.602525
1742359158.635687
1742359158.672600
1742359158.702117
1742359158.733740
1742359158.773769
1742359158.801394
1742359158.839083
1742359158.863461
1742359158.909393
1742359158.931031
1742359158.974326
1742359158.996396
1742359159.040704
1742359159.066206
1742359159.108330
1742359159.129726
1742359159.177116
1742359159.199386
1742359159.242461
1742359159.263123
1742359159.310307
1742359159.332446
1742359159.374645
1742359159.397391
1742359159.441288
1742359159.468040
1742359159.509567
1742359159.530607
1742359159.574786
1742359159.601243
1742359159.641758
1742359159.666356
1742359159.707304
1742359159.736327
1742359159.774171
1742359159.800193
1742359159.842093
1742359159.867778
1742359159.909236
1742359159.930459
1742359159.975968
1742359160.000809
1742359160.039212
1742359160.063565
1742359160.110523
1742359160.133408
1742359160.175403
1742359160.196902
1742359160.241928
1742359160.268196
1742359160.306286
1742359160.330716
1742359160.375227
1742359160.401504
1742359160.441434
1742359160.464236
1742359160.509991
1742359160.535066
1742359160.574205
1742359160.597710
1742359160.643533
1742359160.668081
1742359160.709593
1742359160.730624
1742359160.776862
1742359160.801337
1742359160.839947
1742359160.863820
1742359160.909841
1742359160.934906
1742359160.973577
1742359160.997424
1742359161.040505
1742359161.068454
1742359161.106545
1742359161.131237
1742359161.177390
1742359161.200786
1742359161.238679
1742359161.265803
1742359161.307261
1742359161.337271
1742359161.373375
1742359161.397999
1742359161.439955
1742359161.470691
1742359161.506523
1742359161.534763
1742359161.572856
1742359161.604063
1742359161.637148
1742359161.672584
1742359161.702404
1742359161.742516
1742359161.770044
1742359161.805352
1742359161.836885
1742359161.876021
1742359161.901698
1742359161.939054
1742359161.969596
1742359162.009404
1742359162.037456
1742359162.069764
1742359162.106075
1742359162.139232
1742359162.170547
1742359162.201922
1742359162.238615
1742359162.274325
1742359162.303974
1742359162.332904
1742359162.374796
1742359162.403059
1742359162.442251
1742359162.464721
1742359162.511126
1742359162.534777
1742359162.572017
1742359162.600266
1742359162.638617
1742359162.673627
1742359162.706537
1742359162.732403
1742359162.774733
1742359162.804022
1742359162.842201
1742359162.865147
1742359162.907782
1742359162.936715
1742359162.977378
1742359162.998330
1742359163.040907
1742359163.070963
1742359163.107208
1742359163.131866
1742359163.174946
1742359163.203639
1742359163.243495
1742359163.265011
1742359163.307931
1742359163.337317
1742359163.374320
1742359163.399109
1742359163.441598
1742359163.470738
1742359163.507661
1742359163.532314
1742359163.577488
1742359163.603111
1742359163.644220
1742359163.665420
1742359163.710770
1742359163.734443
1742359163.771895
1742359163.804083
1742359163.840299
1742359163.873033
1742359163.907594
1742359163.937291
1742359163.971941
1742359164.005966
1742359164.040118
1742359164.070475
1742359164.107902
1742359164.136700
1742359164.177734
1742359164.198912
1742359164.241310
1742359164.271799
1742359164.307157
1742359164.332899
1742359164.373955
1742359164.406057
1742359164.438235
1742359164.468074
1742359164.509096
1742359164.537967
1742359164.574046
1742359164.600321
1742359164.638337
1742359164.674224
1742359164.707348
1742359164.735492
1742359164.776036
1742359164.804328
1742359164.843811
1742359164.866699
1742359164.905804
1742359164.942144
1742359164.971851
1742359165.002479
1742359165.042465
1742359165.071875
1742359165.107647
1742359165.132597
1742359165.174828
1742359165.205550
1742359165.239650
1742359165.267454
1742359165.309480
1742359165.338595
1742359165.374101
1742359165.400851
1742359165.440151
1742359165.474899
1742359165.504429
1742359165.537498
1742359165.576547
1742359165.605703
1742359165.637807
1742359165.670718
1742359165.709319
1742359165.739274
1742359165.774551
1742359165.804380
1742359165.842767
1742359165.872207
1742359165.907235
1742359165.939297
1742359165.974629
1742359166.009303
1742359166.039846
1742359166.077408
1742359166.100164
1742359166.142940
1742359166.173101
1742359166.208776
1742359166.238996
1742359166.271528
1742359166.307106
1742359166.342192
1742359166.372949
1742359166.404194
1742359166.442711
1742359166.472685
1742359166.508291
1742359166.537577
1742359166.575307
1742359166.607521
1742359166.642109
1742359166.671435
1742359166.709576
1742359166.738640
1742359166.776649
1742359166.803896
1742359166.841980
1742359166.875439
1742359166.904912
1742359166.938333
1742359166.974628
1742359167.004494
1742359167.039223
1742359167.069965
1742359167.109360
1742359167.138750
1742359167.177227
1742359167.200440
1742359167.244279
1742359167.271587
1742359167.309434
1742359167.335015
1742359167.375877
1742359167.405912
1742359167.441184
1742359167.470620
1742359167.509792
1742359167.538481
1742359167.578257
1742359167.600742
1742359167.637831
1742359167.675506
1742359167.709432
1742359167.738387
1742359167.775914
1742359167.807477
1742359167.841956
1742359167.871874
1742359167.909619
1742359167.938602
1742359167.978587
1742359168.001843
1742359168.043606
1742359168.073403
1742359168.108882
1742359168.135435
1742359168.175978
1742359168.204643
1742359168.244437
1742359168.267576
1742359168.309712
1742359168.339483
1742359168.373316
1742359168.403477
1742359168.444426
1742359168.472312
1742359168.510402
1742359168.534508
1742359168.576706
1742359168.607256
1742359168.642515
1742359168.669949
1742359168.710069
1742359168.740383
1742359168.772237
1742359168.805972
1742359168.841579
1742359168.876286
1742359168.908032
1742359168.937142
1742359168.975931
1742359169.009634
1742359169.039075
1742359169.070565
1742359169.107190
1742359169.141570
1742359169.177216
1742359169.201674
1742359169.243404
1742359169.273385
1742359169.308872
1742359169.335751
1742359169.377608
1742359169.404988
1742359169.445328
1742359169.468240
1742359169.508414
1742359169.543507
1742359169.574523
1742359169.605400
1742359169.638849
1742359169.676237
1742359169.707351
1742359169.739353
1742359169.778801
1742359169.807703
1742359169.842285
1742359169.872440
1742359169.909733
1742359169.941024
1742359169.976926
1742359170.005238
1742359170.044829
1742359170.073946
1742359170.108457
1742359170.141295
1742359170.176928
1742359170.207302
1742359170.243395
1742359170.270774
1742359170.307670
1742359170.343084
1742359170.376756
1742359170.403451
1742359170.444976
1742359170.474254
1742359170.512875
1742359170.535416
1742359170.576537
1742359170.608724
1742359170.644955
1742359170.668917
1742359170.709461
1742359170.741162
1742359170.777014
1742359170.803242
1742359170.845240
1742359170.874462
1742359170.911148
1742359170.938685
1742359170.976479
1742359171.008550
1742359171.044458
1742359171.069441
1742359171.109780
1742359171.141077
1742359171.178211
1742359171.202141
1742359171.244262
1742359171.274055
1742359171.313268
1742359171.335383
1742359171.378404
1742359171.407182
1742359171.445040
1742359171.469266
1742359171.509892
1742359171.542820
1742359171.574936
1742359171.607107
1742359171.644234
1742359171.673379
1742359171.714217
1742359171.735935
1742359171.778953
1742359171.809064
1742359171.847914
1742359171.870085
1742359171.912612
1742359171.941109
1742359171.981077
1742359172.002910
1742359172.046932
1742359172.073449
1742359172.113700
1742359172.136290
1742359172.181355
1742359172.205762
1742359172.245978
1742359172.270954
1742359172.311247
1742359172.342929
1742359172.377210
1742359172.405195
1742359172.447322
1742359172.472723
1742359172.513177
1742359172.536524
1742359172.580469
1742359172.606175
1742359172.644844
1742359172.674410
1742359172.713857
1742359172.739496
1742359172.777470
1742359172.807976
1742359172.846216
1742359172.876930
1742359172.907722
1742359172.943097
1742359172.974936
1742359173.012093
1742359173.043147
1742359173.071539
1742359173.113037
1742359173.141686
1742359173.182332
1742359173.203089
1742359173.250403
1742359173.272384
1742359173.313891
1742359173.336631
1742359173.379456
1742359173.409495
1742359173.446100
1742359173.471616
1742359173.509283
1742359173.547312
1742359173.574019
1742359173.609802
1742359173.641907
1742359173.680635
1742359173.706823
1742359173.747294
1742359173.773048
1742359173.814564
1742359173.840265
1742359173.878620
1742359173.906515
1742359173.944626
1742359173.980490
1742359174.004188
1742359174.047723
1742359174.073712
1742359174.114436
1742359174.138963
1742359174.177764
1742359174.213659
1742359174.240390
1742359174.279500
1742359174.306778
1742359174.348496
1742359174.373490
1742359174.412746
1742359174.437220
1742359174.479531
1742359174.506606
1742359174.550042
1742359174.573619
1742359174.611368
1742359174.642190
1742359174.680506
1742359174.706717
1742359174.745938
1742359174.775727
1742359174.816166
1742359174.839964
1742359174.877844
1742359174.908999
1742359174.950521
1742359174.973194
1742359175.008087
1742359175.039002
1742359175.079919
1742359175.107726
1742359175.144229
1742359175.175717
1742359175.217210
1742359175.240059
1742359175.277892
1742359175.309881
1742359175.349247
1742359175.373963
1742359175.414510
1742359175.440227
1742359175.482698
1742359175.506363
1742359175.549525
1742359175.572019
1742359175.618083
1742359175.640149
1742359175.679313
1742359175.707907
1742359175.749851
1742359175.773551
1742359175.811720
1742359175.844725
1742359175.877709
1742359175.915639
1742359175.940172
1742359175.982353
1742359176.006972
1742359176.048701
1742359176.072165
1742359176.119031
1742359176.139971
1742359176.179174
1742359176.208082
1742359176.249362
1742359176.273649
1742359176.312815
1742359176.338171
1742359176.384529
1742359176.406799
1742359176.446325
1742359176.471473
1742359176.517982
1742359176.540252
1742359176.581336
1742359176.605055
1742359176.651211
1742359176.673616
1742359176.713415
1742359176.738553
1742359176.784354
1742359176.806995
1742359176.846194
1742359176.873302
1742359176.912589
1742359176.946565
1742359176.978227
1742359177.008536
1742359177.049261
1742359177.073728
1742359177.117693
1742359177.138624
1742359177.185076
1742359177.207033
1742359177.251427
1742359177.272098
1742359177.319244
1742359177.340063
1742359177.385809
1742359177.405546
1742359177.452204
1742359177.473505
1742359177.515162
1742359177.539283
1742359177.586455
1742359177.606848
1742359177.652838
1742359177.672620
1742359177.719481
1742359177.740444
1742359177.784703
1742359177.806026
1742359177.852985
1742359177.873539
1742359177.918654
1742359177.939211
1742359177.985387
1742359178.007342
1742359178.053427
1742359178.072751
1742359178.111650
1742359178.152208
1742359178.173947
1742359178.213068
1742359178.243656
1742359178.285463
1742359178.306836
1742359178.343406
1742359178.380947
1742359178.407905
1742359178.450766
1742359178.472751
1742359178.520013
1742359178.540192
1742359178.585917
1742359178.606258
1742359178.653712
1742359178.673468
1742359178.719090
1742359178.739743
1742359178.785286
1742359178.807618
1742359178.853509
1742359178.873142
1742359178.917843
1742359178.940914
1742359178.987291
1742359179.006716
1742359179.053577
1742359179.073677
1742359179.120118
1742359179.139859
1742359179.185769
1742359179.207438
1742359179.253650
1742359179.273085
1742359179.319322
1742359179.340311
1742359179.386251
1742359179.406551
1742359179.452662
1742359179.474004
1742359179.518835
1742359179.539862
1742359179.586524
1742359179.607516
1742359179.653231
1742359179.673398
1742359179.719249
1742359179.741118
1742359179.787195
1742359179.806956
1742359179.852899
1742359179.874292
1742359179.921717
1742359179.940478
1742359179.985722
1742359180.008082
1742359180.046355
1742359180.074463
1742359180.122212
1742359180.140355
1742359180.187008
1742359180.207029
1742359180.253187
1742359180.274545
1742359180.321182
1742359180.340339
1742359180.382969
1742359180.407923
1742359180.454214
1742359180.473775
1742359180.517507
1742359180.541468
1742359180.585103
1742359180.607333
1742359180.652773
1742359180.674376
1742359180.721237
1742359180.740517
1742359180.787693
1742359180.807281
1742359180.854324
1742359180.873922
1742359180.918890
1742359180.941254
1742359180.984680
1742359181.007225
1742359181.053491
1742359181.074558
1742359181.120956
1742359181.140718
1742359181.186862
1742359181.207938
1742359181.252806
1742359181.274146
1742359181.317128
1742359181.343307
1742359181.385498
1742359181.407476
1742359181.449470
1742359181.475022
1742359181.519321
1742359181.540956
1742359181.587056
1742359181.608367
1742359181.654933
1742359181.674540
1742359181.715024
1742359181.745727
1742359181.783705
1742359181.808022
1742359181.855224
1742359181.874502
1742359181.921800
1742359181.941363
1742359181.988398
1742359182.007999
1742359182.054014
1742359182.075055
1742359182.121701
1742359182.141646
1742359182.189157
1742359182.208175
1742359182.251547
1742359182.275242
1742359182.318094
1742359182.341650
1742359182.385765
1742359182.408658
1742359182.454236
1742359182.474835
1742359182.518650
1742359182.541998
1742359182.586989
1742359182.608301
1742359182.652138
1742359182.676842
1742359182.718368
1742359182.754321
1742359182.775054
1742359182.818765
1742359182.846227
1742359182.887299
1742359182.909321
1742359182.951738
1742359182.975258
1742359183.012772
1742359183.046393
1742359183.077816
1742359183.118943
1742359183.142630
1742359183.185613
1742359183.208375
1742359183.251875
1742359183.276227
1742359183.318656
1742359183.342226
1742359183.388637
1742359183.409001
1742359183.452590
1742359183.475619
1742359183.521316
1742359183.542239
1742359183.588740
1742359183.608681
1742359183.653839
1742359183.676017
1742359183.722077
1742359183.742220
1742359183.789024
1742359183.809534
1742359183.852784
1742359183.876472
1742359183.917568
1742359183.942766
1742359183.986166
1742359184.010210
1742359184.055612
1742359184.076331
1742359184.118595
1742359184.143078
1742359184.186410
1742359184.210361
1742359184.254848
1742359184.275729
1742359184.322087
1742359184.343323
1742359184.386148
1742359184.409115
1742359184.452294
1742359184.476048
1742359184.520751
1742359184.542364
1742359184.588715
1742359184.609830
1742359184.654768
1742359184.675851
1742359184.718753
1742359184.746993
1742359184.788475
1742359184.809249
1742359184.855058
1742359184.876836
1742359184.918895
1742359184.942849
1742359184.989294
1742359185.010347
1742359185.055971
1742359185.075910
1742359185.120270
1742359185.143730
1742359185.187479
1742359185.209258
1742359185.252527
1742359185.278264
1742359185.323366
1742359185.342780
1742359185.385812
1742359185.411794
1742359185.456648
1742359185.476124
1742359185.520836
1742359185.544264
1742359185.587585
1742359185.609726
1742359185.654688
1742359185.677827
1742359185.722819
1742359185.742936
1742359185.789562
1742359185.811778
1742359185.857701
1742359185.876422
1742359185.921812
1742359185.944978
1742359185.988505
1742359186.009787
1742359186.056501
1742359186.078252
1742359186.120909
1742359186.143399
1742359186.190008
1742359186.212235
1742359186.254530
1742359186.276708
1742359186.319667
1742359186.346326
1742359186.385252
1742359186.410054
1742359186.453605
1742359186.478736
1742359186.517648
1742359186.543297
1742359186.589220
1742359186.611859
1742359186.656735
1742359186.676599
1742359186.722398
1742359186.745711
1742359186.788112
1742359186.810177
1742359186.854961
1742359186.879496
1742359186.921436
1742359186.943647
1742359186.986953
1742359187.014086
1742359187.057186
1742359187.076919
1742359187.121643
1742359187.145998
1742359187.184805
1742359187.210788
1742359187.256826
1742359187.279444
1742359187.321477
1742359187.343598
1742359187.389692
1742359187.413325
1742359187.456627
1742359187.477029
1742359187.522364
1742359187.545571
1742359187.587211
1742359187.610461
1742359187.656690
1742359187.678678
1742359187.723012
1742359187.743904
1742359187.790733
1742359187.813492
1742359187.855775
1742359187.877265
1742359187.920827
1742359187.947324
1742359187.990709
1742359188.010684
1742359188.053744
1742359188.078753
1742359188.120226
1742359188.144624
1742359188.187928
1742359188.215245
1742359188.257116
1742359188.277428
1742359188.320854
1742359188.345851
1742359188.384711
1742359188.410871
1742359188.454107
1742359188.480093
1742359188.520670
1742359188.544421
1742359188.591599
1742359188.613814
1742359188.655559
1742359188.678088
1742359188.724339
1742359188.747733
1742359188.790117
1742359188.811058
1742359188.857939
1742359188.881373
1742359188.921791
1742359188.944519
1742359188.991606
1742359189.013546
1742359189.055185
1742359189.077813
1742359189.123051
1742359189.147475
1742359189.191678
1742359189.211223
1742359189.256379
1742359189.281107
1742359189.322571
1742359189.344776
1742359189.387892
1742359189.417618
1742359189.454323
1742359189.479249
1742359189.518790
1742359189.553750
1742359189.582541
1742359189.615848
1742359189.655789
1742359189.682062
1742359189.724184
1742359189.745200
1742359189.788179
1742359189.817425
1742359189.858411
1742359189.878910
1742359189.924460
1742359189.949168
1742359189.990627
1742359190.012307
1742359190.056249
1742359190.083386
1742359190.124059
1742359190.145350
1742359190.192067
1742359190.216601
1742359190.254768
1742359190.278377
1742359190.323033
1742359190.348480
1742359190.390109
1742359190.411791
1742359190.455049
1742359190.483128
1742359190.524326
1742359190.545311
1742359190.592499
1742359190.615693
1742359190.657986
1742359190.678733
1742359190.721845
1742359190.751711
1742359190.790418
1742359190.812792
1742359190.860215
1742359190.880982
1742359190.926163
1742359190.945671
1742359190.993409
1742359191.014572
1742359191.056459
1742359191.091285
1742359191.112402
1742359191.156592
1742359191.182367
1742359191.224994
1742359191.249877
1742359191.286673
1742359191.316421
1742359191.355567
1742359191.384931
1742359191.416793
1742359191.453087
1742359191.488606
1742359191.519626
1742359191.548540
1742359191.590846
1742359191.616199
1742359191.657636
1742359191.679336
1742359191.724156
1742359191.750479
1742359191.788355
1742359191.815200
1742359191.856841
1742359191.884128
1742359191.921710
1742359191.951115
1742359191.989363
1742359192.018152
1742359192.056761
1742359192.083407
1742359192.121382
1742359192.153370
1742359192.189273
1742359192.213893
1742359192.257777
1742359192.283797
1742359192.321483
1742359192.346017
1742359192.391654
1742359192.417510
1742359192.455177
1742359192.479362
1742359192.519453
1742359192.556258
1742359192.585632
1742359192.617423
1742359192.654440
1742359192.689088
1742359192.718265
1742359192.752814
1742359192.787579
1742359192.822912
1742359192.852572
1742359192.884527
1742359192.921127
1742359192.954924
1742359192.987672
1742359193.013293
1742359193.058628
1742359193.084885
1742359193.123459
1742359193.146721
1742359193.192929
1742359193.217376
1742359193.258320
1742359193.279942
1742359193.325085
1742359193.351316
1742359193.390088
1742359193.413471
1742359193.459646
1742359193.484547
1742359193.523289
1742359193.547966
1742359193.592196
1742359193.617854
1742359193.657548
1742359193.680420
1742359193.726892
1742359193.750562
1742359193.789468
1742359193.815212
1742359193.856522
1742359193.886439
1742359193.922676
1742359193.951760
1742359193.988735
1742359194.017213
1742359194.055632
1742359194.084554
1742359194.121865
1742359194.155117
1742359194.189522
1742359194.217207
1742359194.255091
1742359194.290717
1742359194.320501
1742359194.351958
1742359194.388163
1742359194.423409
1742359194.454625
1742359194.485695
1742359194.521752
1742359194.555840
1742359194.587986
1742359194.618851
1742359194.655082
1742359194.690011
1742359194.721494
1742359194.751893
1742359194.790035
1742359194.819223
1742359194.859434
1742359194.881178
1742359194.923579
1742359194.953802
1742359194.991568
1742359195.015968
1742359195.058692
1742359195.086220
1742359195.125636
1742359195.148447
1742359195.192984
1742359195.216258
1742359195.258515
1742359195.283950
1742359195.323521
1742359195.353619
1742359195.390999
1742359195.419493
1742359195.456820
1742359195.487116
1742359195.524149
1742359195.551974
1742359195.591459
1742359195.620364
1742359195.658047
1742359195.686300
1742359195.725320
1742359195.755016
1742359195.790429
1742359195.820042
1742359195.857452
1742359195.889619
1742359195.921131
1742359195.956299
1742359195.986160
1742359196.026327
1742359196.053130
1742359196.093089
1742359196.117572
1742359196.157137
1742359196.189675
1742359196.218513
1742359196.253922
1742359196.290164
1742359196.320317
1742359196.352816
1742359196.387509
1742359196.424049
1742359196.453646
1742359196.486256
1742359196.525590
1742359196.552195
1742359196.591993
1742359196.614928
1742359196.657677
1742359196.686460
1742359196.724220
1742359196.748580
1742359196.791167
1742359196.821463
1742359196.857166
1742359196.883431
1742359196.924081
1742359196.954116
1742359196.991274
1742359197.015277
1742359197.056751
1742359197.087608
1742359197.124010
1742359197.148635
1742359197.191040
1742359197.221422
1742359197.257316
1742359197.282255
1742359197.323187
1742359197.356406
1742359197.390361
1742359197.415856
1742359197.458545
1742359197.487236
1742359197.525375
1742359197.549185
1742359197.591026
1742359197.620232
1742359197.659185
1742359197.682146
1742359197.725210
1742359197.754517
1742359197.789185
1742359197.818347
1742359197.859034
1742359197.888321
1742359197.924264
1742359197.952749
1742359197.993702
1742359198.019694
1742359198.060353
1742359198.083451
1742359198.124842
1742359198.156036
1742359198.190861
1742359198.220904
1742359198.256673
1742359198.290063
1742359198.325096
1742359198.349538
1742359198.388831
1742359198.421763
1742359198.454624
1742359198.485848
1742359198.525124
1742359198.552504
1742359198.593814
1742359198.615816
1742359198.659350
1742359198.687314
1742359198.724943
1742359198.752697
1742359198.793303
1742359198.820538
1742359198.858904
1742359198.885926
1742359198.927134
1742359198.953913
1742359198.992867
1742359199.016244
1742359199.055535
1742359199.089436
1742359199.123304
1742359199.150220
1742359199.190996
1742359199.222135
1742359199.257017
1742359199.283040
1742359199.322327
1742359199.357050
1742359199.389381
1742359199.421119
1742359199.449707
1742359199.491206
1742359199.526083
1742359199.554267
1742359199.594486
1742359199.616980
1742359199.656715
1742359199.691119
1742359199.726704
1742359199.750553
1742359199.791254
1742359199.824109
1742359199.858660
1742359199.885174
1742359199.925498
1742359199.954811
1742359199.993081
1742359200.020103
1742359200.058248
1742359200.092065
1742359200.122144
1742359200.156072
1742359200.191714
1742359200.225553
1742359200.257942
1742359200.288483
1742359200.323096
1742359200.359366
1742359200.388542
1742359200.421781
1742359200.456648
1742359200.489297
1742359200.525227
1742359200.551193
1742359200.591496
1742359200.623311
1742359200.658391
1742359200.684789
1742359200.725700
1742359200.755159
1742359200.792055
1742359200.819505
1742359200.861184
1742359200.888473
1742359200.925342
1742359200.953823
1742359200.994444
1742359201.022884
1742359201.056008
1742359201.088200
1742359201.123801
1742359201.157061
1742359201.191841
1742359201.217462
1742359201.257974
1742359201.290436
1742359201.325350
1742359201.352148
1742359201.392876
1742359201.422256
1742359201.460621
1742359201.484118
1742359201.526295
1742359201.555434
1742359201.589367
1742359201.622074
1742359201.656815
1742359201.692362
1742359201.723171
1742359201.756131
1742359201.792245
1742359201.823462
1742359201.858334
1742359201.888672
1742359201.925613
1742359201.956657
1742359201.991501
1742359202.021955
1742359202.061532
1742359202.090460
1742359202.126272
1742359202.155311
1742359202.196394
1742359202.221468
1742359202.262294
1742359202.284573
1742359202.326586
1742359202.359605
1742359202.391031
1742359202.422660
1742359202.458340
1742359202.492827
1742359202.523524
1742359202.554948
1742359202.595134
1742359202.622644
1742359202.662670
1742359202.684346
1742359202.725560
1742359202.758783
1742359202.794482
1742359202.818217
1742359202.860708
1742359202.889212
1742359202.927432
1742359202.953185
1742359202.991792
1742359203.027698
1742359203.055345
1742359203.091211
1742359203.125378
1742359203.159790
1742359203.192142
1742359203.218900
1742359203.260736
1742359203.290666
1742359203.327089
1742359203.351504
1742359203.394204
1742359203.423456
1742359203.461650
1742359203.484883
1742359203.526277
1742359203.559047
1742359203.593074
1742359203.619849
1742359203.657196
1742359203.693405
1742359203.724901
1742359203.755439
1742359203.794543
1742359203.823925
1742359203.863458
1742359203.885143
1742359203.931771
1742359203.954969
1742359203.992945
1742359204.023467
1742359204.059939
1742359204.092296
1742359204.128683
1742359204.154813
1742359204.196621
1742359204.222144
1742359204.258660
1742359204.292031
1742359204.327048
1742359204.361363
1742359204.389570
1742359204.424480
1742359204.457212
1742359204.493884
1742359204.525478
1742359204.551932
1742359204.598152
1742359204.621656
1742359204.660041
1742359204.685915
1742359204.730501
1742359204.754909
1742359204.795819
1742359204.819088
1742359204.862951
1742359204.888602
1742359204.926431
1742359204.955713
1742359204.993586
1742359205.026712
1742359205.061536
1742359205.086867
1742359205.124818
1742359205.163474
1742359205.188673
1742359205.224049
1742359205.259164
1742359205.293513
1742359205.324559
1742359205.356881
1742359205.396087
1742359205.422429
1742359205.463671
1742359205.486031
1742359205.531434
1742359205.555408
1742359205.597320
1742359205.619248
1742359205.665474
1742359205.689467
1742359205.731477
1742359205.752583
1742359205.797402
1742359205.822488
1742359205.864055
1742359205.886275
1742359205.929987
1742359205.955663
1742359205.996947
1742359206.019443
1742359206.064939
1742359206.089422
1742359206.128350
1742359206.155070
1742359206.197341
1742359206.222705
1742359206.261491
1742359206.290565
1742359206.327682
1742359206.359995
1742359206.395733
1742359206.420105
1742359206.466786
1742359206.489129
1742359206.529694
1742359206.553129
1742359206.598194
1742359206.621847
1742359206.660641
1742359206.690215
1742359206.728681
1742359206.757952
1742359206.795571
1742359206.822328
1742359206.861030
1742359206.894656
1742359206.929603
1742359206.956157
1742359206.997649
1742359207.023350
1742359207.063849
1742359207.089377
1742359207.129608
1742359207.156943
1742359207.194428
1742359207.220508
1742359207.265999
1742359207.289486
1742359207.332378
1742359207.353463
1742359207.400661
1742359207.422585
1742359207.464394
1742359207.486741
1742359207.533086
1742359207.553204
1742359207.596544
1742359207.620185
1742359207.664105
1742359207.689636
1742359207.732018
1742359207.763807
1742359207.787052
1742359207.831869
1742359207.856618
1742359207.896625
1742359207.923500
1742359207.958630
1742359207.995134
1742359208.029642
1742359208.056428
1742359208.090783
1742359208.131886
1742359208.156317
1742359208.200411
1742359208.220811
1742359208.264879
1742359208.290549
1742359208.331856
1742359208.354011
1742359208.400423
1742359208.422014
1742359208.468486
1742359208.487545
1742359208.533958
1742359208.555722
1742359208.595574
1742359208.620930
1742359208.665634
1742359208.689715
1742359208.731154
1742359208.754154
1742359208.800758
1742359208.822913
1742359208.865326
1742359208.887801
1742359208.933202
1742359208.956326
1742359208.995451
1742359209.021156
1742359209.066673
1742359209.089599
1742359209.132719
1742359209.154358
1742359209.201061
1742359209.222567
1742359209.268960
1742359209.288164
1742359209.334118
1742359209.356192
1742359209.399285
1742359209.421185
1742359209.468472
1742359209.489380
1742359209.535401
1742359209.554600
1742359209.600718
1742359209.623216
1742359209.665324
1742359209.688209
1742359209.735470
1742359209.756244
1742359209.802086
1742359209.821541
1742359209.868749
1742359209.889586
1742359209.935356
1742359209.955063
1742359210.002337
1742359210.022746
1742359210.068228
1742359210.088624
1742359210.135832
1742359210.156142
1742359210.201350
1742359210.221928
1742359210.268761
1742359210.289955
1742359210.335115
1742359210.355212
1742359210.401577
1742359210.423078
1742359210.468309
1742359210.488495
1742359210.535236
1742359210.556072
1742359210.601083
1742359210.621814
1742359210.668418
1742359210.689711
1742359210.734625
1742359210.755563
1742359210.793530
1742359210.824145
1742359210.865646
1742359210.889082
1742359210.936247
1742359210.956165
1742359211.000487
1742359211.022486
1742359211.069797
1742359211.089683
1742359211.134341
1742359211.155730
1742359211.202184
1742359211.223460
1742359211.269526
1742359211.289055
1742359211.336210
1742359211.356217
1742359211.402294
1742359211.422336
1742359211.469670
1742359211.489544
1742359211.536850
1742359211.556038
1742359211.602763
1742359211.623105
1742359211.669025
1742359211.689415
1742359211.736447
1742359211.756674
1742359211.800007
1742359211.822672
1742359211.869936
1742359211.889662
1742359211.934692
1742359211.955675
1742359212.003058
1742359212.023326
1742359212.066878
1742359212.089389
1742359212.135817
1742359212.156820
1742359212.201830
1742359212.222753
1742359212.269434
1742359212.290296
1742359212.332992
1742359212.356436
1742359212.403138
1742359212.423691
1742359212.466701
1742359212.489866
1742359212.536872
1742359212.556755
1742359212.600411
1742359212.623435
1742359212.669401
1742359212.690677
1742359212.737070
1742359212.756559
1742359212.800038
1742359212.824403
1742359212.867939
1742359212.890035
1742359212.937253
1742359212.957028
1742359212.993622
1742359213.024119
1742359213.065221
1742359213.091246
1742359213.136139
1742359213.156803
1742359213.200324
1742359213.224690
1742359213.267673
1742359213.290464
1742359213.337436
1742359213.357076
1742359213.403486
1742359213.423711
1742359213.471084
1742359213.490316
1742359213.533575
1742359213.557139
1742359213.603355
1742359213.624252
1742359213.669392
1742359213.690626
1742359213.737176
1742359213.757678
1742359213.801101
1742359213.823841
1742359213.870852
1742359213.890727
1742359213.934252
1742359213.957604
1742359214.002224
1742359214.024456
1742359214.071068
1742359214.090954
1742359214.135219
1742359214.157877
1742359214.200427
1742359214.224336
1742359214.269177
1742359214.291009
1742359214.334477
1742359214.357666
1742359214.403805
1742359214.424056
1742359214.470585
1742359214.490735
1742359214.534299
1742359214.559476
1742359214.601604
1742359214.624340
1742359214.667401
1742359214.693297
1742359214.735330
1742359214.757570
1742359214.804102
1742359214.824442
1742359214.871772
1742359214.890878
1742359214.934104
1742359214.960466
1742359215.004573
1742359215.024293
1742359215.067664
1742359215.091290
1742359215.138046
1742359215.157665
1742359215.201704
1742359215.224998
1742359215.271094
1742359215.291104
1742359215.338096
1742359215.358163
1742359215.401464
1742359215.424553
1742359215.471440
1742359215.491495
1742359215.538073
1742359215.558016
1742359215.600809
1742359215.627630
1742359215.670275
1742359215.691207
1742359215.737595
1742359215.758271
1742359215.805162
1742359215.824599
1742359215.871201
1742359215.891975
1742359215.935634
1742359215.958043
1742359216.005114
1742359216.025505
1742359216.062609
1742359216.099079
1742359216.124777
1742359216.171070
1742359216.191293
1742359216.230148
1742359216.261586
1742359216.297629
1742359216.327497
1742359216.368211
1742359216.396494
1742359216.432934
1742359216.459362
1742359216.505753
1742359216.526087
1742359216.568214
1742359216.592063
1742359216.637977
1742359216.659404
1742359216.703921
1742359216.726023
1742359216.770137
1742359216.796324
1742359216.832333
1742359216.863856
1742359216.904635
1742359216.926746
1742359216.969963
1742359216.993564
1742359217.037934
1742359217.060085
1742359217.103160
1742359217.126479
1742359217.167931
1742359217.196652
1742359217.237611
1742359217.260111
1742359217.303324
1742359217.329012
1742359217.367559
1742359217.393470
1742359217.435711
1742359217.462478
1742359217.503835
1742359217.527428
1742359217.572494
1742359217.594051
1742359217.636728
1742359217.660858
1742359217.704016
1742359217.727986
1742359217.770004
1742359217.793568
1742359217.837141
1742359217.861508
1742359217.900074
1742359217.929421
1742359217.971627
1742359217.994610
1742359218.039162
1742359218.059730
1742359218.104891
1742359218.127607
1742359218.171938
1742359218.192630
1742359218.236283
1742359218.264460
1742359218.298748
1742359218.331359
1742359218.372277
1742359218.394916
1742359218.432644
1742359218.461921
1742359218.501135
1742359218.532771
1742359218.560825
1742359218.603582
1742359218.628717
1742359218.668741
1742359218.692985
1742359218.736007
1742359218.762229
1742359218.801046
1742359218.827728
1742359218.873938
1742359218.892870
1742359218.936280
1742359218.962625
1742359219.004739
1742359219.026046
1742359219.071849
1742359219.094147
1742359219.136802
1742359219.159559
1742359219.205744
1742359219.228759
1742359219.268161
1742359219.293008
1742359219.339164
1742359219.361359
1742359219.404085
1742359219.426234
1742359219.469717
1742359219.496602
1742359219.539143
1742359219.559709
1742359219.606826
1742359219.628921
1742359219.671387
1742359219.693299
1742359219.740427
1742359219.761768
1742359219.808277
1742359219.826554
1742359219.871503
1742359219.895616
1742359219.934474
1742359219.962167
1742359220.001955
1742359220.032225
1742359220.073125
1742359220.093653
1742359220.136923
1742359220.165969
1742359220.205104
1742359220.229007
1742359220.271340
1742359220.298019
1742359220.339984
1742359220.360163
1742359220.407416
1742359220.429461
1742359220.471525
1742359220.493525
1742359220.540998
1742359220.562684
1742359220.605915
1742359220.627006
1742359220.670893
1742359220.697598
1742359220.739555
1742359220.760391
1742359220.805138
1742359220.830157
1742359220.874364
1742359220.893776
1742359220.938644
1742359220.963250
1742359221.006963
1742359221.027105
1742359221.070186
1742359221.099667
1742359221.136629
1742359221.160640
1742359221.206518
1742359221.230234
1742359221.273854
1742359221.294159
1742359221.337289
1742359221.366328
1742359221.406944
1742359221.427440
1742359221.470742
1742359221.498558
1742359221.539530
1742359221.561186
1742359221.608165
1742359221.630446
1742359221.672863
1742359221.694274
1742359221.740680
1742359221.764663
1742359221.807149
1742359221.827705
1742359221.870734
1742359221.899916
1742359221.937597
1742359221.962508
1742359222.006621
1742359222.031903
1742359222.073906
1742359222.094727
1742359222.141099
1742359222.164489
1742359222.206650
1742359222.228406
1742359222.275418
1742359222.298602
1742359222.339974
1742359222.361233
1742359222.407799
1742359222.431829
1742359222.473255
1742359222.494453
1742359222.537779
1742359222.565668
1742359222.606320
1742359222.627827
1742359222.671276
1742359222.699426
1742359222.739403
1742359222.761410
1742359222.807831
1742359222.831595
1742359222.873365
1742359222.894645
1742359222.941667
1742359222.964170
1742359223.006099
1742359223.027955
1742359223.074588
1742359223.098564
1742359223.139297
1742359223.161461
1742359223.208984
1742359223.230418
1742359223.272711
1742359223.295123
1742359223.339261
1742359223.366133
1742359223.406740
1742359223.428148
1742359223.475239
1742359223.498348
1742359223.538952
1742359223.561639
1742359223.609498
1742359223.630896
1742359223.673190
1742359223.695216
1742359223.742853
1742359223.764512
1742359223.806724
1742359223.828615
1742359223.874025
1742359223.899626
1742359223.937813
1742359223.963972
1742359224.006993
1742359224.033088
1742359224.071494
1742359224.097713
1742359224.140067
1742359224.165514
1742359224.208732
1742359224.228995
1742359224.275362
1742359224.299947
1742359224.337758
1742359224.374331
1742359224.397932
1742359224.440332
1742359224.462249
1742359224.508065
1742359224.534031
1742359224.571705
1742359224.601941
1742359224.632489
1742359224.674159
1742359224.700201
1742359224.738010
1742359224.762195
1742359224.809457
1742359224.831396
1742359224.874003
1742359224.895667
1742359224.941656
1742359224.966502
1742359225.006093
1742359225.029042
1742359225.074775
1742359225.099950
1742359225.138261
1742359225.162419
1742359225.207939
1742359225.233797
1742359225.273745
1742359225.295888
1742359225.342911
1742359225.366037
1742359225.406536
1742359225.429287
1742359225.476245
1742359225.499344
1742359225.539920
1742359225.562682
1742359225.607857
1742359225.634128
1742359225.672283
1742359225.696247
1742359225.742406
1742359225.767038
1742359225.808396
1742359225.829618
1742359225.875515
1742359225.900990
1742359225.941543
1742359225.963862
1742359226.006185
1742359226.036392
1742359226.073052
1742359226.099704
1742359226.138299
1742359226.170181
1742359226.206202
1742359226.232056
1742359226.270922
1742359226.305080
1742359226.336492
1742359226.367809
1742359226.404417
1742359226.438814
1742359226.470680
1742359226.496814
1742359226.542720
1742359226.566728
1742359226.607633
1742359226.630039
1742359226.674024
1742359226.701145
1742359226.739980
1742359226.763092
1742359226.808636
1742359226.833194
1742359226.870525
1742359226.896903
1742359226.939501
1742359226.967620
1742359227.008612
1742359227.029915
1742359227.076059
1742359227.099990
1742359227.138688
1742359227.163499
1742359227.209754
1742359227.233931
1742359227.275627
1742359227.296907
1742359227.338940
1742359227.370145
1742359227.406065
1742359227.430148
1742359227.477561
1742359227.500356
1742359227.539668
1742359227.563628
1742359227.606371
1742359227.635173
1742359227.674988
1742359227.697058
1742359227.740265
1742359227.769693
1742359227.808398
1742359227.830655
1742359227.875285
1742359227.901716
1742359227.941955
1742359227.964110
1742359228.007269
1742359228.036625
1742359228.071273
1742359228.099091
1742359228.141624
1742359228.169352
1742359228.208435
1742359228.232293
1742359228.274797
1742359228.303724
1742359228.340369
1742359228.365890
1742359228.405276
1742359228.436688
1742359228.473987
1742359228.497686
1742359228.540285
1742359228.569737
1742359228.608226
1742359228.630890
1742359228.674008
1742359228.702844
1742359228.739803
1742359228.764339
1742359228.806761
1742359228.836394
1742359228.874944
1742359228.897583
1742359228.940227
1742359228.966864
1742359229.008416
1742359229.031020
1742359229.073529
1742359229.103554
1742359229.140197
1742359229.164300
1742359229.205811
1742359229.236440
1742359229.274286
1742359229.297743
1742359229.342838
1742359229.368991
1742359229.409856
1742359229.431140
1742359229.472943
1742359229.504572
1742359229.540056
1742359229.566866
1742359229.608565
1742359229.635901
1742359229.676015
1742359229.698203
1742359229.739889
1742359229.770572
1742359229.806535
1742359229.834975
1742359229.874391
1742359229.904006
1742359229.939850
1742359229.969673
1742359230.007027
1742359230.037564
1742359230.073892
1742359230.102167
1742359230.142446
1742359230.170152
1742359230.207293
1742359230.236274
1742359230.275681
1742359230.303226
1742359230.344402
1742359230.365365
1742359230.406968
1742359230.437573
1742359230.473694
1742359230.499089
1742359230.536966
1742359230.573058
1742359230.607272
1742359230.632266
1742359230.674269
1742359230.704700
1742359230.736643
1742359230.769241
1742359230.805556
1742359230.839717
1742359230.872546
1742359230.902952
1742359230.940425
1742359230.971690
1742359231.007232
1742359231.033347
1742359231.074295
1742359231.104699
1742359231.136922
1742359231.170031
1742359231.206101
1742359231.236939
1742359231.276345
1742359231.298867
1742359231.341415
1742359231.372407
1742359231.407443
1742359231.432172
1742359231.471417
1742359231.505785
1742359231.538232
1742359231.569600
1742359231.609406
1742359231.637247
1742359231.677408
1742359231.699056
1742359231.738022
1742359231.774017
1742359231.808451
1742359231.832678
1742359231.872342
1742359231.907565
1742359231.940912
1742359231.968311
1742359232.009585
1742359232.037635
1742359232.076565
1742359232.100216
1742359232.141077
1742359232.170412
1742359232.208151
1742359232.237318
1742359232.273956
1742359232.307594
1742359232.342296
1742359232.370596
1742359232.410155
1742359232.437542
1742359232.476442
1742359232.499504
1742359232.539073
1742359232.573612
1742359232.604697
1742359232.632944
1742359232.672630
1742359232.703049
1742359232.743333
1742359232.776175
1742359232.799551
1742359232.840097
1742359232.875711
1742359232.905386
1742359232.940586
1742359232.970263
1742359233.009192
1742359233.038715
1742359233.073787
1742359233.102978
1742359233.139282
1742359233.174417
1742359233.206766
1742359233.234194
1742359233.275866
1742359233.306450
1742359233.342317
1742359233.366629
1742359233.407822
1742359233.443263
1742359233.471539
1742359233.503527
1742359233.541179
1742359233.574241
1742359233.609348
1742359233.633395
1742359233.674549
1742359233.706425
1742359233.741080
1742359233.767814
1742359233.809425
1742359233.838810
1742359233.873795
1742359233.903322
1742359233.943414
1742359233.971854
1742359234.008107
1742359234.034939
1742359234.076704
1742359234.104617
1742359234.144364
1742359234.167212
1742359234.209231
1742359234.240270
1742359234.275997
1742359234.302863
1742359234.340636
1742359234.376497
1742359234.405456
1742359234.440863
1742359234.474290
1742359234.509643
1742359234.541177
1742359234.567978
1742359234.609781
1742359234.639189
1742359234.676316
1742359234.700517
1742359234.741536
1742359234.771481
1742359234.811710
1742359234.833867
1742359234.875610
1742359234.906894
1742359234.942655
1742359234.967090
1742359235.009850
1742359235.039420
1742359235.070978
1742359235.101039
1742359235.134896
1742359235.175488
1742359235.207118
1742359235.237722
1742359235.278066
1742359235.305331
1742359235.343325
1742359235.367684
1742359235.409994
1742359235.440529
1742359235.476254
1742359235.501209
1742359235.542932
1742359235.572605
1742359235.610153
1742359235.634420
1742359235.674810
1742359235.703621
1742359235.744535
1742359235.767653
1742359235.812200
1742359235.837755
1742359235.878085
1742359235.901786
1742359235.943967
1742359235.973547
1742359236.010064
1742359236.037062
1742359236.077630
1742359236.104987
1742359236.145758
1742359236.169123
1742359236.211784
1742359236.240814
1742359236.276704
1742359236.306371
1742359236.345547
1742359236.372421
1742359236.413293
1742359236.434973
1742359236.475128
1742359236.509672
1742359236.541474
1742359236.572347
1742359236.608647
1742359236.643269
1742359236.675236
1742359236.704368
1742359236.746634
1742359236.771246
1742359236.809149
1742359236.836158
1742359236.877977
1742359236.906660
1742359236.946823
1742359236.968079
1742359237.011497
1742359237.040450
1742359237.079277
1742359237.102092
1742359237.147643
1742359237.171504
1742359237.213085
1742359237.235029
1742359237.276947
1742359237.306429
1742359237.346178
1742359237.368433
1742359237.410730
1742359237.442322
1742359237.477156
1742359237.503490
1742359237.542766
1742359237.577642
1742359237.608114
1742359237.638153
1742359237.678005
1742359237.706809
1742359237.748125
1742359237.768608
1742359237.811922
1742359237.840910
1742359237.877469
1742359237.905086
1742359237.945848
1742359237.972229
1742359238.013020
1742359238.036282
1742359238.078145
1742359238.109215
1742359238.144548
1742359238.173756
1742359238.212917
1742359238.238572
1742359238.279779
1742359238.304798
1742359238.345600
1742359238.372281
1742359238.413136
1742359238.436236
1742359238.481442
1742359238.505240
1742359238.543915
1742359238.569416
1742359238.615661
1742359238.638088
1742359238.679689
1742359238.702207
1742359238.748033
1742359238.771697
1742359238.809631
1742359238.837939
1742359238.879427
1742359238.905625
1742359238.944167
1742359238.970506
1742359239.009449
1742359239.045631
1742359239.072791
1742359239.106725
1742359239.144520
1742359239.174080
1742359239.212562
1742359239.236787
1742359239.280740
1742359239.305359
1742359239.343448
1742359239.370904
1742359239.412601
1742359239.438712
1742359239.476323
1742359239.503773
1742359239.549987
1742359239.570479
1742359239.615100
1742359239.636160
1742359239.680842
1742359239.705675
1742359239.748615
1742359239.769641
1742359239.816829
1742359239.838303
1742359239.876003
1742359239.907554
1742359239.945487
1742359239.973216
1742359240.016203
1742359240.036632
1742359240.081058
1742359240.106125
1742359240.146584
1742359240.172338
1742359240.215616
1742359240.239188
1742359240.280287
1742359240.305749
1742359240.343945
1742359240.380251
1742359240.406634
1742359240.444255
1742359240.473851
1742359240.512416
1742359240.539847
1742359240.572941
1742359240.608540
1742359240.641624
1742359240.673967
1742359240.715037
1742359240.736686
1742359240.777434
1742359240.810782
1742359240.846361
1742359240.870117
1742359240.916616
1742359240.938235
1742359240.984651
1742359241.003670
1742359241.049122
1742359241.072659
1742359241.114618
1742359241.136798
1742359241.183766
1742359241.205973
1742359241.247959
1742359241.273478
1742359241.311456
1742359241.341581
1742359241.382211
1742359241.405843
1742359241.441918
1742359241.477521
1742359241.512017
1742359241.542468
1742359241.574246
1742359241.611553
1742359241.645059
1742359241.679879
1742359241.704017
1742359241.750235
1742359241.770600
1742359241.817633
1742359241.837450
1742359241.884123
1742359241.905893
1742359241.949132
1742359241.970959
1742359242.018130
1742359242.038989
1742359242.084462
1742359242.104485
1742359242.151624
1742359242.172479
1742359242.218557
1742359242.238055
1742359242.284936
1742359242.305813
1742359242.349665
1742359242.371700
1742359242.418376
1742359242.439257
1742359242.477613
1742359242.512204
1742359242.539318
1742359242.582407
1742359242.607314
1742359242.648580
1742359242.672271
1742359242.717484
1742359242.739740
1742359242.780155
1742359242.806703
1742359242.847496
1742359242.875194
1742359242.913678
1742359242.939805
1742359242.975251
1742359243.008001
1742359243.043040
1742359243.078052
1742359243.110810
1742359243.148764
1742359243.172195
1742359243.215256
1742359243.239668
1742359243.274564
1742359243.311585
1742359243.345588
1742359243.371378
1742359243.416139
1742359243.439253
1742359243.486168
1742359243.505025
1742359243.539959
1742359243.585451
1742359243.605029
1742359243.638230
1742359243.676953
1742359243.711456
1742359243.744588
1742359243.771426
1742359243.818601
1742359243.838253
1742359243.885292
1742359243.905212
1742359243.948886
1742359243.973172
1742359244.016334
1742359244.038539
1742359244.084034
1742359244.105398
1742359244.152418
1742359244.171956
1742359244.217464
1742359244.239567
1742359244.282997
1742359244.305393
1742359244.350042
1742359244.372997
1742359244.419239
1742359244.438695
1742359244.480784
1742359244.506583
1742359244.551536
1742359244.572205
1742359244.613843
1742359244.639901
1742359244.685571
1742359244.705405
1742359244.742803
1742359244.782753
1742359244.805546
1742359244.838612
1742359244.876719
1742359244.912387
1742359244.943276
1742359244.972037
1742359245.014381
1742359245.039696
1742359245.085783
1742359245.105491
1742359245.144901
1742359245.178383
1742359245.211697
1742359245.238764
1742359245.279545
1742359245.306783
1742359245.351741
1742359245.372244
1742359245.413834
1742359245.440174
1742359245.483992
1742359245.505588
1742359245.542968
1742359245.580598
1742359245.606445
1742359245.638997
1742359245.676422
1742359245.712619
1742359245.740156
1742359245.772389
1742359245.812320
1742359245.843993
1742359245.882511
1742359245.905740
1742359245.944619
1742359245.979387
1742359246.010295
1742359246.039199
1742359246.081215
1742359246.106970
1742359246.151401
1742359246.172809
1742359246.216107
1742359246.239996
1742359246.284713
1742359246.306230
1742359246.350163
1742359246.373560
1742359246.416548
1742359246.439504
1742359246.485553
1742359246.506374
1742359246.549716
1742359246.572948
1742359246.618525
1742359246.639769
1742359246.687280
1742359246.706544
1742359246.749339
1742359246.773766
1742359246.816910
1742359246.839840
1742359246.885438
1742359246.906788
1742359246.954134
1742359246.973265
1742359247.017628
1742359247.040540
1742359247.087721
1742359247.106732
1742359247.152311
1742359247.173528
1742359247.216800
1742359247.239972
1742359247.284417
1742359247.307259
1742359247.352116
1742359247.373395
1742359247.417692
1742359247.440775
1742359247.487767
1742359247.506779
1742359247.548926
1742359247.574161
1742359247.617494
1742359247.640279
1742359247.683400
1742359247.707460
1742359247.754599
1742359247.773693
1742359247.817450
1742359247.840732
1742359247.883961
1742359247.907062
1742359247.950588
1742359247.974213
1742359248.021250
1742359248.040367
1742359248.082784
1742359248.107703
1742359248.150964
1742359248.173738
1742359248.215879
1742359248.241375
1742359248.284287
1742359248.307080
1742359248.348998
1742359248.374681
1742359248.417942
1742359248.440504
1742359248.482866
1742359248.507682
1742359248.551677
1742359248.573994
1742359248.619186
1742359248.641141
1742359248.686659
1742359248.707304
1742359248.750069
1742359248.775008
1742359248.818527
1742359248.840720
1742359248.886634
1742359248.908097
1742359248.955010
1742359248.974277
1742359249.019232
1742359249.041380
1742359249.081481
1742359249.107743
1742359249.153361
1742359249.174987
1742359249.219887
1742359249.241204
1742359249.284568
1742359249.308200
1742359249.350665
1742359249.377250
1742359249.419891
1742359249.442309
1742359249.478177
1742359249.517728
1742359249.542751
1742359249.584399
1742359249.609707
1742359249.645458
1742359249.677689
1742359249.713909
1742359249.751774
1742359249.774561
1742359249.816347
1742359249.844229
1742359249.885706
1742359249.907986
1742359249.955494
1742359249.976030
1742359250.021800
1742359250.041661
1742359250.081365
1742359250.114521
1742359250.149607
1742359250.175146
1742359250.220660
1742359250.242478
1742359250.289296
1742359250.308395
1742359250.351388
1742359250.377245
1742359250.419261
1742359250.441762
1742359250.483306
