1753314283.562828
1753314283.661665
1753314283.695486
1753314283.728754
1753314283.763151
1753314283.796880
1753314283.828323
1753314283.862787
1753314283.895023
1753314283.936934
1753314283.968800
1753314284.003393
1753314284.037326
1753314284.067841
1753314284.100788
1753314284.139319
1753314284.171293
1753314284.202573
1753314284.238639
1753314284.271913
1753314284.307032
1753314284.341206
1753314284.375596
1753314284.410093
1753314284.438491
1753314284.470204
1753314284.505265
1753314284.537145
1753314284.572852
1753314284.606640
1753314284.638171
1753314284.671523
1753314284.706537
1753314284.739064
1753314284.775364
1753314284.810339
1753314284.842068
1753314284.877248
1753314284.909319
1753314284.942441
1753314284.975794
1753314285.010250
1753314285.032666
1753314285.062660
1753314285.096598
1753314285.132866
1753314285.166161
1753314285.196246
1753314285.229920
1753314285.267244
1753314285.298535
1753314285.329507
1753314285.367186
1753314285.402426
1753314285.434140
1753314285.463150
1753314285.501584
1753314285.534504
1753314285.569797
1753314285.596409
1753314285.634966
1753314285.669816
1753314285.701056
1753314285.729824
1753314285.767717
1753314285.803350
1753314285.834895
1753314285.863006
1753314285.901599
1753314285.936006
1753314285.969080
1753314285.996488
1753314286.031952
1753314286.064993
1753314286.098087
1753314286.130009
1753314286.168637
1753314286.203562
1753314286.236028
1753314286.263317
1753314286.303862
1753314286.335369
1753314286.370325
1753314286.396741
1753314286.436600
1753314286.466846
1753314286.503069
1753314286.530211
1753314286.569992
1753314286.601925
1753314286.637113
1753314286.663586
1753314286.703957
1753314286.735224
1753314286.770640
1753314286.796925
1753314286.834802
1753314286.870409
1753314286.902659
1753314286.930368
1753314286.970146
1753314287.001361
1753314287.036591
1753314287.063101
1753314287.102139
1753314287.137164
1753314287.169626
1753314287.197026
1753314287.236463
1753314287.269134
1753314287.304240
1753314287.330623
1753314287.371947
1753314287.402427
1753314287.437186
1753314287.463837
1753314287.503817
1753314287.534704
1753314287.570896
1753314287.597117
1753314287.637847
1753314287.669858
1753314287.704393
1753314287.730946
1753314287.771559
1753314287.804030
1753314287.838107
1753314287.864144
1753314287.904830
1753314287.935776
1753314287.970976
1753314287.997679
1753314288.038728
1753314288.065189
1753314288.104737
1753314288.131014
1753314288.169518
1753314288.204782
1753314288.237152
1753314288.264249
1753314288.303138
1753314288.335809
1753314288.371336
1753314288.397937
1753314288.437004
1753314288.470519
1753314288.503712
1753314288.531199
1753314288.570090
1753314288.603533
1753314288.636425
1753314288.665811
1753314288.705922
1753314288.736302
1753314288.771395
1753314288.798382
1753314288.837935
1753314288.870996
1753314288.905755
1753314288.931450
1753314288.970271
1753314289.004577
1753314289.037554
1753314289.064286
1753314289.104246
1753314289.139058
1753314289.173560
1753314289.198397
1753314289.238648
1753314289.272639
1753314289.305491
1753314289.331731
1753314289.370925
1753314289.403203
1753314289.437975
1753314289.465405
1753314289.504823
1753314289.538630
1753314289.571631
1753314289.598650
1753314289.638860
1753314289.670893
1753314289.704317
1753314289.733573
1753314289.773234
1753314289.803396
1753314289.839109
1753314289.866271
1753314289.906163
1753314289.940261
1753314289.969201
1753314289.998343
1753314290.038543
1753314290.069181
1753314290.104729
1753314290.133219
1753314290.174056
1753314290.203729
1753314290.239426
1753314290.268165
1753314290.304657
1753314290.339824
1753314290.370944
1753314290.399715
1753314290.438756
1753314290.472004
1753314290.501373
1753314290.532312
1753314290.569115
1753314290.605836
1753314290.637123
1753314290.666141
1753314290.707061
1753314290.736602
1753314290.771406
1753314290.801525
1753314290.837896
1753314290.869889
1753314290.905175
1753314290.932216
1753314290.971350
1753314291.005350
1753314291.036301
1753314291.065034
1753314291.105138
1753314291.138066
1753314291.172769
1753314291.199182
1753314291.240855
1753314291.270362
1753314291.304091
1753314291.333167
1753314291.373945
1753314291.404009
1753314291.438824
1753314291.466083
1753314291.506555
1753314291.536642
1753314291.571993
1753314291.599431
1753314291.639024
1753314291.672285
1753314291.705261
1753314291.732817
1753314291.773404
1753314291.804066
1753314291.839996
1753314291.866043
1753314291.907061
1753314291.936427
1753314291.972345
1753314291.999126
1753314292.035455
1753314292.071346
1753314292.103050
1753314292.132073
1753314292.166896
1753314292.204658
1753314292.235332
1753314292.265457
1753314292.302536
1753314292.337896
1753314292.374335
1753314292.399869
1753314292.441407
1753314292.469716
1753314292.503617
1753314292.536287
1753314292.572265
1753314292.606906
1753314292.637757
1753314292.669346
1753314292.709069
1753314292.737816
1753314292.772755
1753314292.800479
1753314292.841989
1753314292.872082
1753314292.907121
1753314292.933725
1753314292.973681
1753314293.004946
1753314293.040387
1753314293.066351
1753314293.107022
1753314293.140449
1753314293.171774
1753314293.201401
1753314293.240016
1753314293.273807
1753314293.307917
1753314293.333986
1753314293.375095
1753314293.406011
1753314293.440994
1753314293.471245
1753314293.500681
1753314293.538379
1753314293.573229
1753314293.607989
1753314293.639175
1753314293.670003
1753314293.706683
1753314293.740879
1753314293.772628
1753314293.803005
1753314293.839358
1753314293.879428
1753314293.904240
1753314293.937567
1753314293.972264
1753314294.007342
1753314294.039033
1753314294.066717
1753314294.107392
1753314294.142082
1753314294.175104
1753314294.201711
1753314294.238848
1753314294.275424
1753314294.304946
1753314294.337332
1753314294.373784
1753314294.408662
1753314294.440813
1753314294.467265
1753314294.507323
1753314294.542190
1753314294.571616
1753314294.603872
1753314294.640140
1753314294.674258
1753314294.707070
1753314294.735043
1753314294.772154
1753314294.812487
1753314294.837548
1753314294.870512
1753314294.911008
1753314294.938444
1753314294.973512
1753314295.004116
1753314295.040737
1753314295.070792
1753314295.111014
1753314295.134643
1753314295.174631
1753314295.206159
1753314295.243084
1753314295.268679
1753314295.306038
1753314295.341304
1753314295.376792
1753314295.402956
1753314295.440284
1753314295.471038
1753314295.511409
1753314295.535601
1753314295.573393
1753314295.611692
1753314295.638746
1753314295.670881
1753314295.707819
1753314295.742395
1753314295.777832
1753314295.801787
1753314295.842305
1753314295.876721
1753314295.905146
1753314295.936603
1753314295.972333
1753314296.008751
1753314296.038368
1753314296.067564
1753314296.105329
1753314296.139503
1753314296.169553
1753314296.203849
1753314296.240893
1753314296.279971
1753314296.304808
1753314296.336036
1753314296.378748
1753314296.402753
1753314296.438763
1753314296.467838
1753314296.515359
1753314296.537260
1753314296.573105
1753314296.602850
1753314296.646469
1753314296.671659
1753314296.708715
1753314296.736061
1753314296.777405
1753314296.805368
1753314296.843336
1753314296.868974
1753314296.906692
1753314296.944028
1753314296.972530
1753314297.004480
1753314297.045630
1753314297.069542
1753314297.107211
1753314297.138604
1753314297.175321
1753314297.207557
1753314297.246604
1753314297.269708
1753314297.315769
1753314297.338243
1753314297.375551
1753314297.402939
1753314297.449090
1753314297.470391
1753314297.507525
1753314297.539264
1753314297.576686
1753314297.607867
1753314297.648175
1753314297.669651
1753314297.714871
1753314297.737594
1753314297.780095
1753314297.802623
1753314297.848622
1753314297.871193
1753314297.912228
1753314297.935810
1753314297.978774
1753314298.005059
1753314298.043413
1753314298.068911
1753314298.114809
1753314298.138242
1753314298.181769
1753314298.203396
1753314298.241274
1753314298.280576
1753314298.305328
1753314298.339474
1753314298.376075
1753314298.413477
1753314298.438632
1753314298.471323
1753314298.508949
1753314298.541893
1753314298.578884
1753314298.603188
1753314298.649094
1753314298.671730
1753314298.714000
1753314298.736571
1753314298.782890
1753314298.804886
1753314298.846123
1753314298.869196
1753314298.917051
1753314298.937642
1753314298.980755
1753314299.003965
1753314299.050062
1753314299.069502
1753314299.116069
1753314299.136021
1753314299.179101
1753314299.206201
1753314299.240828
1753314299.273231
1753314299.310796
1753314299.339491
1753314299.382151
1753314299.404146
1753314299.443951
1753314299.473194
1753314299.514345
1753314299.537391
1753314299.583305
1753314299.605192
1753314299.648339
1753314299.670746
1753314299.716579
1753314299.738355
1753314299.780050
1753314299.804205
1753314299.842408
1753314299.875195
1753314299.915968
1753314299.937476
1753314299.982416
1753314300.005348
1753314300.040204
1753314300.069721
1753314300.116503
1753314300.138558
1753314300.180059
1753314300.203983
1753314300.249636
1753314300.272137
1753314300.315044
1753314300.337601
1753314300.383428
1753314300.405163
1753314300.445297
1753314300.470318
1753314300.517832
1753314300.538077
1753314300.577463
1753314300.604518
1753314300.650080
1753314300.671889
1753314300.711745
1753314300.737903
1753314300.772154
1753314300.814865
1753314300.839520
1753314300.871212
1753314300.917443
1753314300.938396
1753314300.979668
1753314301.004600
1753314301.051034
1753314301.070259
1753314301.118099
1753314301.137994
1753314301.182948
1753314301.205578
1753314301.245510
1753314301.271552
1753314301.318143
1753314301.338527
1753314301.380214
1753314301.405196
1753314301.446822
1753314301.475781
1753314301.505111
1753314301.541688
1753314301.573925
1753314301.608408
1753314301.643635
1753314301.671919
1753314301.711183
1753314301.740485
1753314301.781313
1753314301.816699
1753314301.838421
1753314301.881846
1753314301.906138
1753314301.948362
1753314301.971538
1753314302.007189
1753314302.047297
1753314302.072207
1753314302.113815
1753314302.138326
1753314302.180255
1753314302.205776
1753314302.241588
1753314302.271754
1753314302.313292
1753314302.341979
1753314302.382920
1753314302.405115
1753314302.448830
1753314302.474783
1753314302.517487
1753314302.538547
1753314302.581649
1753314302.607204
1753314302.649330
1753314302.671991
1753314302.715965
1753314302.740848
1753314302.783052
1753314302.805473
1753314302.852139
1753314302.872271
1753314302.915194
1753314302.938837
1753314302.985295
1753314303.006004
1753314303.046107
1753314303.071405
1753314303.119626
1753314303.139163
1753314303.182376
1753314303.205574
1753314303.241707
1753314303.273375
1753314303.305519
1753314303.338760
1753314303.372144
1753314303.405447
1753314303.438753
1753314303.472096
1753314303.505399
1753314303.542223
1753314303.585141
1753314303.606058
1753314303.651017
1753314303.672951
1753314303.715385
1753314303.739383
1753314303.782404
1753314303.808957
1753314303.851682
1753314303.872661
1753314303.914640
1753314303.940570
1753314303.982597
1753314304.006065
1753314304.048391
1753314304.073317
1753314304.119567
1753314304.139379
1753314304.182862
1753314304.206524
1753314304.250222
1753314304.272977
1753314304.316266
1753314304.342499
1753314304.385296
1753314304.406371
1753314304.450115
1753314304.473222
1753314304.515523
1753314304.539818
1753314304.582707
1753314304.606804
1753314304.649018
1753314304.673244
1753314304.716059
1753314304.741496
1753314304.784237
1753314304.806462
1753314304.849818
1753314304.875948
1753314304.918646
1753314304.939970
1753314304.984172
1753314305.006683
1753314305.049698
1753314305.072174
1753314305.110345
1753314305.152185
1753314305.173410
1753314305.208486
1753314305.251440
1753314305.273737
1753314305.316966
1753314305.339928
1753314305.383183
1753314305.407043
1753314305.450285
1753314305.473504
1753314305.516448
1753314305.540522
1753314305.583969
1753314305.606718
1753314305.649259
1753314305.675832
1753314305.717755
1753314305.740169
1753314305.783355
1753314305.807309
1753314305.850933
1753314305.873543
1753314305.917293
1753314305.940548
1753314305.984348
1753314306.006924
1753314306.050553
1753314306.072827
1753314306.116918
1753314306.140499
1753314306.180489
1753314306.211241
1753314306.241473
1753314306.277758
1753314306.313273
1753314306.349420
1753314306.376315
1753314306.409544
1753314306.451017
1753314306.475337
1753314306.518211
1753314306.540590
1753314306.584865
1753314306.607494
1753314306.652512
1753314306.673921
1753314306.718465
1753314306.741315
1753314306.783475
1753314306.807387
1753314306.852399
1753314306.874925
1753314306.917342
1753314306.941084
1753314306.986573
1753314307.008620
1753314307.049868
1753314307.073328
1753314307.117496
1753314307.144574
1753314307.186023
1753314307.207737
1753314307.249779
1753314307.277737
1753314307.319528
1753314307.341227
1753314307.383946
1753314307.411580
1753314307.453249
1753314307.474581
1753314307.518096
1753314307.545189
1753314307.586214
1753314307.607849
1753314307.650686
1753314307.679080
1753314307.719998
1753314307.741178
1753314307.784808
1753314307.809013
1753314307.851690
1753314307.874537
1753314307.918658
1753314307.942309
1753314307.985007
1753314308.007479
1753314308.051030
1753314308.075454
1753314308.120033
1753314308.141526
1753314308.187516
1753314308.209401
1753314308.252673
1753314308.274636
1753314308.317485
1753314308.346053
1753314308.386846
1753314308.408218
1753314308.453901
1753314308.477107
1753314308.519389
1753314308.541479
1753314308.585268
1753314308.609665
1753314308.650668
1753314308.673718
1753314308.715489
1753314308.750546
1753314308.780874
1753314308.808493
1753314308.851556
1753314308.875985
1753314308.919071
1753314308.941819
1753314308.987127
1753314309.009720
1753314309.050659
1753314309.075226
1753314309.120131
1753314309.143683
1753314309.185894
1753314309.208429
1753314309.250899
1753314309.281173
1753314309.319924
1753314309.342147
1753314309.386057
1753314309.410714
1753314309.453056
1753314309.475505
1753314309.520699
1753314309.543885
1753314309.586347
1753314309.608839
1753314309.652489
1753314309.677592
1753314309.719704
1753314309.742276
1753314309.786161
1753314309.810580
1753314309.851963
1753314309.875595
1753314309.920446
1753314309.943465
1753314309.986307
1753314310.009057
1753314310.049247
1753314310.080161
1753314310.120502
1753314310.152314
1753314310.175660
1753314310.219536
1753314310.244846
1753314310.287043
1753314310.311249
1753314310.345574
1753314310.386561
1753314310.411224
1753314310.453958
1753314310.476094
1753314310.519370
1753314310.547133
1753314310.587046
1753314310.609258
1753314310.652693
1753314310.680327
1753314310.720726
1753314310.742812
1753314310.786021
1753314310.815635
1753314310.852556
1753314310.876261
1753314310.919786
1753314310.948928
1753314310.986348
1753314311.009619
1753314311.053071
1753314311.078241
1753314311.121088
1753314311.143001
1753314311.186459
1753314311.215053
1753314311.252458
1753314311.276180
1753314311.319093
1753314311.351342
1753314311.385405
1753314311.409901
1753314311.453451
1753314311.481535
1753314311.519493
1753314311.543582
1753314311.585735
1753314311.618047
1753314311.653023
1753314311.676302
1753314311.719927
1753314311.749328
1753314311.786837
1753314311.809985
1753314311.853416
1753314311.881537
1753314311.919488
1753314311.943221
1753314311.982201
1753314312.019311
1753314312.046427
1753314312.076788
1753314312.119556
1753314312.146698
1753314312.187517
1753314312.209178
1753314312.248100
1753314312.277951
1753314312.319718
1753314312.343389
1753314312.385584
1753314312.415191
1753314312.452928
1753314312.477055
1753314312.522095
1753314312.546401
1753314312.586954
1753314312.610441
1753314312.652956
1753314312.683107
1753314312.719765
1753314312.743713
1753314312.789079
1753314312.813766
1753314312.853833
1753314312.877014
1753314312.920276
1753314312.948869
1753314312.985212
1753314313.010376
1753314313.053881
1753314313.077422
1753314313.120476
1753314313.144057
1753314313.186966
1753314313.215983
1753314313.253484
1753314313.277421
1753314313.321216
1753314313.349626
1753314313.386424
1753314313.410652
1753314313.455311
1753314313.482127
1753314313.521826
1753314313.543968
1753314313.588644
1753314313.615131
1753314313.653355
1753314313.677488
1753314313.719752
1753314313.750544
1753314313.786128
1753314313.810941
1753314313.853640
1753314313.884489
1753314313.920015
1753314313.944141
1753314313.982642
1753314314.019261
1753314314.052932
1753314314.077918
1753314314.119829
1753314314.146740
1753314314.187001
1753314314.211122
1753314314.255980
1753314314.282049
1753314314.321541
1753314314.344343
1753314314.388063
1753314314.415437
1753314314.453559
1753314314.477724
1753314314.521184
1753314314.549707
1753314314.586189
1753314314.611250
1753314314.654078
1753314314.684339
1753314314.720522
1753314314.744705
1753314314.788001
1753314314.817877
1753314314.854513
1753314314.878223
1753314314.922217
1753314314.950000
1753314314.986680
1753314315.012104
1753314315.053625
1753314315.081021
1753314315.121993
1753314315.144914
1753314315.187519
1753314315.213295
1753314315.254722
1753314315.278499
1753314315.322143
1753314315.348901
1753314315.387228
1753314315.411861
1753314315.453918
1753314315.483816
1753314315.518726
1753314315.546129
1753314315.587134
1753314315.617903
1753314315.654018
1753314315.678850
1753314315.722354
1753314315.751593
1753314315.787942
1753314315.812244
1753314315.854178
1753314315.885378
1753314315.920090
1753314315.946910
1753314315.986597
1753314316.020460
1753314316.053465
1753314316.079147
1753314316.119748
1753314316.153373
1753314316.187399
1753314316.212284
1753314316.253979
1753314316.280868
1753314316.313431
1753314316.350438
1753314316.386378
1753314316.420464
1753314316.452937
1753314316.479162
1753314316.520643
1753314316.552855
1753314316.587704
1753314316.612157
1753314316.655237
1753314316.685761
1753314316.720727
1753314316.745840
1753314316.789592
1753314316.819146
1753314316.853972
1753314316.879091
1753314316.920770
1753314316.952491
1753314316.985846
1753314317.013441
1753314317.054361
1753314317.082477
1753314317.122363
1753314317.146179
1753314317.187713
1753314317.219497
1753314317.255033
1753314317.279790
1753314317.321798
1753314317.348834
1753314317.389962
1753314317.412963
1753314317.454239
1753314317.484928
1753314317.521522
1753314317.545773
1753314317.587500
1753314317.619715
1753314317.654449
1753314317.679612
1753314317.720954
1753314317.752684
1753314317.786936
1753314317.813008
1753314317.854530
1753314317.886081
1753314317.920667
1753314317.946436
1753314317.985987
1753314318.019947
1753314318.053934
1753314318.079869
1753314318.121995
1753314318.152372
1753314318.187099
1753314318.212926
1753314318.254504
1753314318.284994
1753314318.320818
1753314318.346688
1753314318.387864
1753314318.420524
1753314318.455238
1753314318.486667
1753314318.513033
1753314318.555049
1753314318.586647
1753314318.620464
1753314318.654286
1753314318.682140
1753314318.720203
1753314318.754768
1753314318.787739
1753314318.815357
1753314318.853658
1753314318.888359
1753314318.920442
1753314318.948553
1753314318.984791
1753314319.020710
1753314319.053755
1753314319.081227
1753314319.120054
1753314319.155025
1753314319.186728
1753314319.214350
1753314319.255115
1753314319.286880
1753314319.321851
1753314319.346831
1753314319.386324
1753314319.419881
1753314319.454902
1753314319.480326
1753314319.523658
1753314319.552105
1753314319.587856
1753314319.613751
1753314319.655051
1753314319.686345
1753314319.721052
1753314319.746927
1753314319.787405
1753314319.819085
1753314319.854372
1753314319.880639
1753314319.921256
1753314319.952585
1753314319.985233
1753314320.013781
1753314320.054095
1753314320.084648
1753314320.123316
1753314320.147180
1753314320.187495
1753314320.219059
1753314320.254301
1753314320.280622
1753314320.321327
1753314320.353891
1753314320.386234
1753314320.413827
1753314320.455148
1753314320.486416
1753314320.521263
1753314320.547239
1753314320.588163
1753314320.618816
1753314320.655621
1753314320.680810
1753314320.721680
1753314320.754204
1753314320.787721
1753314320.814237
1753314320.854947
1753314320.886483
1753314320.921141
1753314320.947611
1753314320.986018
1753314321.021277
1753314321.052947
1753314321.081177
1753314321.121953
1753314321.151221
1753314321.190722
1753314321.214388
1753314321.255316
1753314321.289110
1753314321.319991
1753314321.347834
1753314321.388770
1753314321.421497
1753314321.454341
1753314321.481118
1753314321.522197
1753314321.552995
1753314321.588984
1753314321.614541
1753314321.655653
1753314321.686923
1753314321.721732
1753314321.748034
1753314321.788250
1753314321.820027
1753314321.855316
1753314321.881343
1753314321.921292
1753314321.954604
1753314321.987910
1753314322.014707
1753314322.054149
1753314322.087349
1753314322.116397
1753314322.151648
1753314322.189104
1753314322.220580
1753314322.255289
1753314322.281623
1753314322.320577
1753314322.353675
1753314322.387776
1753314322.414974
1753314322.455708
1753314322.486715
1753314322.522218
1753314322.548290
1753314322.586372
1753314322.620468
1753314322.652944
1753314322.681934
1753314322.721382
1753314322.753363
1753314322.787278
1753314322.815087
1753314322.855118
1753314322.888816
1753314322.923071
1753314322.948729
1753314322.987749
1753314323.022382
1753314323.054652
1753314323.082228
1753314323.118134
1753314323.153036
1753314323.183211
1753314323.218736
1753314323.254936
1753314323.289903
1753314323.320633
1753314323.348933
1753314323.388605
1753314323.422552
1753314323.456159
1753314323.482341
1753314323.522095
1753314323.555696
1753314323.588568
1753314323.615804
1753314323.656115
1753314323.689740
1753314323.724767
1753314323.749054
1753314323.787125
1753314323.822127
1753314323.855952
1753314323.882486
1753314323.923667
1753314323.953394
1753314323.987915
1753314324.015699
1753314324.054795
1753314324.086664
1753314324.124496
1753314324.149238
1753314324.189051
1753314324.223729
1753314324.254439
1753314324.282869
1753314324.323481
1753314324.354580
1753314324.388346
1753314324.416644
1753314324.456768
1753314324.490702
1753314324.521382
1753314324.552453
1753314324.589292
1753314324.622851
1753314324.657231
1753314324.683967
1753314324.724098
1753314324.754959
1753314324.790219
1753314324.818058
1753314324.858059
1753314324.887793
1753314324.922894
1753314324.951843
1753314324.987757
1753314325.022269
1753314325.055660
1753314325.085826
1753314325.125242
1753314325.154931
1753314325.189882
1753314325.216793
1753314325.257719
1753314325.288435
1753314325.323036
1753314325.350467
1753314325.390811
1753314325.423701
1753314325.454301
1753314325.483342
1753314325.524094
1753314325.555124
1753314325.589790
1753314325.616770
1753314325.657032
1753314325.687743
1753314325.722665
1753314325.750392
1753314325.791051
1753314325.822031
1753314325.856891
1753314325.883344
1753314325.920565
1753314325.958719
1753314325.988303
1753314326.016991
1753314326.056040
1753314326.089405
1753314326.125199
1753314326.150316
1753314326.191465
1753314326.220490
1753314326.256850
1753314326.283851
1753314326.324443
1753314326.351496
1753314326.385096
1753314326.418862
1753314326.455450
1753314326.490619
1753314326.523028
1753314326.550524
1753314326.591514
1753314326.619755
1753314326.656937
1753314326.684158
1753314326.725213
1753314326.754992
1753314326.790952
1753314326.823795
1753314326.850606
1753314326.892108
1753314326.922238
1753314326.958247
1753314326.991280
1753314327.017870
1753314327.055911
1753314327.089432
1753314327.123986
1753314327.153374
1753314327.193451
1753314327.222826
1753314327.258214
1753314327.285313
1753314327.322501
1753314327.359030
1753314327.391193
1753314327.418489
1753314327.457526
1753314327.491853
1753314327.523242
1753314327.552990
1753314327.593574
1753314327.620878
1753314327.657963
1753314327.684738
1753314327.721850
1753314327.757765
1753314327.792548
1753314327.818209
1753314327.858194
1753314327.890018
1753314327.922301
1753314327.952189
1753314327.991816
1753314328.025461
1753314328.052722
1753314328.087649
1753314328.123724
1753314328.158905
1753314328.189878
1753314328.219504
1753314328.256764
1753314328.289825
1753314328.326998
1753314328.351587
1753314328.389554
1753314328.425693
1753314328.460695
1753314328.485056
1753314328.525981
1753314328.556130
1753314328.592917
1753314328.618616
1753314328.654413
1753314328.691188
1753314328.727524
1753314328.751467
1753314328.793206
1753314328.823634
1753314328.861446
1753314328.885038
1753314328.925914
1753314328.957202
1753314328.994406
1753314329.018866
1753314329.057089
1753314329.089200
1753314329.125907
1753314329.152058
1753314329.190772
1753314329.225006
1753314329.261692
1753314329.285074
1753314329.324648
1753314329.359421
1753314329.389878
1753314329.418937
1753314329.459445
1753314329.491219
1753314329.527529
1753314329.551660
1753314329.594303
1753314329.621436
1753314329.658130
1753314329.685637
1753314329.723817
1753314329.760115
1753314329.791239
1753314329.819038
1753314329.860660
1753314329.889745
1753314329.926548
1753314329.952470
1753314329.993143
1753314330.028441
1753314330.055224
1753314330.087057
1753314330.126144
1753314330.156784
1753314330.191575
1753314330.219227
1753314330.257199
1753314330.294543
1753314330.322744
1753314330.353755
1753314330.391278
1753314330.427673
1753314330.455653
1753314330.488548
1753314330.529912
1753314330.555538
1753314330.592890
1753314330.619833
1753314330.662339
1753314330.689164
1753314330.727534
1753314330.752528
1753314330.798239
1753314330.821839
1753314330.863014
1753314330.886137
1753314330.929490
1753314330.956083
1753314330.993913
1753314331.019818
1753314331.059322
1753314331.091573
1753314331.124077
1753314331.155588
1753314331.192535
1753314331.224375
1753314331.263013
1753314331.286358
1753314331.332769
1753314331.353847
1753314331.399649
1753314331.419678
1753314331.461270
1753314331.488789
1753314331.524261
1753314331.553266
1753314331.590280
1753314331.622371
1753314331.660569
1753314331.686473
1753314331.724838
1753314331.763457
1753314331.788758
1753314331.821534
1753314331.862785
1753314331.888560
1753314331.926355
1753314331.953526
1753314331.991258
1753314332.032229
1753314332.055431
1753314332.089523
1753314332.125016
1753314332.160597
1753314332.194562
1753314332.220178
1753314332.264576
1753314332.288977
1753314332.332278
1753314332.353685
1753314332.396565
1753314332.423127
1753314332.465006
1753314332.487078
1753314332.524754
1753314332.564752
1753314332.588889
1753314332.622026
1753314332.661966
1753314332.689444
1753314332.730496
1753314332.753660
1753314332.800714
1753314332.821768
1753314332.863518
1753314332.887345
1753314332.934305
1753314332.954932
1753314332.995439
1753314333.020544
1753314333.061862
1753314333.089563
1753314333.128663
1753314333.154089
1753314333.196063
1753314333.221334
1753314333.256630
1753314333.287803
1753314333.328761
1753314333.357092
1753314333.398046
1753314333.420997
1753314333.463576
1753314333.489940
1753314333.530350
1753314333.554477
1753314333.600061
1753314333.621685
1753314333.661079
1753314333.688511
1753314333.727379
1753314333.760039
1753314333.793978
1753314333.821560
1753314333.866759
1753314333.889226
1753314333.927946
1753314333.954821
1753314333.993305
1753314334.030014
1753314334.057023
1753314334.090482
1753314334.127641
1753314334.159916
1753314334.195349
1753314334.222275
1753314334.263771
1753314334.290291
1753314334.331490
1753314334.354807
1753314334.394079
1753314334.425911
1753314334.466240
1753314334.488576
1753314334.527359
1753314334.562459
1753314334.590000
1753314334.622251
1753314334.660446
1753314334.695600
1753314334.723422
1753314334.757145
1753314334.794618
1753314334.830983
1753314334.856862
1753314334.891059
1753314334.929688
1753314334.957267
1753314334.998720
1753314335.021801
1753314335.059440
1753314335.095572
1753314335.124242
1753314335.168387
1753314335.188623
1753314335.235366
1753314335.255900
1753314335.298320
1753314335.323852
1753314335.358752
1753314335.394934
1753314335.427152
1753314335.466925
1753314335.488853
1753314335.529555
1753314335.557323
1753314335.599438
1753314335.622003
1753314335.668300
1753314335.689405
1753314335.729888
1753314335.755403
1753314335.800304
1753314335.823204
1753314335.865005
1753314335.888663
1753314335.931871
1753314335.957492
1753314335.998387
1753314336.022366
1753314336.061039
1753314336.092768
1753314336.135275
1753314336.155829
1753314336.198074
1753314336.224238
1753314336.266993
1753314336.289073
1753314336.335484
1753314336.356049
1753314336.399062
1753314336.421428
1753314336.457037
1753314336.499484
1753314336.522886
1753314336.558028
1753314336.598352
1753314336.623851
1753314336.661481
1753314336.689073
1753314336.731732
1753314336.757590
1753314336.799928
1753314336.822449
1753314336.863254
1753314336.893790
1753314336.934021
1753314336.955888
1753314336.995650
1753314337.029768
1753314337.058203
1753314337.091072
1753314337.130985
1753314337.157669
1753314337.200502
1753314337.222823
1753314337.266044
1753314337.290114
1753314337.331464
1753314337.356340
1753314337.399969
1753314337.423054
1753314337.466294
1753314337.489594
1753314337.529979
1753314337.562466
1753314337.593626
1753314337.623076
1753314337.663488
1753314337.692720
1753314337.732196
1753314337.756178
1753314337.799904
1753314337.823272
1753314337.866930
1753314337.889823
1753314337.931714
1753314337.956819
1753314337.999576
1753314338.023255
1753314338.062371
1753314338.093445
1753314338.134110
1753314338.156683
1753314338.196757
1753314338.228211
1753314338.263386
1753314338.289791
1753314338.333630
1753314338.357103
1753314338.400949
1753314338.423351
1753314338.465991
1753314338.490293
1753314338.528690
1753314338.557043
1753314338.599771
1753314338.625856
1753314338.668069
1753314338.690198
1753314338.734548
1753314338.757123
1753314338.802697
1753314338.823508
1753314338.866573
1753314338.893106
1753314338.934600
1753314338.957025
1753314338.999116
1753314339.025804
1753314339.062986
1753314339.090528
1753314339.134492
1753314339.157500
1753314339.199962
1753314339.223791
1753314339.266979
1753314339.294483
1753314339.335802
1753314339.357351
1753314339.401091
1753314339.424339
1753314339.467210
1753314339.489811
1753314339.534131
1753314339.557698
1753314339.601883
1753314339.623837
1753314339.670082
1753314339.691062
1753314339.733048
1753314339.757255
1753314339.800595
1753314339.824803
1753314339.867096
1753314339.890734
1753314339.934507
1753314339.959051
1753314340.000586
1753314340.024179
1753314340.062407
1753314340.094294
1753314340.136331
1753314340.157606
1753314340.198775
1753314340.232818
1753314340.260745
1753314340.291257
1753314340.333517
1753314340.358856
1753314340.401730
1753314340.424250
1753314340.467267
1753314340.490762
1753314340.535081
1753314340.557660
1753314340.600368
1753314340.626835
1753314340.668577
1753314340.691214
1753314340.733822
1753314340.758778
1753314340.801350
1753314340.824510
1753314340.866890
1753314340.893628
1753314340.936351
1753314340.958171
1753314341.000743
1753314341.026815
1753314341.064133
1753314341.091634
1753314341.131941
1753314341.159316
1753314341.203523
1753314341.224641
1753314341.267505
1753314341.294043
1753314341.336637
1753314341.357969
1753314341.401151
1753314341.425719
1753314341.469221
1753314341.490747
1753314341.534233
1753314341.561229
1753314341.603324
1753314341.624922
1753314341.671542
1753314341.692695
1753314341.733311
1753314341.758646
1753314341.803531
1753314341.826087
1753314341.870854
1753314341.891871
1753314341.937126
1753314341.959792
1753314342.000049
1753314342.024613
1753314342.061051
1753314342.096293
1753314342.136223
1753314342.158785
1753314342.202435
1753314342.226820
1753314342.272230
1753314342.292036
1753314342.334163
1753314342.362373
1753314342.403074
1753314342.425474
1753314342.467042
1753314342.493461
1753314342.530447
1753314342.557691
1753314342.594290
1753314342.634743
1753314342.660198
1753314342.694100
1753314342.731603
1753314342.768472
1753314342.794043
1753314342.826022
1753314342.869274
1753314342.894003
1753314342.936770
1753314342.958825
1753314343.000970
1753314343.028844
1753314343.065899
1753314343.091952
1753314343.135333
1753314343.160536
1753314343.204445
1753314343.225683
1753314343.268729
1753314343.293951
1753314343.336613
1753314343.359129
1753314343.402579
1753314343.427593
1753314343.469782
1753314343.504055
1753314343.525976
1753314343.572746
1753314343.595310
1753314343.637704
1753314343.662205
1753314343.696357
1753314343.735408
1753314343.760961
1753314343.803463
1753314343.826109
1753314343.870144
1753314343.896266
1753314343.937578
1753314343.959568
1753314344.001885
1753314344.032103
1753314344.064306
1753314344.094220
1753314344.130676
1753314344.161111
1753314344.195649
1753314344.226616
1753314344.268676
1753314344.297657
1753314344.337432
1753314344.359661
1753314344.403313
1753314344.426709
1753314344.469084
1753314344.493003
1753314344.536271
1753314344.562600
1753314344.603856
1753314344.626275
1753314344.669672
1753314344.694645
1753314344.736824
1753314344.759838
1753314344.800150
1753314344.836417
1753314344.864744
1753314344.893593
1753314344.936228
1753314344.964504
1753314345.003565
1753314345.026572
1753314345.065256
1753314345.103295
1753314345.132084
1753314345.160548
1753314345.202021
1753314345.234603
1753314345.268989
1753314345.293442
1753314345.337633
1753314345.362776
1753314345.404057
1753314345.426846
1753314345.469522
1753314345.498974
1753314345.536017
1753314345.560174
1753314345.603519
1753314345.629585
1753314345.670615
1753314345.693877
1753314345.736497
1753314345.764849
1753314345.804568
1753314345.827120
1753314345.871909
1753314345.897229
1753314345.938125
1753314345.960478
1753314346.005725
1753314346.030615
1753314346.067172
1753314346.094645
1753314346.136330
1753314346.165970
1753314346.202707
1753314346.227293
1753314346.271948
1753314346.297563
1753314346.337944
1753314346.360507
1753314346.404057
1753314346.430859
1753314346.470046
1753314346.493244
1753314346.528806
1753314346.572011
1753314346.596857
1753314346.631264
1753314346.670011
1753314346.699693
1753314346.736505
1753314346.761280
1753314346.805429
1753314346.831881
1753314346.872084
1753314346.894248
1753314346.937634
1753314346.966311
1753314347.002635
1753314347.027693
1753314347.067965
1753314347.102399
1753314347.136204
1753314347.161162
1753314347.204739
1753314347.231473
1753314347.272185
1753314347.294412
1753314347.339318
1753314347.365482
1753314347.403473
1753314347.427840
1753314347.469694
1753314347.496714
1753314347.538190
1753314347.561274
1753314347.605564
1753314347.630565
1753314347.671469
1753314347.694512
1753314347.734304
1753314347.770349
1753314347.801528
1753314347.828834
1753314347.871835
1753314347.899890
1753314347.937692
1753314347.961828
1753314348.003310
1753314348.036298
1753314348.066206
1753314348.098154
1753314348.136953
1753314348.166849
1753314348.203363
1753314348.228486
1753314348.270292
1753314348.299680
1753314348.337053
1753314348.361972
1753314348.404318
1753314348.433538
1753314348.469676
1753314348.495317
1753314348.539185
1753314348.567342
1753314348.603823
1753314348.628667
1753314348.672483
1753314348.696625
1753314348.737432
1753314348.762074
1753314348.805422
1753314348.835148
1753314348.871010
1753314348.895536
1753314348.938985
1753314348.964031
1753314349.004836
1753314349.028953
1753314349.067343
1753314349.104226
1753314349.135848
1753314349.163866
1753314349.205168
1753314349.236315
1753314349.271753
1753314349.295552
1753314349.339228
1753314349.369063
1753314349.404759
1753314349.429069
1753314349.469876
1753314349.504537
1753314349.536115
1753314349.565499
1753314349.605611
1753314349.636427
1753314349.670867
1753314349.696644
1753314349.737912
1753314349.768187
1753314349.801671
1753314349.832920
1753314349.871331
1753314349.902661
1753314349.937702
1753314349.963157
1753314350.003563
1753314350.037248
1753314350.065996
1753314350.099853
1753314350.136250
1753314350.170883
1753314350.202245
1753314350.229744
1753314350.271112
1753314350.301747
1753314350.337282
1753314350.362863
1753314350.406289
1753314350.433943
1753314350.470832
1753314350.496077
1753314350.537597
1753314350.570340
1753314350.603941
1753314350.629676
1753314350.671158
1753314350.702235
1753314350.737397
1753314350.763093
1753314350.804975
1753314350.837672
1753314350.870085
1753314350.897700
1753314350.937848
1753314350.971536
1753314351.004490
1753314351.030157
1753314351.069092
1753314351.104301
1753314351.137622
1753314351.163496
1753314351.205054
1753314351.236986
1753314351.271427
1753314351.296691
1753314351.338044
1753314351.369279
1753314351.404244
1753314351.430057
1753314351.470268
1753314351.504525
1753314351.536430
1753314351.565250
1753314351.604603
1753314351.636576
1753314351.670836
1753314351.699055
1753314351.736875
1753314351.771231
1753314351.803530
1753314351.837993
1753314351.863716
1753314351.905090
1753314351.936596
1753314351.971234
1753314352.000478
1753314352.035440
1753314352.066356
1753314352.106755
1753314352.135544
1753314352.166319
1753314352.200988
1753314352.240231
1753314352.269697
1753314352.299718
1753314352.336882
1753314352.371713
1753314352.403598
1753314352.431604
1753314352.469989
1753314352.504762
1753314352.539237
1753314352.564402
1753314352.604245
1753314352.634484
1753314352.668703
1753314352.697474
1753314352.735036
1753314352.766291
1753314352.802209
1753314352.830988
1753314352.867229
1753314352.897650
1753314352.936468
1753314352.964180
1753314353.004149
1753314353.039349
1753314353.066977
1753314353.101195
1753314353.140124
1753314353.167172
1753314353.206723
1753314353.231260
1753314353.270998
1753314353.304070
1753314353.338878
1753314353.364571
1753314353.405541
1753314353.437430
1753314353.470123
1753314353.500302
1753314353.538862
1753314353.570328
1753314353.605503
1753314353.631262
1753314353.671707
1753314353.704044
1753314353.739077
1753314353.764746
1753314353.807039
1753314353.832898
1753314353.872692
1753314353.897872
1753314353.940021
1753314353.969948
1753314354.004980
1753314354.031514
1753314354.068266
1753314354.105283
1753314354.137699
1753314354.166928
1753314354.201496
1753314354.233558
1753314354.267198
1753314354.297605
1753314354.338761
1753314354.369942
1753314354.403430
1753314354.432153
1753314354.470041
1753314354.505099
1753314354.539120
1753314354.564688
1753314354.605257
1753314354.637171
1753314354.672035
1753314354.698174
1753314354.739006
1753314354.769688
1753314354.804470
1753314354.831487
1753314354.872089
1753314354.902289
1753314354.938098
1753314354.965212
1753314355.005306
1753314355.037127
1753314355.069244
1753314355.099650
1753314355.138150
1753314355.171033
1753314355.205731
1753314355.231956
1753314355.272505
1753314355.303987
1753314355.339948
1753314355.365521
1753314355.404239
1753314355.439592
1753314355.471225
1753314355.501967
1753314355.538155
1753314355.570916
1753314355.602001
1753314355.637007
1753314355.671926
1753314355.705015
1753314355.738774
1753314355.767003
1753314355.806680
1753314355.839706
1753314355.872923
1753314355.899121
1753314355.937711
1753314355.971188
1753314356.005899
1753314356.032853
1753314356.069583
1753314356.105766
1753314356.139755
1753314356.165981
1753314356.205889
1753314356.239499
1753314356.274581
1753314356.299166
1753314356.338390
1753314356.372818
1753314356.406958
1753314356.432636
1753314356.470807
1753314356.505674
1753314356.538952
1753314356.565987
1753314356.600112
1753314356.640299
1753314356.674166
1753314356.699441
1753314356.738236
1753314356.771445
1753314356.805640
1753314356.832838
1753314356.872764
1753314356.904868
1753314356.938737
1753314356.966329
1753314357.005558
1753314357.039549
1753314357.069479
1753314357.102797
1753314357.138516
1753314357.171087
1753314357.205898
1753314357.233667
1753314357.274153
1753314357.305999
1753314357.340027
1753314357.368709
1753314357.408133
1753314357.438084
1753314357.470591
1753314357.503438
1753314357.539316
1753314357.574640
1753314357.604246
1753314357.637642
1753314357.672589
1753314357.707598
1753314357.741019
1753314357.769153
1753314357.805587
1753314357.840149
1753314357.875130
1753314357.900128
1753314357.940744
1753314357.972163
1753314358.005743
1753314358.035134
1753314358.071104
1753314358.105945
1753314358.140406
1753314358.166752
1753314358.207500
1753314358.237801
1753314358.273498
1753314358.300009
1753314358.340151
1753314358.373561
1753314358.407616
1753314358.433605
1753314358.471388
1753314358.505298
1753314358.539508
1753314358.566716
1753314358.607471
1753314358.638658
1753314358.673736
1753314358.700250
1753314358.738722
1753314358.772336
1753314358.807263
1753314358.834349
1753314358.875776
1753314358.905065
1753314358.938677
1753314358.969003
1753314359.008279
1753314359.038717
1753314359.068952
1753314359.103821
1753314359.137656
1753314359.173212
1753314359.206087
1753314359.234168
1753314359.274500
1753314359.307522
1753314359.340174
1753314359.367513
1753314359.407601
1753314359.435397
1753314359.470614
1753314359.503651
1753314359.539567
1753314359.574237
1753314359.605617
1753314359.635289
1753314359.672202
1753314359.707662
1753314359.739000
1753314359.771178
1753314359.806055
1753314359.841622
1753314359.871895
1753314359.904849
1753314359.939856
1753314359.974559
1753314360.004893
1753314360.037686
1753314360.068700
1753314360.108126
1753314360.141271
1753314360.174851
1753314360.201084
1753314360.241423
1753314360.272174
1753314360.307370
1753314360.341325
1753314360.368128
1753314360.404072
1753314360.440490
1753314360.470134
1753314360.503636
1753314360.542842
1753314360.572071
1753314360.607855
1753314360.634505
1753314360.674829
1753314360.707124
1753314360.739727
1753314360.768064
1753314360.805719
1753314360.837168
1753314360.874358
1753314360.901683
1753314360.942306
1753314360.973077
1753314361.010607
1753314361.034770
1753314361.072504
1753314361.108543
1753314361.140796
1753314361.169469
1753314361.206545
1753314361.242918
1753314361.274019
1753314361.304744
1753314361.343176
1753314361.373098
1753314361.408395
1753314361.437086
1753314361.474629
1753314361.505522
1753314361.538276
1753314361.570208
1753314361.604083
1753314361.644422
1753314361.673346
1753314361.705665
1753314361.744633
1753314361.772514
1753314361.812613
1753314361.834984
1753314361.874796
1753314361.911625
1753314361.938577
1753314361.971085
1753314362.010978
1753314362.039962
1753314362.071728
1753314362.103250
1753314362.143953
1753314362.171384
1753314362.210782
1753314362.235198
1753314362.275016
1753314362.308526
1753314362.343089
1753314362.368673
1753314362.409938
1753314362.442319
1753314362.473737
1753314362.502786
1753314362.539765
1753314362.575147
1753314362.606531
1753314362.636943
1753314362.673849
1753314362.710674
1753314362.740514
1753314362.769817
1753314362.809480
1753314362.844373
1753314362.872901
1753314362.904934
1753314362.941457
1753314362.973873
1753314363.009847
1753314363.035987
1753314363.069319
1753314363.109925
1753314363.142560
1753314363.169963
1753314363.208930
1753314363.244856
1753314363.272812
1753314363.305194
1753314363.345952
1753314363.372272
1753314363.411848
1753314363.436134
1753314363.471016
1753314363.507064
1753314363.544602
1753314363.569905
1753314363.611402
1753314363.639430
1753314363.675911
1753314363.705212
1753314363.741522
1753314363.773217
1753314363.812267
1753314363.836711
1753314363.874281
1753314363.909712
1753314363.940705
1753314363.971812
1753314364.012772
1753314364.039537
1753314364.072830
1753314364.105929
1753314364.141275
1753314364.177371
1753314364.208279
1753314364.237186
1753314364.277874
1753314364.307176
1753314364.344449
1753314364.369556
1753314364.414589
1753314364.438975
1753314364.474384
1753314364.503832
1753314364.541583
1753314364.577351
1753314364.612095
1753314364.636499
1753314364.681119
1753314364.705378
1753314364.746709
1753314364.770024
1753314364.813200
1753314364.839956
1753314364.875695
1753314364.903676
1753314364.947528
1753314364.972404
1753314365.011351
1753314365.036993
1753314365.074070
1753314365.112105
1753314365.139907
1753314365.170288
1753314365.206158
1753314365.242733
1753314365.281551
1753314365.303647
1753314365.349249
1753314365.372715
1753314365.414962
1753314365.437077
1753314365.483158
1753314365.506117
1753314365.543721
1753314365.570938
1753314365.616519
1753314365.639134
1753314365.677252
1753314365.705419
1753314365.746075
1753314365.773505
1753314365.812336
1753314365.838813
1753314365.876784
1753314365.909075
1753314365.946450
1753314365.971731
1753314366.012665
1753314366.039982
1753314366.074945
1753314366.106965
1753314366.147997
1753314366.172708
1753314366.211578
1753314366.237805
1753314366.284190
1753314366.305731
1753314366.344384
1753314366.370933
1753314366.417511
1753314366.439075
1753314366.474794
1753314366.506207
1753314366.544034
1753314366.575821
1753314366.611686
1753314366.637926
1753314366.671818
1753314366.713292
1753314366.740355
1753314366.772976
1753314366.814046
1753314366.839663
1753314366.878462
1753314366.904728
1753314366.950189
1753314366.971913
1753314367.014153
1753314367.038214
1753314367.074454
1753314367.114744
1753314367.140569
1753314367.173502
1753314367.214275
1753314367.239533
1753314367.282812
1753314367.305284
1753314367.344565
1753314367.378333
1753314367.412672
1753314367.438716
1753314367.484518
1753314367.506518
1753314367.544924
1753314367.572693
1753314367.611037
1753314367.640709
1753314367.682012
1753314367.705467
1753314367.751629
1753314367.772913
1753314367.815706
1753314367.839020
1753314367.878430
1753314367.913026
1753314367.940625
1753314367.976366
1753314368.012892
1753314368.041117
1753314368.075373
1753314368.107699
1753314368.145905
1753314368.176837
1753314368.208848
1753314368.240157
1753314368.278368
1753314368.312113
1753314368.340625
1753314368.373810
1753314368.411103
1753314368.446606
1753314368.471915
1753314368.517610
1753314368.539099
1753314368.584595
1753314368.606009
1753314368.644548
1753314368.678703
1753314368.705565
1753314368.750220
1753314368.773288
1753314368.818342
1753314368.839035
1753314368.882175
1753314368.907200
1753314368.948857
1753314368.971304
1753314369.017277
1753314369.039976
1753314369.076181
1753314369.107232
1753314369.150157
1753314369.173737
1753314369.212727
1753314369.239511
1753314369.283545
1753314369.306719
1753314369.350229
1753314369.372751
1753314369.416938
1753314369.440439
1753314369.484409
1753314369.505989
1753314369.552207
1753314369.573288
1753314369.614385
1753314369.639819
1753314369.680056
1753314369.709119
1753314369.750511
1753314369.772928
1753314369.817647
1753314369.840106
1753314369.883070
1753314369.906391
1753314369.949688
1753314369.973098
1753314370.014783
1753314370.038655
1753314370.076400
1753314370.119213
1753314370.139833
1753314370.180411
1753314370.206934
1753314370.248118
1753314370.275698
1753314370.308464
1753314370.349367
1753314370.375224
1753314370.417371
1753314370.439707
1753314370.486803
1753314370.506649
1753314370.551501
1753314370.573156
1753314370.618644
1753314370.640440
1753314370.684635
1753314370.706513
1753314370.750034
1753314370.774019
1753314370.820144
1753314370.840097
1753314370.884093
1753314370.907139
1753314370.950838
1753314370.973129
1753314371.019357
1753314371.040504
1753314371.077809
1753314371.107590
1753314371.146958
1753314371.178099
1753314371.218481
1753314371.240361
1753314371.284662
1753314371.307277
1753314371.350406
1753314371.373541
1753314371.419442
1753314371.440666
1753314371.486397
1753314371.506995
1753314371.553563
1753314371.573903
1753314371.619711
1753314371.640231
1753314371.682738
1753314371.709193
1753314371.752154
1753314371.773992
1753314371.820396
1753314371.840651
1753314371.883087
1753314371.907370
1753314371.950924
1753314371.974636
1753314372.015314
1753314372.040684
1753314372.079087
1753314372.117278
1753314372.140950
1753314372.176303
1753314372.217778
1753314372.240995
1753314372.284543
1753314372.307470
1753314372.351384
1753314372.374422
1753314372.417810
1753314372.440735
1753314372.486826
1753314372.507588
1753314372.550957
1753314372.573899
1753314372.618938
1753314372.641129
1753314372.685286
1753314372.707593
1753314372.753778
1753314372.774481
1753314372.821022
1753314372.841156
1753314372.887850
1753314372.907985
1753314372.954237
1753314372.974471
1753314373.016815
1753314373.042995
1753314373.080063
1753314373.108281
1753314373.151381
1753314373.174776
1753314373.219390
1753314373.241413
1753314373.283245
1753314373.310417
1753314373.353285
1753314373.374645
1753314373.418742
1753314373.442210
1753314373.486285
1753314373.508105
1753314373.552116
1753314373.576189
1753314373.618698
1753314373.641193
1753314373.683251
1753314373.711127
1753314373.753936
1753314373.774729
1753314373.820980
1753314373.841968
1753314373.884095
1753314373.908463
1753314373.951273
1753314373.975604
1753314374.019957
1753314374.041705
1753314374.079382
1753314374.120778
1753314374.141739
1753314374.180408
1753314374.213827
1753314374.249323
1753314374.283069
1753314374.308429
1753314374.349905
1753314374.382648
1753314374.411383
1753314374.442471
1753314374.486961
1753314374.508950
1753314374.552761
1753314374.575004
1753314374.617675
1753314374.644097
1753314374.686751
1753314374.708507
1753314374.752513
1753314374.775728
1753314374.819924
1753314374.841978
1753314374.886058
1753314374.908610
1753314374.954844
1753314374.975402
1753314375.017308
1753314375.046661
1753314375.080652
1753314375.109864
1753314375.153213
1753314375.176118
1753314375.210642
1753314375.242506
1753314375.278901
1753314375.309851
1753314375.352425
1753314375.375971
1753314375.418709
1753314375.447385
1753314375.487632
1753314375.509216
1753314375.552570
1753314375.579975
1753314375.620222
1753314375.642475
1753314375.688147
1753314375.710126
1753314375.753623
1753314375.775887
1753314375.815768
1753314375.852791
1753314375.882469
1753314375.910738
1753314375.953312
1753314375.977302
1753314376.016532
1753314376.043660
1753314376.081871
1753314376.118901
1753314376.148682
1753314376.177544
1753314376.219143
1753314376.247519
1753314376.287582
1753314376.309605
1753314376.352882
1753314376.380558
1753314376.420991
1753314376.442901
1753314376.487644
1753314376.509793
1753314376.552852
1753314376.575974
1753314376.621178
1753314376.644577
1753314376.682226
1753314376.709624
1753314376.743992
1753314376.786355
1753314376.814408
1753314376.854548
1753314376.876422
1753314376.918492
1753314376.948755
1753314376.986025
1753314377.014598
1753314377.045142
1753314377.082196
1753314377.119447
1753314377.149656
1753314377.178495
1753314377.220334
1753314377.247366
1753314377.288803
1753314377.309821
1753314377.353624
1753314377.379105
1753314377.421800
1753314377.443339
1753314377.488431
1753314377.511727
1753314377.552255
1753314377.576790
1753314377.619900
1753314377.646975
1753314377.688561
1753314377.710120
1753314377.754082
1753314377.780982
1753314377.821684
1753314377.843371
1753314377.887057
1753314377.915610
1753314377.954701
1753314377.977233
1753314378.018093
1753314378.052196
1753314378.082336
1753314378.112333
1753314378.153905
1753314378.183012
1753314378.219920
1753314378.243826
1753314378.287070
1753314378.316625
1753314378.348247
1753314378.379850
1753314378.420783
1753314378.447331
1753314378.486837
1753314378.510435
1753314378.553348
1753314378.582566
1753314378.619456
1753314378.643728
1753314378.686597
1753314378.715908
1753314378.754534
1753314378.777099
1753314378.820736
1753314378.846474
1753314378.887544
1753314378.910348
1753314378.953326
1753314378.981707
1753314379.021421
1753314379.044121
1753314379.081495
1753314379.122211
1753314379.147266
1753314379.179987
1753314379.220849
1753314379.244429
1753314379.288138
1753314379.310861
1753314379.354288
1753314379.384251
1753314379.420822
1753314379.444274
1753314379.489177
1753314379.512045
1753314379.554525
1753314379.578397
1753314379.619521
1753314379.653314
1753314379.686843
1753314379.711759
1753314379.755846
1753314379.781851
1753314379.822189
1753314379.844746
1753314379.886841
1753314379.920190
1753314379.949433
1753314379.981499
1753314380.018968
1753314380.053946
1753314380.080091
1753314380.115866
1753314380.149939
1753314380.187393
1753314380.216962
1753314380.244795
1753314380.289135
1753314380.312643
1753314380.355407
1753314380.377766
1753314380.420648
1753314380.448392
1753314380.486253
1753314380.511402
1753314380.552717
1753314380.586979
1753314380.617820
1753314380.644810
1753314380.688851
1753314380.715762
1753314380.754478
1753314380.778125
1753314380.821811
1753314380.850156
1753314380.889513
1753314380.911516
1753314380.955194
1753314380.983639
1753314381.021372
1753314381.044929
1753314381.082214
1753314381.123185
1753314381.149095
1753314381.181668
1753314381.221288
1753314381.251001
1753314381.287129
1753314381.312211
1753314381.354750
1753314381.384885
1753314381.421873
1753314381.445218
1753314381.487637
1753314381.518868
1753314381.554251
1753314381.578905
1753314381.620745
1753314381.652029
1753314381.687844
1753314381.712101
1753314381.755091
1753314381.784985
1753314381.821935
1753314381.845330
1753314381.889798
1753314381.915812
1753314381.953882
1753314381.978918
1753314382.021647
1753314382.051273
1753314382.084366
1753314382.115994
1753314382.153135
1753314382.187596
1753314382.220733
1753314382.247543
1753314382.288917
1753314382.318680
1753314382.355088
1753314382.380113
1753314382.421733
1753314382.452796
1753314382.487673
1753314382.513173
1753314382.554890
1753314382.581372
1753314382.620495
1753314382.645969
1753314382.689167
1753314382.717058
1753314382.754991
1753314382.779073
1753314382.822948
1753314382.851493
1753314382.887607
1753314382.912677
1753314382.955824
1753314382.984675
1753314383.021882
1753314383.046290
1753314383.085439
1753314383.121515
1753314383.153041
1753314383.180716
1753314383.221964
1753314383.252605
1753314383.288666
1753314383.312725
1753314383.355783
1753314383.384312
1753314383.421476
1753314383.446096
1753314383.487354
1753314383.520880
1753314383.552176
1753314383.580071
1753314383.620411
1753314383.654819
1753314383.686445
1753314383.713560
1753314383.754764
1753314383.784830
1753314383.822306
1753314383.846620
1753314383.890485
1753314383.918931
1753314383.954336
1753314383.981213
1753314384.022713
1753314384.051923
1753314384.086775
1753314384.115708
1753314384.156238
1753314384.185452
1753314384.221458
1753314384.248025
1753314384.288659
1753314384.319949
1753314384.355416
1753314384.380856
1753314384.421822
1753314384.453439
1753314384.488343
1753314384.513558
1753314384.554869
1753314384.586469
1753314384.620698
1753314384.647515
1753314384.688443
1753314384.719704
1753314384.754979
1753314384.780306
1753314384.821205
1753314384.854147
1753314384.888392
1753314384.913373
1753314384.954699
1753314384.986583
1753314385.020616
1753314385.047423
1753314385.086237
1753314385.121786
1753314385.153583
1753314385.189681
1753314385.213112
1753314385.251697
1753314385.282305
1753314385.316377
1753314385.355454
1753314385.381244
1753314385.421984
1753314385.453894
1753314385.488371
1753314385.516343
1753314385.554144
1753314385.589483
1753314385.620045
1753314385.650742
1753314385.689943
1753314385.720929
1753314385.755853
1753314385.781233
1753314385.822016
1753314385.853576
1753314385.888330
1753314385.917228
1753314385.955977
1753314385.988096
1753314386.020798
1753314386.050215
1753314386.087285
1753314386.121829
1753314386.154082
1753314386.182100
1753314386.223405
1753314386.254185
1753314386.289519
1753314386.314369
1753314386.355614
1753314386.386726
1753314386.422029
1753314386.448187
1753314386.488479
1753314386.522721
1753314386.554026
1753314386.581414
1753314386.621756
1753314386.654145
1753314386.689695
1753314386.714411
1753314386.753341
1753314386.784859
1753314386.815528
1753314386.852102
1753314386.889206
1753314386.919925
1753314386.955612
1753314386.982052
1753314387.022130
1753314387.055682
1753314387.086134
1753314387.117726
1753314387.157108
1753314387.187057
1753314387.221718
1753314387.251205
1753314387.290349
1753314387.321304
1753314387.355949
1753314387.381852
1753314387.421672
1753314387.454415
1753314387.488503
1753314387.515869
1753314387.555060
1753314387.588656
1753314387.620557
1753314387.652383
1753314387.688543
1753314387.723274
1753314387.755419
1753314387.784954
1753314387.824665
1753314387.854859
1753314387.889196
1753314387.917837
1753314387.955676
1753314387.990744
1753314388.022589
1753314388.051722
1753314388.088411
1753314388.121411
1753314388.154484
1753314388.184587
1753314388.223953
1753314388.255675
1753314388.288837
1753314388.318212
1753314388.358330
1753314388.386868
1753314388.422672
1753314388.449075
1753314388.489212
1753314388.523047
1753314388.556726
1753314388.582115
1753314388.622112
1753314388.655000
1753314388.690009
1753314388.715348
1753314388.756089
1753314388.787848
1753314388.821027
1753314388.848783
1753314388.887164
1753314388.920549
1753314388.955972
1753314388.983489
1753314389.023271
1753314389.055811
1753314389.087700
1753314389.120046
1753314389.155839
1753314389.189364
1753314389.223536
1753314389.249944
1753314389.290236
1753314389.323120
1753314389.357689
1753314389.383123
1753314389.422646
1753314389.456888
1753314389.490397
1753314389.516538
1753314389.555099
1753314389.589638
1753314389.621747
1753314389.652638
1753314389.689175
1753314389.722083
1753314389.756065
1753314389.787379
1753314389.821760
1753314389.856072
1753314389.890238
1753314389.919135
1753314389.955572
1753314389.990534
1753314390.025367
1753314390.050341
1753314390.087466
1753314390.124922
1753314390.154973
1753314390.186468
1753314390.222224
1753314390.256799
1753314390.290571
1753314390.316583
1753314390.356770
1753314390.390491
1753314390.423739
1753314390.449959
1753314390.489459
1753314390.524575
1753314390.554481
1753314390.586012
1753314390.620722
1753314390.655395
1753314390.688835
1753314390.719236
1753314390.759025
1753314390.788143
1753314390.819639
1753314390.853189
1753314390.888695
1753314390.922816
1753314390.956785
1753314390.983583
1753314391.023972
1753314391.055133
1753314391.090092
1753314391.116720
1753314391.157150
1753314391.190629
1753314391.224052
1753314391.249976
1753314391.290651
1753314391.323194
1753314391.358653
1753314391.383445
1753314391.423963
1753314391.457056
1753314391.488880
1753314391.517031
1753314391.554090
1753314391.587130
1753314391.620375
1753314391.653900
1753314391.689685
1753314391.724771
1753314391.756589
1753314391.784753
1753314391.825333
1753314391.855670
1753314391.889816
1753314391.920925
1753314391.958304
1753314391.989000
1753314392.024027
1753314392.051870
1753314392.089969
1753314392.121140
1753314392.158139
1753314392.186665
1753314392.225243
1753314392.257206
1753314392.291921
1753314392.317556
1753314392.357527
1753314392.392728
1753314392.422093
1753314392.451571
1753314392.490045
1753314392.524844
1753314392.554127
1753314392.587839
1753314392.621493
1753314392.656953
1753314392.691854
1753314392.717444
1753314392.757894
1753314392.792328
1753314392.821388
1753314392.850753
1753314392.891070
1753314392.921677
1753314392.956543
1753314392.984997
1753314393.025859
1753314393.053916
1753314393.091238
1753314393.117753
1753314393.157783
1753314393.190132
1753314393.225168
1753314393.251226
1753314393.292173
1753314393.321551
1753314393.356723
1753314393.384784
1753314393.425616
1753314393.456723
1753314393.490650
1753314393.525250
1753314393.551300
1753314393.593305
1753314393.624245
1753314393.655845
1753314393.690935
1753314393.719026
1753314393.759299
1753314393.790140
1753314393.825439
1753314393.854678
1753314393.891129
1753314393.926447
1753314393.957211
1753314393.987836
1753314394.024944
1753314394.054452
1753314394.091492
1753314394.118220
1753314394.158599
1753314394.189972
1753314394.225068
1753314394.253345
1753314394.292333
1753314394.325093
1753314394.358050
1753314394.385363
1753314394.422627
1753314394.458467
1753314394.490900
1753314394.519669
1753314394.557966
1753314394.592162
1753314394.623085
1753314394.652019
1753314394.688073
1753314394.723886
1753314394.758831
1753314394.786531
1753314394.825069
1753314394.858077
1753314394.890348
1753314394.920244
1753314394.956952
1753314394.993246
1753314395.024260
1753314395.052619
1753314395.091640
1753314395.126315
1753314395.156635
1753314395.187993
1753314395.225834
1753314395.258478
1753314395.291468
1753314395.320667
1753314395.359817
1753314395.389431
1753314395.423464
1753314395.454715
1753314395.495139
1753314395.523185
1753314395.561869
1753314395.586251
1753314395.622728
1753314395.658450
1753314395.690472
1753314395.722067
1753314395.758464
1753314395.792953
1753314395.828486
1753314395.852615
1753314395.894485
1753314395.924727
1753314395.959920
1753314395.987531
1753314396.024393
1753314396.058575
1753314396.091558
1753314396.122531
1753314396.158944
1753314396.192176
1753314396.223078
1753314396.252810
1753314396.289966
1753314396.328922
1753314396.356499
1753314396.389029
1753314396.421652
1753314396.458022
1753314396.489416
1753314396.521618
1753314396.562481
1753314396.588924
1753314396.625282
1753314396.653391
1753314396.690888
1753314396.727112
1753314396.757149
1753314396.789385
1753314396.825243
1753314396.858873
1753314396.887283
1753314396.922717
1753314396.956719
1753314396.996868
1753314397.022759
1753314397.055313
1753314397.094629
1753314397.123606
1753314397.160121
1753314397.186642
1753314397.224332
1753314397.261355
1753314397.291809
1753314397.321320
1753314397.363706
1753314397.389711
1753314397.426456
1753314397.454664
1753314397.490977
1753314397.527943
1753314397.563961
1753314397.586766
1753314397.626663
1753314397.661465
1753314397.691632
1753314397.722486
1753314397.759993
1753314397.792002
1753314397.830873
1753314397.853746
1753314397.892455
1753314397.924281
1753314397.961650
1753314397.988774
1753314398.028820
1753314398.057963
1753314398.091471
1753314398.122573
1753314398.161911
1753314398.190243
1753314398.227943
1753314398.254331
1753314398.299778
1753314398.322362
1753314398.360415
1753314398.387648
1753314398.429812
1753314398.456744
1753314398.492520
1753314398.521303
1753314398.562692
1753314398.590343
1753314398.628906
1753314398.653907
1753314398.691511
1753314398.724562
1753314398.758330
1753314398.789019
1753314398.824865
1753314398.861494
1753314398.891617
1753314398.921728
1753314398.958630
1753314398.997079
1753314399.023670
1753314399.055697
1753314399.095194
1753314399.123661
1753314399.162406
1753314399.187526
1753314399.227412
1753314399.258085
1753314399.293843
1753314399.320779
1753314399.367428
1753314399.389248
1753314399.427193
1753314399.454527
1753314399.491797
1753314399.525183
1753314399.563671
1753314399.588038
1753314399.634976
1753314399.655700
1753314399.693602
1753314399.721724
1753314399.759185
1753314399.798216
1753314399.824415
1753314399.856694
1753314399.894291
1753314399.930065
1753314399.957616
1753314399.989913
1753314400.031981
1753314400.056624
1753314400.094737
1753314400.121862
1753314400.160343
1753314400.196022
1753314400.224532
1753314400.256856
1753314400.294089
1753314400.326087
1753314400.366229
1753314400.388301
1753314400.426378
1753314400.466222
1753314400.489979
1753314400.524336
1753314400.564279
1753314400.589884
1753314400.628341
1753314400.655047
1753314400.692529
1753314400.732318
1753314400.756543
1753314400.790463
1753314400.827306
1753314400.857224
1753314400.895617
1753314400.921965
1753314400.968248
1753314400.989379
1753314401.028790
1753314401.055672
1753314401.095371
1753314401.124343
1753314401.162901
1753314401.189150
1753314401.226895
1753314401.265684
1753314401.290987
1753314401.325354
1753314401.364720
1753314401.390416
1753314401.430980
1753314401.455875
1753314401.500745
1753314401.523546
1753314401.567811
1753314401.588930
1753314401.626774
1753314401.667925
1753314401.690065
1753314401.725517
1753314401.760373
1753314401.802018
1753314401.823615
1753314401.866576
1753314401.889377
1753314401.929842
1753314401.957977
1753314401.999707
1753314402.025165
1753314402.057819
1753314402.097344
1753314402.125297
1753314402.165278
1753314402.189678
1753314402.228267
1753314402.258019
1753314402.300018
1753314402.322605
1753314402.366638
1753314402.390113
1753314402.433214
1753314402.456121
1753314402.500230
1753314402.523487
1753314402.566150
1753314402.589326
1753314402.632296
1753314402.656054
1753314402.692376
1753314402.721459
1753314402.768047
1753314402.790500
1753314402.832057
1753314402.856092
1753314402.903442
1753314402.923063
1753314402.958677
1753314402.991959
1753314403.030271
1753314403.058215
1753314403.098093
1753314403.122038
1753314403.159309
1753314403.193231
1753314403.226882
1753314403.257872
1753314403.299860
1753314403.325581
1753314403.367733
1753314403.389806
1753314403.436104
1753314403.456857
1753314403.497823
1753314403.523460
1753314403.567250
1753314403.591075
1753314403.633227
1753314403.656896
1753314403.700552
1753314403.724134
1753314403.767478
1753314403.790024
1753314403.834004
1753314403.858347
1753314403.901109
1753314403.923366
1753314403.967247
1753314403.992210
1753314404.034921
1753314404.056705
1753314404.098321
1753314404.125185
1753314404.167285
1753314404.190373
1753314404.233133
1753314404.258996
1753314404.301643
1753314404.323600
1753314404.367065
1753314404.390744
1753314404.437204
1753314404.456980
1753314404.504298
1753314404.523960
1753314404.565080
1753314404.590371
1753314404.634339
1753314404.657504
1753314404.694318
1753314404.723726
1753314404.760875
1753314404.801566
1753314404.824437
1753314404.858564
1753314404.899352
1753314404.925966
1753314404.968456
1753314404.990399
1753314405.033045
1753314405.058483
1753314405.096473
1753314405.123996
1753314405.169525
1753314405.190553
1753314405.230975
1753314405.257455
1753314405.298852
1753314405.330159
1753314405.361520
1753314405.391154
1753314405.434365
1753314405.457907
1753314405.504341
1753314405.524170
1753314405.566466
1753314405.593471
1753314405.636379
1753314405.657688
1753314405.701418
1753314405.726473
1753314405.767010
1753314405.791378
1753314405.831599
1753314405.867104
1753314405.894476
1753314405.930444
1753314405.959033
1753314405.999917
1753314406.028198
1753314406.058233
1753314406.098509
1753314406.133474
1753314406.161025
1753314406.194520
1753314406.233758
1753314406.260945
1753314406.302536
1753314406.324806
1753314406.368271
1753314406.394493
1753314406.432326
1753314406.458123
1753314406.495751
1753314406.527534
1753314406.568450
1753314406.591426
1753314406.634174
1753314406.662500
1753314406.703846
1753314406.724735
1753314406.767829
1753314406.792292
1753314406.836137
1753314406.858070
1753314406.900053
1753314406.925474
1753314406.959554
1753314406.994576
1753314407.033884
1753314407.059720
1753314407.102007
1753314407.124887
1753314407.170745
1753314407.191888
1753314407.229409
1753314407.257690
1753314407.295092
1753314407.336792
1753314407.358712
1753314407.395375
1753314407.428648
1753314407.469991
1753314407.491120
1753314407.530695
1753314407.563249
1753314407.603913
1753314407.625475
1753314407.661646
1753314407.702216
1753314407.725916
1753314407.769054
1753314407.791924
1753314407.832969
1753314407.862168
1753314407.904818
1753314407.925354
1753314407.968693
1753314407.992374
1753314408.030975
1753314408.058592
1753314408.101650
1753314408.127035
1753314408.170314
1753314408.192346
1753314408.231932
1753314408.268393
1753314408.295933
1753314408.326756
1753314408.369065
1753314408.396315
1753314408.436948
1753314408.459286
1753314408.504804
1753314408.526533
1753314408.566463
1753314408.592848
1753314408.638201
1753314408.659783
1753314408.703268
1753314408.725759
1753314408.769891
1753314408.793710
1753314408.838516
1753314408.859130
1753314408.903011
1753314408.927367
1753314408.970422
1753314408.992586
1753314409.033677
1753314409.063056
1753314409.095778
1753314409.126946
1753314409.172028
1753314409.193392
1753314409.235271
1753314409.259325
1753314409.305203
1753314409.327152
1753314409.372146
1753314409.392848
1753314409.437415
1753314409.460578
1753314409.503544
1753314409.526160
1753314409.572501
1753314409.594237
1753314409.637321
1753314409.659589
1753314409.703718
1753314409.727874
1753314409.770329
1753314409.792897
1753314409.835466
1753314409.864358
1753314409.905253
1753314409.926443
1753314409.970550
1753314409.994716
1753314410.036856
1753314410.060006
1753314410.105238
1753314410.127725
1753314410.169302
1753314410.204889
1753314410.226813
1753314410.269412
1753314410.298628
1753314410.337021
1753314410.362240
1753314410.401211
1753314410.427096
1753314410.470361
1753314410.498039
1753314410.528999
1753314410.568503
1753314410.599992
1753314410.636270
1753314410.660234
1753314410.704164
1753314410.729224
1753314410.771217
1753314410.793532
1753314410.835751
1753314410.864776
1753314410.905100
1753314410.926901
1753314410.970763
1753314410.995248
1753314411.037927
1753314411.059901
1753314411.106232
1753314411.129018
1753314411.171218
1753314411.193605
1753314411.238451
1753314411.261641
1753314411.304512
1753314411.326980
1753314411.370859
1753314411.395539
1753314411.438111
1753314411.460623
1753314411.503833
1753314411.529966
1753314411.571696
1753314411.593776
1753314411.639705
1753314411.662475
1753314411.704873
1753314411.727110
1753314411.770276
1753314411.798309
1753314411.838570
1753314411.860647
1753314411.904231
1753314411.927471
1753314411.968978
1753314411.994654
1753314412.035926
1753314412.063080
1753314412.104623
1753314412.127488
1753314412.172405
1753314412.197000
1753314412.238626
1753314412.260486
1753314412.304585
1753314412.332122
1753314412.372222
1753314412.394260
1753314412.437947
1753314412.464640
1753314412.505417
1753314412.527955
1753314412.572454
1753314412.596966
1753314412.638414
1753314412.661029
1753314412.705048
1753314412.732679
1753314412.772061
1753314412.794518
1753314412.837529
1753314412.866402
1753314412.904637
1753314412.927765
1753314412.973237
1753314412.997509
1753314413.038682
1753314413.060942
1753314413.104328
1753314413.133790
1753314413.170969
1753314413.194562
1753314413.232678
1753314413.263930
1753314413.299073
1753314413.328167
1753314413.365584
1753314413.396572
1753314413.433844
1753314413.461642
1753314413.498072
1753314413.532566
1753314413.566804
1753314413.594990
1753314413.637791
1753314413.668174
1753314413.703634
1753314413.730502
1753314413.771594
1753314413.798917
1753314413.839539
1753314413.861905
1753314413.905491
1753314413.932949
1753314413.971010
1753314413.995185
1753314414.037786
1753314414.063851
1753314414.104974
1753314414.128983
1753314414.172219
1753314414.198389
1753314414.239883
1753314414.262034
1753314414.304347
1753314414.335290
1753314414.371047
1753314414.396245
1753314414.438645
1753314414.467396
1753314414.504244
1753314414.529117
1753314414.572750
1753314414.600090
1753314414.637460
1753314414.662249
1753314414.704713
1753314414.733923
1753314414.772599
1753314414.795521
1753314414.839139
1753314414.866261
1753314414.906331
1753314414.928724
1753314414.971036
1753314415.001948
1753314415.038243
1753314415.061917
1753314415.105385
1753314415.132508
1753314415.173141
1753314415.195414
1753314415.237555
1753314415.268422
1753314415.304761
1753314415.329347
1753314415.373984
1753314415.399584
1753314415.440132
1753314415.462400
1753314415.506066
1753314415.532892
1753314415.571628
1753314415.596172
1753314415.639458
1753314415.668239
1753314415.704582
1753314415.729591
1753314415.771982
1753314415.801905
1753314415.838646
1753314415.862746
1753314415.905679
1753314415.933806
1753314415.971517
1753314415.996358
1753314416.039863
1753314416.063704
1753314416.105146
1753314416.130606
1753314416.171881
1753314416.197710
1753314416.238875
1753314416.263666
1753314416.305235
1753314416.337237
1753314416.371769
1753314416.397448
1753314416.439314
1753314416.468945
1753314416.504414
1753314416.531871
1753314416.572401
1753314416.602894
1753314416.638599
1753314416.663604
1753314416.705164
1753314416.734856
1753314416.771746
1753314416.796450
1753314416.839780
1753314416.867559
1753314416.905112
1753314416.930017
1753314416.971615
1753314416.997182
1753314417.031743
1753314417.062768
1753314417.104800
1753314417.135074
1753314417.171893
1753314417.196496
1753314417.239885
1753314417.268926
1753314417.304683
1753314417.330004
1753314417.371778
1753314417.402224
1753314417.438479
1753314417.463708
1753314417.505427
1753314417.535895
1753314417.572435
1753314417.596885
1753314417.638552
1753314417.669239
1753314417.704959
1753314417.730841
1753314417.771989
1753314417.801833
1753314417.839995
1753314417.863691
1753314417.905401
1753314417.936386
1753314417.971684
1753314417.998635
1753314418.039266
1753314418.064897
1753314418.106006
1753314418.134133
1753314418.171285
1753314418.202663
1753314418.233805
1753314418.265609
1753314418.303049
1753314418.339098
1753314418.370158
1753314418.401511
1753314418.430833
1753314418.470811
1753314418.505372
1753314418.539236
1753314418.564062
1753314418.604752
1753314418.635225
1753314418.673288
1753314418.700375
1753314418.730589
1753314418.768217
1753314418.804175
1753314418.835254
1753314418.863983
1753314418.899142
1753314418.939556
1753314418.968333
1753314418.997323
1753314419.035375
1753314419.066969
1753314419.106870
1753314419.130618
1753314419.171890
1753314419.201114
1753314419.240103
1753314419.263971
1753314419.304884
1753314419.336864
1753314419.372055
1753314419.397432
1753314419.438549
1753314419.467898
1753314419.506031
1753314419.530924
1753314419.569872
1753314419.604510
1753314419.635332
1753314419.664108
1753314419.702381
1753314419.736597
1753314419.768789
1753314419.797621
1753314419.833366
1753314419.871963
1753314419.900862
1753314419.931008
1753314419.966975
1753314420.003969
1753314420.033237
1753314420.064100
1753314420.099403
1753314420.138544
1753314420.168476
1753314420.197828
1753314420.236072
1753314420.271335
1753314420.302733
1753314420.330834
1753314420.370484
1753314420.403093
1753314420.434845
1753314420.464683
1753314420.502019
1753314420.538850
1753314420.569507
1753314420.598084
1753314420.636409
1753314420.671380
1753314420.703087
1753314420.731378
1753314420.769243
1753314420.804770
1753314420.836234
1753314420.864779
1753314420.897556
1753314420.935751
1753314420.970158
1753314420.998454
1753314421.033683
1753314421.065844
1753314421.105356
1753314421.131710
1753314421.166663
1753314421.204894
1753314421.233546
1753314421.264963
1753314421.301727
1753314421.337663
1753314421.369862
1753314421.398515
1753314421.435009
1753314421.470946
1753314421.498970
1753314421.532169
1753314421.566821
1753314421.600872
1753314421.636488
1753314421.665346
1753314421.703177
1753314421.738722
1753314421.769695
1753314421.798807
1753314421.836237
1753314421.871615
1753314421.903850
1753314421.932036
1753314421.970445
1753314422.004761
1753314422.038112
1753314422.064935
1753314422.105701
1753314422.137285
1753314422.171950
1753314422.198905
1753314422.239338
1753314422.270656
1753314422.304939
1753314422.332704
1753314422.372930
1753314422.404181
1753314422.439273
1753314422.465620
1753314422.506478
1753314422.537583
1753314422.569021
1753314422.600904
1753314422.638859
1753314422.673095
1753314422.706184
1753314422.732826
1753314422.770966
1753314422.807879
1753314422.836487
1753314422.865943
1753314422.905697
1753314422.937738
1753314422.971157
1753314422.999338
1753314423.037801
1753314423.068703
1753314423.108055
1753314423.132757
1753314423.169130
1753314423.205582
1753314423.237547
1753314423.265979
1753314423.304477
1753314423.339421
1753314423.370040
1753314423.399513
1753314423.440881
1753314423.470089
1753314423.507890
1753314423.532744
1753314423.572508
1753314423.604189
1753314423.639878
1753314423.666283
1753314423.705639
1753314423.737847
1753314423.773007
1753314423.799737
1753314423.838465
1753314423.872890
1753314423.905295
1753314423.933658
1753314423.974056
1753314424.004645
1753314424.039116
1753314424.065763
1753314424.106705
1753314424.139825
1753314424.174366
1753314424.199976
1753314424.239794
1753314424.272717
1753314424.306856
1753314424.333255
1753314424.371835
1753314424.407404
1753314424.438061
1753314424.466509
1753314424.505390
1753314424.538549
1753314424.573176
1753314424.599974
1753314424.637810
1753314424.674788
1753314424.699700
1753314424.735356
1753314424.768744
1753314424.808869
1753314424.836104
1753314424.867072
1753314424.902828
1753314424.938844
1753314424.971241
1753314425.000326
1753314425.034402
1753314425.070259
1753314425.104633
1753314425.133659
1753314425.166886
1753314425.206208
1753314425.234770
1753314425.267036
1753314425.300556
1753314425.339646
1753314425.367359
1753314425.400428
1753314425.436368
1753314425.470331
1753314425.505150
1753314425.533840
1753314425.569675
1753314425.604565
1753314425.638259
1753314425.667305
1753314425.703052
1753314425.738413
1753314425.771460
1753314425.800592
1753314425.836204
1753314425.871481
1753314425.904898
1753314425.934001
1753314425.969999
1753314426.004861
1753314426.039742
1753314426.066820
1753314426.104578
1753314426.138707
1753314426.173232
1753314426.200751
1753314426.239614
1753314426.271425
1753314426.306167
1753314426.334121
1753314426.367768
