1753310932.551371
1753310932.651172
1753310932.684289
1753310932.717465
1753310932.751658
1753310932.785070
1753310932.817941
1753310932.851208
1753310932.883797
1753310932.925533
1753310932.955348
1753310932.992267
1753310933.026213
1753310933.056592
1753310933.092097
1753310933.124535
1753310933.157715
1753310933.193773
1753310933.228334
1753310933.261378
1753310933.297958
1753310933.330909
1753310933.364276
1753310933.397524
1753310933.431647
1753310933.463741
1753310933.497576
1753310933.530200
1753310933.564378
1753310933.599168
1753310933.631258
1753310933.659927
1753310933.692488
1753310933.726758
1753310933.760892
1753310933.793988
1753310933.828454
1753310933.865109
1753310933.897383
1753310933.932007
1753310933.964658
1753310933.993524
1753310934.019646
1753310934.051923
1753310934.088660
1753310934.124640
1753310934.153008
1753310934.185087
1753310934.226237
1753310934.255369
1753310934.291291
1753310934.318136
1753310934.356167
1753310934.391759
1753310934.423034
1753310934.451722
1753310934.492244
1753310934.522392
1753310934.558388
1753310934.584869
1753310934.624305
1753310934.657279
1753310934.691478
1753310934.718275
1753310934.758626
1753310934.789744
1753310934.825629
1753310934.851710
1753310934.894192
1753310934.923006
1753310934.957681
1753310934.985228
1753310935.024668
1753310935.058260
1753310935.092199
1753310935.118668
1753310935.157218
1753310935.191813
1753310935.225380
1753310935.252062
1753310935.291621
1753310935.324117
1753310935.358646
1753310935.385646
1753310935.425017
1753310935.456709
1753310935.491998
1753310935.519031
1753310935.559013
1753310935.589438
1753310935.625207
1753310935.652521
1753310935.691718
1753310935.725428
1753310935.758782
1753310935.785612
1753310935.825004
1753310935.858954
1753310935.891527
1753310935.919275
1753310935.959677
1753310935.991399
1753310936.024084
1753310936.055055
1753310936.091407
1753310936.122443
1753310936.155956
1753310936.185630
1753310936.225780
1753310936.258268
1753310936.292705
1753310936.319571
1753310936.359633
1753310936.391685
1753310936.426316
1753310936.453896
1753310936.493174
1753310936.525880
1753310936.560244
1753310936.586552
1753310936.626675
1753310936.657913
1753310936.691629
1753310936.723119
1753310936.758961
1753310936.792639
1753310936.826633
1753310936.855090
1753310936.891112
1753310936.926024
1753310936.958879
1753310936.988560
1753310937.024794
1753310937.057361
1753310937.091508
1753310937.123438
1753310937.157835
1753310937.191049
1753310937.221893
1753310937.253627
1753310937.291557
1753310937.325674
1753310937.359928
1753310937.387481
1753310937.424376
1753310937.458061
1753310937.490534
1753310937.523360
1753310937.558554
1753310937.592682
1753310937.624460
1753310937.656443
1753310937.692151
1753310937.725707
1753310937.760290
1753310937.787803
1753310937.829404
1753310937.858325
1753310937.893522
1753310937.921377
1753310937.960956
1753310937.992040
1753310938.025274
1753310938.056899
1753310938.095880
1753310938.124577
1753310938.159182
1753310938.191650
1753310938.226666
1753310938.259858
1753310938.294656
1753310938.321330
1753310938.361545
1753310938.393067
1753310938.424949
1753310938.455265
1753310938.492017
1753310938.527262
1753310938.559066
1753310938.587137
1753310938.627835
1753310938.657701
1753310938.693425
1753310938.720743
1753310938.761378
1753310938.792828
1753310938.827427
1753310938.853877
1753310938.894584
1753310938.925057
1753310938.959090
1753310938.987536
1753310939.024816
1753310939.055412
1753310939.096479
1753310939.120733
1753310939.161968
1753310939.191719
1753310939.227923
1753310939.254416
1753310939.295817
1753310939.324333
1753310939.359826
1753310939.388811
1753310939.426575
1753310939.459130
1753310939.493962
1753310939.521388
1753310939.562408
1753310939.591990
1753310939.629274
1753310939.654410
1753310939.694975
1753310939.725184
1753310939.764603
1753310939.787792
1753310939.828924
1753310939.859417
1753310939.895520
1753310939.922142
1753310939.959056
1753310939.995205
1753310940.025355
1753310940.056984
1753310940.094739
1753310940.126490
1753310940.158779
1753310940.191337
1753310940.229317
1753310940.258666
1753310940.295598
1753310940.322025
1753310940.360971
1753310940.395610
1753310940.426161
1753310940.455491
1753310940.492264
1753310940.527694
1753310940.561914
1753310940.588394
1753310940.629396
1753310940.658956
1753310940.699552
1753310940.721545
1753310940.762601
1753310940.793109
1753310940.826741
1753310940.857007
1753310940.893484
1753310940.926901
1753310940.961872
1753310940.988708
1753310941.025378
1753310941.062206
1753310941.096147
1753310941.122006
1753310941.162806
1753310941.194069
1753310941.228870
1753310941.256913
1753310941.293748
1753310941.329416
1753310941.361054
1753310941.389527
1753310941.430719
1753310941.457984
1753310941.491396
1753310941.521661
1753310941.556148
1753310941.590370
1753310941.631623
1753310941.655114
1753310941.693447
1753310941.730351
1753310941.760016
1753310941.790448
1753310941.831419
1753310941.858428
1753310941.899165
1753310941.921947
1753310941.962697
1753310941.993266
1753310942.027117
1753310942.057675
1753310942.099375
1753310942.125623
1753310942.160925
1753310942.189128
1753310942.229212
1753310942.259537
1753310942.294834
1753310942.325009
1753310942.361117
1753310942.398014
1753310942.426655
1753310942.461862
1753310942.489326
1753310942.527514
1753310942.563502
1753310942.594367
1753310942.631864
1753310942.656118
1753310942.694601
1753310942.727318
1753310942.766861
1753310942.789864
1753310942.828020
1753310942.868059
1753310942.892042
1753310942.928896
1753310942.958585
1753310942.997474
1753310943.028448
1753310943.057851
1753310943.094742
1753310943.131202
1753310943.161482
1753310943.190820
1753310943.227776
1753310943.264785
1753310943.293403
1753310943.325984
1753310943.365751
1753310943.392433
1753310943.427324
1753310943.455372
1753310943.494658
1753310943.528674
1753310943.564160
1753310943.589792
1753310943.635776
1753310943.658329
1753310943.700868
1753310943.723138
1753310943.770520
1753310943.791534
1753310943.829345
1753310943.858936
1753310943.895346
1753310943.923347
1753310943.959392
1753310943.989719
1753310944.027625
1753310944.061370
1753310944.100207
1753310944.123556
1753310944.167979
1753310944.192521
1753310944.230044
1753310944.257080
1753310944.303208
1753310944.325281
1753310944.362263
1753310944.390498
1753310944.434541
1753310944.458554
1753310944.499758
1753310944.523889
1753310944.561595
1753310944.597635
1753310944.628081
1753310944.658878
1753310944.700041
1753310944.726782
1753310944.767026
1753310944.790224
1753310944.836563
1753310944.858638
1753310944.896602
1753310944.923904
1753310944.960224
1753310945.001470
1753310945.025890
1753310945.058216
1753310945.100742
1753310945.125956
1753310945.168682
1753310945.190602
1753310945.234825
1753310945.259349
1753310945.297239
1753310945.324069
1753310945.370891
1753310945.391992
1753310945.429728
1753310945.457745
1753310945.503071
1753310945.526170
1753310945.566560
1753310945.590936
1753310945.637953
1753310945.658528
1753310945.696521
1753310945.724490
1753310945.768936
1753310945.792726
1753310945.832683
1753310945.857998
1753310945.904844
1753310945.925380
1753310945.964323
1753310945.991418
1753310946.030643
1753310946.064673
1753310946.094426
1753310946.127243
1753310946.162850
1753310946.200165
1753310946.227184
1753310946.260112
1753310946.303154
1753310946.324767
1753310946.370231
1753310946.391712
1753310946.430697
1753310946.461140
1753310946.501629
1753310946.525487
1753310946.569654
1753310946.593114
1753310946.632366
1753310946.658509
1753310946.700543
1753310946.726843
1753310946.768413
1753310946.791500
1753310946.830218
1753310946.861501
1753310946.902286
1753310946.924987
1753310946.967701
1753310946.992923
1753310947.032859
1753310947.058453
1753310947.100614
1753310947.126467
1753310947.167758
1753310947.191755
1753310947.228882
1753310947.268901
1753310947.292994
1753310947.330727
1753310947.361209
1753310947.400852
1753310947.427536
1753310947.460775
1753310947.497209
1753310947.537808
1753310947.559494
1753310947.595152
1753310947.629924
1753310947.669648
1753310947.692912
1753310947.728169
1753310947.766878
1753310947.793820
1753310947.835049
1753310947.858579
1753310947.901971
1753310947.926717
1753310947.969601
1753310947.992135
1753310948.032281
1753310948.062360
1753310948.104482
1753310948.125476
1753310948.162600
1753310948.196662
1753310948.228025
1753310948.258857
1753310948.300332
1753310948.327267
1753310948.367938
1753310948.392329
1753310948.434170
1753310948.459407
1753310948.503435
1753310948.525379
1753310948.570247
1753310948.593293
1753310948.633134
1753310948.658978
1753310948.702153
1753310948.727051
1753310948.770157
1753310948.792417
1753310948.836085
1753310948.860134
1753310948.898423
1753310948.926034
1753310948.968258
1753310948.994511
1753310949.031176
1753310949.059643
1753310949.096885
1753310949.126776
1753310949.166886
1753310949.192576
1753310949.237714
1753310949.260021
1753310949.303220
1753310949.326235
1753310949.368808
1753310949.394338
1753310949.436171
1753310949.458611
1753310949.505539
1753310949.526245
1753310949.573162
1753310949.592974
1753310949.632888
1753310949.660379
1753310949.702849
1753310949.726146
1753310949.769817
1753310949.793699
1753310949.834114
1753310949.859858
1753310949.902850
1753310949.928373
1753310949.970262
1753310949.993183
1753310950.032302
1753310950.065975
1753310950.101902
1753310950.126772
1753310950.166252
1753310950.196439
1753310950.238126
1753310950.260311
1753310950.304382
1753310950.327058
1753310950.373276
1753310950.393576
1753310950.436450
1753310950.459716
1753310950.501790
1753310950.527047
1753310950.572847
1753310950.593583
1753310950.636476
1753310950.660173
1753310950.702606
1753310950.727075
1753310950.770541
1753310950.801441
1753310950.826822
1753310950.870337
1753310950.894138
1753310950.937404
1753310950.960096
1753310951.001930
1753310951.027118
1753310951.067735
1753310951.096645
1753310951.129886
1753310951.169705
1753310951.195862
1753310951.237545
1753310951.260520
1753310951.304100
1753310951.327560
1753310951.371413
1753310951.393884
1753310951.440827
1753310951.460197
1753310951.503954
1753310951.527120
1753310951.571061
1753310951.596012
1753310951.636955
1753310951.660829
1753310951.704711
1753310951.728039
1753310951.770853
1753310951.794426
1753310951.836753
1753310951.862547
1753310951.904866
1753310951.927696
1753310951.970758
1753310951.997753
1753310952.034688
1753310952.061287
1753310952.104097
1753310952.129784
1753310952.173343
1753310952.194248
1753310952.237550
1753310952.264531
1753310952.305221
1753310952.327645
1753310952.371662
1753310952.394565
1753310952.441289
1753310952.461257
1753310952.507430
1753310952.528158
1753310952.572117
1753310952.594850
1753310952.637489
1753310952.663842
1753310952.705838
1753310952.727825
1753310952.774022
1753310952.795113
1753310952.837064
1753310952.861230
1753310952.903129
1753310952.929403
1753310952.972156
1753310952.994187
1753310953.036126
1753310953.062536
1753310953.104903
1753310953.128038
1753310953.170783
1753310953.197458
1753310953.239125
1753310953.261450
1753310953.304273
1753310953.330672
1753310953.373039
1753310953.394877
1753310953.440895
1753310953.461801
1753310953.504557
1753310953.528394
1753310953.571610
1753310953.595593
1753310953.638416
1753310953.662093
1753310953.708677
1753310953.729510
1753310953.773145
1753310953.795249
1753310953.837508
1753310953.865980
1753310953.907593
1753310953.928508
1753310953.972123
1753310953.995902
1753310954.033488
1753310954.061985
1753310954.099704
1753310954.131332
1753310954.166980
1753310954.195444
1753310954.232830
1753310954.265392
1753310954.300083
1753310954.328725
1753310954.365795
1753310954.401732
1753310954.433837
1753310954.462401
1753310954.499318
1753310954.531391
1753310954.568107
1753310954.595738
1753310954.638467
1753310954.663557
1753310954.708433
1753310954.729030
1753310954.769892
1753310954.800756
1753310954.839751
1753310954.862218
1753310954.906104
1753310954.929644
1753310954.973228
1753310954.995585
1753310955.037329
1753310955.067672
1753310955.102471
1753310955.130384
1753310955.172781
1753310955.196999
1753310955.239508
1753310955.262445
1753310955.306020
1753310955.333268
1753310955.374238
1753310955.395811
1753310955.439778
1753310955.463674
1753310955.505724
1753310955.529480
1753310955.573967
1753310955.597002
1753310955.638596
1753310955.663039
1753310955.706471
1753310955.730386
1753310955.773339
1753310955.796177
1753310955.839876
1753310955.864377
1753310955.906912
1753310955.929759
1753310955.973541
1753310955.997835
1753310956.035259
1753310956.063759
1753310956.107202
1753310956.132238
1753310956.174071
1753310956.196184
1753310956.239088
1753310956.268109
1753310956.304400
1753310956.329695
1753310956.373494
1753310956.398338
1753310956.440760
1753310956.463100
1753310956.506787
1753310956.534526
1753310956.574769
1753310956.596625
1753310956.640394
1753310956.665593
1753310956.707331
1753310956.729819
1753310956.773028
1753310956.799259
1753310956.841675
1753310956.863242
1753310956.906422
1753310956.931987
1753310956.973226
1753310956.996575
1753310957.035118
1753310957.074013
1753310957.098798
1753310957.132456
1753310957.173422
1753310957.198596
1753310957.240625
1753310957.263318
1753310957.306907
1753310957.332648
1753310957.375492
1753310957.396845
1753310957.440306
1753310957.465675
1753310957.507831
1753310957.530261
1753310957.573411
1753310957.601177
1753310957.640986
1753310957.663689
1753310957.710131
1753310957.733551
1753310957.774218
1753310957.797572
1753310957.841905
1753310957.864107
1753310957.907737
1753310957.930775
1753310957.973407
1753310958.002681
1753310958.035265
1753310958.066319
1753310958.107273
1753310958.136937
1753310958.173983
1753310958.197422
1753310958.240447
1753310958.270698
1753310958.304467
1753310958.333447
1753310958.374625
1753310958.400079
1753310958.440743
1753310958.465643
1753310958.506837
1753310958.537443
1753310958.573291
1753310958.599700
1753310958.641158
1753310958.667667
1753310958.707851
1753310958.731236
1753310958.774291
1753310958.800395
1753310958.841575
1753310958.864509
1753310958.907281
1753310958.935499
1753310958.975142
1753310958.997744
1753310959.037361
1753310959.073442
1753310959.100682
1753310959.141735
1753310959.163691
1753310959.198719
1753310959.234476
1753310959.269721
1753310959.307116
1753310959.331523
1753310959.374607
1753310959.400938
1753310959.441664
1753310959.464846
1753310959.507873
1753310959.534216
1753310959.575224
1753310959.598205
1753310959.641356
1753310959.671789
1753310959.708410
1753310959.731497
1753310959.775636
1753310959.800535
1753310959.841469
1753310959.864872
1753310959.908003
1753310959.936823
1753310959.974980
1753310959.998263
1753310960.038501
1753310960.073272
1753310960.106235
1753310960.131825
1753310960.173527
1753310960.205316
1753310960.240529
1753310960.265087
1753310960.307187
1753310960.337641
1753310960.373933
1753310960.399307
1753310960.441708
1753310960.468484
1753310960.509449
1753310960.531973
1753310960.575063
1753310960.603711
1753310960.641090
1753310960.665890
1753310960.709300
1753310960.736835
1753310960.774886
1753310960.798900
1753310960.841469
1753310960.871756
1753310960.907764
1753310960.932125
1753310960.974444
1753310961.004123
1753310961.037148
1753310961.068934
1753310961.108265
1753310961.137211
1753310961.171785
1753310961.200036
1753310961.240859
1753310961.271617
1753310961.308172
1753310961.332068
1753310961.375258
1753310961.405101
1753310961.441163
1753310961.465754
1753310961.508509
1753310961.536909
1753310961.575339
1753310961.598989
1753310961.642768
1753310961.671664
1753310961.707250
1753310961.732214
1753310961.776716
1753310961.803595
1753310961.841877
1753310961.865845
1753310961.909225
1753310961.937232
1753310961.975076
1753310961.999448
1753310962.038264
1753310962.073802
1753310962.107013
1753310962.134103
1753310962.174504
1753310962.204877
1753310962.241398
1753310962.267843
1753310962.308069
1753310962.338807
1753310962.374836
1753310962.399573
1753310962.441467
1753310962.470725
1753310962.507196
1753310962.533179
1753310962.574796
1753310962.605855
1753310962.641695
1753310962.667064
1753310962.705740
1753310962.740512
1753310962.774670
1753310962.800779
1753310962.841719
1753310962.871573
1753310962.909149
1753310962.933200
1753310962.974990
1753310963.005231
1753310963.037280
1753310963.069797
1753310963.106557
1753310963.141219
1753310963.173036
1753310963.200022
1753310963.240922
1753310963.271386
1753310963.305227
1753310963.333422
1753310963.374583
1753310963.405105
1753310963.440057
1753310963.466761
1753310963.509007
1753310963.536351
1753310963.575336
1753310963.600350
1753310963.641664
1753310963.670682
1753310963.709048
1753310963.733388
1753310963.774753
1753310963.805730
1753310963.841316
1753310963.867139
1753310963.908505
1753310963.939754
1753310963.974774
1753310964.000713
1753310964.038026
1753310964.074488
1753310964.107634
1753310964.135508
1753310964.175783
1753310964.206858
1753310964.241511
1753310964.268092
1753310964.308604
1753310964.339098
1753310964.374705
1753310964.401751
1753310964.442195
1753310964.472250
1753310964.508040
1753310964.538284
1753310964.575055
1753310964.606631
1753310964.641951
1753310964.667945
1753310964.708280
1753310964.737522
1753310964.776711
1753310964.800818
1753310964.842204
1753310964.874334
1753310964.909308
1753310964.934132
1753310964.974903
1753310965.007234
1753310965.038203
1753310965.070412
1753310965.108046
1753310965.141504
1753310965.173549
1753310965.201681
1753310965.242283
1753310965.273656
1753310965.309064
1753310965.333904
1753310965.374548
1753310965.408195
1753310965.442502
1753310965.468500
1753310965.509156
1753310965.539933
1753310965.575273
1753310965.601149
1753310965.642511
1753310965.673305
1753310965.706887
1753310965.736213
1753310965.774457
1753310965.808640
1753310965.840740
1753310965.871993
1753310965.909708
1753310965.940777
1753310965.975667
1753310966.002972
1753310966.036274
1753310966.076158
1753310966.108465
1753310966.135772
1753310966.176370
1753310966.207356
1753310966.242293
1753310966.268336
1753310966.309235
1753310966.341847
1753310966.374214
1753310966.403608
1753310966.442147
1753310966.473400
1753310966.506359
1753310966.539071
1753310966.571707
1753310966.608611
1753310966.642770
1753310966.670788
1753310966.709897
1753310966.741717
1753310966.774612
1753310966.805678
1753310966.841336
1753310966.874831
1753310966.907790
1753310966.937504
1753310966.973936
1753310967.009008
1753310967.037238
1753310967.068730
1753310967.109939
1753310967.139540
1753310967.175253
1753310967.202631
1753310967.241301
1753310967.275938
1753310967.308328
1753310967.335509
1753310967.376556
1753310967.407360
1753310967.442194
1753310967.474191
1753310967.502107
1753310967.544236
1753310967.576760
1753310967.610320
1753310967.641633
1753310967.671680
1753310967.707379
1753310967.742066
1753310967.775197
1753310967.806605
1753310967.844436
1753310967.874802
1753310967.909234
1753310967.939924
1753310967.975946
1753310968.009291
1753310968.038523
1753310968.073269
1753310968.108830
1753310968.141788
1753310968.176677
1753310968.203397
1753310968.241977
1753310968.276705
1753310968.310218
1753310968.336491
1753310968.374811
1753310968.407172
1753310968.441649
1753310968.472674
1753310968.508579
1753310968.543566
1753310968.578097
1753310968.603574
1753310968.643022
1753310968.677661
1753310968.709598
1753310968.740252
1753310968.774902
1753310968.807501
1753310968.842604
1753310968.872764
1753310968.908416
1753310968.941908
1753310968.975079
1753310969.006731
1753310969.039691
1753310969.076268
1753310969.110702
1753310969.136264
1753310969.174190
1753310969.206067
1753310969.238066
1753310969.269711
1753310969.309649
1753310969.342865
1753310969.376986
1753310969.403136
1753310969.443225
1753310969.475133
1753310969.511282
1753310969.536587
1753310969.573167
1753310969.609622
1753310969.643096
1753310969.672418
1753310969.708743
1753310969.742726
1753310969.777388
1753310969.804441
1753310969.845467
1753310969.875279
1753310969.909864
1753310969.940654
1753310969.976176
1753310970.009469
1753310970.039704
1753310970.075698
1753310970.109070
1753310970.143230
1753310970.177426
1753310970.204258
1753310970.244733
1753310970.276579
1753310970.311385
1753310970.338811
1753310970.377934
1753310970.408733
1753310970.443118
1753310970.474108
1753310970.510244
1753310970.544693
1753310970.576029
1753310970.606704
1753310970.642847
1753310970.677897
1753310970.708768
1753310970.738766
1753310970.778899
1753310970.808249
1753310970.842479
1753310970.873002
1753310970.909169
1753310970.943970
1753310970.978324
1753310971.006119
1753310971.039658
1753310971.076462
1753310971.110538
1753310971.138781
1753310971.178788
1753310971.208334
1753310971.245215
1753310971.271362
1753310971.310363
1753310971.344903
1753310971.376019
1753310971.407686
1753310971.442251
1753310971.474582
1753310971.505813
1753310971.539667
1753310971.573424
1753310971.607664
1753310971.645086
1753310971.673493
1753310971.709627
1753310971.741122
1753310971.779790
1753310971.805508
1753310971.842012
1753310971.876959
1753310971.911791
1753310971.940231
1753310971.974807
1753310972.010555
1753310972.041488
1753310972.078428
1753310972.108211
1753310972.144318
1753310972.175722
1753310972.209657
1753310972.243400
1753310972.278376
1753310972.309687
1753310972.341164
1753310972.379676
1753310972.408982
1753310972.442989
1753310972.474991
1753310972.510777
1753310972.542486
1753310972.577946
1753310972.608102
1753310972.642866
1753310972.677289
1753310972.711940
1753310972.739111
1753310972.775918
1753310972.810548
1753310972.845315
1753310972.871519
1753310972.912446
1753310972.942378
1753310972.981477
1753310973.004521
1753310973.041644
1753310973.081869
1753310973.108396
1753310973.141197
1753310973.175311
1753310973.211058
1753310973.241330
1753310973.274641
1753310973.310394
1753310973.346671
1753310973.375386
1753310973.407709
1753310973.443392
1753310973.477957
1753310973.509211
1753310973.541487
1753310973.577240
1753310973.612310
1753310973.644589
1753310973.671082
1753310973.711579
1753310973.742857
1753310973.777655
1753310973.806713
1753310973.843384
1753310973.878801
1753310973.912152
1753310973.939853
1753310973.975948
1753310974.011631
1753310974.039153
1753310974.075594
1753310974.111584
1753310974.147549
1753310974.177074
1753310974.208727
1753310974.246629
1753310974.278987
1753310974.314272
1753310974.341100
1753310974.382324
1753310974.409628
1753310974.444860
1753310974.475245
1753310974.510963
1753310974.542936
1753310974.577367
1753310974.610281
1753310974.645093
1753310974.676524
1753310974.712213
1753310974.741445
1753310974.782619
1753310974.810047
1753310974.846498
1753310974.872555
1753310974.912052
1753310974.945478
1753310974.979272
1753310975.006473
1753310975.042667
1753310975.078688
1753310975.112502
1753310975.139617
1753310975.176749
1753310975.212702
1753310975.245995
1753310975.273944
1753310975.311045
1753310975.346054
1753310975.380964
1753310975.406159
1753310975.445815
1753310975.476159
1753310975.517816
1753310975.539309
1753310975.579437
1753310975.610734
1753310975.646396
1753310975.673207
1753310975.714513
1753310975.744306
1753310975.784984
1753310975.811740
1753310975.839623
1753310975.876878
1753310975.913491
1753310975.949485
1753310975.976323
1753310976.009893
1753310976.043588
1753310976.078195
1753310976.113096
1753310976.142294
1753310976.178797
1753310976.216058
1753310976.242598
1753310976.276809
1753310976.316610
1753310976.343489
1753310976.379977
1753310976.409530
1753310976.446437
1753310976.481754
1753310976.513235
1753310976.543424
1753310976.579470
1753310976.613616
1753310976.649421
1753310976.673960
1753310976.711195
1753310976.748446
1753310976.776659
1753310976.812133
1753310976.845154
1753310976.882698
1753310976.909965
1753310976.943452
1753310976.977206
1753310977.018989
1753310977.039698
1753310977.080673
1753310977.109586
1753310977.146388
1753310977.181658
1753310977.207053
1753310977.246424
1753310977.281944
1753310977.310015
1753310977.343715
1753310977.380005
1753310977.415469
1753310977.443370
1753310977.475693
1753310977.515378
1753310977.544378
1753310977.581211
1753310977.608895
1753310977.649375
1753310977.677305
1753310977.716635
1753310977.740568
1753310977.783638
1753310977.810408
1753310977.848221
1753310977.873779
1753310977.914455
1753310977.944407
1753310977.979364
1753310978.008600
1753310978.045087
1753310978.081341
1753310978.116470
1753310978.140917
1753310978.178681
1753310978.217307
1753310978.243837
1753310978.277994
1753310978.312727
1753310978.350503
1753310978.376796
1753310978.411669
1753310978.444476
1753310978.481663
1753310978.514741
1753310978.542618
1753310978.580093
1753310978.611380
1753310978.650431
1753310978.674469
1753310978.721275
1753310978.742622
1753310978.780810
1753310978.809011
1753310978.851198
1753310978.876355
1753310978.914847
1753310978.941253
1753310978.977075
1753310979.019683
1753310979.040546
1753310979.076865
1753310979.110814
1753310979.151767
1753310979.176696
1753310979.210815
1753310979.247019
1753310979.284519
1753310979.308619
1753310979.341193
1753310979.388076
1753310979.408696
1753310979.447085
1753310979.475264
1753310979.512038
1753310979.551311
1753310979.576682
1753310979.613817
1753310979.644100
1753310979.682519
1753310979.711638
1753310979.743549
1753310979.785022
1753310979.808176
1753310979.854988
1753310979.874993
1753310979.919748
1753310979.943009
1753310979.979103
1753310980.008420
1753310980.045976
1753310980.084483
1753310980.110280
1753310980.142570
1753310980.175585
1753310980.211695
1753310980.243231
1753310980.275341
1753310980.317333
1753310980.343660
1753310980.379978
1753310980.408393
1753310980.450615
1753310980.477299
1753310980.520110
1753310980.541996
1753310980.579656
1753310980.620906
1753310980.643063
1753310980.677609
1753310980.715292
1753310980.746883
1753310980.788528
1753310980.808999
1753310980.847757
1753310980.879652
1753310980.921090
1753310980.942227
1753310980.978728
1753310981.020638
1753310981.041445
1753310981.083529
1753310981.109886
1753310981.148106
1753310981.179481
1753310981.211788
1753310981.249617
1753310981.282960
1753310981.311760
1753310981.344248
1753310981.381771
1753310981.416428
1753310981.446674
1753310981.476008
1753310981.520362
1753310981.543621
1753310981.584012
1753310981.609367
1753310981.656243
1753310981.676249
1753310981.722664
1753310981.742893
1753310981.787870
1753310981.810675
1753310981.853624
1753310981.876161
1753310981.922910
1753310981.943554
1753310981.982166
1753310982.010450
1753310982.046584
1753310982.088415
1753310982.110409
1753310982.149976
1753310982.176530
1753310982.218228
1753310982.245461
1753310982.279723
1753310982.320275
1753310982.343813
1753310982.386193
1753310982.409756
1753310982.454702
1753310982.477387
1753310982.520436
1753310982.543259
1753310982.585966
1753310982.611524
1753310982.655372
1753310982.676493
1753310982.717456
1753310982.744560
1753310982.786483
1753310982.809907
1753310982.852717
1753310982.877567
1753310982.918749
1753310982.943518
1753310982.989798
1753310983.009829
1753310983.045739
1753310983.079416
1753310983.120820
1753310983.144020
1753310983.185823
1753310983.210155
1753310983.253992
1753310983.278209
1753310983.323527
1753310983.343726
1753310983.387409
1753310983.412930
1753310983.453170
1753310983.477203
1753310983.520971
1753310983.544870
1753310983.587129
1753310983.610654
1753310983.652781
1753310983.678950
1753310983.720683
1753310983.743933
1753310983.789854
1753310983.810692
1753310983.854398
1753310983.877281
1753310983.919563
1753310983.945848
1753310983.985234
1753310984.010677
1753310984.047409
1753310984.086564
1753310984.113051
1753310984.153710
1753310984.177499
1753310984.220732
1753310984.245976
1753310984.288854
1753310984.310391
1753310984.354315
1753310984.377595
1753310984.419331
1753310984.446362
1753310984.483507
1753310984.514846
1753310984.551511
1753310984.580497
1753310984.616265
1753310984.650277
1753310984.685939
1753310984.714803
1753310984.749585
1753310984.783910
1753310984.818269
1753310984.848800
1753310984.881779
1753310984.914479
1753310984.956204
1753310984.978089
1753310985.018577
1753310985.043388
1753310985.090300
1753310985.111159
1753310985.147123
1753310985.184282
1753310985.217872
1753310985.246431
1753310985.277558
1753310985.318774
1753310985.344708
1753310985.388022
1753310985.410927
1753310985.450395
1753310985.484725
1753310985.519289
1753310985.544512
1753310985.587506
1753310985.611799
1753310985.655803
1753310985.677818
1753310985.724530
1753310985.744932
1753310985.787079
1753310985.811323
1753310985.851176
1753310985.880498
1753310985.924243
1753310985.944611
1753310985.985164
1753310986.017389
1753310986.049812
1753310986.078520
1753310986.121142
1753310986.145329
1753310986.186558
1753310986.211794
1753310986.255640
1753310986.278840
1753310986.322941
1753310986.345171
1753310986.385565
1753310986.418938
1753310986.453133
1753310986.478690
1753310986.521863
1753310986.545374
1753310986.587398
1753310986.612398
1753310986.657493
1753310986.678955
1753310986.722743
1753310986.745433
1753310986.787826
1753310986.815672
1753310986.857190
1753310986.878502
1753310986.924105
1753310986.945574
1753310986.986535
1753310987.011744
1753310987.049125
1753310987.089096
1753310987.112223
1753310987.147837
1753310987.185580
1753310987.213007
1753310987.255970
1753310987.278601
1753310987.320814
1753310987.347688
1753310987.389963
1753310987.412029
1753310987.455470
1753310987.479600
1753310987.523374
1753310987.545610
1753310987.588826
1753310987.612785
1753310987.658495
1753310987.678988
1753310987.722693
1753310987.748625
1753310987.790085
1753310987.812322
1753310987.858778
1753310987.879626
1753310987.922214
1753310987.945880
1753310987.987101
1753310988.020019
1753310988.051305
1753310988.080050
1753310988.123538
1753310988.147015
1753310988.185089
1753310988.213517
1753310988.256499
1753310988.280346
1753310988.325007
1753310988.346166
1753310988.390040
1753310988.414175
1753310988.458367
1753310988.479573
1753310988.525308
1753310988.547217
1753310988.590362
1753310988.613014
1753310988.656724
1753310988.680293
1753310988.723031
1753310988.746371
1753310988.789687
1753310988.815801
1753310988.857450
1753310988.879523
1753310988.919420
1753310988.955576
1753310988.984775
1753310989.014471
1753310989.051588
1753310989.087723
1753310989.118556
1753310989.147688
1753310989.189684
1753310989.215497
1753310989.257560
1753310989.279821
1753310989.322825
1753310989.351090
1753310989.385266
1753310989.413094
1753310989.457652
1753310989.480842
1753310989.523853
1753310989.546498
1753310989.589739
1753310989.614665
1753310989.657057
1753310989.679834
1753310989.724358
1753310989.747655
1753310989.788665
1753310989.813211
1753310989.856829
1753310989.879454
1753310989.922936
1753310989.946574
1753310989.988499
1753310990.017429
1753310990.052997
1753310990.080554
1753310990.125604
1753310990.148226
1753310990.188695
1753310990.213422
1753310990.257199
1753310990.281971
1753310990.324261
1753310990.346945
1753310990.390299
1753310990.415524
1753310990.458223
1753310990.480329
1753310990.525714
1753310990.548615
1753310990.586644
1753310990.613774
1753310990.657313
1753310990.682445
1753310990.724280
1753310990.747197
1753310990.791295
1753310990.816214
1753310990.858153
1753310990.880406
1753310990.924428
1753310990.952098
1753310990.989556
1753310991.013700
1753310991.052785
1753310991.089593
1753310991.118073
1753310991.147779
1753310991.184280
1753310991.217630
1753310991.250430
1753310991.280879
1753310991.323377
1753310991.350891
1753310991.391387
1753310991.413900
1753310991.458074
1753310991.482491
1753310991.523844
1753310991.547430
1753310991.591156
1753310991.616631
1753310991.658246
1753310991.680680
1753310991.723563
1753310991.751121
1753310991.791837
1753310991.814123
1753310991.857016
1753310991.883297
1753310991.925096
1753310991.947639
1753310991.989358
1753310992.020551
1753310992.052524
1753310992.083571
1753310992.124510
1753310992.153331
1753310992.190559
1753310992.214549
1753310992.257354
1753310992.285742
1753310992.325946
1753310992.347766
1753310992.389911
1753310992.422524
1753310992.455865
1753310992.491793
1753310992.514737
1753310992.557796
1753310992.588122
1753310992.625771
1753310992.650558
1753310992.691552
1753310992.716385
1753310992.759177
1753310992.786681
1753310992.822426
1753310992.851128
1753310992.891848
1753310992.921728
1753310992.951029
1753310992.990539
1753310993.019323
1753310993.053910
1753310993.085133
1753310993.123872
1753310993.153755
1753310993.191612
1753310993.215192
1753310993.256860
1753310993.288610
1753310993.323280
1753310993.348715
1753310993.390879
1753310993.421117
1753310993.456175
1753310993.481978
1753310993.524617
1753310993.552449
1753310993.591860
1753310993.615220
1753310993.657653
1753310993.687855
1753310993.724824
1753310993.748500
1753310993.791998
1753310993.818484
1753310993.858968
1753310993.881841
1753310993.925879
1753310993.952061
1753310993.991613
1753310994.015224
1753310994.053468
1753310994.093063
1753310994.118843
1753310994.152849
1753310994.188739
1753310994.224476
1753310994.255235
1753310994.286136
1753310994.324989
1753310994.355467
1753310994.391507
1753310994.415805
1753310994.458236
1753310994.485361
1753310994.526029
1753310994.549178
1753310994.591646
1753310994.620893
1753310994.658593
1753310994.682717
1753310994.725371
1753310994.754419
1753310994.788276
1753310994.816733
1753310994.858340
1753310994.887892
1753310994.924360
1753310994.949206
1753310994.990837
1753310995.020650
1753310995.054409
1753310995.083453
1753310995.125119
1753310995.153899
1753310995.191177
1753310995.215762
1753310995.260135
1753310995.286874
1753310995.326441
1753310995.349448
1753310995.391984
1753310995.419244
1753310995.459207
1753310995.483015
1753310995.526607
1753310995.554519
1753310995.591685
1753310995.616699
1753310995.659421
1753310995.688971
1753310995.724781
1753310995.751697
1753310995.792066
1753310995.823183
1753310995.858659
1753310995.883274
1753310995.924966
1753310995.954866
1753310995.991826
1753310996.016631
1753310996.054662
1753310996.091710
1753310996.122176
1753310996.151678
1753310996.190462
1753310996.219240
1753310996.252151
1753310996.286973
1753310996.321601
1753310996.360020
1753310996.390083
1753310996.418735
1753310996.458966
1753310996.487853
1753310996.526801
1753310996.550280
1753310996.591931
1753310996.623597
1753310996.658793
1753310996.684281
1753310996.724051
1753310996.758523
1753310996.791416
1753310996.817141
1753310996.858386
1753310996.890425
1753310996.926181
1753310996.950379
1753310996.991816
1753310997.024481
1753310997.054429
1753310997.087944
1753310997.123895
1753310997.158269
1753310997.190678
1753310997.218099
1753310997.258448
1753310997.290580
1753310997.325224
1753310997.350471
1753310997.392174
1753310997.422211
1753310997.459022
1753310997.484498
1753310997.525304
1753310997.556660
1753310997.592115
1753310997.618264
1753310997.656355
1753310997.691505
1753310997.726227
1753310997.749888
1753310997.792575
1753310997.824123
1753310997.858917
1753310997.884211
1753310997.925645
1753310997.958573
1753310997.991511
1753310998.021065
1753310998.057445
1753310998.092391
1753310998.123706
1753310998.153574
1753310998.191741
1753310998.224968
1753310998.259470
1753310998.284320
1753310998.325938
1753310998.357483
1753310998.392044
1753310998.417833
1753310998.459778
1753310998.490231
1753310998.525575
1753310998.552259
1753310998.592829
1753310998.624180
1753310998.659476
1753310998.686369
1753310998.724630
1753310998.758505
1753310998.791149
1753310998.819952
1753310998.857887
1753310998.892030
1753310998.923820
1753310998.953316
1753310998.986025
1753310999.021729
1753310999.058721
1753310999.086358
1753310999.126465
1753310999.157285
1753310999.192498
1753310999.218171
1753310999.258139
1753310999.291845
1753310999.323872
1753310999.353753
1753310999.391947
1753310999.426316
1753310999.454494
1753310999.484999
1753310999.526079
1753310999.557533
1753310999.592313
1753310999.620759
1753310999.658345
1753310999.692619
1753310999.723874
1753310999.754905
1753310999.794026
1753310999.824562
1753310999.859834
1753310999.886186
1753310999.924080
1753310999.957049
1753310999.992369
1753311000.019194
1753311000.058141
1753311000.090623
1753311000.123713
1753311000.156340
1753311000.191826
1753311000.225699
1753311000.259022
1753311000.290747
1753311000.324965
1753311000.360282
1753311000.393253
1753311000.419054
1753311000.458875
1753311000.493648
1753311000.525876
1753311000.553252
1753311000.591759
1753311000.626778
1753311000.659070
1753311000.685692
1753311000.726637
1753311000.759065
1753311000.792078
1753311000.826080
1753311000.852197
1753311000.892900
1753311000.926507
1753311000.959502
1753311000.992758
1753311001.021561
1753311001.059549
1753311001.093168
1753311001.127313
1753311001.153094
1753311001.193712
1753311001.226376
1753311001.260651
1753311001.286346
1753311001.326726
1753311001.359577
1753311001.394170
1753311001.419425
1753311001.460498
1753311001.488447
1753311001.525156
1753311001.552649
1753311001.590337
1753311001.624933
1753311001.660411
1753311001.685577
1753311001.726446
1753311001.757496
1753311001.792362
1753311001.819361
1753311001.858153
1753311001.892414
1753311001.925349
1753311001.956034
1753311001.995084
1753311002.025215
1753311002.058736
1753311002.090329
1753311002.125778
1753311002.159851
1753311002.190187
1753311002.219930
1753311002.257530
1753311002.295604
1753311002.324626
1753311002.357744
1753311002.391918
1753311002.426537
1753311002.460315
1753311002.488032
1753311002.526600
1753311002.560484
1753311002.594136
1753311002.619966
1753311002.659891
1753311002.693444
1753311002.727864
1753311002.753703
1753311002.792199
1753311002.825357
1753311002.862355
1753311002.886920
1753311002.926625
1753311002.960275
1753311002.993964
1753311003.023561
1753311003.060107
1753311003.094734
1753311003.125302
1753311003.156283
1753311003.194648
1753311003.226246
1753311003.257305
1753311003.291184
1753311003.325520
1753311003.360280
1753311003.393888
1753311003.421682
1753311003.458245
1753311003.493459
1753311003.527222
1753311003.555904
1753311003.595244
1753311003.625252
1753311003.660166
1753311003.688442
1753311003.727696
1753311003.760946
1753311003.794661
1753311003.820495
1753311003.860386
1753311003.895055
1753311003.925000
1753311003.957745
1753311003.991879
1753311004.025567
1753311004.057573
1753311004.086137
1753311004.125206
1753311004.156263
1753311004.195492
1753311004.220796
1753311004.261457
1753311004.295476
1753311004.327556
1753311004.355990
1753311004.392078
1753311004.427179
1753311004.460354
1753311004.487773
1753311004.527885
1753311004.556064
1753311004.592290
1753311004.619735
1753311004.655972
1753311004.693654
1753311004.727618
1753311004.755600
1753311004.794739
1753311004.825601
1753311004.860483
1753311004.890678
1753311004.925958
1753311004.959657
1753311004.993511
1753311005.023531
1753311005.060813
1753311005.095585
1753311005.124825
1753311005.157858
1753311005.192720
1753311005.226579
1753311005.259035
1753311005.290249
1753311005.328126
1753311005.358703
1753311005.393686
1753311005.422652
1753311005.460624
1753311005.495071
1753311005.525744
1753311005.557915
1753311005.593184
1753311005.625731
1753311005.656576
1753311005.688641
1753311005.722266
1753311005.755258
1753311005.787239
1753311005.821345
1753311005.854345
1753311005.887918
1753311005.921181
1753311005.954434
1753311005.987745
1753311006.021257
1753311006.054696
1753311006.088206
1753311006.121213
1753311006.154541
1753311006.187786
1753311006.221326
1753311006.254994
1753311006.288280
1753311006.321538
1753311006.354668
1753311006.388054
1753311006.421423
1753311006.454699
1753311006.488208
1753311006.521717
1753311006.558463
1753311006.590979
1753311006.622566
1753311006.659678
1753311006.694546
1753311006.726839
1753311006.758788
1753311006.793574
1753311006.829197
1753311006.860650
1753311006.891538
1753311006.926830
1753311006.962655
1753311006.994586
1753311007.025116
1753311007.059842
1753311007.097390
1753311007.127576
1753311007.158766
1753311007.198425
1753311007.226888
1753311007.262704
1753311007.289591
1753311007.329745
1753311007.360586
1753311007.397567
1753311007.422351
1753311007.460753
1753311007.494279
1753311007.529312
1753311007.556622
1753311007.593916
1753311007.628737
1753311007.663380
1753311007.689570
1753311007.726844
1753311007.762903
1753311007.792831
1753311007.825795
1753311007.861660
1753311007.896980
1753311007.925774
1753311007.958567
1753311007.997505
1753311008.024554
1753311008.059997
1753311008.089325
1753311008.126648
1753311008.158772
1753311008.195258
1753311008.222669
1753311008.259875
1753311008.293054
1753311008.325632
1753311008.356171
1753311008.394400
1753311008.426700
1753311008.461100
1753311008.489533
1753311008.526219
1753311008.560292
1753311008.594813
1753311008.622950
1753311008.660384
1753311008.692650
1753311008.728791
1753311008.756544
1753311008.793289
1753311008.827118
1753311008.858256
1753311008.894710
1753311008.925057
1753311008.960998
1753311008.992443
1753311009.025054
1753311009.062007
1753311009.094840
1753311009.126873
1753311009.164963
1753311009.189891
1753311009.231573
1753311009.260052
1753311009.301230
1753311009.326422
1753311009.359772
1753311009.396819
1753311009.428021
1753311009.460902
1753311009.492593
1753311009.529449
1753311009.557958
1753311009.595468
1753311009.625435
1753311009.667667
1753311009.692976
1753311009.729762
1753311009.759312
1753311009.796054
1753311009.830335
1753311009.862502
1753311009.894618
1753311009.928732
1753311009.962928
1753311009.995346
1753311010.025275
1753311010.061392
1753311010.098238
1753311010.127649
1753311010.162403
1753311010.195994
1753311010.227785
1753311010.264760
1753311010.293023
1753311010.330520
1753311010.362072
1753311010.397476
1753311010.426837
1753311010.463705
1753311010.498607
1753311010.529940
1753311010.558750
1753311010.595456
1753311010.627507
1753311010.664496
1753311010.692404
1753311010.735346
1753311010.759890
1753311010.801500
1753311010.824471
1753311010.869793
1753311010.892936
1753311010.932441
1753311010.959506
1753311010.997079
1753311011.026987
1753311011.061765
1753311011.093640
1753311011.134489
1753311011.160432
1753311011.197330
1753311011.225505
1753311011.268722
1753311011.293246
1753311011.336858
1753311011.357647
1753311011.394863
1753311011.432351
1753311011.460568
1753311011.493641
1753311011.529489
1753311011.565494
1753311011.594062
1753311011.626406
1753311011.662588
1753311011.702144
1753311011.726444
1753311011.759826
1753311011.796935
1753311011.831916
1753311011.862535
1753311011.892808
1753311011.933330
1753311011.960419
1753311012.002093
1753311012.024643
1753311012.063675
1753311012.095608
1753311012.134087
1753311012.157795
1753311012.202636
1753311012.226533
1753311012.264213
1753311012.291665
1753311012.337417
1753311012.359889
1753311012.401188
1753311012.424742
1753311012.464634
1753311012.501156
1753311012.527658
1753311012.560492
1753311012.599998
1753311012.627341
1753311012.669964
1753311012.691703
1753311012.729395
1753311012.767742
1753311012.794589
1753311012.827905
1753311012.867515
1753311012.894161
1753311012.929135
1753311012.963721
1753311012.995634
1753311013.032302
1753311013.061687
1753311013.094241
1753311013.131319
1753311013.166701
1753311013.194881
1753311013.225993
1753311013.261812
1753311013.303952
1753311013.326492
1753311013.362396
1753311013.397356
1753311013.437157
1753311013.460616
1753311013.494913
1753311013.530836
1753311013.565779
1753311013.597317
1753311013.626672
1753311013.663806
1753311013.703677
1753311013.726166
1753311013.768347
1753311013.792394
1753311013.836890
1753311013.859529
1753311013.900471
1753311013.926488
1753311013.968197
1753311013.994523
1753311014.026986
1753311014.062812
1753311014.101755
1753311014.127236
1753311014.160655
1753311014.201895
1753311014.226854
1753311014.265471
1753311014.292630
1753311014.337433
1753311014.360028
1753311014.402753
1753311014.426056
1753311014.465193
1753311014.500949
1753311014.528080
1753311014.561940
1753311014.597336
1753311014.638765
1753311014.659879
1753311014.694280
1753311014.727475
1753311014.763565
1753311014.796819
1753311014.825967
1753311014.862791
1753311014.897730
1753311014.930019
1753311014.959499
1753311014.996864
1753311015.027812
1753311015.062979
1753311015.093525
1753311015.134866
1753311015.161998
1753311015.204343
1753311015.226338
1753311015.264657
1753311015.297273
1753311015.339235
1753311015.359821
1753311015.397721
1753311015.436603
1753311015.460734
1753311015.496450
1753311015.532249
1753311015.569478
1753311015.594956
1753311015.628575
1753311015.665665
1753311015.700033
1753311015.728626
1753311015.762785
1753311015.796171
1753311015.837824
1753311015.861087
1753311015.896045
1753311015.930227
1753311015.971675
1753311015.994316
1753311016.027376
1753311016.064633
1753311016.106662
1753311016.127255
1753311016.165059
1753311016.200211
1753311016.228913
1753311016.270917
1753311016.293498
1753311016.331651
1753311016.370958
1753311016.394587
1753311016.432954
1753311016.461942
1753311016.503377
1753311016.528888
1753311016.560760
1753311016.603984
1753311016.628055
1753311016.670783
1753311016.693895
1753311016.738061
1753311016.761464
1753311016.803957
1753311016.827170
1753311016.867244
1753311016.899772
1753311016.937724
1753311016.960584
1753311017.002939
1753311017.028880
1753311017.069549
1753311017.094088
1753311017.136842
1753311017.162281
1753311017.204636
1753311017.227199
1753311017.273201
1753311017.294286
1753311017.337770
1753311017.360786
1753311017.404342
1753311017.427909
1753311017.469543
1753311017.504819
1753311017.527431
1753311017.572489
1753311017.594596
1753311017.637075
1753311017.662562
1753311017.696732
1753311017.737476
1753311017.762631
1753311017.805353
1753311017.827646
1753311017.871901
1753311017.895094
1753311017.935613
1753311017.960994
1753311018.004661
1753311018.029333
1753311018.068471
1753311018.094169
1753311018.136057
1753311018.164496
1753311018.206208
1753311018.228004
1753311018.271471
1753311018.296812
1753311018.339261
1753311018.361610
1753311018.403720
1753311018.430593
1753311018.473693
1753311018.494773
1753311018.538178
1753311018.563525
1753311018.606127
1753311018.628289
1753311018.670308
1753311018.697277
1753311018.739510
1753311018.761802
1753311018.803286
1753311018.832966
1753311018.873764
1753311018.894990
1753311018.933076
1753311018.972973
1753311018.995355
1753311019.032444
1753311019.065396
1753311019.107448
1753311019.128724
1753311019.169901
1753311019.195119
1753311019.236867
1753311019.268172
1753311019.295345
1753311019.338430
1753311019.362002
1753311019.405381
1753311019.428219
1753311019.474251
1753311019.495092
1753311019.538969
1753311019.561601
1753311019.597846
1753311019.630552
1753311019.672420
1753311019.695135
1753311019.738067
1753311019.762180
1753311019.803685
1753311019.828470
1753311019.869848
1753311019.901820
1753311019.937179
1753311019.961661
1753311020.004740
1753311020.028703
1753311020.070828
1753311020.095239
1753311020.136039
1753311020.171237
1753311020.196998
1753311020.236758
1753311020.262408
1753311020.308556
1753311020.329132
1753311020.371151
1753311020.395921
1753311020.438958
1753311020.461730
1753311020.506902
1753311020.529530
1753311020.572796
1753311020.596294
1753311020.638537
1753311020.662868
1753311020.706622
1753311020.730821
1753311020.773040
1753311020.796860
1753311020.839561
1753311020.864674
1753311020.905302
1753311020.929904
1753311020.972376
1753311021.001570
1753311021.028878
1753311021.072152
1753311021.098851
1753311021.139077
1753311021.163706
1753311021.205956
1753311021.232036
1753311021.274392
1753311021.295943
1753311021.339188
1753311021.364837
1753311021.407476
1753311021.429275
1753311021.471249
1753311021.501497
1753311021.538226
1753311021.563094
1753311021.606196
1753311021.632714
1753311021.669516
1753311021.696084
1753311021.738983
1753311021.766734
1753311021.808153
1753311021.829783
1753311021.873910
1753311021.897379
1753311021.941074
1753311021.962260
1753311022.004916
1753311022.030698
1753311022.074125
1753311022.096238
1753311022.138686
1753311022.165076
1753311022.207512
1753311022.229743
1753311022.270610
1753311022.305091
1753311022.333579
1753311022.366527
1753311022.406605
1753311022.435610
1753311022.474569
1753311022.497122
1753311022.540451
1753311022.568626
1753311022.608592
1753311022.630258
1753311022.674120
1753311022.700279
1753311022.741812
1753311022.763771
1753311022.807508
1753311022.831577
1753311022.874866
1753311022.897017
1753311022.940353
1753311022.968564
1753311023.008455
1753311023.030180
1753311023.073214
1753311023.100025
1753311023.141678
1753311023.163957
1753311023.206211
1753311023.237036
1753311023.273848
1753311023.297205
1753311023.340202
1753311023.366185
1753311023.407813
1753311023.430343
1753311023.475418
1753311023.498939
1753311023.541510
1753311023.563590
1753311023.607536
1753311023.632146
1753311023.674788
1753311023.697203
1753311023.739734
1753311023.767719
1753311023.808690
1753311023.830646
1753311023.874790
1753311023.898948
1753311023.942418
1753311023.962925
1753311024.007112
1753311024.031995
1753311024.073069
1753311024.098820
1753311024.136639
1753311024.170224
1753311024.201541
1753311024.230897
1753311024.269207
1753311024.308572
1753311024.333569
1753311024.365304
1753311024.406559
1753311024.437535
1753311024.473422
1753311024.498199
1753311024.540696
1753311024.570487
1753311024.607433
1753311024.631804
1753311024.674483
1753311024.701129
1753311024.741872
1753311024.764729
1753311024.807843
1753311024.837614
1753311024.873597
1753311024.900603
1753311024.941355
1753311024.969868
1753311025.008936
1753311025.031609
1753311025.073639
1753311025.105666
1753311025.141390
1753311025.164909
1753311025.207910
1753311025.238312
1753311025.271382
1753311025.298757
1753311025.340905
1753311025.369718
1753311025.409302
1753311025.431632
1753311025.474114
1753311025.504880
1753311025.540934
1753311025.565516
1753311025.608257
1753311025.634138
1753311025.675774
1753311025.697239
1753311025.733243
1753311025.765068
1753311025.797883
1753311025.831157
1753311025.864502
1753311025.908113
1753311025.935706
1753311025.975569
1753311026.001628
1753311026.031818
1753311026.074102
1753311026.104177
1753311026.141154
1753311026.164940
1753311026.206945
1753311026.236782
1753311026.274604
1753311026.299424
1753311026.341575
1753311026.368482
1753311026.409403
1753311026.431846
1753311026.474257
1753311026.501173
1753311026.541802
1753311026.564981
1753311026.608054
1753311026.635633
1753311026.676411
1753311026.698699
1753311026.741537
1753311026.770830
1753311026.808711
1753311026.831888
1753311026.874484
1753311026.901763
1753311026.942183
1753311026.965309
1753311027.005987
1753311027.033098
1753311027.074248
1753311027.098710
1753311027.140321
1753311027.169494
1753311027.208830
1753311027.231971
1753311027.276233
1753311027.302115
1753311027.342040
1753311027.365422
1753311027.406111
1753311027.436086
1753311027.476158
1753311027.498762
1753311027.541207
1753311027.568961
1753311027.608632
1753311027.632098
1753311027.670432
1753311027.700969
1753311027.737952
1753311027.765892
1753311027.804791
1753311027.841506
1753311027.871319
1753311027.899597
1753311027.942256
1753311027.970438
1753311028.008052
1753311028.032168
1753311028.075466
1753311028.104102
1753311028.144290
1753311028.165937
1753311028.208205
1753311028.240592
1753311028.273344
1753311028.299629
1753311028.341802
1753311028.370969
1753311028.408909
1753311028.432882
1753311028.476781
1753311028.505574
1753311028.542018
1753311028.566504
1753311028.609411
1753311028.634764
1753311028.676037
1753311028.699633
1753311028.742626
1753311028.772872
1753311028.808839
1753311028.832870
1753311028.875517
1753311028.905111
1753311028.941227
1753311028.966484
1753311029.008854
1753311029.033953
1753311029.075525
1753311029.099648
1753311029.142009
1753311029.170968
1753311029.208743
1753311029.233072
1753311029.273699
1753311029.306860
1753311029.341853
1753311029.366669
1753311029.409590
1753311029.438619
1753311029.475903
1753311029.499917
1753311029.543876
1753311029.570915
1753311029.607303
1753311029.633590
1753311029.669687
1753311029.702170
1753311029.742809
1753311029.766705
1753311029.809991
1753311029.839301
1753311029.875578
1753311029.900050
1753311029.944457
1753311029.970443
1753311030.007850
1753311030.033235
1753311030.075103
1753311030.105720
1753311030.143605
1753311030.167244
1753311030.207840
1753311030.239019
1753311030.276037
1753311030.300458
1753311030.342481
1753311030.373738
1753311030.409617
1753311030.434183
1753311030.476641
1753311030.507225
1753311030.543339
1753311030.567840
1753311030.608881
1753311030.638223
1753311030.678281
1753311030.701358
1753311030.741488
1753311030.776012
1753311030.808214
1753311030.837745
1753311030.874550
1753311030.909031
1753311030.941055
1753311030.973806
1753311031.007458
1753311031.038485
1753311031.076353
1753311031.104859
1753311031.142524
1753311031.174690
1753311031.208742
1753311031.236763
1753311031.274927
1753311031.308878
1753311031.340114
1753311031.372153
1753311031.407559
1753311031.442243
1753311031.475357
1753311031.501396
1753311031.539217
1753311031.572520
1753311031.605175
1753311031.639303
1753311031.675254
1753311031.708075
1753311031.742654
1753311031.768907
1753311031.809792
1753311031.841430
1753311031.875694
1753311031.902666
1753311031.942697
1753311031.974226
1753311032.008691
1753311032.034473
1753311032.072838
1753311032.106003
1753311032.142752
1753311032.171464
1753311032.210243
1753311032.241095
1753311032.276496
1753311032.304452
1753311032.342699
1753311032.374837
1753311032.409859
1753311032.436271
1753311032.476812
1753311032.508175
1753311032.543149
1753311032.571906
1753311032.608689
1753311032.642571
1753311032.677541
1753311032.703685
1753311032.741482
1753311032.776272
1753311032.808772
1753311032.838422
1753311032.874892
1753311032.908889
1753311032.943895
1753311032.971617
1753311033.008732
1753311033.039424
1753311033.076176
1753311033.104819
1753311033.141917
1753311033.176536
1753311033.207677
1753311033.237900
1753311033.274672
1753311033.309337
1753311033.341508
1753311033.369808
1753311033.410795
1753311033.441148
1753311033.476174
1753311033.502309
1753311033.543200
1753311033.574145
1753311033.610017
1753311033.635597
1753311033.676229
1753311033.709146
1753311033.741910
1753311033.769586
1753311033.810245
1753311033.841168
1753311033.875532
1753311033.902662
1753311033.943365
1753311033.974542
1753311034.009021
1753311034.035207
1753311034.075348
1753311034.109983
1753311034.142201
1753311034.177697
1753311034.202468
1753311034.243236
1753311034.274965
1753311034.309480
1753311034.343279
1753311034.370469
1753311034.408635
1753311034.443401
1753311034.476039
1753311034.506835
1753311034.542012
1753311034.576696
1753311034.609789
1753311034.639106
1753311034.678022
1753311034.710671
1753311034.744154
1753311034.770936
1753311034.810836
1753311034.844009
1753311034.877024
1753311034.904404
1753311034.943193
1753311034.978028
1753311035.010861
1753311035.036200
1753311035.076903
1753311035.110010
1753311035.143614
1753311035.169866
1753311035.206461
1753311035.238532
1753311035.272350
1753311035.307666
1753311035.341132
1753311035.376392
1753311035.409678
1753311035.437267
1753311035.477045
1753311035.510124
1753311035.543652
1753311035.571165
1753311035.610354
1753311035.642971
1753311035.676204
1753311035.703438
1753311035.743846
1753311035.778118
1753311035.810721
1753311035.836708
1753311035.875631
1753311035.911722
1753311035.942228
1753311035.973869
1753311036.009544
1753311036.037659
1753311036.074785
1753311036.103550
1753311036.143771
1753311036.177548
1753311036.211650
1753311036.236853
1753311036.277105
1753311036.310848
1753311036.344991
1753311036.372338
1753311036.411890
1753311036.441926
1753311036.476974
1753311036.507943
1753311036.542135
1753311036.576820
1753311036.610751
1753311036.639894
1753311036.679342
1753311036.708953
1753311036.741657
1753311036.774875
1753311036.807737
1753311036.843822
1753311036.877660
1753311036.907561
1753311036.943382
1753311036.978465
1753311037.009684
1753311037.038268
1753311037.079817
1753311037.108734
1753311037.144362
1753311037.174122
1753311037.210656
1753311037.244384
1753311037.276922
1753311037.307106
1753311037.343190
1753311037.377516
1753311037.412117
1753311037.437484
1753311037.476778
1753311037.509191
1753311037.542662
1753311037.570917
1753311037.610806
1753311037.644858
1753311037.677827
1753311037.704239
1753311037.744520
1753311037.776048
1753311037.810538
1753311037.837636
1753311037.878301
1753311037.910744
1753311037.942859
1753311037.972529
1753311038.012101
1753311038.037460
1753311038.077861
1753311038.104975
1753311038.145245
1753311038.178599
1753311038.209304
1753311038.241374
1753311038.277239
1753311038.312122
1753311038.343720
1753311038.374606
1753311038.413004
1753311038.442348
1753311038.479653
1753311038.505454
1753311038.544665
1753311038.579348
1753311038.608299
1753311038.641951
1753311038.677184
1753311038.712116
1753311038.745870
1753311038.771601
1753311038.812013
1753311038.846516
1753311038.879426
1753311038.905629
1753311038.945401
1753311038.976720
1753311039.010703
1753311039.037507
1753311039.078398
1753311039.113562
1753311039.144621
1753311039.171325
1753311039.211890
1753311039.245462
1753311039.276466
1753311039.308498
1753311039.342318
1753311039.378529
1753311039.412372
1753311039.439564
1753311039.479094
1753311039.509818
1753311039.544062
1753311039.572125
1753311039.611565
1753311039.645322
1753311039.677585
1753311039.708322
1753311039.743797
1753311039.773244
1753311039.813257
1753311039.839043
1753311039.879598
1753311039.911633
1753311039.946263
1753311039.972554
1753311040.013440
1753311040.039119
1753311040.079523
1753311040.107166
1753311040.147763
1753311040.176834
1753311040.212123
1753311040.242180
1753311040.281846
1753311040.311170
1753311040.344207
1753311040.375910
1753311040.412502
1753311040.443652
1753311040.478507
1753311040.508734
1753311040.543811
1753311040.578783
1753311040.613558
1753311040.641838
1753311040.679379
1753311040.714222
1753311040.742887
1753311040.776037
1753311040.810697
1753311040.844998
1753311040.880132
1753311040.905923
1753311040.946587
1753311040.976261
1753311041.012762
1753311041.038416
1753311041.078663
1753311041.110506
1753311041.145144
1753311041.175139
1753311041.215143
1753311041.243801
1753311041.279116
1753311041.308971
1753311041.345571
1753311041.376991
1753311041.415348
1753311041.439444
1753311041.479585
1753311041.510432
1753311041.548309
1753311041.572981
1753311041.611874
1753311041.645992
1753311041.681122
1753311041.707427
1753311041.747975
1753311041.776351
1753311041.812541
1753311041.842682
1753311041.883408
1753311041.909352
1753311041.946582
1753311041.974572
1753311042.013062
1753311042.043306
1753311042.079761
1753311042.108389
1753311042.147941
1753311042.177069
1753311042.211294
1753311042.242670
1753311042.279704
1753311042.314331
1753311042.347329
1753311042.375682
1753311042.412929
1753311042.446703
1753311042.481655
1753311042.518112
1753311042.540032
1753311042.577730
1753311042.617542
1753311042.643112
1753311042.683312
1753311042.706855
1753311042.744137
1753311042.780772
1753311042.813134
1753311042.843208
1753311042.884315
1753311042.909994
1753311042.950317
1753311042.973673
1753311043.011214
1753311043.045207
1753311043.077883
1753311043.109423
1753311043.148294
1753311043.177167
1753311043.213795
1753311043.242151
1753311043.278052
1753311043.315052
1753311043.345389
1753311043.379920
1753311043.410710
1753311043.446804
1753311043.482465
1753311043.509386
1753311043.548531
1753311043.583738
1753311043.611132
1753311043.642900
1753311043.679805
1753311043.714193
1753311043.749426
1753311043.773814
1753311043.820405
1753311043.842708
1753311043.880335
1753311043.907604
1753311043.950155
1753311043.976549
1753311044.017582
1753311044.039835
1753311044.080881
1753311044.112220
1753311044.149188
1753311044.174954
1753311044.212805
1753311044.252635
1753311044.277060
1753311044.311693
1753311044.347573
1753311044.383824
1753311044.411239
1753311044.443379
1753311044.480346
1753311044.515527
1753311044.546117
1753311044.577099
1753311044.618020
1753311044.643969
1753311044.678441
1753311044.709944
1753311044.750397
1753311044.778033
1753311044.815139
1753311044.841812
1753311044.884200
1753311044.911213
1753311044.948256
1753311044.976901
1753311045.018264
1753311045.041609
1753311045.083526
1753311045.109588
1753311045.150779
1753311045.177710
1753311045.217952
1753311045.241399
1753311045.287624
1753311045.310307
1753311045.348332
1753311045.375007
1753311045.419205
1753311045.443355
1753311045.480168
1753311045.508682
1753311045.552462
1753311045.577060
1753311045.614505
1753311045.642119
1753311045.679394
1753311045.716480
1753311045.746039
1753311045.776841
1753311045.818478
1753311045.844561
1753311045.883324
1753311045.909235
1753311045.946264
1753311045.986433
1753311046.010703
1753311046.044992
1753311046.086949
1753311046.110652
1753311046.152825
1753311046.175669
1753311046.209465
1753311046.244669
1753311046.280045
1753311046.310217
1753311046.352276
1753311046.377455
1753311046.416770
1753311046.442398
1753311046.480221
1753311046.520949
1753311046.544085
1753311046.577127
1753311046.618944
1753311046.644252
1753311046.682915
1753311046.709560
1753311046.746703
1753311046.779438
1753311046.819478
1753311046.842580
1753311046.880621
1753311046.918722
1753311046.944812
1753311046.979458
1753311047.013757
1753311047.047131
1753311047.088024
1753311047.109272
1753311047.154132
1753311047.177691
1753311047.220785
1753311047.242578
1753311047.288641
1753311047.310239
1753311047.353384
1753311047.375925
1753311047.415598
1753311047.447406
1753311047.486735
1753311047.509532
1753311047.551982
1753311047.577545
1753311047.620975
1753311047.642614
1753311047.680307
1753311047.720840
1753311047.744201
1753311047.779022
1753311047.818681
1753311047.845264
1753311047.885572
1753311047.909936
1753311047.950605
1753311047.978342
1753311048.017742
1753311048.041964
1753311048.089671
1753311048.110418
1753311048.149410
1753311048.176801
1753311048.216885
1753311048.245300
1753311048.288250
1753311048.309752
1753311048.355118
1753311048.377560
1753311048.415809
1753311048.443318
1753311048.480876
1753311048.522988
1753311048.544215
1753311048.579767
1753311048.620468
1753311048.644792
1753311048.685859
1753311048.710192
1753311048.756638
1753311048.777233
1753311048.821718
1753311048.843608
1753311048.887052
1753311048.911177
1753311048.953002
1753311048.977391
1753311049.022176
1753311049.042636
1753311049.090641
1753311049.110478
1753311049.156002
1753311049.177913
1753311049.220529
1753311049.243982
1753311049.283554
1753311049.315023
1753311049.354603
1753311049.376932
1753311049.419787
1753311049.444637
1753311049.484401
1753311049.510456
1753311049.555455
1753311049.577916
1753311049.620446
1753311049.643842
1753311049.687998
1753311049.711138
1753311049.755000
1753311049.777039
1753311049.811132
1753311049.845773
1753311049.879447
1753311049.912954
1753311049.948444
1753311049.989763
1753311050.011224
1753311050.044538
1753311050.087009
1753311050.111373
1753311050.154549
1753311050.177514
1753311050.220012
1753311050.245619
1753311050.288486
1753311050.310556
1753311050.355217
1753311050.378253
1753311050.418984
1753311050.443908
1753311050.489254
1753311050.511491
1753311050.554572
1753311050.577347
1753311050.623165
1753311050.644689
1753311050.688318
1753311050.711041
1753311050.754660
1753311050.778450
1753311050.819831
1753311050.856729
1753311050.877969
1753311050.920086
1753311050.947332
1753311050.990121
1753311051.010981
1753311051.048681
1753311051.085270
1753311051.117490
1753311051.150684
1753311051.178624
1753311051.221550
1753311051.245460
1753311051.288220
1753311051.311545
1753311051.355720
1753311051.378634
1753311051.421526
1753311051.444529
1753311051.491090
1753311051.511600
1753311051.555889
1753311051.578061
1753311051.616884
1753311051.647138
1753311051.689784
1753311051.711578
1753311051.754572
1753311051.778594
1753311051.821577
1753311051.844895
1753311051.888323
1753311051.911961
1753311051.958168
1753311051.978290
1753311052.024286
1753311052.044007
1753311052.091563
1753311052.111909
1753311052.154918
1753311052.181740
1753311052.223803
1753311052.245040
1753311052.292131
1753311052.311993
1753311052.352350
1753311052.378727
1753311052.422045
1753311052.447044
1753311052.489503
1753311052.511771
1753311052.555632
1753311052.578584
1753311052.622381
1753311052.645254
1753311052.688341
1753311052.713805
1753311052.756369
1753311052.778647
1753311052.822621
1753311052.845723
1753311052.888740
1753311052.912141
1753311052.955217
1753311052.982323
1753311053.024474
1753311053.044649
1753311053.087871
1753311053.114780
1753311053.157521
1753311053.179430
1753311053.221864
1753311053.247068
1753311053.289472
1753311053.312718
1753311053.356172
1753311053.379524
1753311053.422504
1753311053.444682
1753311053.488015
1753311053.515299
1753311053.557868
1753311053.578985
1753311053.622234
1753311053.646670
1753311053.688111
1753311053.712351
1753311053.752529
1753311053.787291
1753311053.817232
1753311053.846031
1753311053.889159
1753311053.912780
1753311053.958634
1753311053.979197
1753311054.022503
1753311054.045788
1753311054.089362
1753311054.112671
1753311054.156869
1753311054.179466
1753311054.222060
1753311054.246210
1753311054.291484
1753311054.313045
1753311054.359081
1753311054.379025
1753311054.421635
1753311054.449455
1753311054.489873
1753311054.513083
1753311054.557098
1753311054.579497
1753311054.625364
1753311054.646251
1753311054.688306
1753311054.715426
1753311054.757584
1753311054.779581
1753311054.822241
1753311054.847476
1753311054.889161
1753311054.913134
1753311054.956657
1753311054.982855
1753311055.024425
1753311055.045579
1753311055.087802
1753311055.119156
1753311055.155342
1753311055.180517
1753311055.225680
1753311055.247091
1753311055.289437
1753311055.314273
1753311055.356746
1753311055.383063
1753311055.424663
1753311055.446490
1753311055.489811
1753311055.518169
1753311055.559241
1753311055.580658
1753311055.624328
1753311055.647966
1753311055.690271
1753311055.714788
1753311055.757379
1753311055.784241
1753311055.825812
1753311055.846997
1753311055.884911
1753311055.925406
1753311055.947532
1753311055.989698
1753311056.014830
1753311056.051644
1753311056.092402
1753311056.113855
1753311056.157361
1753311056.185122
1753311056.225739
1753311056.247081
1753311056.283680
1753311056.316281
1753311056.351846
1753311056.380505
1753311056.426758
1753311056.446613
1753311056.493205
1753311056.513822
1753311056.557730
1753311056.581899
1753311056.625321
1753311056.647418
1753311056.691347
1753311056.716190
1753311056.757875
1753311056.781458
1753311056.824708
1753311056.849978
1753311056.892755
1753311056.914450
1753311056.960196
1753311056.982029
1753311057.024639
1753311057.046962
1753311057.092668
1753311057.116059
1753311057.155090
1753311057.181203
1753311057.217065
1753311057.253042
1753311057.291634
1753311057.315766
1753311057.358307
1753311057.383996
1753311057.424621
1753311057.446950
1753311057.493656
1753311057.516621
1753311057.558673
1753311057.581062
1753311057.624369
1753311057.649817
1753311057.691903
1753311057.714352
1753311057.757727
1753311057.784788
1753311057.826180
1753311057.847875
1753311057.891944
1753311057.915745
1753311057.956812
1753311057.981896
1753311058.019621
1753311058.051039
1753311058.092669
1753311058.114920
1753311058.159561
1753311058.183096
1753311058.224987
1753311058.248186
1753311058.291959
1753311058.316993
1753311058.358759
1753311058.381308
1753311058.422138
1753311058.452040
1753311058.492603
1753311058.514735
1753311058.560384
1753311058.583676
1753311058.625372
1753311058.647999
1753311058.691379
1753311058.717234
1753311058.759220
1753311058.781444
1753311058.825085
1753311058.850624
1753311058.891973
1753311058.915135
1753311058.958440
1753311058.984049
1753311059.025338
1753311059.047572
1753311059.091583
1753311059.120749
1753311059.158180
1753311059.192913
1753311059.215288
1753311059.258661
1753311059.287187
1753311059.324391
1753311059.355432
1753311059.385448
1753311059.425516
1753311059.448602
1753311059.493343
1753311059.515467
1753311059.558561
1753311059.587322
1753311059.625162
1753311059.650059
1753311059.691403
1753311059.721594
1753311059.758495
1753311059.782429
1753311059.825745
1753311059.851563
1753311059.888913
1753311059.915665
1753311059.957377
1753311059.990473
1753311060.019799
1753311060.048920
1753311060.091179
1753311060.118472
1753311060.159925
1753311060.182312
1753311060.225361
1753311060.252055
1753311060.293417
1753311060.315698
1753311060.358279
1753311060.388156
1753311060.423103
1753311060.448982
1753311060.494634
1753311060.519751
1753311060.559621
1753311060.582564
1753311060.625474
1753311060.652381
1753311060.692647
1753311060.715809
1753311060.759149
1753311060.786159
1753311060.826220
1753311060.849277
1753311060.892258
1753311060.917326
1753311060.959294
1753311060.983040
1753311061.024370
1753311061.053210
1753311061.092842
1753311061.116763
1753311061.159197
1753311061.187518
1753311061.227422
1753311061.249729
1753311061.292526
1753311061.322756
1753311061.359102
1753311061.386820
1753311061.426062
1753311061.451458
1753311061.488625
1753311061.516566
1753311061.554643
1753311061.586245
1753311061.625973
1753311061.649840
1753311061.692161
1753311061.721596
1753311061.759637
1753311061.783331
1753311061.826321
1753311061.854618
1753311061.892171
1753311061.916506
1753311061.960903
1753311061.987446
1753311062.025413
1753311062.050161
1753311062.092192
1753311062.121923
1753311062.157950
1753311062.183473
1753311062.222764
1753311062.259268
1753311062.289937
1753311062.317073
1753311062.358838
1753311062.389499
1753311062.425955
1753311062.450039
1753311062.492470
1753311062.521752
1753311062.559105
1753311062.583246
1753311062.623758
1753311062.658544
1753311062.691350
1753311062.716589
1753311062.760874
1753311062.786952
1753311062.826838
1753311062.850340
1753311062.892864
1753311062.922990
1753311062.959434
1753311062.983911
1753311063.026604
1753311063.052272
1753311063.093086
1753311063.117305
1753311063.161063
1753311063.189282
1753311063.225865
1753311063.253813
1753311063.291455
1753311063.326289
1753311063.357260
1753311063.384363
1753311063.426098
1753311063.453278
1753311063.492829
1753311063.517286
1753311063.559777
1753311063.588941
1753311063.626032
1753311063.650654
1753311063.693547
1753311063.722209
1753311063.759282
1753311063.784002
1753311063.827319
1753311063.855241
1753311063.893342
1753311063.917297
1753311063.960447
1753311063.988084
1753311064.024951
1753311064.050924
1753311064.092586
1753311064.123465
1753311064.159289
1753311064.184291
1753311064.226119
1753311064.257573
1753311064.292793
1753311064.318168
1753311064.358330
1753311064.392550
1753311064.426048
1753311064.451268
1753311064.492851
1753311064.524862
1753311064.560090
1753311064.584639
1753311064.625959
1753311064.658534
1753311064.693067
1753311064.718045
1753311064.759611
1753311064.789398
1753311064.820019
1753311064.851185
1753311064.887377
1753311064.926361
1753311064.956777
1753311064.987443
1753311065.025354
1753311065.058900
1753311065.092971
1753311065.118668
1753311065.160072
1753311065.188705
1753311065.227865
1753311065.252015
1753311065.291493
1753311065.321977
1753311065.354089
1753311065.389228
1753311065.426399
1753311065.458140
1753311065.492316
1753311065.519305
1753311065.560535
1753311065.590202
1753311065.627505
1753311065.651961
1753311065.693222
1753311065.723982
1753311065.759291
1753311065.785935
1753311065.826823
1753311065.858024
1753311065.892905
1753311065.918518
1753311065.959290
1753311065.992645
1753311066.025718
1753311066.052354
1753311066.092596
1753311066.125430
1753311066.160123
1753311066.185385
1753311066.226825
1753311066.258053
1753311066.292837
1753311066.319996
1753311066.360613
1753311066.389899
1753311066.424265
1753311066.454594
1753311066.492710
1753311066.526825
1753311066.559467
1753311066.589153
1753311066.625207
1753311066.659367
1753311066.692440
1753311066.723888
1753311066.758787
1753311066.792397
1753311066.826066
1753311066.856508
1753311066.892600
1753311066.926695
1753311066.958778
1753311066.988227
1753311067.026738
1753311067.055311
1753311067.095954
1753311067.119492
1753311067.158857
1753311067.189237
1753311067.223803
1753311067.252783
1753311067.293785
1753311067.325979
1753311067.360688
1753311067.390832
1753311067.419588
1753311067.460790
1753311067.492151
1753311067.527187
1753311067.552676
1753311067.593292
1753311067.626287
1753311067.658448
1753311067.692964
1753311067.719402
1753311067.757992
1753311067.793201
1753311067.825268
1753311067.852690
1753311067.891672
1753311067.925931
1753311067.959082
1753311067.985973
1753311068.025612
1753311068.057166
1753311068.092809
1753311068.119456
1753311068.159989
1753311068.192414
1753311068.227153
1753311068.252726
1753311068.293210
1753311068.321936
1753311068.358949
1753311068.386572
1753311068.423967
1753311068.459024
1753311068.490866
1753311068.520073
1753311068.557327
1753311068.590276
1753311068.625551
1753311068.653398
1753311068.691162
1753311068.724207
1753311068.756979
1753311068.786598
1753311068.824688
1753311068.856477
1753311068.891871
1753311068.918928
1753311068.958208
1753311068.988314
1753311069.022913
1753311069.052201
1753311069.089251
1753311069.127570
1753311069.158544
1753311069.188317
1753311069.227944
1753311069.258334
1753311069.293545
1753311069.320338
1753311069.358632
1753311069.393602
1753311069.427145
1753311069.453472
1753311069.491861
1753311069.527783
1753311069.558709
1753311069.586620
1753311069.626951
1753311069.658489
1753311069.693505
1753311069.720125
1753311069.760735
1753311069.792062
1753311069.827014
1753311069.853625
1753311069.892672
1753311069.925225
1753311069.956326
1753311069.987256
1753311070.022444
1753311070.058714
1753311070.093334
1753311070.120331
1753311070.158415
1753311070.191541
1753311070.226487
1753311070.253712
1753311070.291766
1753311070.326133
1753311070.358921
1753311070.387191
1753311070.426868
1753311070.459454
1753311070.490165
1753311070.520578
1753311070.560021
1753311070.592581
1753311070.627089
1753311070.653963
1753311070.693914
1753311070.721130
1753311070.758289
1753311070.787478
1753311070.821037
1753311070.860223
1753311070.893139
1753311070.920883
1753311070.958293
1753311070.991937
1753311071.026099
1753311071.054206
1753311071.091958
1753311071.126982
1753311071.158470
1753311071.187553
1753311071.225650
1753311071.261271
1753311071.292276
1753311071.320963
1753311071.360536
1753311071.392989
1753311071.427152
1753311071.454299
1753311071.491945
1753311071.526731
1753311071.558825
1753311071.587743
1753311071.625270
1753311071.657829
1753311071.692527
1753311071.720983
1753311071.757737
1753311071.792417
1753311071.825800
1753311071.854417
1753311071.891977
1753311071.926106
1753311071.959914
1753311071.988088
1753311072.026980
1753311072.056664
1753311072.092662
1753311072.121206
1753311072.160872
1753311072.192583
1753311072.227355
1753311072.254654
1753311072.293958
1753311072.327710
1753311072.359124
1753311072.388183
1753311072.427487
1753311072.460729
1753311072.494093
1753311072.521619
1753311072.559884
1753311072.593981
1753311072.627932
1753311072.654967
1753311072.694892
1753311072.727305
1753311072.759552
1753311072.788281
1753311072.827320
1753311072.862315
1753311072.892296
1753311072.921664
1753311072.959903
1753311072.994672
1753311073.026582
1753311073.055333
1753311073.094558
1753311073.127298
1753311073.161488
1753311073.188462
1753311073.226683
1753311073.260949
1753311073.293726
1753311073.321998
1753311073.362669
1753311073.392435
1753311073.427493
1753311073.455474
1753311073.495902
1753311073.526082
1753311073.561541
1753311073.588659
1753311073.629844
1753311073.659523
1753311073.694763
1753311073.722045
1753311073.762727
1753311073.793489
1753311073.829236
1753311073.855677
1753311073.896955
1753311073.926101
1753311073.965814
1753311073.989126
1753311074.028070
1753311074.060317
1753311074.095068
1753311074.122368
1753311074.162710
1753311074.193008
1753311074.228485
1753311074.257752
1753311074.297763
1753311074.327014
1753311074.363398
1753311074.392058
1753311074.429882
1753311074.461315
1753311074.495447
1753311074.522662
1753311074.563751
1753311074.592176
1753311074.632922
1753311074.656129
1753311074.693356
1753311074.729080
1753311074.759330
1753311074.789504
1753311074.828812
1753311074.862923
1753311074.892278
1753311074.923003
1753311074.959108
1753311074.997552
1753311075.025435
1753311075.056213
1753311075.091169
1753311075.131464
1753311075.157888
1753311075.189590
1753311075.227436
1753311075.260022
1753311075.297249
1753311075.322914
1753311075.359885
1753311075.394798
1753311075.424066
1753311075.455200
