1753312626.700403
1753312626.800268
1753312626.833311
1753312626.866874
1753312626.900360
1753312626.933377
1753312626.966754
1753312626.999595
1753312627.033801
1753312627.075689
1753312627.108275
1753312627.146667
1753312627.177819
1753312627.212085
1753312627.243866
1753312627.279066
1753312627.307299
1753312627.345880
1753312627.374032
1753312627.412739
1753312627.440936
1753312627.478231
1753312627.511507
1753312627.541523
1753312627.579921
1753312627.609194
1753312627.646320
1753312627.676601
1753312627.710595
1753312627.744894
1753312627.782128
1753312627.814831
1753312627.847936
1753312627.881451
1753312627.915010
1753312627.948657
1753312627.981049
1753312628.014814
1753312628.047405
1753312628.080882
1753312628.114151
1753312628.145315
1753312628.169112
1753312628.201130
1753312628.235525
1753312628.277526
1753312628.301423
1753312628.335420
1753312628.367271
1753312628.410574
1753312628.434573
1753312628.475214
1753312628.500615
1753312628.540003
1753312628.568207
1753312628.610030
1753312628.634079
1753312628.674927
1753312628.701386
1753312628.744841
1753312628.767610
1753312628.807102
1753312628.839737
1753312628.875161
1753312628.901019
1753312628.943244
1753312628.968606
1753312629.009860
1753312629.034374
1753312629.069564
1753312629.112531
1753312629.135212
1753312629.167714
1753312629.208555
1753312629.235178
1753312629.278806
1753312629.301142
1753312629.342483
1753312629.368759
1753312629.413722
1753312629.434619
1753312629.476148
1753312629.502648
1753312629.545170
1753312629.568015
1753312629.608563
1753312629.640844
1753312629.675711
1753312629.701530
1753312629.743894
1753312629.769715
1753312629.812260
1753312629.834769
1753312629.875946
1753312629.903204
1753312629.942005
1753312629.968019
1753312630.008175
1753312630.038022
1753312630.078957
1753312630.101722
1753312630.142706
1753312630.170908
1753312630.213403
1753312630.235124
1753312630.278061
1753312630.302159
1753312630.347361
1753312630.368526
1753312630.410916
1753312630.436065
1753312630.478350
1753312630.501720
1753312630.540603
1753312630.574708
1753312630.609450
1753312630.635259
1753312630.678658
1753312630.703638
1753312630.746446
1753312630.768715
1753312630.811353
1753312630.836634
1753312630.879622
1753312630.902121
1753312630.938340
1753312630.973554
1753312631.006188
1753312631.035563
1753312631.076783
1753312631.105961
1753312631.147018
1753312631.168892
1753312631.212227
1753312631.237278
1753312631.279925
1753312631.302173
1753312631.343664
1753312631.371885
1753312631.413584
1753312631.435546
1753312631.477145
1753312631.506167
1753312631.547143
1753312631.569010
1753312631.611732
1753312631.639470
1753312631.680560
1753312631.702462
1753312631.746429
1753312631.770689
1753312631.813686
1753312631.836477
1753312631.880251
1753312631.906794
1753312631.948206
1753312631.969855
1753312632.014721
1753312632.038162
1753312632.078645
1753312632.102805
1753312632.147242
1753312632.168517
1753312632.206463
1753312632.236194
1753312632.280791
1753312632.304776
1753312632.346333
1753312632.369281
1753312632.413232
1753312632.438561
1753312632.479011
1753312632.502709
1753312632.539496
1753312632.571237
1753312632.611866
1753312632.636668
1753312632.675458
1753312632.713014
1753312632.741046
1753312632.771718
1753312632.811003
1753312632.841068
1753312632.880311
1753312632.903330
1753312632.945854
1753312632.974958
1753312633.014468
1753312633.036475
1753312633.077820
1753312633.110331
1753312633.144076
1753312633.170349
1753312633.212878
1753312633.236536
1753312633.281841
1753312633.303730
1753312633.348355
1753312633.372785
1753312633.413991
1753312633.437119
1753312633.477823
1753312633.512986
1753312633.543297
1753312633.570766
1753312633.612727
1753312633.641848
1753312633.679731
1753312633.703775
1753312633.747537
1753312633.773300
1753312633.814472
1753312633.836815
1753312633.879697
1753312633.908677
1753312633.946745
1753312633.970859
1753312634.014106
1753312634.039046
1753312634.076142
1753312634.106972
1753312634.146954
1753312634.173726
1753312634.215516
1753312634.237172
1753312634.280322
1753312634.306446
1753312634.348053
1753312634.370562
1753312634.413164
1753312634.439863
1753312634.480877
1753312634.503809
1753312634.547484
1753312634.572510
1753312634.613183
1753312634.637305
1753312634.680366
1753312634.704762
1753312634.747033
1753312634.770790
1753312634.811252
1753312634.845436
1753312634.879675
1753312634.904117
1753312634.947078
1753312634.974914
1753312635.012323
1753312635.038184
1753312635.079803
1753312635.110927
1753312635.147116
1753312635.172019
1753312635.213959
1753312635.244287
1753312635.280005
1753312635.307336
1753312635.347379
1753312635.375831
1753312635.413680
1753312635.438370
1753312635.480182
1753312635.510920
1753312635.546640
1753312635.573057
1753312635.613483
1753312635.644149
1753312635.680402
1753312635.705724
1753312635.747173
1753312635.777918
1753312635.813482
1753312635.839132
1753312635.880993
1753312635.910824
1753312635.943658
1753312635.975612
1753312636.012400
1753312636.042279
1753312636.077910
1753312636.109707
1753312636.146207
1753312636.178373
1753312636.213769
1753312636.240203
1753312636.281473
1753312636.311470
1753312636.347548
1753312636.372900
1753312636.414972
1753312636.444550
1753312636.479573
1753312636.510119
1753312636.546068
1753312636.580730
1753312636.611150
1753312636.638674
1753312636.682711
1753312636.711875
1753312636.747970
1753312636.778800
1753312636.809782
1753312636.841477
1753312636.882813
1753312636.909551
1753312636.945144
1753312636.977303
1753312637.011870
1753312637.044903
1753312637.075551
1753312637.114347
1753312637.144820
1753312637.180701
1753312637.205686
1753312637.247671
1753312637.278387
1753312637.313811
1753312637.340788
1753312637.380404
1753312637.413942
1753312637.447417
1753312637.473830
1753312637.514846
1753312637.545077
1753312637.580968
1753312637.607735
1753312637.648244
1753312637.679283
1753312637.714869
1753312637.742110
1753312637.782002
1753312637.813035
1753312637.848490
1753312637.873471
1753312637.914667
1753312637.943367
1753312637.981449
1753312638.008420
1753312638.044503
1753312638.079865
1753312638.116074
1753312638.139630
1753312638.181357
1753312638.212270
1753312638.247237
1753312638.276934
1753312638.314676
1753312638.345949
1753312638.380851
1753312638.411197
1753312638.446088
1753312638.479802
1753312638.514831
1753312638.544122
1753312638.580686
1753312638.610061
1753312638.646223
1753312638.673227
1753312638.714834
1753312638.746308
1753312638.781210
1753312638.806420
1753312638.847146
1753312638.879748
1753312638.914493
1753312638.939512
1753312638.976564
1753312639.016058
1753312639.042238
1753312639.076482
1753312639.114538
1753312639.146242
1753312639.179959
1753312639.206739
1753312639.248133
1753312639.280312
1753312639.314329
1753312639.339789
1753312639.382138
1753312639.413056
1753312639.447559
1753312639.473304
1753312639.515942
1753312639.546487
1753312639.581070
1753312639.607000
1753312639.648194
1753312639.679403
1753312639.714414
1753312639.740325
1753312639.783071
1753312639.809754
1753312639.847304
1753312639.873708
1753312639.915393
1753312639.946593
1753312639.981894
1753312640.006982
1753312640.046541
1753312640.080605
1753312640.115841
1753312640.141250
1753312640.181013
1753312640.214496
1753312640.248762
1753312640.276107
1753312640.310135
1753312640.349042
1753312640.380066
1753312640.411891
1753312640.446664
1753312640.481406
1753312640.513957
1753312640.543797
1753312640.582960
1753312640.613274
1753312640.649032
1753312640.676079
1753312640.715413
1753312640.745625
1753312640.781948
1753312640.807829
1753312640.848688
1753312640.881322
1753312640.916096
1753312640.940816
1753312640.979996
1753312641.011290
1753312641.045109
1753312641.076693
1753312641.115568
1753312641.146971
1753312641.180395
1753312641.212016
1753312641.247657
1753312641.281651
1753312641.314748
1753312641.345315
1753312641.381857
1753312641.416567
1753312641.448727
1753312641.474611
1753312641.516883
1753312641.546564
1753312641.581220
1753312641.610465
1753312641.649988
1753312641.679817
1753312641.716822
1753312641.744317
1753312641.782229
1753312641.814444
1753312641.847282
1753312641.879966
1753312641.916323
1753312641.946234
1753312641.982867
1753312642.012097
1753312642.046053
1753312642.081147
1753312642.113789
1753312642.146373
1753312642.180863
1753312642.212186
1753312642.244078
1753312642.275755
1753312642.315341
1753312642.348557
1753312642.381980
1753312642.409438
1753312642.446129
1753312642.476588
1753312642.512456
1753312642.541745
1753312642.582058
1753312642.612658
1753312642.642951
1753312642.680762
1753312642.714477
1753312642.749237
1753312642.781870
1753312642.809004
1753312642.849435
1753312642.881796
1753312642.914602
1753312642.940571
1753312642.976560
1753312643.013100
1753312643.045452
1753312643.077693
1753312643.117696
1753312643.146713
1753312643.181943
1753312643.208623
1753312643.247169
1753312643.281854
1753312643.315267
1753312643.343437
1753312643.383796
1753312643.414260
1753312643.448358
1753312643.476074
1753312643.514726
1753312643.548436
1753312643.581941
1753312643.608688
1753312643.647556
1753312643.683478
1753312643.715333
1753312643.741786
1753312643.783730
1753312643.813582
1753312643.848966
1753312643.875362
1753312643.914611
1753312643.948908
1753312643.982417
1753312644.009281
1753312644.045244
1753312644.081457
1753312644.114324
1753312644.144945
1753312644.180410
1753312644.215725
1753312644.249318
1753312644.278691
1753312644.315221
1753312644.348560
1753312644.383559
1753312644.409989
1753312644.451068
1753312644.481311
1753312644.515180
1753312644.545629
1753312644.581139
1753312644.613805
1753312644.649158
1753312644.679934
1753312644.716638
1753312644.751151
1753312644.781645
1753312644.813421
1753312644.849045
1753312644.883538
1753312644.914278
1753312644.947053
1753312644.976185
1753312645.016753
1753312645.048285
1753312645.083252
1753312645.117955
1753312645.143386
1753312645.182685
1753312645.217760
1753312645.248368
1753312645.280282
1753312645.315067
1753312645.348643
1753312645.382224
1753312645.413529
1753312645.448240
1753312645.482418
1753312645.515966
1753312645.547409
1753312645.582034
1753312645.615450
1753312645.650437
1753312645.680983
1753312645.715563
1753312645.750664
1753312645.783139
1753312645.814778
1753312645.848342
1753312645.883020
1753312645.917584
1753312645.947303
1753312645.985098
1753312646.015349
1753312646.046548
1753312646.084123
1753312646.114061
1753312646.150019
1753312646.184559
1753312646.212729
1753312646.249386
1753312646.284430
1753312646.314883
1753312646.348313
1753312646.381429
1753312646.416268
1753312646.451339
1753312646.480615
1753312646.516912
1753312646.551755
1753312646.582196
1753312646.616624
1753312646.648710
1753312646.681662
1753312646.716141
1753312646.747109
1753312646.782026
1753312646.817136
1753312646.852049
1753312646.877035
1753312646.918400
1753312646.948084
1753312646.981715
1753312647.013228
1753312647.046771
1753312647.085450
1753312647.115452
1753312647.146310
1753312647.181469
1753312647.215765
1753312647.250513
1753312647.277441
1753312647.318895
1753312647.345220
1753312647.385885
1753312647.410909
1753312647.451344
1753312647.481822
1753312647.517229
1753312647.547040
1753312647.586561
1753312647.615594
1753312647.650850
1753312647.680146
1753312647.719661
1753312647.749446
1753312647.784977
1753312647.812613
1753312647.853495
1753312647.882312
1753312647.917531
1753312647.944393
1753312647.985105
1753312648.015697
1753312648.047693
1753312648.081050
1753312648.117432
1753312648.152316
1753312648.180897
1753312648.214713
1753312648.249752
1753312648.284631
1753312648.318168
1753312648.344859
1753312648.382594
1753312648.417573
1753312648.449056
1753312648.481022
1753312648.520642
1753312648.548732
1753312648.583923
1753312648.613952
1753312648.650180
1753312648.685478
1753312648.717376
1753312648.747226
1753312648.782774
1753312648.818234
1753312648.852708
1753312648.878616
1753312648.918301
1753312648.948654
1753312648.985175
1753312649.011612
1753312649.049071
1753312649.085027
1753312649.117472
1753312649.144839
1753312649.182682
1753312649.219261
1753312649.251700
1753312649.278176
1753312649.319054
1753312649.348192
1753312649.384905
1753312649.411643
1753312649.449543
1753312649.484114
1753312649.518898
1753312649.544762
1753312649.586275
1753312649.614582
1753312649.651264
1753312649.679168
1753312649.716260
1753312649.752476
1753312649.784738
1753312649.813477
1753312649.855998
1753312649.881712
1753312649.919739
1753312649.945331
1753312649.985461
1753312650.019625
1753312650.047761
1753312650.081022
1753312650.117058
1753312650.157373
1753312650.180551
1753312650.218531
1753312650.248211
1753312650.284192
1753312650.315915
1753312650.348701
1753312650.384911
1753312650.420161
1753312650.453544
1753312650.479961
1753312650.517536
1753312650.551139
1753312650.585896
1753312650.615336
1753312650.651892
1753312650.686321
1753312650.719829
1753312650.747270
1753312650.784037
1753312650.820598
1753312650.852006
1753312650.880835
1753312650.923717
1753312650.947114
1753312650.984256
1753312651.013097
1753312651.049877
1753312651.084859
1753312651.119522
1753312651.145739
1753312651.187469
1753312651.216714
1753312651.254263
1753312651.279043
1753312651.317149
1753312651.353536
1753312651.388050
1753312651.412353
1753312651.450788
1753312651.484909
1753312651.513687
1753312651.547113
1753312651.581062
1753312651.616487
1753312651.653501
1753312651.679265
1753312651.720222
1753312651.748778
1753312651.786018
1753312651.813002
1753312651.854570
1753312651.882299
1753312651.925312
1753312651.946255
1753312651.990328
1753312652.015388
1753312652.051934
1753312652.081553
1753312652.118587
1753312652.154724
1753312652.183331
1753312652.216205
1753312652.252794
1753312652.284672
1753312652.322377
1753312652.346143
1753312652.389015
1753312652.416015
1753312652.453767
1753312652.480744
1753312652.525686
1753312652.548818
1753312652.586391
1753312652.615138
1753312652.656683
1753312652.680188
1753312652.715164
1753312652.750986
1753312652.784780
1753312652.822549
1753312652.849387
1753312652.884581
1753312652.919242
1753312652.950494
1753312652.991131
1753312653.013215
1753312653.051156
1753312653.081714
1753312653.118054
1753312653.146996
1753312653.184746
1753312653.216036
1753312653.248843
1753312653.285506
1753312653.312402
1753312653.352894
1753312653.384432
1753312653.416626
1753312653.454771
1753312653.480526
1753312653.525087
1753312653.547173
1753312653.593648
1753312653.613840
1753312653.659372
1753312653.682542
1753312653.725423
1753312653.746971
1753312653.792197
1753312653.815925
1753312653.854104
1753312653.881075
1753312653.921307
1753312653.949998
1753312653.986704
1753312654.014548
1753312654.052659
1753312654.086939
1753312654.118122
1753312654.149663
1753312654.190935
1753312654.216159
1753312654.254369
1753312654.282559
1753312654.320282
1753312654.357023
1753312654.383936
1753312654.418539
1753312654.453939
1753312654.485431
1753312654.525844
1753312654.547677
1753312654.590355
1753312654.617107
1753312654.659435
1753312654.681274
1753312654.719401
1753312654.757463
1753312654.783893
1753312654.824376
1753312654.848185
1753312654.895640
1753312654.915488
1753312654.955271
1753312654.982732
1753312655.024107
1753312655.049396
1753312655.085461
1753312655.117342
1753312655.158655
1753312655.182383
1753312655.219025
1753312655.250556
1753312655.289957
1753312655.317050
1753312655.351150
1753312655.388550
1753312655.417386
1753312655.455557
1753312655.481875
1753312655.517761
1753312655.557880
1753312655.583076
1753312655.614785
1753312655.659314
1753312655.682868
1753312655.723967
1753312655.748573
1753312655.786361
1753312655.826901
1753312655.849589
1753312655.884465
1753312655.921575
1753312655.951926
1753312655.992370
1753312656.015192
1753312656.052261
1753312656.091671
1753312656.117059
1753312656.147067
1753312656.194391
1753312656.216156
1753312656.258605
1753312656.281851
1753312656.319653
1753312656.360845
1753312656.383065
1753312656.419191
1753312656.451575
1753312656.493824
1753312656.516699
1753312656.552132
1753312656.591140
1753312656.618255
1753312656.660354
1753312656.682047
1753312656.726747
1753312656.749907
1753312656.791716
1753312656.815445
1753312656.858114
1753312656.883277
1753312656.925315
1753312656.949311
1753312656.993707
1753312657.016759
1753312657.052675
1753312657.084242
1753312657.122147
1753312657.150930
1753312657.192234
1753312657.215853
1753312657.257842
1753312657.283742
1753312657.323101
1753312657.349203
1753312657.386462
1753312657.428190
1753312657.449958
1753312657.486265
1753312657.521689
1753312657.555191
1753312657.589535
1753312657.616054
1753312657.657938
1753312657.684004
1753312657.725192
1753312657.749461
1753312657.792302
1753312657.818781
1753312657.859120
1753312657.882758
1753312657.926179
1753312657.950424
1753312657.988554
1753312658.016156
1753312658.052672
1753312658.092595
1753312658.118205
1753312658.150182
1753312658.189281
1753312658.217316
1753312658.260640
1753312658.282934
1753312658.326722
1753312658.350209
1753312658.392694
1753312658.416346
1753312658.457174
1753312658.487410
1753312658.527977
1753312658.549740
1753312658.593238
1753312658.616473
1753312658.660107
1753312658.683338
1753312658.726599
1753312658.753625
1753312658.793120
1753312658.816905
1753312658.856249
1753312658.891534
1753312658.919331
1753312658.955764
1753312658.985008
1753312659.028254
1753312659.049456
1753312659.089639
1753312659.116737
1753312659.161284
1753312659.183596
1753312659.218808
1753312659.254294
1753312659.293935
1753312659.317049
1753312659.352759
1753312659.390396
1753312659.418378
1753312659.457738
1753312659.483652
1753312659.525934
1753312659.552058
1753312659.595091
1753312659.616913
1753312659.659221
1753312659.684874
1753312659.726493
1753312659.750351
1753312659.789760
1753312659.822520
1753312659.860654
1753312659.883628
1753312659.928405
1753312659.950687
1753312659.994707
1753312660.016961
1753312660.050613
1753312660.093025
1753312660.119469
1753312660.152926
1753312660.193604
1753312660.217955
1753312660.260077
1753312660.283664
1753312660.327035
1753312660.350609
1753312660.393607
1753312660.417322
1753312660.454463
1753312660.494098
1753312660.517609
1753312660.553826
1753312660.588764
1753312660.627701
1753312660.650959
1753312660.687965
1753312660.723813
1753312660.761145
1753312660.784383
1753312660.824884
1753312660.850806
1753312660.894849
1753312660.917863
1753312660.958014
1753312660.984264
1753312661.028211
1753312661.050022
1753312661.090262
1753312661.118064
1753312661.161007
1753312661.184659
1753312661.222188
1753312661.255435
1753312661.287448
1753312661.329800
1753312661.350866
1753312661.394111
1753312661.418004
1753312661.457047
1753312661.484766
1753312661.526579
1753312661.554149
1753312661.596900
1753312661.628268
1753312661.651282
1753312661.694067
1753312661.722631
1753312661.763549
1753312661.785343
1753312661.821546
1753312661.862113
1753312661.885252
1753312661.929780
1753312661.951446
1753312661.997063
1753312662.018531
1753312662.054008
1753312662.089009
1753312662.123120
1753312662.163018
1753312662.186064
1753312662.225421
1753312662.252064
1753312662.297993
1753312662.318753
1753312662.361016
1753312662.385666
1753312662.428330
1753312662.455820
1753312662.485843
1753312662.528139
1753312662.552980
1753312662.596279
1753312662.618364
1753312662.662526
1753312662.687100
1753312662.729613
1753312662.751462
1753312662.787219
1753312662.825134
1753312662.861840
1753312662.885311
1753312662.930006
1753312662.952663
1753312662.994619
1753312663.019168
1753312663.056338
1753312663.095214
1753312663.123574
1753312663.152744
1753312663.195971
1753312663.219416
1753312663.262779
1753312663.285138
1753312663.329634
1753312663.352742
1753312663.395496
1753312663.418771
1753312663.459479
1753312663.485928
1753312663.529295
1753312663.551961
1753312663.597978
1753312663.619479
1753312663.665461
1753312663.685319
1753312663.729202
1753312663.753118
1753312663.797610
1753312663.818995
1753312663.862507
1753312663.886238
1753312663.924378
1753312663.953496
1753312663.996386
1753312664.020197
1753312664.056584
1753312664.087079
1753312664.130654
1753312664.154007
1753312664.191581
1753312664.218652
1753312664.252989
1753312664.291419
1753312664.330328
1753312664.352644
1753312664.396521
1753312664.420336
1753312664.461242
1753312664.486315
1753312664.529934
1753312664.554080
1753312664.596605
1753312664.619439
1753312664.663027
1753312664.690866
1753312664.730569
1753312664.752923
1753312664.797325
1753312664.819636
1753312664.863126
1753312664.887363
1753312664.930016
1753312664.954948
1753312664.997507
1753312665.019880
1753312665.056769
1753312665.097743
1753312665.121977
1753312665.157423
1753312665.195387
1753312665.227688
1753312665.262770
1753312665.287222
1753312665.330163
1753312665.357825
1753312665.397510
1753312665.420068
1753312665.461496
1753312665.491400
1753312665.531292
1753312665.553336
1753312665.596930
1753312665.624962
1753312665.664752
1753312665.686864
1753312665.730065
1753312665.755815
1753312665.797652
1753312665.820199
1753312665.863224
1753312665.891583
1753312665.931694
1753312665.953777
1753312665.997440
1753312666.021847
1753312666.056567
1753312666.091506
1753312666.126411
1753312666.163349
1753312666.191842
1753312666.222506
1753312666.263489
1753312666.290956
1753312666.330559
1753312666.353708
1753312666.396733
1753312666.425009
1753312666.463263
1753312666.487402
1753312666.529440
1753312666.560202
1753312666.597079
1753312666.620534
1753312666.663957
1753312666.692098
1753312666.731404
1753312666.754360
1753312666.796827
1753312666.825972
1753312666.863266
1753312666.887342
1753312666.929820
1753312666.958845
1753312666.997740
1753312667.020735
1753312667.056553
1753312667.097359
1753312667.121820
1753312667.162993
1753312667.190236
1753312667.232173
1753312667.257678
1753312667.290145
1753312667.331216
1753312667.356626
1753312667.398283
1753312667.420922
1753312667.464925
1753312667.490501
1753312667.531409
1753312667.553985
1753312667.596871
1753312667.625923
1753312667.665616
1753312667.687370
1753312667.730794
1753312667.758406
1753312667.797383
1753312667.821132
1753312667.863957
1753312667.893452
1753312667.930542
1753312667.954345
1753312667.997311
1753312668.027117
1753312668.057716
1753312668.090919
1753312668.130940
1753312668.157852
1753312668.198389
1753312668.221284
1753312668.264638
1753312668.294580
1753312668.331600
1753312668.354777
1753312668.399475
1753312668.424041
1753312668.464280
1753312668.488060
1753312668.532201
1753312668.557740
1753312668.598359
1753312668.621583
1753312668.664473
1753312668.693450
1753312668.730648
1753312668.756178
1753312668.797549
1753312668.825507
1753312668.864252
1753312668.888170
1753312668.930572
1753312668.958176
1753312668.997061
1753312669.021399
1753312669.057550
1753312669.097473
1753312669.124420
1753312669.157963
1753312669.193386
1753312669.230501
1753312669.259833
1753312669.289745
1753312669.331165
1753312669.358021
1753312669.398594
1753312669.421639
1753312669.464397
1753312669.493540
1753312669.532363
1753312669.555052
1753312669.598829
1753312669.625417
1753312669.665813
1753312669.688188
1753312669.732603
1753312669.757790
1753312669.798651
1753312669.821973
1753312669.865283
1753312669.895296
1753312669.931110
1753312669.965674
1753312669.988636
1753312670.032897
1753312670.055790
1753312670.098654
1753312670.126643
1753312670.159662
1753312670.196469
1753312670.230878
1753312670.261682
1753312670.290042
1753312670.329792
1753312670.364426
1753312670.394850
1753312670.426576
1753312670.461628
1753312670.499014
1753312670.529529
1753312670.560295
1753312670.597206
1753312670.626882
1753312670.666202
1753312670.692614
1753312670.730884
1753312670.764004
1753312670.796275
1753312670.826468
1753312670.863291
1753312670.898364
1753312670.929809
1753312670.958393
1753312670.997400
1753312671.030119
1753312671.059714
1753312671.093311
1753312671.126906
1753312671.166066
1753312671.195448
1753312671.224858
1753312671.265109
1753312671.295475
1753312671.331576
1753312671.356076
1753312671.398064
1753312671.430193
1753312671.463899
1753312671.489735
1753312671.530339
1753312671.562909
1753312671.597666
1753312671.623447
1753312671.664658
1753312671.695505
1753312671.731411
1753312671.757882
1753312671.797206
1753312671.831706
1753312671.863940
1753312671.891656
1753312671.931731
1753312671.962376
1753312671.997729
1753312672.023035
1753312672.059815
1753312672.097379
1753312672.130396
1753312672.157594
1753312672.198540
1753312672.229516
1753312672.264810
1753312672.291424
1753312672.328749
1753312672.364843
1753312672.396382
1753312672.424486
1753312672.464359
1753312672.496534
1753312672.531820
1753312672.557031
1753312672.598701
1753312672.629611
1753312672.663901
1753312672.690833
1753312672.732345
1753312672.762968
1753312672.797827
1753312672.823057
1753312672.859259
1753312672.898217
1753312672.931563
1753312672.957114
1753312672.997983
1753312673.030643
1753312673.061765
1753312673.094210
1753312673.129252
1753312673.164000
1753312673.198262
1753312673.224575
1753312673.264977
1753312673.296630
1753312673.331561
1753312673.357945
1753312673.397638
1753312673.430221
1753312673.464002
1753312673.490540
1753312673.532519
1753312673.563345
1753312673.597580
1753312673.623785
1753312673.664987
1753312673.696568
1753312673.731038
1753312673.757328
1753312673.798189
1753312673.829769
1753312673.864926
1753312673.891538
1753312673.932351
1753312673.963357
1753312673.997986
1753312674.025634
1753312674.061575
1753312674.099948
1753312674.128942
1753312674.161777
1753312674.197389
1753312674.232438
1753312674.263870
1753312674.292188
1753312674.331697
1753312674.365165
1753312674.397129
1753312674.424441
1753312674.464867
1753312674.498916
1753312674.530474
1753312674.561276
1753312674.598795
1753312674.629437
1753312674.664913
1753312674.695088
1753312674.732691
1753312674.764015
1753312674.798128
1753312674.829441
1753312674.864721
1753312674.899025
1753312674.931411
1753312674.961751
1753312674.998937
1753312675.030555
1753312675.061383
1753312675.096327
1753312675.128466
1753312675.164654
1753312675.193593
1753312675.224046
1753312675.260088
1753312675.297620
1753312675.332282
1753312675.358952
1753312675.396895
1753312675.431744
1753312675.463875
1753312675.496049
1753312675.531532
1753312675.566298
1753312675.598865
1753312675.625988
1753312675.663890
1753312675.698248
1753312675.730002
1753312675.762328
1753312675.798010
1753312675.831688
1753312675.865413
1753312675.892929
1753312675.932103
1753312675.963825
1753312675.998170
1753312676.026855
1753312676.063786
1753312676.099401
1753312676.130370
1753312676.162638
1753312676.198091
1753312676.233581
1753312676.265506
1753312676.296215
1753312676.331608
1753312676.366343
1753312676.399263
1753312676.427571
1753312676.464761
1753312676.499821
1753312676.533108
1753312676.558990
1753312676.600732
1753312676.631183
1753312676.666240
1753312676.696970
1753312676.731734
1753312676.764946
1753312676.797922
1753312676.829501
1753312676.865395
1753312676.898317
1753312676.933322
1753312676.959350
1753312676.998752
1753312677.031025
1753312677.063671
1753312677.095396
1753312677.129870
1753312677.165699
1753312677.198466
1753312677.226590
1753312677.268073
1753312677.297715
1753312677.332600
1753312677.360756
1753312677.399105
1753312677.431453
1753312677.465420
1753312677.493270
1753312677.532522
1753312677.564516
1753312677.599367
1753312677.626274
1753312677.666594
1753312677.699083
1753312677.732897
1753312677.761377
1753312677.797717
1753312677.832728
1753312677.867010
1753312677.896244
1753312677.933224
1753312677.967444
1753312677.999312
1753312678.027726
1753312678.064943
1753312678.098443
1753312678.130641
1753312678.163750
1753312678.197256
1753312678.235457
1753312678.264952
1753312678.299707
1753312678.326184
1753312678.367348
1753312678.400469
1753312678.434900
1753312678.464584
1753312678.497237
1753312678.531727
1753312678.564346
1753312678.595326
1753312678.627981
1753312678.667196
1753312678.701222
1753312678.731858
1753312678.763651
1753312678.798237
1753312678.833471
1753312678.867762
1753312678.897002
1753312678.931988
1753312678.966315
1753312679.001126
1753312679.028823
1753312679.065784
1753312679.100001
1753312679.132997
1753312679.160503
1753312679.201034
1753312679.231073
1753312679.267751
1753312679.293150
1753312679.333068
1753312679.366098
1753312679.399842
1753312679.426695
1753312679.464939
1753312679.500064
1753312679.533711
1753312679.561623
1753312679.601189
1753312679.631003
1753312679.668563
1753312679.693448
1753312679.733570
1753312679.766265
1753312679.799623
1753312679.827047
1753312679.867911
1753312679.898186
1753312679.932557
1753312679.961433
1753312680.001740
1753312680.030615
1753312680.062184
1753312680.097414
1753312680.131306
1753312680.166925
1753312680.201247
1753312680.227298
1753312680.265994
1753312680.299878
1753312680.334449
1753312680.360351
1753312680.400769
1753312680.435195
1753312680.464274
1753312680.494046
1753312680.534672
1753312680.565166
1753312680.598864
1753312680.628798
1753312680.665439
1753312680.701254
1753312680.732467
1753312680.760917
1753312680.801506
1753312680.834500
1753312680.864930
1753312680.897603
1753312680.932445
1753312680.968379
1753312680.998935
1753312681.027598
1753312681.065269
1753312681.101312
1753312681.131521
1753312681.161589
1753312681.201587
1753312681.230811
1753312681.270175
1753312681.294026
1753312681.334108
1753312681.368038
1753312681.397608
1753312681.428185
1753312681.466837
1753312681.498508
1753312681.530265
1753312681.561379
1753312681.599440
1753312681.633247
1753312681.667544
1753312681.695028
1753312681.735971
1753312681.767602
1753312681.801281
1753312681.828241
1753312681.869012
1753312681.898966
1753312681.934990
1753312681.962236
1753312682.001297
1753312682.035964
1753312682.062160
1753312682.100350
1753312682.131709
1753312682.172612
1753312682.198173
1753312682.231472
1753312682.269158
1753312682.298772
1753312682.335445
1753312682.361825
1753312682.403489
1753312682.432485
1753312682.468599
1753312682.495544
1753312682.533131
1753312682.568713
1753312682.600067
1753312682.631340
1753312682.668017
1753312682.699650
1753312682.736087
1753312682.761871
1753312682.799176
1753312682.835766
1753312682.866960
1753312682.895386
1753312682.930811
1753312682.963915
1753312683.000083
1753312683.031088
1753312683.067686
1753312683.102039
1753312683.132291
1753312683.165350
1753312683.201501
1753312683.236278
1753312683.268855
1753312683.295482
1753312683.333103
1753312683.369525
1753312683.399188
1753312683.430820
1753312683.466942
1753312683.502259
1753312683.536378
1753312683.562380
1753312683.598574
1753312683.633604
1753312683.669004
1753312683.695706
1753312683.737172
1753312683.766887
1753312683.804822
1753312683.828794
1753312683.870315
1753312683.901384
1753312683.936755
1753312683.962644
1753312684.000409
1753312684.039101
1753312684.061621
1753312684.100111
1753312684.133381
1753312684.169480
1753312684.199980
1753312684.230608
1753312684.271614
1753312684.299257
1753312684.336036
1753312684.362776
1753312684.407206
1753312684.432101
1753312684.470374
1753312684.495898
1753312684.534352
1753312684.570822
1753312684.597832
1753312684.632472
1753312684.668329
1753312684.703311
1753312684.734428
1753312684.764815
1753312684.801707
1753312684.836989
1753312684.868081
1753312684.898212
1753312684.934509
1753312684.973696
1753312684.999386
1753312685.032479
1753312685.067029
1753312685.104702
1753312685.132928
1753312685.165687
1753312685.201667
1753312685.235773
1753312685.267250
1753312685.298663
1753312685.334972
1753312685.371262
1753312685.400129
1753312685.431357
1753312685.471070
1753312685.502759
1753312685.536939
1753312685.562991
1753312685.603436
1753312685.633498
1753312685.670236
1753312685.696942
1753312685.737169
1753312685.770613
1753312685.803450
1753312685.830239
1753312685.868060
1753312685.905101
1753312685.933036
1753312685.966094
1753312686.002456
1753312686.034278
1753312686.069640
1753312686.097842
1753312686.134970
1753312686.173151
1753312686.198114
1753312686.230521
1753312686.265282
1753312686.304693
1753312686.335322
1753312686.365528
1753312686.401906
1753312686.440052
1753312686.466723
1753312686.499716
1753312686.536238
1753312686.571608
1753312686.600417
1753312686.637075
1753312686.663864
1753312686.709461
1753312686.732913
1753312686.771804
1753312686.800913
1753312686.833740
1753312686.870181
1753312686.907950
1753312686.934108
1753312686.972619
1753312686.997414
1753312687.040665
1753312687.065757
1753312687.099554
1753312687.135287
1753312687.170347
1753312687.207279
1753312687.231016
1753312687.275977
1753312687.299704
1753312687.336501
1753312687.365277
1753312687.402854
1753312687.441516
1753312687.466210
1753312687.501038
1753312687.534974
1753312687.573131
1753312687.599856
1753312687.633884
1753312687.669607
1753312687.702477
1753312687.740870
1753312687.764548
1753312687.808938
1753312687.833193
1753312687.870447
1753312687.900728
1753312687.937519
1753312687.971998
1753312688.000677
1753312688.035383
1753312688.066766
1753312688.107128
1753312688.133952
1753312688.168079
1753312688.205980
1753312688.233877
1753312688.271877
1753312688.298005
1753312688.335255
1753312688.373390
1753312688.400485
1753312688.433551
1753312688.473053
1753312688.500457
1753312688.538185
1753312688.566132
1753312688.607325
1753312688.633931
1753312688.671420
1753312688.698980
1753312688.736785
1753312688.777344
1753312688.799802
1753312688.839392
1753312688.866658
1753312688.910140
1753312688.932983
1753312688.974044
1753312688.999868
1753312689.038462
1753312689.070962
1753312689.100148
1753312689.137521
1753312689.167945
1753312689.210191
1753312689.232025
1753312689.274395
1753312689.300467
1753312689.337809
1753312689.367602
1753312689.409259
1753312689.433169
1753312689.475603
1753312689.498887
1753312689.541479
1753312689.567888
1753312689.609556
1753312689.632016
1753312689.669837
1753312689.710795
1753312689.733230
1753312689.768345
1753312689.803619
1753312689.842419
1753312689.866863
1753312689.901893
1753312689.936014
1753312689.976155
1753312689.999941
1753312690.032076
1753312690.069169
1753312690.106242
1753312690.134125
1753312690.165916
1753312690.209784
1753312690.232995
1753312690.276681
1753312690.298839
1753312690.340163
1753312690.367099
1753312690.409006
1753312690.432801
1753312690.473124
1753312690.500836
1753312690.542240
1753312690.566129
1753312690.610480
1753312690.633719
1753312690.675078
1753312690.699285
1753312690.745549
1753312690.766455
1753312690.811716
1753312690.832725
1753312690.874950
1753312690.901560
1753312690.944312
1753312690.966299
1753312691.010997
1753312691.033457
1753312691.074811
1753312691.099616
1753312691.135700
1753312691.176438
1753312691.200980
1753312691.239489
1753312691.268220
1753312691.310293
1753312691.333804
1753312691.373282
1753312691.400346
1753312691.445057
1753312691.466610
1753312691.507255
1753312691.533619
1753312691.574688
1753312691.601421
1753312691.634693
1753312691.674969
1753312691.700758
1753312691.741479
1753312691.766441
1753312691.809310
1753312691.834745
1753312691.878243
1753312691.899891
1753312691.946854
1753312691.966574
1753312692.009090
1753312692.033278
1753312692.074607
1753312692.101841
1753312692.142223
1753312692.166965
1753312692.209131
1753312692.235259
1753312692.277061
1753312692.299983
1753312692.346281
1753312692.366868
1753312692.414153
1753312692.433553
1753312692.475444
1753312692.502136
1753312692.544129
1753312692.566970
1753312692.609770
1753312692.634984
1753312692.677890
1753312692.700183
1753312692.743301
1753312692.769428
1753312692.811528
1753312692.833970
1753312692.877898
1753312692.901036
1753312692.941452
1753312692.967362
1753312693.003177
1753312693.034431
1753312693.076926
1753312693.100758
1753312693.142278
1753312693.175457
1753312693.202581
1753312693.240406
1753312693.267842
1753312693.310421
1753312693.334470
1753312693.374913
1753312693.400889
1753312693.441609
1753312693.475644
1753312693.500699
1753312693.540522
1753312693.575096
1753312693.606008
1753312693.634194
1753312693.676503
1753312693.702487
1753312693.744782
1753312693.767303
1753312693.810560
1753312693.834331
1753312693.877910
1753312693.900628
1753312693.943565
1753312693.968748
1753312694.009276
1753312694.034393
1753312694.074777
1753312694.109606
1753312694.138553
1753312694.168077
1753312694.211846
1753312694.234773
1753312694.278673
1753312694.301048
1753312694.344652
1753312694.370893
1753312694.411477
1753312694.434347
1753312694.475911
1753312694.507958
1753312694.542663
1753312694.568455
1753312694.608621
1753312694.642125
1753312694.675697
1753312694.701580
1753312694.747894
1753312694.768062
1753312694.809794
1753312694.835141
1753312694.876765
1753312694.903829
1753312694.946797
1753312694.976673
1753312695.001449
1753312695.041714
1753312695.075434
1753312695.111920
1753312695.135915
1753312695.178819
1753312695.202090
1753312695.244724
1753312695.269236
1753312695.311459
1753312695.335370
1753312695.378355
1753312695.406214
1753312695.438983
1753312695.477975
1753312695.502089
1753312695.545048
1753312695.567778
1753312695.609909
1753312695.637913
1753312695.680722
1753312695.701807
1753312695.744327
1753312695.770733
1753312695.814152
1753312695.835302
1753312695.878905
1753312695.905517
1753312695.942814
1753312695.968592
1753312696.011893
1753312696.038860
1753312696.077376
1753312696.102388
1753312696.146769
1753312696.169211
1753312696.211865
1753312696.235462
1753312696.278302
1753312696.302790
1753312696.346659
1753312696.368637
1753312696.412527
1753312696.436445
1753312696.478877
1753312696.502245
1753312696.545646
1753312696.570379
1753312696.612049
1753312696.635714
1753312696.679262
1753312696.706378
1753312696.747935
1753312696.769023
1753312696.812310
1753312696.838297
1753312696.880905
1753312696.902592
1753312696.948645
1753312696.970042
1753312697.014027
1753312697.035799
1753312697.075311
1753312697.112259
1753312697.139543
1753312697.172566
1753312697.205701
1753312697.239680
1753312697.270082
1753312697.308866
1753312697.336748
1753312697.379541
1753312697.403525
1753312697.443391
1753312697.469440
1753312697.513213
1753312697.537033
1753312697.579700
1753312697.603449
1753312697.648208
1753312697.670648
1753312697.702655
1753312697.745484
1753312697.771926
1753312697.813994
1753312697.836303
1753312697.879307
1753312697.906306
1753312697.948048
1753312697.968542
1753312698.011826
1753312698.038784
1753312698.076454
1753312698.103344
1753312698.146311
1753312698.170535
1753312698.213067
1753312698.236468
1753312698.280337
1753312698.304494
1753312698.347345
1753312698.369894
1753312698.414390
1753312698.437063
1753312698.479323
1753312698.503118
1753312698.547238
1753312698.571526
1753312698.614136
1753312698.636461
1753312698.682573
1753312698.704953
1753312698.747684
1753312698.770234
1753312698.811209
1753312698.845069
1753312698.879992
1753312698.903606
1753312698.942539
1753312698.979615
1753312699.009226
1753312699.038502
1753312699.074899
1753312699.115484
1753312699.139256
1753312699.172741
1753312699.212168
1753312699.242064
1753312699.280442
1753312699.303529
1753312699.346877
1753312699.372094
1753312699.414133
1753312699.436810
1753312699.481071
1753312699.505037
1753312699.548033
1753312699.570262
1753312699.611180
1753312699.641777
1753312699.681766
1753312699.703551
1753312699.746833
1753312699.772343
1753312699.813391
1753312699.836956
1753312699.880187
1753312699.905854
1753312699.948109
1753312699.970484
1753312700.013893
1753312700.039792
1753312700.077627
1753312700.104252
1753312700.147503
1753312700.173547
1753312700.215127
1753312700.237103
1753312700.279430
1753312700.308484
1753312700.348502
1753312700.370689
1753312700.414223
1753312700.439697
1753312700.480847
1753312700.504290
1753312700.549049
1753312700.573021
1753312700.613969
1753312700.637396
1753312700.681100
1753312700.706718
1753312700.748655
1753312700.770881
1753312700.814481
1753312700.840324
1753312700.882042
1753312700.904265
1753312700.947325
1753312700.976251
1753312701.015815
1753312701.037826
1753312701.078790
1753312701.114101
1753312701.144341
1753312701.174710
1753312701.214700
1753312701.240871
1753312701.282051
1753312701.304923
1753312701.348598
1753312701.374436
1753312701.416239
1753312701.438066
1753312701.478976
1753312701.514367
1753312701.543343
1753312701.571835
1753312701.613797
1753312701.643050
1753312701.680717
1753312701.704563
1753312701.747275
1753312701.777895
1753312701.814574
1753312701.838206
1753312701.875840
1753312701.915919
1753312701.940222
1753312701.974318
1753312702.013704
1753312702.041082
1753312702.080219
1753312702.104779
1753312702.147486
1753312702.176993
1753312702.214040
1753312702.238218
1753312702.283007
1753312702.309220
1753312702.349276
1753312702.371860
1753312702.414979
1753312702.443503
1753312702.480465
1753312702.505319
1753312702.548592
1753312702.575575
1753312702.615735
1753312702.638777
1753312702.680837
1753312702.712009
1753312702.748725
1753312702.772206
1753312702.814371
1753312702.845257
1753312702.881506
1753312702.905982
1753312702.947228
1753312702.981185
1753312703.010652
1753312703.041944
1753312703.073560
1753312703.105574
1753312703.143192
1753312703.178264
1753312703.210225
1753312703.248172
1753312703.280042
1753312703.315317
1753312703.339062
1753312703.384382
1753312703.409329
1753312703.448423
1753312703.477002
1753312703.509728
1753312703.542217
1753312703.578150
1753312703.608758
1753312703.637923
1753312703.681096
1753312703.711489
1753312703.747882
1753312703.771253
1753312703.815086
1753312703.845297
1753312703.881252
1753312703.906293
1753312703.950285
1753312703.975870
1753312704.016142
1753312704.039364
1753312704.079051
1753312704.115344
1753312704.145500
1753312704.176785
1753312704.213471
1753312704.248690
1753312704.278735
1753312704.309806
1753312704.349316
1753312704.379065
1753312704.415012
1753312704.441518
1753312704.481798
1753312704.513372
1753312704.548623
1753312704.573653
1753312704.614319
1753312704.647006
1753312704.681383
1753312704.708052
1753312704.749000
1753312704.780034
1753312704.814398
1753312704.844058
1753312704.881529
1753312704.914271
1753312704.944879
1753312704.980693
1753312705.010496
1753312705.046954
1753312705.081442
1753312705.108952
1753312705.148917
1753312705.179837
1753312705.215633
1753312705.240783
1753312705.282199
1753312705.311687
1753312705.348964
1753312705.374842
1753312705.415091
1753312705.445877
1753312705.481716
1753312705.507774
1753312705.548187
1753312705.579931
1753312705.614621
1753312705.640085
1753312705.679521
1753312705.713971
1753312705.745445
1753312705.776145
1753312705.813560
1753312705.846559
1753312705.881834
1753312705.906926
1753312705.948714
1753312705.974947
1753312706.013586
1753312706.040311
1753312706.080781
1753312706.113592
1753312706.148972
1753312706.173581
1753312706.215439
1753312706.246967
1753312706.282111
1753312706.307296
1753312706.349259
1753312706.380399
1753312706.415178
1753312706.441288
1753312706.482073
1753312706.512614
1753312706.547609
1753312706.577725
1753312706.613099
1753312706.648847
1753312706.679978
1753312706.711204
1753312706.748562
1753312706.780254
1753312706.815487
1753312706.842984
1753312706.883128
1753312706.914441
1753312706.949038
1753312706.975733
1753312707.016521
1753312707.042875
1753312707.079875
1753312707.112694
1753312707.145816
1753312707.182831
1753312707.214447
1753312707.244413
1753312707.282411
1753312707.314226
1753312707.349623
1753312707.376477
1753312707.414196
1753312707.448521
1753312707.482537
1753312707.512138
1753312707.549215
1753312707.580902
1753312707.615554
1753312707.645123
1753312707.682552
1753312707.713779
1753312707.750549
1753312707.776548
1753312707.816870
1753312707.847297
1753312707.882641
1753312707.912622
1753312707.944805
1753312707.984820
1753312708.014507
1753312708.041983
1753312708.079242
1753312708.115774
1753312708.147298
1753312708.177663
1753312708.211801
1753312708.243097
1753312708.279994
1753312708.315163
1753312708.344916
1753312708.385410
1753312708.414393
1753312708.446965
1753312708.481603
1753312708.517283
1753312708.545793
1753312708.582310
1753312708.611967
1753312708.652496
1753312708.681057
1753312708.713559
1753312708.747340
1753312708.782988
1753312708.815043
1753312708.845638
1753312708.883327
1753312708.915215
1753312708.947435
1753312708.980149
1753312709.013705
1753312709.046168
1753312709.080936
1753312709.113252
1753312709.148204
1753312709.183685
1753312709.215262
1753312709.244258
1753312709.281762
1753312709.316865
1753312709.348220
1753312709.379570
1753312709.415085
1753312709.450155
1753312709.481420
1753312709.509795
1753312709.548633
1753312709.583895
1753312709.614015
1753312709.644765
1753312709.684147
1753312709.714820
1753312709.750052
1753312709.776125
1753312709.815539
1753312709.850600
1753312709.881229
1753312709.913058
1753312709.946849
1753312709.982695
1753312710.017067
1753312710.042398
1753312710.082101
1753312710.116364
1753312710.149611
1753312710.177927
1753312710.217094
1753312710.248826
1753312710.281745
1753312710.314042
1753312710.349177
1753312710.382444
1753312710.415530
1753312710.447138
1753312710.482560
1753312710.515776
1753312710.549570
1753312710.581090
1753312710.615603
1753312710.649362
1753312710.683397
1753312710.711108
1753312710.751133
1753312710.782418
1753312710.817447
1753312710.845717
1753312710.882884
1753312710.916971
1753312710.949029
1753312710.980925
1753312711.014251
1753312711.046290
1753312711.081958
1753312711.114597
1753312711.149441
1753312711.183295
1753312711.217343
1753312711.247043
1753312711.282292
1753312711.315720
1753312711.350438
1753312711.376371
1753312711.416873
1753312711.448367
1753312711.481386
1753312711.509817
1753312711.545957
1753312711.582484
1753312711.612030
1753312711.652037
1753312711.676520
1753312711.717190
1753312711.750311
1753312711.784645
1753312711.815677
1753312711.848213
1753312711.881523
1753312711.916838
1753312711.952557
1753312711.977178
1753312712.015902
1753312712.048171
1753312712.082599
1753312712.111145
1753312712.151744
1753312712.180812
1753312712.215641
1753312712.245499
1753312712.285658
1753312712.314376
1753312712.351448
1753312712.376945
1753312712.416467
1753312712.450070
1753312712.483100
1753312712.510947
1753312712.551195
1753312712.583497
1753312712.617329
1753312712.646021
1753312712.682690
1753312712.716261
1753312712.750502
1753312712.780780
1753312712.817211
1753312712.852257
1753312712.882887
1753312712.914061
1753312712.950007
1753312712.985016
1753312713.015459
1753312713.044656
1753312713.083979
1753312713.118177
1753312713.148096
1753312713.177783
1753312713.218012
1753312713.249899
1753312713.284892
1753312713.314799
1753312713.351130
1753312713.386010
1753312713.416146
1753312713.448413
1753312713.482831
1753312713.517653
1753312713.551226
1753312713.576741
1753312713.612520
1753312713.648998
1753312713.680936
1753312713.709632
1753312713.745612
1753312713.782926
1753312713.813375
1753312713.845532
1753312713.882878
1753312713.914994
1753312713.948912
1753312713.981714
1753312714.016644
1753312714.047430
1753312714.084023
1753312714.114441
1753312714.149304
1753312714.182145
1753312714.217358
1753312714.247302
1753312714.282933
1753312714.318018
1753312714.351976
1753312714.377746
1753312714.418042
1753312714.445900
1753312714.484925
1753312714.511624
1753312714.552612
1753312714.582300
1753312714.617483
1753312714.647846
1753312714.684742
1753312714.718639
1753312714.749625
1753312714.783694
1753312714.816175
1753312714.850899
1753312714.885976
1753312714.910755
1753312714.947587
1753312714.985824
1753312715.016503
1753312715.045711
1753312715.083087
1753312715.119531
1753312715.148846
1753312715.183563
1753312715.217829
1753312715.254296
1753312715.283409
1753312715.318170
1753312715.348743
1753312715.385145
1753312715.420173
1753312715.448864
1753312715.484811
1753312715.519362
1753312715.550607
1753312715.581506
1753312715.615246
1753312715.652356
1753312715.683138
1753312715.711888
1753312715.752194
1753312715.785230
1753312715.818005
1753312715.845192
1753312715.885776
1753312715.919332
1753312715.951218
1753312715.980128
1753312716.017026
1753312716.049967
1753312716.085336
1753312716.114719
1753312716.151136
1753312716.187766
1753312716.216446
1753312716.248942
1753312716.287731
1753312716.317164
1753312716.352772
1753312716.381027
1753312716.417744
1753312716.452596
1753312716.483329
1753312716.516225
1753312716.551956
1753312716.583938
1753312716.619457
1753312716.646039
1753312716.687510
1753312716.716445
1753312716.751613
1753312716.782430
1753312716.818920
1753312716.852308
1753312716.884472
1753312716.915642
1753312716.955224
1753312716.983284
1753312717.019816
1753312717.046171
1753312717.085999
1753312717.120317
1753312717.154991
1753312717.181574
1753312717.221983
1753312717.250402
1753312717.286525
1753312717.315673
1753312717.351863
1753312717.384415
1753312717.419468
1753312717.448446
1753312717.484303
1753312717.520367
1753312717.552808
1753312717.581904
1753312717.624728
1753312717.649543
1753312717.686166
1753312717.715735
1753312717.752998
1753312717.785273
1753312717.819565
1753312717.849950
1753312717.888719
1753312717.917290
1753312717.958387
1753312717.980202
1753312718.017041
1753312718.052860
1753312718.084816
1753312718.118919
1753312718.149845
1753312718.188492
1753312718.217304
1753312718.251834
1753312718.284089
1753312718.320907
1753312718.351130
1753312718.386073
1753312718.416558
1753312718.453511
1753312718.488571
1753312718.513687
1753312718.551563
1753312718.587780
1753312718.620683
1753312718.647703
1753312718.690150
1753312718.715757
1753312718.753150
1753312718.782364
1753312718.823301
1753312718.849634
1753312718.888777
1753312718.914220
1753312718.953801
1753312718.987012
1753312719.018490
1753312719.046370
1753312719.085398
1753312719.117134
1753312719.149702
1753312719.184614
1753312719.217326
1753312719.259310
1753312719.283244
1753312719.320365
1753312719.350060
1753312719.387086
1753312719.424397
1753312719.448270
1753312719.491772
1753312719.516673
1753312719.554168
1753312719.581260
1753312719.625334
1753312719.650106
1753312719.687301
1753312719.715627
1753312719.756825
1753312719.783790
1753312719.820271
1753312719.849005
1753312719.885548
1753312719.925046
1753312719.948705
1753312719.991143
1753312720.013934
1753312720.050758
1753312720.091234
1753312720.117338
1753312720.154295
1753312720.181471
1753312720.223691
1753312720.247556
1753312720.285359
1753312720.316884
1753312720.353097
1753312720.384978
1753312720.423797
1753312720.447740
1753312720.488223
1753312720.524340
1753312720.551032
1753312720.585834
1753312720.619488
1753312720.656626
1753312720.684630
1753312720.719098
1753312720.754332
1753312720.783969
1753312720.821637
1753312720.849458
1753312720.886210
1753312720.921667
1753312720.952697
1753312720.984378
1753312721.024584
1753312721.049436
1753312721.091515
1753312721.114494
1753312721.159666
1753312721.183360
1753312721.226249
1753312721.248354
1753312721.287236
1753312721.325425
1753312721.350887
1753312721.385581
1753312721.421109
1753312721.457568
1753312721.485251
1753312721.519799
1753312721.551320
1753312721.592941
1753312721.616828
1753312721.651448
1753312721.688193
1753312721.722368
1753312721.750963
1753312721.784738
1753312721.819318
1753312721.857924
1753312721.883925
1753312721.917575
1753312721.953526
1753312721.990738
1753312722.017027
1753312722.047926
1753312722.089166
1753312722.120694
1753312722.154228
1753312722.182293
1753312722.223978
1753312722.251084
1753312722.289345
1753312722.315258
1753312722.353183
1753312722.392112
1753312722.417054
1753312722.450604
1753312722.492640
1753312722.517018
1753312722.554580
1753312722.582303
1753312722.619173
1753312722.657783
1753312722.684379
1753312722.717917
1753312722.755021
1753312722.791240
1753312722.817496
1753312722.852165
1753312722.889094
1753312722.917601
1753312722.958181
1753312722.982713
1753312723.029037
1753312723.048840
1753312723.096339
1753312723.116138
1753312723.162579
1753312723.183717
1753312723.219755
1753312723.249350
1753312723.294877
1753312723.317418
1753312723.360331
1753312723.383153
1753312723.428539
1753312723.450416
1753312723.492551
1753312723.516418
1753312723.562083
1753312723.583678
1753312723.622483
1753312723.650589
1753312723.688663
1753312723.723555
1753312723.751854
1753312723.786486
1753312723.821897
1753312723.856790
1753312723.885078
1753312723.919682
1753312723.955586
1753312723.985126
1753312724.026743
1753312724.049011
1753312724.093752
1753312724.115985
1753312724.163386
1753312724.183299
1753312724.224351
1753312724.253395
1753312724.294819
1753312724.316406
1753312724.354120
1753312724.395777
1753312724.417012
1753312724.456572
1753312724.484123
1753312724.525108
1753312724.552333
1753312724.585570
1753312724.623905
1753312724.651682
1753312724.694063
1753312724.716498
1753312724.756034
1753312724.785252
1753312724.827574
1753312724.849932
1753312724.897667
1753312724.916976
1753312724.957342
1753312724.983651
1753312725.023413
1753312725.054372
1753312725.095919
1753312725.117012
1753312725.163392
1753312725.183887
1753312725.227700
1753312725.250413
1753312725.291797
1753312725.319365
1753312725.362093
1753312725.383727
1753312725.427638
1753312725.450841
1753312725.496859
1753312725.516952
1753312725.558400
1753312725.586404
1753312725.627966
1753312725.650216
1753312725.696871
1753312725.717200
1753312725.762782
1753312725.783595
1753312725.827250
1753312725.852217
1753312725.892884
1753312725.917348
1753312725.955175
1753312725.994806
1753312726.017907
1753312726.049654
1753312726.096350
1753312726.117317
1753312726.160885
1753312726.183847
1753312726.227355
1753312726.251241
1753312726.295054
1753312726.317682
1753312726.359552
1753312726.385690
1753312726.427893
1753312726.451009
1753312726.493029
1753312726.519245
1753312726.561990
1753312726.584332
1753312726.625900
1753312726.655438
1753312726.697491
1753312726.717509
1753312726.760717
1753312726.785716
1753312726.828196
1753312726.851164
1753312726.893676
1753312726.919924
1753312726.963163
1753312726.984751
1753312727.026772
1753312727.053224
1753312727.095984
1753312727.117867
1753312727.161397
1753312727.185070
1753312727.227112
1753312727.251479
1753312727.293271
1753312727.319615
1753312727.361165
1753312727.384846
1753312727.428315
1753312727.452016
1753312727.494484
1753312727.518233
1753312727.563136
1753312727.584867
1753312727.628263
1753312727.651711
1753312727.693410
1753312727.724693
1753312727.759334
1753312727.785052
1753312727.828462
1753312727.853701
1753312727.896518
1753312727.918201
1753312727.960091
1753312727.987875
1753312728.030592
1753312728.050836
1753312728.093742
1753312728.118520
1753312728.160558
1753312728.184982
1753312728.225571
1753312728.257185
1753312728.294278
1753312728.330822
1753312728.351768
1753312728.395881
1753312728.419163
1753312728.458534
1753312728.493494
1753312728.519116
1753312728.561965
1753312728.585661
1753312728.627641
1753312728.652415
1753312728.695796
1753312728.719269
1753312728.761318
1753312728.785675
1753312728.828630
1753312728.856122
1753312728.897472
1753312728.918804
1753312728.957346
1753312728.997613
1753312729.019096
1753312729.055006
1753312729.095454
1753312729.119515
1753312729.163663
1753312729.185958
1753312729.222016
1753312729.253611
1753312729.290637
1753312729.319299
1753312729.362792
1753312729.386226
1753312729.428953
1753312729.452914
1753312729.494628
1753312729.522907
1753312729.565129
1753312729.585992
1753312729.628488
1753312729.654037
1753312729.697540
1753312729.719287
1753312729.758124
1753312729.792530
1753312729.829271
1753312729.852767
1753312729.895187
1753312729.922318
1753312729.963990
1753312729.985812
1753312730.028934
1753312730.053158
1753312730.092159
1753312730.118665
1753312730.155117
1753312730.190343
1753312730.222070
1753312730.251347
1753312730.290249
1753312730.324145
1753312730.352775
1753312730.387006
1753312730.423713
1753312730.456456
1753312730.490177
1753312730.518340
1753312730.556134
1753312730.591081
1753312730.622314
1753312730.651535
1753312730.695606
1753312730.722726
1753312730.762969
1753312730.786344
1753312730.830107
1753312730.854056
1753312730.897165
1753312730.920025
1753312730.962915
1753312730.989232
1753312731.031073
1753312731.052299
1753312731.095132
1753312731.122769
1753312731.165444
1753312731.186586
1753312731.229671
1753312731.256367
1753312731.293614
1753312731.321118
1753312731.363360
1753312731.387579
1753312731.432196
1753312731.453222
1753312731.495802
1753312731.523635
1753312731.565026
1753312731.586590
1753312731.628940
1753312731.654748
1753312731.698101
1753312731.719947
1753312731.760078
1753312731.795181
1753312731.822782
1753312731.854818
1753312731.897084
1753312731.920546
1753312731.962300
1753312731.986703
1753312732.029320
1753312732.052499
1753312732.098472
1753312732.120029
1753312732.162589
1753312732.188212
1753312732.230337
1753312732.253367
1753312732.296493
1753312732.324228
1753312732.365149
1753312732.386994
1753312732.430382
1753312732.454934
1753312732.498544
1753312732.520480
1753312732.563363
1753312732.592066
1753312732.631892
1753312732.653781
1753312732.697695
1753312732.722298
1753312732.764713
1753312732.787158
1753312732.831196
1753312732.858636
1753312732.895212
1753312732.922702
1753312732.964400
1753312732.989127
1753312733.031538
1753312733.053221
1753312733.096107
1753312733.127515
1753312733.164364
1753312733.187457
1753312733.232674
1753312733.255464
1753312733.291915
1753312733.321053
1753312733.362451
1753312733.391283
1753312733.431900
1753312733.453990
1753312733.500290
1753312733.523310
1753312733.565187
1753312733.587793
1753312733.630157
1753312733.660078
1753312733.696656
1753312733.721001
1753312733.765281
1753312733.789011
1753312733.831819
1753312733.854481
1753312733.896946
1753312733.925741
1753312733.958529
1753312733.989252
1753312734.031142
1753312734.053523
1753312734.096781
1753312734.121114
1753312734.163861
1753312734.192560
1753312734.232731
1753312734.254447
1753312734.296492
1753312734.328275
1753312734.364219
1753312734.387877
1753312734.429329
1753312734.458539
1753312734.498457
1753312734.521327
1753312734.564687
1753312734.590405
1753312734.631910
1753312734.654655
1753312734.698754
1753312734.723603
1753312734.765457
1753312734.788458
1753312734.831393
1753312734.861798
1753312734.896797
1753312734.921860
1753312734.963468
1753312734.993819
1753312735.031295
1753312735.054346
1753312735.098173
1753312735.127774
1753312735.165491
1753312735.188845
1753312735.232168
1753312735.258454
1753312735.298409
1753312735.322732
1753312735.365271
1753312735.388744
1753312735.427947
1753312735.456525
1753312735.497560
1753312735.527919
1753312735.566110
1753312735.588740
1753312735.631533
1753312735.659958
1753312735.700267
1753312735.721892
1753312735.762069
1753312735.797286
1753312735.827165
1753312735.855764
1753312735.894711
1753312735.928904
1753312735.964190
1753312735.988719
1753312736.031373
1753312736.054749
1753312736.097952
1753312736.122247
1753312736.165172
1753312736.192295
1753312736.232845
1753312736.255580
1753312736.298086
1753312736.327638
1753312736.364944
1753312736.389009
1753312736.432365
1753312736.458553
1753312736.499463
1753312736.522588
1753312736.565865
1753312736.593686
1753312736.633828
1753312736.665093
1753312736.689320
1753312736.732491
1753312736.762191
1753312736.798959
1753312736.828736
1753312736.860043
1753312736.897702
1753312736.930225
1753312736.965307
1753312736.992084
1753312737.032315
1753312737.056491
1753312737.099041
1753312737.125763
1753312737.165729
1753312737.195877
1753312737.231917
1753312737.259035
1753312737.298983
1753312737.329697
1753312737.361702
1753312737.394334
1753312737.428693
1753312737.463020
1753312737.499017
1753312737.523310
1753312737.563857
1753312737.599059
1753312737.629216
1753312737.660505
1753312737.697576
1753312737.732229
1753312737.762568
1753312737.794555
1753312737.830478
1753312737.865640
1753312737.896475
1753312737.926860
1753312737.965810
1753312737.994797
1753312738.033003
1753312738.055872
1753312738.100249
1753312738.126226
1753312738.165664
1753312738.190530
1753312738.232002
1753312738.261679
1753312738.297546
1753312738.325811
1753312738.366482
1753312738.396491
1753312738.432112
1753312738.457900
1753312738.499249
1753312738.529949
1753312738.565437
1753312738.593214
1753312738.629245
1753312738.658644
1753312738.691208
1753312738.730979
1753312738.760342
1753312738.799915
1753312738.830075
1753312738.861572
1753312738.898396
1753312738.932035
1753312738.965256
1753312738.992176
1753312739.033088
1753312739.058205
1753312739.098875
1753312739.125721
1753312739.165948
1753312739.193939
1753312739.232257
1753312739.260236
1753312739.298416
1753312739.331638
1753312739.366210
1753312739.395071
1753312739.431528
1753312739.464275
1753312739.499377
1753312739.528391
1753312739.558950
1753312739.592438
1753312739.624143
1753312739.657182
1753312739.690515
1753312739.723811
1753312739.767031
1753312739.790946
1753312739.832744
1753312739.862650
1753312739.899703
1753312739.924173
1753312739.966129
1753312739.996562
1753312740.033379
1753312740.056574
1753312740.100811
1753312740.130118
1753312740.165600
1753312740.190851
1753312740.226965
1753312740.260955
1753312740.294757
1753312740.328897
1753312740.361351
1753312740.398601
1753312740.431623
1753312740.457682
1753312740.499254
1753312740.530621
1753312740.565698
1753312740.592898
1753312740.633703
1753312740.663100
1753312740.698821
1753312740.725031
1753312740.766092
1753312740.797765
1753312740.833438
1753312740.858016
1753312740.901521
1753312740.930763
1753312740.965961
1753312740.991645
1753312741.032350
1753312741.061477
1753312741.100018
1753312741.125685
1753312741.165992
1753312741.196590
1753312741.231027
1753312741.260557
1753312741.298242
1753312741.333391
1753312741.364547
1753312741.391022
1753312741.432332
1753312741.463202
1753312741.495806
1753312741.527274
1753312741.563939
1753312741.596407
1753312741.630135
1753312741.662398
1753312741.699354
1753312741.731165
1753312741.766511
1753312741.791209
1753312741.832876
1753312741.864562
1753312741.899808
1753312741.928364
1753312741.966642
1753312741.998414
1753312742.033051
1753312742.057695
1753312742.099699
1753312742.131683
1753312742.165385
1753312742.192119
1753312742.232552
1753312742.266034
1753312742.298339
1753312742.325389
1753312742.366343
1753312742.396960
1753312742.432466
1753312742.458196
1753312742.499863
1753312742.532463
1753312742.566906
1753312742.592334
1753312742.633234
1753312742.664139
1753312742.699722
1753312742.727230
1753312742.765250
1753312742.799894
1753312742.831550
1753312742.858958
1753312742.899508
1753312742.931178
1753312742.966070
1753312742.992182
1753312743.032952
1753312743.061773
1753312743.100171
1753312743.125671
1753312743.166234
1753312743.198251
1753312743.233046
1753312743.259226
1753312743.300078
1753312743.331549
1753312743.362160
1753312743.392530
1753312743.432737
1753312743.460940
1753312743.501032
1753312743.527027
1753312743.567748
1753312743.598262
1753312743.633619
1753312743.659075
1753312743.696937
1753312743.730989
1753312743.767096
1753312743.793123
1753312743.833601
1753312743.865546
1753312743.898358
1753312743.929362
1753312743.966539
1753312743.998326
1753312744.034101
1753312744.058544
1753312744.099066
1753312744.127089
1753312744.166491
1753312744.193034
1753312744.233568
1753312744.267160
1753312744.299170
1753312744.327535
1753312744.366386
1753312744.395351
1753312744.433796
1753312744.459579
1753312744.499336
1753312744.535133
1753312744.566072
1753312744.593492
1753312744.634047
1753312744.665960
1753312744.700252
1753312744.726842
1753312744.765688
1753312744.799222
1753312744.834356
1753312744.860269
1753312744.901094
1753312744.932054
1753312744.966224
1753312745.001003
1753312745.026859
1753312745.064084
1753312745.099709
1753312745.133398
1753312745.167410
1753312745.198011
1753312745.233776
1753312745.268210
1753312745.299200
1753312745.331763
1753312745.367188
1753312745.401788
1753312745.434401
1753312745.460419
1753312745.500616
1753312745.535196
1753312745.568319
1753312745.598473
1753312745.633422
1753312745.668010
1753312745.702644
1753312745.731444
1753312745.764060
1753312745.800824
1753312745.835549
1753312745.864790
1753312745.900061
1753312745.934334
1753312745.968562
1753312745.997798
1753312746.032247
1753312746.066415
1753312746.100797
1753312746.130306
1753312746.166298
1753312746.201215
1753312746.235303
1753312746.262143
1753312746.302749
1753312746.332829
1753312746.367235
1753312746.396827
1753312746.432547
1753312746.466006
1753312746.500624
1753312746.527965
1753312746.568318
1753312746.601798
1753312746.632744
1753312746.662781
1753312746.702902
1753312746.731574
1753312746.767247
1753312746.795496
1753312746.836044
1753312746.865968
1753312746.900268
1753312746.931545
1753312746.967371
1753312747.000665
1753312747.035734
1753312747.060159
1753312747.100712
1753312747.134800
1753312747.169056
1753312747.195129
1753312747.235109
1753312747.269461
1753312747.299752
1753312747.330906
1753312747.366593
1753312747.400767
1753312747.433976
1753312747.462005
1753312747.502606
1753312747.532356
1753312747.569395
1753312747.596749
1753312747.633355
1753312747.667241
1753312747.701641
1753312747.730614
1753312747.767014
1753312747.799489
1753312747.834391
1753312747.865214
1753312747.900514
1753312747.934833
1753312747.968390
1753312747.997290
1753312748.033910
1753312748.066211
1753312748.100512
1753312748.130994
1753312748.165927
1753312748.201739
1753312748.236114
1753312748.261692
1753312748.302720
1753312748.332997
1753312748.367405
1753312748.397278
1753312748.433467
1753312748.466083
1753312748.502221
1753312748.530719
1753312748.567320
1753312748.601664
1753312748.636447
1753312748.662812
1753312748.702823
1753312748.732616
1753312748.768248
1753312748.797781
1753312748.834297
1753312748.869655
1753312748.899301
1753312748.931123
1753312748.966975
1753312749.001794
1753312749.036659
1753312749.061224
1753312749.101831
1753312749.136857
1753312749.166630
1753312749.201387
1753312749.234983
1753312749.270409
1753312749.300662
1753312749.332708
1753312749.367494
1753312749.402426
1753312749.434378
1753312749.466238
1753312749.501988
1753312749.536903
1753312749.567740
1753312749.599377
1753312749.634357
1753312749.667778
1753312749.702746
1753312749.732609
1753312749.768168
1753312749.802779
1753312749.834171
1753312749.866330
1753312749.901194
1753312749.936501
1753312749.967940
1753312749.998779
1753312750.036904
1753312750.062913
1753312750.100988
1753312750.131935
1753312750.171274
1753312750.197569
1753312750.231738
1753312750.262249
1753312750.295759
1753312750.328955
1753312750.362207
1753312750.395667
1753312750.428940
1753312750.462292
1753312750.495664
1753312750.529076
1753312750.563693
1753312750.597825
1753312750.628994
1753312750.664525
1753312750.703155
1753312750.733858
1753312750.765020
1753312750.796041
1753312750.833238
1753312750.866714
1753312750.900398
1753312750.929747
1753312750.967278
1753312751.001613
1753312751.037265
1753312751.063523
1753312751.100043
1753312751.134687
1753312751.166050
1753312751.200182
1753312751.235859
1753312751.268137
1753312751.304364
1753312751.330926
1753312751.367726
1753312751.407841
1753312751.433251
1753312751.464565
1753312751.501925
1753312751.533438
1753312751.572575
1753312751.598060
1753312751.633621
1753312751.674989
1753312751.698995
1753312751.734414
1753312751.768904
1753312751.800415
1753312751.837192
1753312751.863698
1753312751.901404
1753312751.937682
1753312751.968565
1753312751.999400
1753312752.039785
1753312752.063173
1753312752.101109
1753312752.133339
1753312752.168826
1753312752.208021
1753312752.233452
1753312752.266642
1753312752.301932
1753312752.338897
1753312752.368162
1753312752.400030
1753312752.441047
1753312752.464846
1753312752.501796
1753312752.530523
1753312752.569026
1753312752.601162
1753312752.635205
1753312752.664116
1753312752.701770
1753312752.733935
1753312752.767692
1753312752.797195
1753312752.833673
1753312752.867364
1753312752.904314
1753312752.933338
1753312752.970200
1753312753.004536
1753312753.035527
1753312753.064145
1753312753.102924
1753312753.135599
1753312753.174637
1753312753.197527
1753312753.243542
1753312753.266852
1753312753.307467
1753312753.338326
1753312753.364118
1753312753.402399
1753312753.432902
1753312753.466454
1753312753.507151
1753312753.532808
1753312753.574516
1753312753.601088
1753312753.634331
1753312753.665571
1753312753.699539
1753312753.733182
1753312753.770700
1753312753.798188
1753312753.835367
1753312753.867748
1753312753.901186
1753312753.931258
1753312753.965331
1753312754.002841
1753312754.034999
1753312754.064690
1753312754.101849
1753312754.137546
1753312754.168838
1753312754.198074
1753312754.234127
1753312754.274992
1753312754.300535
1753312754.334657
1753312754.371162
1753312754.401697
1753312754.444052
1753312754.465044
1753312754.507337
1753312754.534378
1753312754.577713
1753312754.598417
1753312754.644620
1753312754.666994
1753312754.704067
1753312754.734525
1753312754.775886
1753312754.801039
1753312754.839404
1753312754.866931
1753312754.908923
1753312754.933971
1753312754.978037
1753312754.998790
1753312755.041684
1753312755.067918
1753312755.106312
1753312755.134054
1753312755.173736
1753312755.203760
1753312755.239952
1753312755.266367
1753312755.303938
1753312755.344507
1753312755.367277
1753312755.405619
1753312755.434800
1753312755.475207
1753312755.501156
1753312755.538248
1753312755.567837
1753312755.608569
1753312755.635297
1753312755.672752
1753312755.701074
1753312755.739668
1753312755.772917
1753312755.800545
1753312755.841934
1753312755.868430
1753312755.908127
1753312755.932278
1753312755.976813
1753312756.000652
1753312756.042169
1753312756.065696
1753312756.103296
1753312756.143315
1753312756.167441
1753312756.199576
1753312756.236587
1753312756.277767
1753312756.300797
1753312756.335341
1753312756.372165
1753312756.407244
1753312756.435026
1753312756.467581
1753312756.504483
1753312756.541525
1753312756.568369
1753312756.602758
1753312756.638977
1753312756.670187
1753312756.711394
1753312756.732804
1753312756.774390
1753312756.801870
1753312756.841920
1753312756.866205
1753312756.910708
1753312756.934334
1753312756.977341
1753312756.999698
1753312757.037828
1753312757.072718
1753312757.101885
1753312757.136975
1753312757.177932
1753312757.200248
1753312757.239056
1753312757.267678
1753312757.304969
1753312757.338185
1753312757.379538
1753312757.399982
1753312757.444502
1753312757.467654
1753312757.507994
1753312757.533488
1753312757.571319
1753312757.610935
1753312757.634259
1753312757.672343
1753312757.707283
1753312757.735459
1753312757.777858
1753312757.800412
1753312757.843747
1753312757.867915
1753312757.909204
1753312757.933471
1753312757.979104
1753312758.001170
1753312758.040659
1753312758.067195
1753312758.111226
1753312758.135037
1753312758.176428
1753312758.200675
1753312758.241003
1753312758.269626
1753312758.311624
1753312758.334025
1753312758.377878
1753312758.401755
1753312758.441624
1753312758.467283
1753312758.512768
1753312758.534682
1753312758.575693
1753312758.600426
1753312758.643746
1753312758.667268
1753312758.711085
1753312758.733756
1753312758.780025
1753312758.801489
1753312758.843031
1753312758.867402
1753312758.913974
1753312758.934207
1753312758.981961
1753312759.000951
1753312759.041879
1753312759.069886
1753312759.112338
1753312759.134285
1753312759.178196
1753312759.201540
1753312759.242543
1753312759.267876
1753312759.309062
1753312759.343210
1753312759.369840
1753312759.413001
1753312759.434596
1753312759.476913
1753312759.504035
1753312759.543918
1753312759.567819
1753312759.609098
1753312759.640609
1753312759.668578
1753312759.710389
1753312759.737583
1753312759.780111
1753312759.801188
1753312759.839042
1753312759.877669
1753312759.902035
1753312759.937193
1753312759.972458
1753312760.008365
1753312760.038812
1753312760.068910
1753312760.108926
1753312760.134932
1753312760.177070
1753312760.201033
1753312760.244791
1753312760.268288
1753312760.309833
1753312760.334612
1753312760.378458
1753312760.401805
1753312760.444717
1753312760.468014
1753312760.511466
1753312760.537023
1753312760.578788
1753312760.601654
1753312760.645311
1753312760.669103
1753312760.711841
1753312760.734984
1753312760.780680
1753312760.801899
1753312760.846150
1753312760.868328
1753312760.912383
1753312760.935222
1753312760.978737
1753312761.001493
1753312761.040898
1753312761.074552
1753312761.105170
1753312761.135831
1753312761.170861
1753312761.211879
1753312761.237166
1753312761.275642
1753312761.302228
1753312761.345846
1753312761.370584
1753312761.408321
1753312761.435558
1753312761.476246
1753312761.511174
1753312761.535458
1753312761.572699
1753312761.612648
1753312761.638625
1753312761.680702
1753312761.702193
1753312761.746028
1753312761.769183
1753312761.812729
1753312761.835888
1753312761.873130
1753312761.908448
1753312761.941887
1753312761.975532
1753312762.002245
1753312762.042158
1753312762.075811
1753312762.110929
1753312762.135484
1753312762.178384
1753312762.202324
1753312762.245778
1753312762.268892
1753312762.314242
1753312762.335811
1753312762.379259
1753312762.402088
1753312762.444108
1753312762.467991
1753312762.511854
1753312762.535540
1753312762.577569
1753312762.602720
1753312762.647514
1753312762.668876
1753312762.709982
1753312762.743240
1753312762.774121
1753312762.802861
1753312762.843778
1753312762.872113
1753312762.914725
1753312762.935476
1753312762.981844
1753312763.002774
1753312763.042473
1753312763.069592
1753312763.112066
1753312763.137042
1753312763.181311
1753312763.202747
1753312763.243076
1753312763.269747
1753312763.311189
1753312763.335685
1753312763.373197
1753312763.409612
1753312763.436440
1753312763.468529
1753312763.502903
1753312763.537900
1753312763.579802
1753312763.602476
1753312763.639100
1753312763.679629
1753312763.702785
1753312763.734778
1753312763.768350
1753312763.804769
1753312763.839349
1753312763.869274
1753312763.906965
1753312763.942832
1753312763.969284
1753312764.002842
1753312764.039729
1753312764.076034
1753312764.103432
1753312764.135959
1753312764.171863
1753312764.210165
1753312764.236474
1753312764.269383
1753312764.303109
1753312764.341446
1753312764.371580
1753312764.402827
1753312764.436760
1753312764.473757
1753312764.510833
1753312764.536339
1753312764.574370
1753312764.610075
1753312764.637388
1753312764.669542
1753312764.707159
1753312764.743343
1753312764.770596
1753312764.803308
1753312764.841814
1753312764.874102
1753312764.907229
1753312764.936515
1753312764.976380
1753312765.004110
1753312765.042630
1753312765.069977
1753312765.106053
1753312765.145891
1753312765.170932
1753312765.203509
1753312765.242555
1753312765.271016
1753312765.312395
1753312765.336765
1753312765.377775
1753312765.404397
1753312765.446736
1753312765.470098
1753312765.510473
1753312765.539147
1753312765.577186
1753312765.603637
1753312765.645632
1753312765.671626
1753312765.713444
1753312765.736838
1753312765.779619
1753312765.805454
1753312765.848147
1753312765.870352
1753312765.910942
1753312765.939338
1753312765.982868
1753312766.003864
1753312766.042144
1753312766.074988
1753312766.115036
1753312766.137336
1753312766.178346
1753312766.205443
1753312766.247912
1753312766.270667
1753312766.313781
1753312766.339040
1753312766.381515
1753312766.404012
1753312766.447362
1753312766.471392
1753312766.514816
1753312766.537306
1753312766.582080
1753312766.605731
1753312766.648260
1753312766.671024
1753312766.713995
1753312766.738910
1753312766.782763
1753312766.804454
1753312766.846721
1753312766.872088
1753312766.914818
1753312766.937724
1753312766.980460
1753312767.006781
1753312767.042285
1753312767.071582
1753312767.108761
1753312767.140974
1753312767.181993
1753312767.204413
1753312767.247626
1753312767.273365
1753312767.312438
1753312767.338013
1753312767.381257
1753312767.406260
1753312767.449027
1753312767.471283
1753312767.515066
1753312767.539336
1753312767.581664
1753312767.604182
1753312767.648039
1753312767.676756
1753312767.716193
1753312767.738099
1753312767.781352
1753312767.809237
1753312767.848841
1753312767.871593
1753312767.914721
1753312767.940116
1753312767.978293
1753312768.005215
1753312768.043215
1753312768.079360
1753312768.110129
1753312768.138370
1753312768.180009
1753312768.206941
1753312768.246171
1753312768.271640
1753312768.315005
1753312768.340857
1753312768.382407
1753312768.405252
1753312768.449630
1753312768.473725
1753312768.515152
1753312768.538789
1753312768.580271
1753312768.608109
1753312768.649428
1753312768.671975
1753312768.713963
1753312768.740703
1753312768.783861
1753312768.805331
1753312768.847018
1753312768.874501
1753312768.915288
1753312768.938684
1753312768.981583
1753312769.008510
1753312769.045742
1753312769.072122
1753312769.114873
1753312769.142105
1753312769.182491
1753312769.205226
1753312769.247635
1753312769.271648
1753312769.314258
1753312769.338090
1753312769.379760
1753312769.407607
1753312769.448974
1753312769.472243
1753312769.513496
1753312769.541012
1753312769.582353
1753312769.605552
1753312769.643464
1753312769.680755
1753312769.706922
1753312769.738912
1753312769.775488
1753312769.810617
