1753313633.849039
1753313633.948930
1753313633.981632
1753313634.016143
1753313634.049610
1753313634.083472
1753313634.116528
1753313634.148926
1753313634.183137
1753313634.220130
1753313634.253338
1753313634.283195
1753313634.326113
1753313634.359671
1753313634.393211
1753313634.425116
1753313634.461292
1753313634.489330
1753313634.525948
1753313634.557458
1753313634.594587
1753313634.626963
1753313634.662878
1753313634.697675
1753313634.730352
1753313634.761720
1753313634.797589
1753313634.828568
1753313634.862543
1753313634.896205
1753313634.931544
1753313634.961267
1753313634.996881
1753313635.030085
1753313635.062011
1753313635.095366
1753313635.129613
1753313635.163359
1753313635.196027
1753313635.229842
1753313635.262902
1753313635.298395
1753313635.320871
1753313635.349838
1753313635.383125
1753313635.423862
1753313635.451338
1753313635.482583
1753313635.516131
1753313635.552302
1753313635.587226
1753313635.624360
1753313635.649436
1753313635.686482
1753313635.727158
1753313635.750619
1753313635.782737
1753313635.824686
1753313635.851662
1753313635.890459
1753313635.916247
1753313635.957692
1753313635.985115
1753313636.026797
1753313636.049796
1753313636.085706
1753313636.121774
1753313636.152130
1753313636.182550
1753313636.221361
1753313636.253590
1753313636.288904
1753313636.316299
1753313636.354007
1753313636.388029
1753313636.421053
1753313636.450003
1753313636.486687
1753313636.522640
1753313636.554062
1753313636.583250
1753313636.620972
1753313636.654560
1753313636.687330
1753313636.716556
1753313636.755900
1753313636.786812
1753313636.822481
1753313636.850050
1753313636.892831
1753313636.919376
1753313636.960821
1753313636.983437
1753313637.028386
1753313637.050144
1753313637.093790
1753313637.116932
1753313637.159590
1753313637.185109
1753313637.224291
1753313637.250252
1753313637.293509
1753313637.320360
1753313637.361450
1753313637.383672
1753313637.425622
1753313637.453487
1753313637.491920
1753313637.517003
1753313637.559681
1753313637.586803
1753313637.628918
1753313637.650427
1753313637.693637
1753313637.720357
1753313637.761570
1753313637.783828
1753313637.827106
1753313637.853394
1753313637.889195
1753313637.917348
1753313637.959141
1753313637.991210
1753313638.026910
1753313638.050722
1753313638.093984
1753313638.120483
1753313638.161596
1753313638.184242
1753313638.225805
1753313638.253646
1753313638.294729
1753313638.317608
1753313638.361065
1753313638.383664
1753313638.426924
1753313638.450926
1753313638.492461
1753313638.524942
1753313638.559319
1753313638.584296
1753313638.627343
1753313638.653177
1753313638.694618
1753313638.717629
1753313638.763040
1753313638.787631
1753313638.828211
1753313638.851234
1753313638.896326
1753313638.920761
1753313638.961031
1753313638.984569
1753313639.025519
1753313639.053549
1753313639.094839
1753313639.118148
1753313639.161101
1753313639.189035
1753313639.229140
1753313639.253241
1753313639.290162
1753313639.321517
1753313639.362015
1753313639.384814
1753313639.426995
1753313639.455506
1753313639.493214
1753313639.517864
1753313639.560520
1753313639.587830
1753313639.628346
1753313639.651413
1753313639.687821
1753313639.724204
1753313639.759035
1753313639.784880
1753313639.822529
1753313639.858786
1753313639.886991
1753313639.918455
1753313639.957409
1753313639.993810
1753313640.017564
1753313640.051441
1753313640.095605
1753313640.123217
1753313640.160543
1753313640.184950
1753313640.227000
1753313640.256487
1753313640.294266
1753313640.318370
1753313640.360246
1753313640.390902
1753313640.427325
1753313640.452015
1753313640.489779
1753313640.527893
1753313640.558448
1753313640.585288
1753313640.630545
1753313640.655380
1753313640.696045
1753313640.718637
1753313640.761894
1753313640.790072
1753313640.827979
1753313640.852156
1753313640.886981
1753313640.921201
1753313640.959890
1753313640.985617
1753313641.029850
1753313641.053249
1753313641.094760
1753313641.118945
1753313641.162845
1753313641.190216
1753313641.229109
1753313641.252732
1753313641.296889
1753313641.323690
1753313641.361479
1753313641.386141
1753313641.428163
1753313641.458253
1753313641.489569
1753313641.519371
1753313641.556600
1753313641.588374
1753313641.625801
1753313641.653644
1753313641.694774
1753313641.725461
1753313641.761112
1753313641.785882
1753313641.829567
1753313641.857994
1753313641.895735
1753313641.919284
1753313641.962481
1753313641.991096
1753313642.028484
1753313642.052253
1753313642.092125
1753313642.127433
1753313642.158914
1753313642.186041
1753313642.228034
1753313642.257710
1753313642.294389
1753313642.319432
1753313642.358541
1753313642.394553
1753313642.424117
1753313642.452755
1753313642.493402
1753313642.527777
1753313642.558344
1753313642.586189
1753313642.627837
1753313642.656993
1753313642.696130
1753313642.719662
1753313642.761941
1753313642.792311
1753313642.827586
1753313642.853017
1753313642.894794
1753313642.925347
1753313642.961003
1753313642.986760
1753313643.028104
1753313643.054770
1753313643.095663
1753313643.119960
1753313643.163130
1753313643.191579
1753313643.230260
1753313643.253494
1753313643.294820
1753313643.325567
1753313643.361218
1753313643.386778
1753313643.429214
1753313643.458888
1753313643.494220
1753313643.520180
1753313643.561540
1753313643.589534
1753313643.629977
1753313643.653600
1753313643.695323
1753313643.726320
1753313643.761551
1753313643.786778
1753313643.830731
1753313643.860171
1753313643.895225
1753313643.927674
1753313643.954040
1753313643.993907
1753313644.028043
1753313644.055755
1753313644.090339
1753313644.127253
1753313644.161716
1753313644.194929
1753313644.220529
1753313644.261663
1753313644.293429
1753313644.323847
1753313644.357140
1753313644.395488
1753313644.426140
1753313644.460135
1753313644.488269
1753313644.529312
1753313644.560651
1753313644.594972
1753313644.621347
1753313644.658143
1753313644.696609
1753313644.728203
1753313644.754326
1753313644.795068
1753313644.824463
1753313644.862030
1753313644.887741
1753313644.929388
1753313644.960890
1753313644.996192
1753313645.021287
1753313645.059591
1753313645.095063
1753313645.127724
1753313645.157270
1753313645.196532
1753313645.224653
1753313645.256795
1753313645.287192
1753313645.326206
1753313645.362869
1753313645.395568
1753313645.422638
1753313645.461348
1753313645.494535
1753313645.529425
1753313645.555610
1753313645.596780
1753313645.628456
1753313645.661462
1753313645.690500
1753313645.728752
1753313645.760837
1753313645.795681
1753313645.824340
1753313645.863577
1753313645.894677
1753313645.928188
1753313645.956925
1753313645.994393
1753313646.029554
1753313646.057518
1753313646.092677
1753313646.128100
1753313646.162175
1753313646.196717
1753313646.221759
1753313646.262378
1753313646.293520
1753313646.327994
1753313646.354905
1753313646.393135
1753313646.429435
1753313646.460847
1753313646.488302
1753313646.529233
1753313646.562969
1753313646.595408
1753313646.621649
1753313646.662348
1753313646.694236
1753313646.728865
1753313646.755306
1753313646.794875
1753313646.827104
1753313646.862389
1753313646.888842
1753313646.928482
1753313646.960763
1753313646.995405
1753313647.022283
1753313647.059372
1753313647.095375
1753313647.129157
1753313647.155514
1753313647.198146
1753313647.228235
1753313647.261189
1753313647.289162
1753313647.328916
1753313647.362482
1753313647.396437
1753313647.422525
1753313647.461683
1753313647.493944
1753313647.528550
1753313647.556679
1753313647.596484
1753313647.630452
1753313647.662401
1753313647.689397
1753313647.729332
1753313647.763055
1753313647.796729
1753313647.822503
1753313647.861826
1753313647.894664
1753313647.928227
1753313647.959486
1753313647.995362
1753313648.029674
1753313648.059681
1753313648.093285
1753313648.129345
1753313648.162885
1753313648.197348
1753313648.222906
1753313648.261980
1753313648.291245
1753313648.331357
1753313648.356196
1753313648.393684
1753313648.429443
1753313648.461917
1753313648.492631
1753313648.529027
1753313648.562660
1753313648.595093
1753313648.624720
1753313648.665129
1753313648.694512
1753313648.731413
1753313648.756459
1753313648.796866
1753313648.830785
1753313648.861145
1753313648.893877
1753313648.930962
1753313648.960477
1753313648.995906
1753313649.025527
1753313649.058052
1753313649.096834
1753313649.130346
1753313649.157097
1753313649.197332
1753313649.231836
1753313649.262875
1753313649.290722
1753313649.330899
1753313649.361524
1753313649.396386
1753313649.424004
1753313649.463128
1753313649.497416
1753313649.531177
1753313649.557285
1753313649.597880
1753313649.628446
1753313649.663565
1753313649.690243
1753313649.730107
1753313649.764012
1753313649.798222
1753313649.823834
1753313649.862865
1753313649.897795
1753313649.929789
1753313649.955967
1753313649.996187
1753313650.030292
1753313650.060194
1753313650.093384
1753313650.133157
1753313650.162264
1753313650.196731
1753313650.225013
1753313650.264648
1753313650.295338
1753313650.329960
1753313650.359010
1753313650.396407
1753313650.427393
1753313650.462610
1753313650.492958
1753313650.529574
1753313650.564300
1753313650.597633
1753313650.623682
1753313650.664216
1753313650.697423
1753313650.732982
1753313650.757104
1753313650.797731
1753313650.831549
1753313650.862485
1753313650.890689
1753313650.931370
1753313650.959086
1753313650.992685
1753313651.024958
1753313651.061533
1753313651.099748
1753313651.128600
1753313651.157398
1753313651.197653
1753313651.229280
1753313651.262907
1753313651.292113
1753313651.332263
1753313651.364896
1753313651.395754
1753313651.424846
1753313651.463680
1753313651.497305
1753313651.532892
1753313651.557555
1753313651.598307
1753313651.628832
1753313651.663967
1753313651.691110
1753313651.731740
1753313651.762443
1753313651.797411
1753313651.824975
1753313651.866032
1753313651.896017
1753313651.931157
1753313651.958869
1753313651.999292
1753313652.030425
1753313652.057922
1753313652.098852
1753313652.124653
1753313652.165727
1753313652.196135
1753313652.231869
1753313652.262710
1753313652.291541
1753313652.334310
1753313652.362305
1753313652.401261
1753313652.424490
1753313652.464073
1753313652.497466
1753313652.531092
1753313652.558113
1753313652.598679
1753313652.631575
1753313652.663153
1753313652.693741
1753313652.730267
1753313652.765052
1753313652.796125
1753313652.827420
1753313652.867945
1753313652.895403
1753313652.935024
1753313652.958445
1753313652.998421
1753313653.032551
1753313653.062962
1753313653.093023
1753313653.133180
1753313653.163201
1753313653.198130
1753313653.225813
1753313653.263908
1753313653.298447
1753313653.333922
1753313653.358731
1753313653.396483
1753313653.432647
1753313653.464332
1753313653.491862
1753313653.529968
1753313653.564093
1753313653.599066
1753313653.625551
1753313653.664971
1753313653.699592
1753313653.734620
1753313653.758468
1753313653.796767
1753313653.831526
1753313653.867095
1753313653.892393
1753313653.933717
1753313653.962912
1753313653.999554
1753313654.026035
1753313654.062078
1753313654.102425
1753313654.129867
1753313654.160774
1753313654.201926
1753313654.229830
1753313654.264932
1753313654.292913
1753313654.330006
1753313654.366395
1753313654.401364
1753313654.425935
1753313654.467213
1753313654.495545
1753313654.537386
1753313654.559149
1753313654.600187
1753313654.630032
1753313654.665047
1753313654.694399
1753313654.730774
1753313654.766545
1753313654.798107
1753313654.828519
1753313654.870193
1753313654.896394
1753313654.937081
1753313654.959532
1753313654.997479
1753313655.036283
1753313655.058768
1753313655.095699
1753313655.132116
1753313655.164836
1753313655.197660
1753313655.226355
1753313655.263546
1753313655.299381
1753313655.335236
1753313655.359647
1753313655.401554
1753313655.429701
1753313655.464411
1753313655.494962
1753313655.532113
1753313655.562856
1753313655.599219
1753313655.626597
1753313655.662867
1753313655.703662
1753313655.729475
1753313655.760362
1753313655.797908
1753313655.834952
1753313655.863266
1753313655.893541
1753313655.931924
1753313655.963159
1753313655.999977
1753313656.026418
1753313656.062734
1753313656.098308
1753313656.134596
1753313656.159806
1753313656.199907
1753313656.230408
1753313656.262554
1753313656.292773
1753313656.337194
1753313656.362358
1753313656.399790
1753313656.426727
1753313656.466524
1753313656.500859
1753313656.532338
1753313656.560465
1753313656.602534
1753313656.629392
1753313656.668829
1753313656.693247
1753313656.738696
1753313656.763145
1753313656.800092
1753313656.826774
1753313656.872751
1753313656.895714
1753313656.938918
1753313656.960397
1753313657.003245
1753313657.030219
1753313657.064362
1753313657.094824
1753313657.133846
1753313657.168197
1753313657.196536
1753313657.228633
1753313657.266151
1753313657.300044
1753313657.331801
1753313657.361085
1753313657.399001
1753313657.439347
1753313657.461792
1753313657.496225
1753313657.532596
1753313657.569403
1753313657.596800
1753313657.629597
1753313657.666531
1753313657.703597
1753313657.730347
1753313657.763627
1753313657.805454
1753313657.829502
1753313657.867856
1753313657.894474
1753313657.939274
1753313657.962818
1753313658.000697
1753313658.027910
1753313658.064621
1753313658.098735
1753313658.136718
1753313658.160980
1753313658.198428
1753313658.236883
1753313658.262670
1753313658.294321
1753313658.340707
1753313658.362267
1753313658.400427
1753313658.427570
1753313658.467723
1753313658.503163
1753313658.530561
1753313658.561416
1753313658.601950
1753313658.630013
1753313658.668034
1753313658.694534
1753313658.742661
1753313658.761981
1753313658.806859
1753313658.828140
1753313658.865738
1753313658.903839
1753313658.930158
1753313658.962595
1753313658.999677
1753313659.040085
1753313659.060928
1753313659.097542
1753313659.133762
1753313659.168613
1753313659.203049
1753313659.228247
1753313659.274357
1753313659.296356
1753313659.337881
1753313659.361709
1753313659.399005
1753313659.436252
1753313659.462860
1753313659.496121
1753313659.534679
1753313659.569962
1753313659.597671
1753313659.631151
1753313659.671160
1753313659.697594
1753313659.737873
1753313659.762311
1753313659.806494
1753313659.829772
1753313659.872459
1753313659.895643
1753313659.940514
1753313659.963456
1753313660.002217
1753313660.029380
1753313660.065196
1753313660.106294
1753313660.130797
1753313660.166101
1753313660.205249
1753313660.230048
1753313660.267838
1753313660.296047
1753313660.332059
1753313660.371160
1753313660.398164
1753313660.439422
1753313660.461554
1753313660.503392
1753313660.530906
1753313660.573107
1753313660.596660
1753313660.629276
1753313660.667249
1753313660.704570
1753313660.730959
1753313660.763723
1753313660.804897
1753313660.830851
1753313660.872019
1753313660.895783
1753313660.941840
1753313660.963216
1753313661.003359
1753313661.029313
1753313661.064066
1753313661.096872
1753313661.142172
1753313661.162450
1753313661.200673
1753313661.241180
1753313661.263561
1753313661.297149
1753313661.334081
1753313661.370189
1753313661.397895
1753313661.431136
1753313661.467929
1753313661.503757
1753313661.534635
1753313661.563679
1753313661.603320
1753313661.631312
1753313661.673521
1753313661.696174
1753313661.739951
1753313661.763775
1753313661.805793
1753313661.829660
1753313661.867787
1753313661.908075
1753313661.930546
1753313661.969407
1753313661.997352
1753313662.038753
1753313662.063806
1753313662.099169
1753313662.139123
1753313662.165014
1753313662.203207
1753313662.229876
1753313662.273120
1753313662.298094
1753313662.340866
1753313662.363455
1753313662.410306
1753313662.430138
1753313662.472321
1753313662.496738
1753313662.539668
1753313662.565057
1753313662.606620
1753313662.630174
1753313662.673133
1753313662.698752
1753313662.740545
1753313662.763653
1753313662.810571
1753313662.830371
1753313662.873840
1753313662.897122
1753313662.939798
1753313662.965034
1753313663.006758
1753313663.030364
1753313663.067855
1753313663.108762
1753313663.130723
1753313663.170086
1753313663.197543
1753313663.240268
1753313663.267595
1753313663.298398
1753313663.340130
1753313663.364237
1753313663.406373
1753313663.430650
1753313663.473210
1753313663.499666
1753313663.542597
1753313663.563890
1753313663.610686
1753313663.630660
1753313663.670090
1753313663.697584
1753313663.744258
1753313663.764242
1753313663.806320
1753313663.830889
1753313663.873515
1753313663.898274
1753313663.940867
1753313663.964728
1753313664.005145
1753313664.040061
1753313664.065742
1753313664.100816
1753313664.137701
1753313664.172040
1753313664.203660
1753313664.231176
1753313664.275870
1753313664.297879
1753313664.341488
1753313664.364149
1753313664.406236
1753313664.435305
1753313664.473112
1753313664.497540
1753313664.540638
1753313664.566862
1753313664.607772
1753313664.631079
1753313664.677077
1753313664.698087
1753313664.741161
1753313664.764459
1753313664.807462
1753313664.831955
1753313664.873859
1753313664.897832
1753313664.941376
1753313664.964190
1753313665.006848
1753313665.031516
1753313665.067824
1753313665.109865
1753313665.131627
1753313665.168104
1753313665.204672
1753313665.239792
1753313665.269985
1753313665.298289
1753313665.341702
1753313665.365072
1753313665.408653
1753313665.431482
1753313665.475029
1753313665.499274
1753313665.542315
1753313665.564947
1753313665.608052
1753313665.634991
1753313665.677303
1753313665.698164
1753313665.744074
1753313665.765396
1753313665.806437
1753313665.831723
1753313665.875828
1753313665.899028
1753313665.941206
1753313665.965235
1753313666.007635
1753313666.035030
1753313666.071513
1753313666.099238
1753313666.138115
1753313666.173576
1753313666.202968
1753313666.232625
1753313666.275338
1753313666.299948
1753313666.342771
1753313666.365215
1753313666.407070
1753313666.433218
1753313666.475865
1753313666.498497
1753313666.540905
1753313666.567983
1753313666.610209
1753313666.632008
1753313666.674080
1753313666.701589
1753313666.743269
1753313666.765405
1753313666.808207
1753313666.834337
1753313666.877171
1753313666.898777
1753313666.943952
1753313666.965220
1753313667.007347
1753313667.032243
1753313667.069947
1753313667.100253
1753313667.136147
1753313667.165163
1753313667.203558
1753313667.244363
1753313667.264745
1753313667.302056
1753313667.336290
1753313667.377586
1753313667.400184
1753313667.437730
1753313667.473033
1753313667.508517
1753313667.537349
1753313667.567372
1753313667.610145
1753313667.633791
1753313667.676864
1753313667.699143
1753313667.741631
1753313667.769428
1753313667.805523
1753313667.832689
1753313667.878373
1753313667.900605
1753313667.943092
1753313667.966096
1753313668.006953
1753313668.038515
1753313668.071855
1753313668.099482
1753313668.143387
1753313668.167154
1753313668.208723
1753313668.232678
1753313668.275587
1753313668.303557
1753313668.344563
1753313668.366110
1753313668.408697
1753313668.437042
1753313668.476133
1753313668.499599
1753313668.543156
1753313668.565477
1753313668.608756
1753313668.632791
1753313668.676229
1753313668.703120
1753313668.744547
1753313668.774283
1753313668.799743
1753313668.840868
1753313668.872690
1753313668.910021
1753313668.936191
1753313668.968532
1753313669.006146
1753313669.044292
1753313669.067145
1753313669.107009
1753313669.134375
1753313669.176492
1753313669.205605
1753313669.235447
1753313669.277837
1753313669.301835
1753313669.341857
1753313669.366856
1753313669.410331
1753313669.439447
1753313669.476065
1753313669.500139
1753313669.542640
1753313669.575626
1753313669.605970
1753313669.634838
1753313669.674813
1753313669.705708
1753313669.743482
1753313669.766911
1753313669.812155
1753313669.835863
1753313669.877847
1753313669.900400
1753313669.940541
1753313669.976262
1753313670.005659
1753313670.035502
1753313670.072191
1753313670.112203
1753313670.136502
1753313670.169801
1753313670.210201
1753313670.238540
1753313670.278129
1753313670.300511
1753313670.344338
1753313670.372290
1753313670.411143
1753313670.433305
1753313670.476607
1753313670.506537
1753313670.542713
1753313670.567284
1753313670.610844
1753313670.638348
1753313670.676835
1753313670.699865
1753313670.743491
1753313670.771417
1753313670.811672
1753313670.834115
1753313670.877451
1753313670.906774
1753313670.943483
1753313670.967437
1753313671.010597
1753313671.039956
1753313671.070237
1753313671.102763
1753313671.138569
1753313671.168555
1753313671.211033
1753313671.234282
1753313671.274864
1753313671.310312
1753313671.342270
1753313671.368039
1753313671.409963
1753313671.443232
1753313671.476142
1753313671.501437
1753313671.539195
1753313671.571643
1753313671.606131
1753313671.635653
1753313671.677822
1753313671.704029
1753313671.745256
1753313671.768246
1753313671.811374
1753313671.841338
1753313671.877925
1753313671.901695
1753313671.944226
1753313671.974265
1753313672.010171
1753313672.037597
1753313672.073529
1753313672.110808
1753313672.140999
1753313672.170734
1753313672.210854
1753313672.241581
1753313672.277822
1753313672.301515
1753313672.345450
1753313672.372435
1753313672.412853
1753313672.434849
1753313672.476114
1753313672.509552
1753313672.544144
1753313672.568068
1753313672.610097
1753313672.636685
1753313672.673804
1753313672.701730
1753313672.738551
1753313672.777665
1753313672.807020
1753313672.835528
1753313672.878886
1753313672.905411
1753313672.944980
1753313672.968576
1753313673.010889
1753313673.040771
1753313673.073222
1753313673.102123
1753313673.144263
1753313673.173244
1753313673.210962
1753313673.235209
1753313673.281158
1753313673.304772
1753313673.345514
1753313673.368715
1753313673.413927
1753313673.439288
1753313673.478865
1753313673.502105
1753313673.546778
1753313673.573211
1753313673.612865
1753313673.635549
1753313673.676179
1753313673.711071
1753313673.742305
1753313673.769068
1753313673.812378
1753313673.840698
1753313673.879662
1753313673.902349
1753313673.945755
1753313673.974034
1753313674.011644
1753313674.036004
1753313674.074556
1753313674.111114
1753313674.144022
1753313674.169174
1753313674.211474
1753313674.241405
1753313674.278070
1753313674.302469
1753313674.339621
1753313674.372619
1753313674.408927
1753313674.435941
1753313674.473293
1753313674.507008
1753313674.545302
1753313674.569361
1753313674.608799
1753313674.644933
1753313674.672403
1753313674.705476
1753313674.744833
1753313674.774332
1753313674.809260
1753313674.836270
1753313674.880336
1753313674.903064
1753313674.940317
1753313674.968416
1753313675.006103
1753313675.045420
1753313675.071328
1753313675.107327
1753313675.138818
1753313675.179553
1753313675.209306
1753313675.236832
1753313675.280012
1753313675.308510
1753313675.344539
1753313675.369615
1753313675.413500
1753313675.441931
1753313675.478396
1753313675.503055
1753313675.543531
1753313675.578355
1753313675.609021
1753313675.636649
1753313675.678250
1753313675.710181
1753313675.745035
1753313675.770162
1753313675.812915
1753313675.843006
1753313675.877673
1753313675.903565
1753313675.945601
1753313675.975508
1753313676.010593
1753313676.036743
1753313676.076584
1753313676.111904
1753313676.143809
1753313676.169997
1753313676.211691
1753313676.243047
1753313676.278133
1753313676.303241
1753313676.344836
1753313676.376205
1753313676.411614
1753313676.436854
1753313676.478334
1753313676.508304
1753313676.545690
1753313676.570211
1753313676.611918
1753313676.642135
1753313676.677737
1753313676.703652
1753313676.745033
1753313676.776241
1753313676.811080
1753313676.837005
1753313676.878423
1753313676.909559
1753313676.945019
1753313676.970455
1753313677.011027
1753313677.045494
1753313677.073150
1753313677.112138
1753313677.137377
1753313677.179888
1753313677.205598
1753313677.241973
1753313677.273453
1753313677.303473
1753313677.347172
1753313677.377773
1753313677.412943
1753313677.437608
1753313677.479167
1753313677.511051
1753313677.545800
1753313677.570738
1753313677.611548
1753313677.644421
1753313677.678931
1753313677.704260
1753313677.745360
1753313677.776777
1753313677.811498
1753313677.838025
1753313677.878678
1753313677.910617
1753313677.945642
1753313677.971340
1753313678.012409
1753313678.044649
1753313678.078437
1753313678.104847
1753313678.145750
1753313678.177161
1753313678.212574
1753313678.237985
1753313678.280861
1753313678.310562
1753313678.345938
1753313678.371068
1753313678.409598
1753313678.444503
1753313678.478546
1753313678.504748
1753313678.545970
1753313678.577553
1753313678.612238
1753313678.637961
1753313678.681366
1753313678.710785
1753313678.745179
1753313678.771691
1753313678.812153
1753313678.845843
1753313678.877483
1753313678.905296
1753313678.945786
1753313678.980304
1753313679.011504
1753313679.038305
1753313679.077227
1753313679.112553
1753313679.144131
1753313679.171876
1753313679.212959
1753313679.244434
1753313679.278524
1753313679.305255
1753313679.344229
1753313679.378967
1753313679.411638
1753313679.438896
1753313679.479927
1753313679.511213
1753313679.546006
1753313679.572038
1753313679.612315
1753313679.645455
1753313679.677217
1753313679.706105
1753313679.745407
1753313679.776849
1753313679.809340
1753313679.841225
1753313679.880077
1753313679.910376
1753313679.945277
1753313679.972033
1753313680.013487
1753313680.043432
1753313680.077590
1753313680.105824
1753313680.146454
1753313680.176553
1753313680.212215
1753313680.238727
1753313680.279862
1753313680.310831
1753313680.345947
1753313680.372130
1753313680.412819
1753313680.444465
1753313680.476148
1753313680.505603
1753313680.546822
1753313680.576609
1753313680.612476
1753313680.638868
1753313680.679000
1753313680.712222
1753313680.744577
1753313680.772361
1753313680.813199
1753313680.844593
1753313680.879258
1753313680.905887
1753313680.945998
1753313680.981070
1753313681.011801
1753313681.039304
1753313681.079094
1753313681.111535
1753313681.145979
1753313681.172762
1753313681.209553
1753313681.240488
1753313681.279734
1753313681.306240
1753313681.345110
1753313681.379231
1753313681.412964
1753313681.439538
1753313681.479449
1753313681.512060
1753313681.546193
1753313681.573707
1753313681.613466
1753313681.647116
1753313681.680343
1753313681.706949
1753313681.746108
1753313681.779979
1753313681.813860
1753313681.839670
1753313681.878113
1753313681.912127
1753313681.945404
1753313681.973205
1753313682.013436
1753313682.045468
1753313682.078051
1753313682.107192
1753313682.147098
1753313682.180917
1753313682.214321
1753313682.239842
1753313682.277223
1753313682.313487
1753313682.346606
1753313682.373147
1753313682.413234
1753313682.446892
1753313682.480005
1753313682.506498
1753313682.547458
1753313682.580064
1753313682.613705
1753313682.640070
1753313682.676730
1753313682.712298
1753313682.746459
1753313682.773515
1753313682.812509
1753313682.845671
1753313682.880188
1753313682.907677
1753313682.946195
1753313682.981700
1753313683.012759
1753313683.041825
1753313683.080431
1753313683.115121
1753313683.145826
1753313683.175134
1753313683.215196
1753313683.244382
1753313683.278087
1753313683.310485
1753313683.348324
1753313683.379038
1753313683.413204
1753313683.440856
1753313683.480306
1753313683.514133
1753313683.548578
1753313683.574011
1753313683.613964
1753313683.648365
1753313683.680612
1753313683.707378
1753313683.747474
1753313683.782007
1753313683.811914
1753313683.841036
1753313683.881665
1753313683.912212
1753313683.946977
1753313683.974440
1753313684.015293
1753313684.045677
1753313684.078950
1753313684.108461
1753313684.149398
1753313684.178625
1753313684.214425
1753313684.240931
1753313684.279510
1753313684.313793
1753313684.348259
1753313684.374043
1753313684.414782
1753313684.445231
1753313684.479958
1753313684.507756
1753313684.548496
1753313684.578743
1753313684.613300
1753313684.641674
1753313684.681853
1753313684.712968
1753313684.746341
1753313684.774897
1753313684.815030
1753313684.845216
1753313684.879739
1753313684.907686
1753313684.948131
1753313684.981520
1753313685.015790
1753313685.040283
1753313685.077186
1753313685.112657
1753313685.144402
1753313685.173498
1753313685.210863
1753313685.245700
1753313685.276427
1753313685.306987
1753313685.344039
1753313685.378691
1753313685.415248
1753313685.447541
1753313685.475174
1753313685.515156
1753313685.546758
1753313685.581233
1753313685.613096
1753313685.645252
1753313685.681045
1753313685.717171
1753313685.746437
1753313685.778244
1753313685.818622
1753313685.845281
1753313685.881807
1753313685.909641
1753313685.947336
1753313685.982074
1753313686.016004
1753313686.043634
1753313686.081563
1753313686.112981
1753313686.148345
1753313686.178014
1753313686.214826
1753313686.249135
1753313686.284047
1753313686.308856
1753313686.349754
1753313686.382088
1753313686.416870
1753313686.442266
1753313686.480488
1753313686.516144
1753313686.546627
1753313686.576474
1753313686.613064
1753313686.650412
1753313686.679950
1753313686.708379
1753313686.749736
1753313686.780381
1753313686.814614
1753313686.843394
1753313686.880160
1753313686.916344
1753313686.950356
1753313686.975561
1753313687.019943
1753313687.045213
1753313687.082898
1753313687.108854
1753313687.149859
1753313687.179869
1753313687.213970
1753313687.242162
1753313687.282107
1753313687.314714
1753313687.349575
1753313687.375673
1753313687.412705
1753313687.451411
1753313687.478913
1753313687.509910
1753313687.547024
1753313687.587706
1753313687.612394
1753313687.643223
1753313687.683955
1753313687.713102
1753313687.753375
1753313687.775815
1753313687.818858
1753313687.845978
1753313687.883659
1753313687.909295
1753313687.946701
1753313687.981959
1753313688.015809
1753313688.042767
1753313688.081307
1753313688.117659
1753313688.147895
1753313688.176344
1753313688.213053
1753313688.245905
1753313688.277515
1753313688.312283
1753313688.353637
1753313688.379439
1753313688.416431
1753313688.442772
1753313688.480849
1753313688.517079
1753313688.548444
1753313688.576456
1753313688.616063
1753313688.649404
1753313688.684422
1753313688.709622
1753313688.747010
1753313688.788313
1753313688.812524
1753313688.844663
1753313688.881770
1753313688.915596
1753313688.947875
1753313688.976692
1753313689.017661
1753313689.046267
1753313689.083532
1753313689.109973
1753313689.147919
1753313689.184382
1753313689.216386
1753313689.243438
1753313689.281978
1753313689.317274
1753313689.347297
1753313689.377221
1753313689.418433
1753313689.447766
1753313689.480660
1753313689.512617
1753313689.548498
1753313689.585047
1753313689.614083
1753313689.645061
1753313689.685717
1753313689.713713
1753313689.750100
1753313689.778341
1753313689.820318
1753313689.846686
1753313689.887478
1753313689.910155
1753313689.952682
1753313689.980716
1753313690.017248
1753313690.043854
1753313690.082837
1753313690.118846
1753313690.147392
1753313690.177188
1753313690.214951
1753313690.252235
1753313690.280452
1753313690.310704
1753313690.355740
1753313690.379589
1753313690.417269
1753313690.443790
1753313690.479984
1753313690.522103
1753313690.546356
1753313690.578556
1753313690.614840
1753313690.650245
1753313690.685243
1753313690.710514
1753313690.753761
1753313690.780474
1753313690.818422
1753313690.844038
1753313690.882759
1753313690.919041
1753313690.949033
1753313690.979026
1753313691.016225
1753313691.051097
1753313691.085159
1753313691.111093
1753313691.156941
1753313691.179836
1753313691.218345
1753313691.244755
1753313691.283503
1753313691.312563
1753313691.350703
1753313691.378552
1753313691.419480
1753313691.447305
1753313691.480930
1753313691.514007
1753313691.550155
1753313691.580842
1753313691.615653
1753313691.647418
1753313691.684939
1753313691.716264
1753313691.756402
1753313691.778537
1753313691.821096
1753313691.846797
1753313691.888327
1753313691.911556
1753313691.955177
1753313691.981131
1753313692.019992
1753313692.045373
1753313692.085715
1753313692.117281
1753313692.149508
1753313692.177374
1753313692.223642
1753313692.246729
1753313692.286512
1753313692.312159
1753313692.349834
1753313692.385156
1753313692.416727
1753313692.445081
1753313692.482873
1753313692.523242
1753313692.546853
1753313692.578687
1753313692.625263
1753313692.646357
1753313692.684813
1753313692.712120
1753313692.747438
1753313692.789417
1753313692.813666
1753313692.848424
1753313692.884270
1753313692.919981
1753313692.952351
1753313692.979112
1753313693.017388
1753313693.052362
1753313693.081612
1753313693.114150
1753313693.151662
1753313693.185933
1753313693.214547
1753313693.248247
1753313693.284809
1753313693.322839
1753313693.347055
1753313693.381397
1753313693.418809
1753313693.447921
1753313693.488613
1753313693.512360
1753313693.550496
1753313693.590214
1753313693.613842
1753313693.647047
1753313693.682135
1753313693.723535
1753313693.747188
1753313693.790243
1753313693.812718
1753313693.859039
1753313693.880420
1753313693.921241
1753313693.948854
1753313693.983858
1753313694.022077
1753313694.047965
1753313694.086863
1753313694.113044
1753313694.158454
1753313694.180391
1753313694.221578
1753313694.246188
1753313694.291043
1753313694.314076
1753313694.356907
1753313694.379476
1753313694.423866
1753313694.447396
1753313694.482328
1753313694.513481
1753313694.551072
1753313694.591856
1753313694.613657
1753313694.649055
1753313694.687751
1753313694.714842
1753313694.756824
1753313694.779616
1753313694.817799
1753313694.857462
1753313694.880634
1753313694.913845
1753313694.950831
1753313694.991494
1753313695.013895
1753313695.046380
1753313695.086505
1753313695.113971
1753313695.155555
1753313695.179216
1753313695.224321
1753313695.247181
1753313695.286582
1753313695.313154
1753313695.358501
1753313695.380598
1753313695.419113
1753313695.446567
1753313695.483858
1753313695.526402
1753313695.547016
1753313695.582629
1753313695.619176
1753313695.651325
1753313695.693288
1753313695.713419
1753313695.759068
1753313695.780695
1753313695.823648
1753313695.846679
1753313695.890246
1753313695.915105
1753313695.956706
1753313695.980441
1753313696.025743
1753313696.047458
1753313696.088879
1753313696.113662
1753313696.156753
1753313696.181803
1753313696.224551
1753313696.247026
1753313696.285549
1753313696.321859
1753313696.347695
1753313696.382030
1753313696.420670
1753313696.451709
1753313696.489946
1753313696.513716
1753313696.556800
1753313696.582301
1753313696.623089
1753313696.647117
1753313696.693236
1753313696.714284
1753313696.755468
1753313696.780007
1753313696.824553
1753313696.847590
1753313696.894128
1753313696.914148
1753313696.956932
1753313696.982877
1753313697.022253
1753313697.047494
1753313697.087809
1753313697.119004
1753313697.159391
1753313697.181008
1753313697.223241
1753313697.251722
1753313697.290895
1753313697.314536
1753313697.360799
1753313697.381291
1753313697.424553
1753313697.447680
1753313697.494582
1753313697.514471
1753313697.558592
1753313697.581171
1753313697.623749
1753313697.651184
1753313697.693628
1753313697.714567
1753313697.758500
1753313697.784084
1753313697.825786
1753313697.847968
1753313697.891036
1753313697.915025
1753313697.952981
1753313697.981685
1753313698.025374
1753313698.048203
1753313698.087714
1753313698.115400
1753313698.158629
1753313698.181771
1753313698.224195
1753313698.248689
1753313698.289108
1753313698.322857
1753313698.354387
1753313698.381826
1753313698.421200
1753313698.455573
1753313698.485892
1753313698.515198
1753313698.558250
1753313698.581884
1753313698.624451
1753313698.648373
1753313698.694535
1753313698.715184
1753313698.757032
1753313698.781752
1753313698.826672
1753313698.848678
1753313698.892420
1753313698.915092
1753313698.957854
1753313698.982884
1753313699.025345
1753313699.048456
1753313699.087995
1753313699.119306
1753313699.150732
1753313699.181147
1753313699.223853
1753313699.251593
1753313699.291303
1753313699.315398
1753313699.359097
1753313699.382362
1753313699.423121
1753313699.449006
1753313699.495063
1753313699.515842
1753313699.558977
1753313699.582345
1753313699.626139
1753313699.649831
1753313699.689776
1753313699.716267
1753313699.759061
1753313699.783497
1753313699.823692
1753313699.849079
1753313699.892149
1753313699.920157
1753313699.952064
1753313699.982093
1753313700.021272
1753313700.052815
1753313700.089264
1753313700.116453
1753313700.159666
1753313700.183887
1753313700.224462
1753313700.249081
1753313700.290426
1753313700.321287
1753313700.357715
1753313700.382473
1753313700.428458
1753313700.450195
1753313700.495188
1753313700.515884
1753313700.561674
1753313700.583457
1753313700.625127
1753313700.649305
1753313700.694234
1753313700.716645
1753313700.758365
1753313700.782590
1753313700.826708
1753313700.850317
1753313700.893739
1753313700.915843
1753313700.961649
1753313700.983894
1753313701.029060
1753313701.049489
1753313701.091189
1753313701.119523
1753313701.161110
1753313701.182765
1753313701.227918
1753313701.250855
1753313701.294237
1753313701.316238
1753313701.352728
1753313701.384713
1753313701.421906
1753313701.450089
1753313701.488594
1753313701.519515
1753313701.560894
1753313701.582896
1753313701.627135
1753313701.650979
1753313701.693504
1753313701.716548
1753313701.758587
1753313701.786822
1753313701.827171
1753313701.849904
1753313701.893753
1753313701.920121
1753313701.961086
1753313701.982600
1753313702.025170
1753313702.051112
1753313702.093977
1753313702.128576
1753313702.150229
1753313702.190803
1753313702.221863
1753313702.262310
1753313702.285387
1753313702.318341
1753313702.360037
1753313702.384942
1753313702.425698
1753313702.450113
1753313702.494685
1753313702.518379
1753313702.561350
1753313702.583353
1753313702.626533
1753313702.651737
1753313702.694847
1753313702.716871
1753313702.757206
1753313702.791566
1753313702.818330
1753313702.852338
1753313702.893573
1753313702.920476
1753313702.961385
1753313702.983574
1753313703.027393
1753313703.050670
1753313703.094593
1753313703.117027
1753313703.160707
1753313703.185047
1753313703.227475
1753313703.250519
1753313703.294599
1753313703.318827
1753313703.359898
1753313703.383913
1753313703.429577
1753313703.452538
1753313703.492980
1753313703.517184
1753313703.560586
1753313703.588592
1753313703.629082
1753313703.650754
1753313703.692075
1753313703.724644
1753313703.760879
1753313703.784367
1753313703.827910
1753313703.856456
1753313703.894826
1753313703.917846
1753313703.960308
1753313703.989628
1753313704.029428
1753313704.051064
1753313704.092781
1753313704.124419
1753313704.161179
1753313704.184380
1753313704.228149
1753313704.256693
1753313704.293871
1753313704.318027
1753313704.361401
1753313704.389904
1753313704.426588
1753313704.451242
1753313704.495442
1753313704.519105
1753313704.561784
1753313704.584580
1753313704.626612
1753313704.658676
1753313704.694359
1753313704.718161
1753313704.758616
1753313704.793941
1753313704.822741
1753313704.851942
1753313704.894819
1753313704.920490
1753313704.961929
1753313704.984764
1753313705.028246
1753313705.053324
1753313705.093948
1753313705.118222
1753313705.161192
1753313705.189527
1753313705.229960
1753313705.251691
1753313705.294710
1753313705.325172
1753313705.361027
1753313705.385413
1753313705.429097
1753313705.455019
1753313705.496682
1753313705.518450
1753313705.562438
1753313705.587847
1753313705.628210
1753313705.652064
1753313705.695537
1753313705.721900
1753313705.761829
1753313705.785216
1753313705.826050
1753313705.860328
1753313705.894158
1753313705.918501
1753313705.960240
1753313705.990267
1753313706.029563
1753313706.051633
1753313706.094693
1753313706.121087
1753313706.161908
1753313706.185279
1753313706.228465
1753313706.256123
1753313706.296118
1753313706.318558
1753313706.359362
1753313706.391996
1753313706.428048
1753313706.452009
1753313706.494451
1753313706.524074
1753313706.561089
1753313706.585448
1753313706.628297
1753313706.657284
1753313706.696563
1753313706.718941
1753313706.761794
1753313706.789882
1753313706.829244
1753313706.851640
1753313706.895904
1753313706.923014
1753313706.962609
1753313706.985835
1753313707.028771
1753313707.053464
1753313707.094626
1753313707.119172
1753313707.162067
1753313707.188091
1753313707.229301
1753313707.252531
1753313707.294565
1753313707.322717
1753313707.363215
1753313707.385811
1753313707.428235
1753313707.458432
1753313707.494887
1753313707.519236
1753313707.563676
1753313707.590471
1753313707.628557
1753313707.652817
1753313707.695643
1753313707.725686
1753313707.762692
1753313707.786264
1753313707.826219
1753313707.861866
1753313707.894262
1753313707.919748
1753313707.962527
1753313707.988648
1753313708.028516
1753313708.053000
1753313708.097578
1753313708.123455
1753313708.161041
1753313708.187630
1753313708.228692
1753313708.258853
1753313708.295815
1753313708.319926
1753313708.363227
1753313708.392416
1753313708.429257
1753313708.453055
1753313708.495229
1753313708.526148
1753313708.562545
1753313708.586451
1753313708.629256
1753313708.659100
1753313708.695940
1753313708.719904
1753313708.763147
1753313708.792379
1753313708.828777
1753313708.853247
1753313708.897259
1753313708.924654
1753313708.962111
1753313708.986734
1753313709.030489
1753313709.053424
1753313709.094816
1753313709.120329
1753313709.161587
1753313709.189210
1753313709.224342
1753313709.253457
1753313709.291005
1753313709.328752
1753313709.362073
1753313709.387447
1753313709.428615
1753313709.460475
1753313709.494716
1753313709.520851
1753313709.562399
1753313709.594255
1753313709.629225
1753313709.654193
1753313709.695705
1753313709.726821
1753313709.762478
1753313709.787298
1753313709.831128
1753313709.856046
1753313709.896251
1753313709.920574
1753313709.962014
1753313709.992332
1753313710.028427
1753313710.053113
1753313710.097986
1753313710.124348
1753313710.163778
1753313710.187611
1753313710.228785
1753313710.259542
1753313710.295301
1753313710.321489
1753313710.362545
1753313710.394156
1753313710.428818
1753313710.463450
1753313710.487720
1753313710.529345
1753313710.558943
1753313710.599158
1753313710.625562
1753313710.658229
1753313710.694936
1753313710.729337
1753313710.760719
1753313710.788315
1753313710.828788
1753313710.861975
1753313710.894954
1753313710.920958
1753313710.961895
1753313710.994837
1753313711.029515
1753313711.053964
1753313711.095901
1753313711.128926
1753313711.162608
1753313711.188626
1753313711.228578
1753313711.260682
1753313711.296337
1753313711.321523
1753313711.362862
1753313711.393816
1753313711.425983
1753313711.454950
1753313711.496613
1753313711.527442
1753313711.562899
1753313711.588033
1753313711.629128
1753313711.662143
1753313711.694912
1753313711.723119
1753313711.761203
1753313711.796282
1753313711.827838
1753313711.855572
1753313711.894939
1753313711.929217
1753313711.960656
1753313711.989855
1753313712.030727
1753313712.056660
1753313712.096709
1753313712.122462
1753313712.163244
1753313712.195832
1753313712.229904
1753313712.258376
1753313712.296571
1753313712.328614
1753313712.363598
1753313712.390553
1753313712.428229
1753313712.462946
1753313712.496140
1753313712.522947
1753313712.563363
1753313712.595995
1753313712.628223
1753313712.657467
1753313712.695085
1753313712.729967
1753313712.761760
1753313712.789452
1753313712.829894
1753313712.862473
1753313712.894733
1753313712.923137
1753313712.962363
1753313712.996881
1753313713.028862
1753313713.055157
1753313713.098094
1753313713.128209
1753313713.162683
1753313713.189409
1753313713.229392
1753313713.261609
1753313713.296114
1753313713.322585
1753313713.362795
1753313713.397222
1753313713.428612
1753313713.455814
1753313713.498281
1753313713.528260
1753313713.563263
1753313713.589749
1753313713.627468
1753313713.663034
1753313713.695670
1753313713.722735
1753313713.764231
1753313713.795242
1753313713.829927
1753313713.856166
1753313713.896512
1753313713.929039
1753313713.962415
1753313713.990685
1753313714.029537
1753313714.057324
1753313714.097236
1753313714.122927
1753313714.163798
1753313714.195164
1753313714.230234
1753313714.256523
1753313714.295221
1753313714.327453
1753313714.363343
1753313714.389898
1753313714.429760
1753313714.461730
1753313714.496731
1753313714.523459
1753313714.561880
1753313714.596911
1753313714.630101
1753313714.656528
1753313714.695034
1753313714.730602
1753313714.763602
1753313714.789525
1753313714.830437
1753313714.861822
1753313714.896668
1753313714.923707
1753313714.964085
1753313714.996852
1753313715.030237
1753313715.056607
1753313715.095222
1753313715.129685
1753313715.163881
1753313715.190602
1753313715.229127
1753313715.262046
1753313715.296302
1753313715.327078
1753313715.363079
1753313715.397626
1753313715.431866
1753313715.457018
1753313715.497373
1753313715.530346
1753313715.564582
1753313715.590201
1753313715.629834
1753313715.662780
1753313715.695312
1753313715.724298
1753313715.764064
1753313715.798389
1753313715.831158
1753313715.857162
1753313715.897735
1753313715.930408
1753313715.964404
1753313715.990951
1753313716.030736
1753313716.060607
1753313716.099318
1753313716.123920
1753313716.158861
1753313716.198358
1753313716.231824
1753313716.258079
1753313716.297859
1753313716.331626
1753313716.363012
1753313716.394016
1753313716.430494
1753313716.463619
1753313716.497740
1753313716.523892
1753313716.563963
1753313716.598971
1753313716.628746
1753313716.658014
1753313716.698417
1753313716.728662
1753313716.764576
1753313716.790559
1753313716.829277
1753313716.862553
1753313716.896989
1753313716.924170
1753313716.964281
1753313716.995603
1753313717.029832
1753313717.056670
1753313717.099820
1753313717.128870
1753313717.163758
1753313717.192155
1753313717.232496
1753313717.262239
1753313717.297218
1753313717.327893
1753313717.363599
1753313717.398231
1753313717.432245
1753313717.459043
1753313717.498518
1753313717.532568
1753313717.564138
1753313717.591363
1753313717.630825
1753313717.665490
1753313717.697960
1753313717.724770
1753313717.763919
1753313717.797657
1753313717.831578
1753313717.859774
1753313717.896357
1753313717.930943
1753313717.965691
1753313717.991352
1753313718.029948
1753313718.060420
1753313718.099926
1753313718.124822
1753313718.165682
1753313718.197061
1753313718.231190
1753313718.258079
1753313718.298585
1753313718.330187
1753313718.364613
1753313718.391451
1753313718.431399
1753313718.463891
1753313718.498061
1753313718.524663
1753313718.565307
1753313718.598821
1753313718.631227
1753313718.659135
1753313718.698060
1753313718.732076
1753313718.763343
1753313718.797160
1753313718.825046
1753313718.865105
1753313718.899739
1753313718.934560
1753313718.963085
1753313718.992993
1753313719.032255
1753313719.060680
1753313719.100226
1753313719.125318
1753313719.166616
1753313719.196310
1753313719.232211
1753313719.258592
1753313719.299004
1753313719.333675
1753313719.363687
1753313719.392770
1753313719.432802
1753313719.462710
1753313719.497730
1753313719.525559
1753313719.567189
1753313719.596025
1753313719.632149
1753313719.658902
1753313719.700487
1753313719.730084
1753313719.765490
1753313719.792493
1753313719.833095
1753313719.863253
1753313719.898046
1753313719.925818
1753313719.966499
1753313719.996549
1753313720.032490
1753313720.058290
1753313720.099121
1753313720.130687
1753313720.167097
1753313720.191575
1753313720.228911
1753313720.260035
1753313720.298329
1753313720.326224
1753313720.366791
1753313720.397157
1753313720.431524
1753313720.460484
1753313720.499816
1753313720.530398
1753313720.566125
1753313720.592926
1753313720.631311
1753313720.667199
1753313720.699110
1753313720.726477
1753313720.765380
1753313720.800274
1753313720.832341
1753313720.859256
1753313720.896875
1753313720.933883
1753313720.965532
1753313720.992730
1753313721.032778
1753313721.059621
1753313721.099692
1753313721.126173
1753313721.167279
1753313721.197021
1753313721.233808
1753313721.259620
1753313721.297380
1753313721.333943
1753313721.364940
1753313721.393403
1753313721.433219
1753313721.465128
1753313721.496120
1753313721.526420
1753313721.566790
1753313721.597995
1753313721.638613
1753313721.660011
1753313721.696621
1753313721.733043
1753313721.769078
1753313721.793219
1753313721.830443
1753313721.865470
1753313721.900878
1753313721.926782
1753313721.965061
1753313722.000671
1753313722.031365
1753313722.059265
1753313722.101258
1753313722.131570
1753313722.167950
1753313722.193874
1753313722.235086
1753313722.265341
1753313722.300198
1753313722.328679
1753313722.366081
1753313722.404616
1753313722.426718
1753313722.462598
1753313722.498517
1753313722.534779
1753313722.568152
1753313722.593787
1753313722.636468
1753313722.662272
1753313722.703105
1753313722.726923
1753313722.769469
1753313722.796959
1753313722.833888
1753313722.860442
1753313722.898055
1753313722.935093
1753313722.963978
1753313722.993814
1753313723.035074
1753313723.060631
1753313723.102577
1753313723.127016
1753313723.170554
1753313723.196481
1753313723.238597
1753313723.260587
1753313723.298697
1753313723.335573
1753313723.363523
1753313723.396948
1753313723.436347
1753313723.463339
1753313723.503291
1753313723.527511
1753313723.564555
1753313723.601842
1753313723.633238
1753313723.663480
1753313723.700150
1753313723.735147
1753313723.769265
1753313723.794774
1753313723.839313
1753313723.863355
1753313723.900374
1753313723.930422
1753313723.971603
1753313723.997473
1753313724.034654
1753313724.060269
1753313724.104481
1753313724.130775
1753313724.168280
1753313724.194806
1753313724.239480
1753313724.263546
1753313724.300831
1753313724.328110
1753313724.374156
1753313724.396290
1753313724.438275
1753313724.461188
1753313724.506255
1753313724.529583
1753313724.567175
1753313724.594737
1753313724.632350
1753313724.670159
1753313724.698780
1753313724.728775
1753313724.766047
1753313724.807653
1753313724.829486
1753313724.862525
1753313724.899338
1753313724.937734
1753313724.964472
1753313724.994765
1753313725.032773
1753313725.063354
1753313725.104083
1753313725.127951
1753313725.174171
1753313725.196592
1753313725.237949
1753313725.261390
1753313725.307548
1753313725.330065
1753313725.367246
1753313725.395382
1753313725.437260
1753313725.463533
1753313725.499483
1753313725.529799
1753313725.566822
1753313725.606983
1753313725.630609
1753313725.664641
1753313725.700208
1753313725.740508
1753313725.763842
1753313725.800732
1753313725.833605
1753313725.873287
1753313725.897313
1753313725.932366
1753313725.968809
1753313726.003897
1753313726.031633
1753313726.061164
1753313726.106196
1753313726.130676
1753313726.168845
1753313726.196001
1753313726.242482
1753313726.263919
1753313726.302556
1753313726.329310
1753313726.375295
1753313726.397078
1753313726.437300
1753313726.462104
1753313726.499748
1753313726.541952
1753313726.563807
1753313726.598710
1753313726.635709
1753313726.667018
1753313726.708541
1753313726.729434
1753313726.773972
1753313726.797073
1753313726.838305
1753313726.862609
1753313726.907258
1753313726.930592
1753313726.973007
1753313726.995889
1753313727.034020
1753313727.064466
1753313727.101925
1753313727.140682
1753313727.162819
1753313727.201276
1753313727.236567
1753313727.266752
1753313727.308013
1753313727.329752
1753313727.367854
1753313727.405402
1753313727.431554
1753313727.463998
1753313727.500930
1753313727.533229
1753313727.575538
1753313727.596429
1753313727.637686
1753313727.666001
1753313727.707337
1753313727.729930
1753313727.775679
1753313727.797697
1753313727.835958
1753313727.863466
1753313727.909559
1753313727.930867
1753313727.969189
1753313727.997496
1753313728.040447
1753313728.062433
1753313728.109703
1753313728.130121
1753313728.175444
1753313728.197973
1753313728.241221
1753313728.263407
1753313728.309699
1753313728.331209
1753313728.373327
1753313728.396751
1753313728.436382
1753313728.466649
1753313728.507552
1753313728.530034
1753313728.575898
1753313728.597552
1753313728.641118
1753313728.663417
1753313728.702920
1753313728.735475
1753313728.767946
1753313728.796897
1753313728.840861
1753313728.864521
1753313728.905842
1753313728.930284
1753313728.974171
1753313728.997579
1753313729.041175
1753313729.062676
1753313729.105967
1753313729.132124
1753313729.173542
1753313729.197007
1753313729.244476
1753313729.263993
1753313729.310604
1753313729.330547
1753313729.373244
1753313729.399257
1753313729.441604
1753313729.463025
1753313729.510307
1753313729.530663
1753313729.577747
1753313729.597338
1753313729.641073
1753313729.664840
1753313729.708307
1753313729.730707
1753313729.777100
1753313729.797888
1753313729.838998
1753313729.864324
1753313729.909153
1753313729.931516
1753313729.973377
1753313729.997676
1753313730.041908
1753313730.063261
1753313730.109920
1753313730.131059
1753313730.174989
1753313730.197120
1753313730.233770
1753313730.263598
1753313730.307785
1753313730.331582
1753313730.374958
1753313730.397534
1753313730.438309
1753313730.464606
1753313730.506344
1753313730.530757
1753313730.573723
1753313730.598335
1753313730.641866
1753313730.664204
1753313730.701858
1753313730.741921
1753313730.765045
1753313730.799876
1753313730.834966
1753313730.874656
1753313730.898273
1753313730.931466
1753313730.971968
1753313731.002591
1753313731.040889
1753313731.063659
1753313731.110776
1753313731.131481
1753313731.171998
1753313731.197961
1753313731.242627
1753313731.265235
1753313731.308904
1753313731.331382
1753313731.373744
1753313731.399784
1753313731.442147
1753313731.464528
1753313731.502460
1753313731.535041
1753313731.570181
1753313731.598264
1753313731.641053
1753313731.667001
1753313731.709298
1753313731.731617
1753313731.778392
1753313731.798644
1753313731.841569
1753313731.865114
1753313731.909170
1753313731.932196
1753313731.974697
1753313731.998587
1753313732.042282
1753313732.064304
1753313732.107861
1753313732.131809
1753313732.175136
1753313732.198762
1753313732.244695
1753313732.265264
1753313732.307670
1753313732.334239
1753313732.377331
1753313732.398930
1753313732.441982
1753313732.466123
1753313732.507548
1753313732.532501
1753313732.575012
1753313732.600056
1753313732.641852
1753313732.665555
1753313732.709030
1753313732.732653
1753313732.775151
1753313732.798908
1753313732.838377
1753313732.869251
1753313732.910721
1753313732.932268
1753313732.970340
1753313733.009464
1753313733.032600
1753313733.064515
1753313733.108606
1753313733.133063
1753313733.174993
1753313733.198923
1753313733.239542
1753313733.272506
1753313733.307520
1753313733.332517
1753313733.374456
1753313733.401707
1753313733.442383
1753313733.464912
1753313733.510734
1753313733.533065
1753313733.576165
1753313733.599193
1753313733.642877
1753313733.666583
1753313733.708964
1753313733.732682
1753313733.775222
1753313733.801585
1753313733.844375
1753313733.866090
1753313733.908541
1753313733.935137
1753313733.976698
1753313733.999813
1753313734.045735
1753313734.065526
1753313734.109345
1753313734.133164
1753313734.178814
1753313734.200026
1753313734.246255
1753313734.266382
1753313734.309828
1753313734.336291
1753313734.374460
1753313734.400079
1753313734.444490
1753313734.465541
1753313734.509925
1753313734.533177
1753313734.576718
1753313734.603772
1753313734.645895
1753313734.666657
1753313734.710773
1753313734.734163
1753313734.777531
1753313734.799954
1753313734.843490
1753313734.870602
1753313734.912229
1753313734.933337
1753313734.975520
1753313735.002849
1753313735.041223
1753313735.065875
1753313735.102534
1753313735.136853
1753313735.177673
1753313735.200116
1753313735.242942
1753313735.271518
1753313735.312275
1753313735.333619
1753313735.375389
1753313735.402069
1753313735.444172
1753313735.474096
1753313735.500475
1753313735.540820
1753313735.571218
1753313735.603469
1753313735.638576
1753313735.666149
1753313735.709231
1753313735.737804
1753313735.775535
1753313735.800363
1753313735.844067
1753313735.868375
1753313735.911806
1753313735.933786
1753313735.978928
1753313736.001958
1753313736.044526
1753313736.066217
1753313736.108529
1753313736.141348
1753313736.177528
1753313736.200612
1753313736.244681
1753313736.268277
1753313736.311975
1753313736.333978
1753313736.377953
1753313736.402056
1753313736.444896
1753313736.467353
1753313736.511585
1753313736.537458
1753313736.579527
1753313736.600967
1753313736.643869
1753313736.673145
1753313736.711615
1753313736.734114
1753313736.777483
1753313736.804911
1753313736.845843
1753313736.867581
1753313736.911330
1753313736.936143
1753313736.978808
1753313737.001090
1753313737.044087
1753313737.067302
1753313737.110737
1753313737.133923
1753313737.177432
1753313737.200837
1753313737.244795
1753313737.267627
1753313737.309466
1753313737.340426
1753313737.377568
1753313737.401087
1753313737.444406
1753313737.467859
1753313737.511574
1753313737.534671
1753313737.578341
1753313737.603851
1753313737.645442
1753313737.667851
1753313737.711594
1753313737.739567
1753313737.778573
1753313737.801339
1753313737.845229
1753313737.870642
1753313737.911091
1753313737.934967
1753313737.977188
1753313738.007070
1753313738.045981
1753313738.068316
1753313738.112035
1753313738.139921
1753313738.179566
1753313738.201553
1753313738.245006
1753313738.274446
1753313738.311306
1753313738.334884
1753313738.378256
1753313738.404443
1753313738.445914
1753313738.468427
1753313738.510598
1753313738.539860
1753313738.579464
1753313738.601583
1753313738.645390
1753313738.671172
1753313738.712705
1753313738.734982
1753313738.778521
1753313738.807800
1753313738.843878
1753313738.868510
1753313738.914814
1753313738.938210
1753313738.979267
1753313739.001945
1753313739.044695
1753313739.069032
1753313739.113039
1753313739.135404
1753313739.178243
1753313739.205289
1753313739.246263
1753313739.268655
1753313739.313189
1753313739.338822
1753313739.379333
1753313739.402099
1753313739.444612
1753313739.471283
1753313739.512545
1753313739.535501
1753313739.579185
1753313739.605441
1753313739.646442
1753313739.669087
1753313739.713048
1753313739.740308
1753313739.779993
1753313739.802618
1753313739.848000
1753313739.873008
1753313739.913519
1753313739.936104
1753313739.979168
1753313740.005508
1753313740.046052
1753313740.068317
1753313740.112902
1753313740.139845
1753313740.180633
1753313740.202892
1753313740.246547
1753313740.273815
1753313740.311730
1753313740.336125
1753313740.379936
1753313740.406434
1753313740.445807
1753313740.469704
1753313740.512913
1753313740.538779
1753313740.579108
1753313740.603153
1753313740.644638
1753313740.677675
1753313740.710257
1753313740.737689
1753313740.779277
1753313740.808746
1753313740.844621
1753313740.869584
1753313740.911518
1753313740.942491
1753313740.978887
1753313741.002789
1753313741.046028
1753313741.071128
1753313741.112711
1753313741.136272
1753313741.178334
1753313741.203235
1753313741.240552
1753313741.269221
1753313741.308493
1753313741.345360
1753313741.375253
1753313741.403420
1753313741.445609
1753313741.472689
1753313741.512228
1753313741.536377
1753313741.578529
1753313741.608296
1753313741.638737
1753313741.670077
1753313741.711325
1753313741.744923
1753313741.778279
1753313741.803526
1753313741.846598
1753313741.876506
1753313741.912043
1753313741.936802
1753313741.980362
1753313742.008924
1753313742.046126
1753313742.070512
1753313742.114043
1753313742.142697
1753313742.179078
1753313742.204439
1753313742.245932
1753313742.276692
1753313742.312758
1753313742.337587
1753313742.379128
1753313742.408572
1753313742.447109
1753313742.470574
1753313742.513246
1753313742.542879
1753313742.579673
1753313742.603852
1753313742.646771
1753313742.676485
1753313742.712145
1753313742.737028
1753313742.779871
1753313742.806808
1753313742.845294
1753313742.870354
1753313742.913252
1753313742.943206
1753313742.978796
1753313743.003815
1753313743.046787
1753313743.070940
1753313743.110763
1753313743.137602
1753313743.179752
1753313743.210140
1753313743.245761
1753313743.270842
1753313743.313706
1753313743.344205
1753313743.379997
1753313743.404180
1753313743.446375
1753313743.476430
1753313743.512243
1753313743.537691
1753313743.579482
1753313743.609706
1753313743.646114
1753313743.670973
1753313743.713502
1753313743.744002
1753313743.779675
1753313743.812928
1753313743.837715
1753313743.878040
1753313743.912862
1753313743.944720
1753313743.979101
1753313744.005054
1753313744.046096
1753313744.073400
1753313744.114190
1753313744.138077
1753313744.181226
1753313744.211450
1753313744.246433
1753313744.271495
1753313744.313292
1753313744.344725
1753313744.378945
1753313744.405131
1753313744.446582
1753313744.477815
1753313744.512833
1753313744.538179
1753313744.579675
1753313744.611332
1753313744.646136
1753313744.671668
1753313744.713038
1753313744.744650
1753313744.779537
1753313744.805151
1753313744.845743
1753313744.876593
1753313744.912887
1753313744.938138
1753313744.979701
1753313745.010344
1753313745.046199
1753313745.071867
1753313745.113113
1753313745.144538
1753313745.179967
1753313745.205013
1753313745.245894
1753313745.279143
1753313745.314058
1753313745.338340
1753313745.379821
1753313745.410408
1753313745.447507
1753313745.472180
1753313745.513429
1753313745.545055
1753313745.580242
1753313745.606051
1753313745.646312
1753313745.675105
1753313745.708141
1753313745.740587
1753313745.777094
1753313745.809849
1753313745.843636
1753313745.872296
1753313745.907883
1753313745.943356
1753313745.975528
1753313746.005525
1753313746.046478
1753313746.075022
1753313746.114485
1753313746.139075
1753313746.180419
1753313746.212793
1753313746.246020
1753313746.274453
1753313746.313988
1753313746.345655
1753313746.380552
1753313746.406680
1753313746.448079
1753313746.478978
1753313746.512483
1753313746.540964
1753313746.578915
1753313746.613747
1753313746.645714
1753313746.672891
1753313746.711726
1753313746.746845
1753313746.778780
1753313746.807269
1753313746.847354
1753313746.877888
1753313746.912413
1753313746.939564
1753313746.980251
1753313747.012238
1753313747.046817
1753313747.072807
1753313747.112785
1753313747.143209
1753313747.182200
1753313747.205977
1753313747.246962
1753313747.278760
1753313747.313129
1753313747.339863
1753313747.381516
1753313747.412818
1753313747.445244
1753313747.474992
1753313747.513482
1753313747.541638
1753313747.581862
1753313747.606534
1753313747.648454
1753313747.678842
1753313747.712801
1753313747.740995
1753313747.778168
1753313747.812990
1753313747.847242
1753313747.874193
1753313747.913340
1753313747.945800
1753313747.980642
1753313748.007275
1753313748.047519
1753313748.080093
1753313748.113439
1753313748.140826
1753313748.180895
1753313748.214365
1753313748.245819
1753313748.277403
1753313748.314005
1753313748.346381
1753313748.379562
1753313748.410885
1753313748.446281
1753313748.480718
1753313748.513979
1753313748.541587
1753313748.581425
1753313748.614681
1753313748.646094
1753313748.677443
1753313748.713124
1753313748.747596
1753313748.782072
1753313748.807165
1753313748.846037
1753313748.881288
1753313748.914122
1753313748.940463
1753313748.981179
1753313749.011658
1753313749.046519
1753313749.075791
1753313749.115661
1753313749.145689
1753313749.180804
1753313749.207879
1753313749.247216
1753313749.281037
1753313749.314686
1753313749.340791
1753313749.380650
1753313749.415330
1753313749.449102
1753313749.474302
1753313749.514202
1753313749.547612
1753313749.581626
1753313749.607661
1753313749.644421
1753313749.678615
1753313749.710542
1753313749.742312
1753313749.782696
1753313749.812003
1753313749.847291
1753313749.874370
1753313749.915085
1753313749.948848
1753313749.978052
1753313750.011192
1753313750.046634
1753313750.079211
1753313750.112038
1753313750.141101
1753313750.177341
1753313750.213876
1753313750.248430
1753313750.274429
1753313750.314806
1753313750.349787
1753313750.379214
1753313750.410437
1753313750.447191
1753313750.480773
1753313750.514873
1753313750.541379
1753313750.581048
1753313750.614822
1753313750.650091
1753313750.674736
1753313750.714814
1753313750.748771
1753313750.782588
1753313750.808334
1753313750.847875
1753313750.881956
1753313750.916379
1753313750.941522
1753313750.982094
1753313751.013035
1753313751.046950
1753313751.075655
1753313751.116284
1753313751.145895
1753313751.182540
1753313751.208035
1753313751.248540
1753313751.280376
1753313751.314708
1753313751.341587
1753313751.381936
1753313751.416133
1753313751.446384
1753313751.476090
1753313751.517097
1753313751.546109
1753313751.581261
1753313751.609434
1753313751.647367
1753313751.682115
1753313751.713972
1753313751.741874
1753313751.781107
1753313751.816454
1753313751.846833
1753313751.878370
1753313751.914104
1753313751.947231
1753313751.980202
1753313752.011140
1753313752.046691
1753313752.081073
1753313752.112885
1753313752.147753
1753313752.175406
1753313752.212171
1753313752.244633
1753313752.276309
1753313752.315944
1753313752.343102
1753313752.384136
1753313752.413052
1753313752.448458
1753313752.478700
1753313752.515211
1753313752.549303
1753313752.580682
1753313752.612179
1753313752.647917
1753313752.683239
1753313752.714441
1753313752.745083
1753313752.784657
1753313752.813949
1753313752.846776
1753313752.877607
1753313752.918313
1753313752.947459
1753313752.982384
1753313753.009567
1753313753.048089
1753313753.081788
1753313753.116237
1753313753.142702
1753313753.181468
1753313753.216208
1753313753.247076
1753313753.277866
1753313753.318102
1753313753.347273
1753313753.382673
1753313753.410522
1753313753.447354
1753313753.481156
1753313753.516811
1753313753.544250
1753313753.581821
1753313753.613804
1753313753.646040
1753313753.677316
1753313753.716858
1753313753.748585
1753313753.781868
1753313753.811963
1753313753.849103
1753313753.880239
1753313753.916806
1753313753.944641
1753313753.985201
1753313754.014515
1753313754.048073
1753313754.079518
1753313754.118343
1753313754.148277
1753313754.183567
1753313754.212818
1753313754.253246
1753313754.280762
1753313754.317680
1753313754.345148
1753313754.386199
1753313754.414137
1753313754.450791
1753313754.478332
1753313754.515340
1753313754.551199
1753313754.583685
1753313754.611310
1753313754.652571
1753313754.681263
1753313754.717733
1753313754.743854
1753313754.786566
1753313754.814225
1753313754.849683
1753313754.879088
1753313754.918534
1753313754.947346
1753313754.982429
1753313755.012642
1753313755.049743
1753313755.083661
1753313755.116517
1753313755.145112
1753313755.185037
1753313755.216962
1753313755.250433
1753313755.277298
1753313755.317343
1753313755.351169
1753313755.381170
1753313755.411562
1753313755.450910
1753313755.481690
1753313755.517848
1753313755.543479
1753313755.584407
1753313755.614147
1753313755.650124
1753313755.677690
1753313755.718996
1753313755.747189
1753313755.787543
1753313755.810288
1753313755.852156
1753313755.881454
1753313755.915792
1753313755.946283
1753313755.987677
1753313756.014354
1753313756.048448
1753313756.079188
1753313756.116285
1753313756.148321
1753313756.186002
1753313756.212745
1753313756.249008
1753313756.286204
1753313756.314957
1753313756.347082
1753313756.387973
1753313756.413478
1753313756.454323
1753313756.478009
1753313756.519286
1753313756.549601
1753313756.586422
1753313756.612191
1753313756.650018
1753313756.685215
1753313756.718689
1753313756.744649
1753313756.788510
1753313756.814214
1753313756.851475
1753313756.877884
1753313756.917989
1753313756.953402
1753313756.981272
1753313757.013520
1753313757.048085
1753313757.086024
1753313757.116139
1753313757.146254
1753313757.183664
1753313757.219326
1753313757.249270
1753313757.278652
1753313757.321350
1753313757.347298
1753313757.384695
1753313757.411544
1753313757.453391
1753313757.480030
1753313757.521588
1753313757.544524
1753313757.584718
1753313757.616151
1753313757.648074
1753313757.678100
1753313757.719921
1753313757.749867
1753313757.789094
1753313757.811241
1753313757.851880
1753313757.887769
1753313757.914533
1753313757.947116
1753313757.984327
1753313758.018498
1753313758.047836
1753313758.081305
1753313758.121597
1753313758.148052
1753313758.184902
1753313758.213727
1753313758.251298
1753313758.283284
1753313758.322947
1753313758.345261
1753313758.390448
1753313758.413679
1753313758.451472
1753313758.479950
1753313758.521293
1753313758.547561
1753313758.587632
1753313758.611949
1753313758.657212
1753313758.680834
1753313758.718800
1753313758.745628
1753313758.791916
1753313758.813823
1753313758.851144
1753313758.878850
1753313758.918745
1753313758.953755
1753313758.981531
1753313759.012996
1753313759.048084
1753313759.087491
1753313759.115096
1753313759.147895
1753313759.184900
1753313759.220448
1753313759.248239
1753313759.279629
1753313759.316925
1753313759.358219
1753313759.380872
1753313759.415819
1753313759.452619
1753313759.483716
1753313759.524003
1753313759.545826
1753313759.592942
1753313759.613573
1753313759.652231
1753313759.679251
1753313759.726241
1753313759.747224
1753313759.790862
1753313759.812889
1753313759.857797
1753313759.881202
1753313759.923687
1753313759.946129
1753313759.993289
1753313760.013630
1753313760.050117
1753313760.079558
1753313760.120803
1753313760.147867
1753313760.186291
1753313760.214605
1753313760.251049
1753313760.291657
1753313760.314599
1753313760.355637
1753313760.380527
1753313760.419167
1753313760.454253
1753313760.483736
1753313760.512974
1753313760.560589
1753313760.580281
1753313760.617762
1753313760.658950
1753313760.680075
1753313760.722055
1753313760.749003
1753313760.789648
1753313760.813449
1753313760.858302
1753313760.881221
1753313760.917371
1753313760.946890
1753313760.988227
1753313761.015587
1753313761.052505
1753313761.080454
1753313761.118350
1753313761.157615
1753313761.181278
1753313761.216286
1753313761.257283
1753313761.281412
1753313761.321683
1753313761.347142
1753313761.392071
1753313761.414697
1753313761.458531
1753313761.480440
1753313761.517592
1753313761.549084
1753313761.582827
1753313761.613671
1753313761.659263
1753313761.681291
1753313761.724716
1753313761.747147
1753313761.783773
1753313761.815178
1753313761.857764
1753313761.880431
1753313761.920065
1753313761.952932
1753313761.982721
1753313762.018942
1753313762.050918
1753313762.088236
1753313762.117214
1753313762.149973
1753313762.187529
1753313762.216343
1753313762.259441
1753313762.280845
1753313762.324720
1753313762.348687
1753313762.390936
1753313762.414167
1753313762.460708
1753313762.480965
1753313762.526748
1753313762.547477
1753313762.593734
1753313762.614900
1753313762.656772
1753313762.681090
1753313762.727903
1753313762.747848
1753313762.791851
1753313762.814186
1753313762.856767
1753313762.882579
1753313762.923703
1753313762.947566
1753313762.990814
1753313763.016603
1753313763.053385
1753313763.081235
1753313763.124892
1753313763.148437
1753313763.187880
1753313763.213570
1753313763.249723
1753313763.284736
1753313763.327221
1753313763.347796
1753313763.391635
1753313763.414947
1753313763.457473
1753313763.481303
1753313763.524751
1753313763.550398
1753313763.593228
1753313763.614554
1753313763.657988
1753313763.684010
1753313763.726920
1753313763.748036
1753313763.789097
1753313763.822786
1753313763.855233
1753313763.881701
1753313763.924754
1753313763.950209
1753313763.988982
1753313764.015062
1753313764.055001
1753313764.083774
1753313764.127241
1753313764.148281
1753313764.188469
1753313764.223026
1753313764.253070
1753313764.286432
1753313764.319918
1753313764.358179
1753313764.383000
1753313764.421952
1753313764.449575
1753313764.489662
1753313764.517692
1753313764.549862
1753313764.590704
1753313764.618038
1753313764.661486
1753313764.681750
1753313764.724380
1753313764.750668
1753313764.793364
1753313764.815196
1753313764.858826
1753313764.883352
1753313764.925829
1753313764.948545
1753313764.991803
1753313765.018100
1753313765.055232
1753313765.081874
1753313765.125321
1753313765.152153
1753313765.193489
1753313765.215502
1753313765.262308
1753313765.282360
1753313765.325648
1753313765.349148
1753313765.391801
1753313765.416742
1753313765.459255
1753313765.482313
1753313765.527839
1753313765.549069
1753313765.592417
1753313765.615988
1753313765.659235
1753313765.682868
1753313765.727781
1753313765.749026
1753313765.793046
1753313765.816136
1753313765.858445
1753313765.882456
1753313765.926181
1753313765.949341
1753313765.992167
1753313766.015967
1753313766.056411
1753313766.089682
1753313766.125793
1753313766.149334
1753313766.191733
1753313766.218001
1753313766.260143
1753313766.282606
1753313766.326819
1753313766.350596
1753313766.389345
1753313766.416444
1753313766.460398
1753313766.482110
1753313766.524238
1753313766.549696
1753313766.593364
1753313766.616516
1753313766.659621
1753313766.682977
1753313766.726387
1753313766.752882
1753313766.795420
1753313766.816302
1753313766.861132
1753313766.883059
1753313766.926895
1753313766.949659
1753313766.994710
1753313767.016568
1753313767.057298
1753313767.083289
1753313767.126875
1753313767.150965
1753313767.194308
1753313767.216362
1753313767.259749
1753313767.283484
1753313767.325978
1753313767.349919
1753313767.393551
1753313767.420223
1753313767.459305
1753313767.482417
1753313767.528746
1753313767.550217
1753313767.592884
1753313767.616739
1753313767.660597
1753313767.685031
1753313767.727981
1753313767.750095
1753313767.793054
1753313767.820705
1753313767.862314
1753313767.883540
1753313767.926771
1753313767.954480
1753313767.995988
1753313768.017104
1753313768.058993
1753313768.085438
1753313768.128131
1753313768.150364
1753313768.194250
1753313768.220097
1753313768.258743
1753313768.285167
1753313768.327855
1753313768.351151
1753313768.395532
1753313768.417248
1753313768.460624
1753313768.483095
1753313768.526330
1753313768.551146
1753313768.593959
1753313768.621332
1753313768.657998
1753313768.684250
1753313768.721386
1753313768.762982
1753313768.784394
1753313768.827113
1753313768.850426
1753313768.891435
1753313768.920046
1753313768.957708
1753313768.989114
1753313769.017597
1753313769.056161
1753313769.093889
1753313769.119952
1753313769.152791
1753313769.194902
1753313769.218539
1753313769.261062
1753313769.283855
1753313769.328398
1753313769.351042
1753313769.384733
1753313769.426784
1753313769.452150
1753313769.495017
1753313769.517251
1753313769.559371
1753313769.585348
1753313769.628600
1753313769.650612
1753313769.694169
1753313769.718611
1753313769.764030
1753313769.784228
1753313769.823950
1753313769.857886
1753313769.887131
1753313769.919241
1753313769.959674
1753313769.986706
1753313770.026091
1753313770.050541
1753313770.090834
1753313770.125783
1753313770.153009
1753313770.184598
1753313770.224985
1753313770.253913
1753313770.292396
1753313770.317675
1753313770.356528
1753313770.391452
1753313770.420098
1753313770.451205
1753313770.486092
1753313770.528633
1753313770.552075
1753313770.584504
1753313770.619971
1753313770.657592
1753313770.686570
1753313770.717743
1753313770.753002
1753313770.787836
1753313770.824096
1753313770.851136
1753313770.887236
1753313770.928677
1753313770.951262
1753313770.984584
1753313771.022743
1753313771.053220
1753313771.093896
1753313771.117947
1753313771.154828
1753313771.191045
1753313771.220167
1753313771.251304
1753313771.290691
1753313771.322059
1753313771.358053
1753313771.384722
1753313771.422585
1753313771.457971
1753313771.485677
1753313771.518363
1753313771.556618
1753313771.588980
1753313771.625157
1753313771.651751
1753313771.689066
1753313771.721791
1753313771.758562
1753313771.784881
1753313771.822943
1753313771.851273
1753313771.887309
1753313771.918364
1753313771.956046
1753313771.989912
1753313772.024322
1753313772.051814
1753313772.088572
1753313772.128817
1753313772.153596
1753313772.185112
1753313772.224365
1753313772.257245
1753313772.292607
1753313772.318549
1753313772.355795
1753313772.396003
1753313772.421157
1753313772.452386
1753313772.489194
1753313772.528361
1753313772.554180
1753313772.585769
1753313772.624899
1753313772.658604
1753313772.692756
1753313772.718829
1753313772.760536
1753313772.788607
1753313772.829651
1753313772.852189
1753313772.892753
1753313772.922092
1753313772.960659
1753313772.985574
1753313773.027649
1753313773.051950
1753313773.094130
1753313773.118928
1753313773.158674
1753313773.191340
1753313773.222585
1753313773.251854
1753313773.295067
1753313773.319474
1753313773.361995
1753313773.385883
1753313773.428534
1753313773.455234
1753313773.496360
1753313773.519241
1753313773.562042
1753313773.589845
1753313773.630436
1753313773.652768
1753313773.695467
1753313773.722524
1753313773.763079
1753313773.786126
1753313773.828883
1753313773.856169
1753313773.896683
1753313773.919590
1753313773.962649
1753313773.989084
1753313774.029789
1753313774.052724
1753313774.096219
1753313774.124093
1753313774.163808
1753313774.186318
1753313774.229342
1753313774.257982
1753313774.295711
1753313774.319766
1753313774.362003
1753313774.392631
1753313774.427952
1753313774.453266
1753313774.497012
1753313774.521548
1753313774.564275
1753313774.586641
1753313774.629680
1753313774.658222
1753313774.695207
1753313774.720208
1753313774.763816
1753313774.791270
1753313774.828020
1753313774.853470
1753313774.892468
1753313774.927729
1753313774.959713
1753313774.987584
1753313775.029174
1753313775.053793
1753313775.096527
1753313775.120248
1753313775.161685
1753313775.192567
1753313775.228952
1753313775.253919
1753313775.293210
1753313775.329129
1753313775.357393
1753313775.386877
1753313775.424801
1753313775.462135
1753313775.490427
1753313775.520553
1753313775.559936
1753313775.595827
1753313775.625155
1753313775.653632
1753313775.691857
1753313775.729262
1753313775.758453
1753313775.788078
1753313775.829337
1753313775.859200
1753313775.896856
1753313775.920592
1753313775.959518
1753313775.995659
1753313776.025465
1753313776.053351
1753313776.095563
1753313776.125914
1753313776.160556
1753313776.187260
1753313776.225011
1753313776.261159
1753313776.292826
1753313776.320555
1753313776.358359
1753313776.394956
1753313776.424866
1753313776.454047
1753313776.489963
1753313776.527625
1753313776.558907
1753313776.587593
1753313776.624906
1753313776.661727
1753313776.691902
