1742865130.884528
1742865130.985617
1742865131.018996
1742865131.052082
1742865131.085599
1742865131.118316
1742865131.151527
1742865131.184931
1742865131.218036
1742865131.251416
1742865131.291062
1742865131.318284
1742865131.351551
1742865131.392038
1742865131.431439
1742865131.462750
1742865131.498312
1742865131.524734
1742865131.564437
1742865131.596215
1742865131.628700
1742865131.666358
1742865131.696830
1742865131.733439
1742865131.765744
1742865131.801021
1742865131.832001
1742865131.866851
1742865131.897608
1742865131.934840
1742865131.965923
1742865131.999150
1742865132.033133
1742865132.066733
1742865132.099064
1742865132.132657
1742865132.161850
1742865132.191692
1742865132.224241
1742865132.264677
1742865132.299903
1742865132.332093
1742865132.354324
1742865132.386162
1742865132.423399
1742865132.465483
1742865132.485729
1742865132.518834
1742865132.560411
1742865132.588038
1742865132.627701
1742865132.652169
1742865132.690606
1742865132.724464
1742865132.759592
1742865132.785719
1742865132.823707
1742865132.859774
1742865132.890347
1742865132.919031
1742865132.953468
1742865132.995509
1742865133.020433
1742865133.052335
1742865133.085756
1742865133.128467
1742865133.152746
1742865133.185857
1742865133.221581
1742865133.259621
1742865133.290328
1742865133.319199
1742865133.353361
1742865133.394563
1742865133.419411
1742865133.452647
1742865133.486843
1742865133.528222
1742865133.554051
1742865133.586157
1742865133.619954
1742865133.660890
1742865133.686596
1742865133.719370
1742865133.754712
1742865133.793853
1742865133.823592
1742865133.852889
1742865133.890853
1742865133.926298
1742865133.958172
1742865133.986291
1742865134.026686
1742865134.057480
1742865134.095365
1742865134.119664
1742865134.158061
1742865134.195461
1742865134.222715
1742865134.252971
1742865134.296516
1742865134.324684
1742865134.362035
1742865134.386567
1742865134.432339
1742865134.455819
1742865134.497887
1742865134.519875
1742865134.564567
1742865134.590870
1742865134.631105
1742865134.653225
1742865134.695226
1742865134.725858
1742865134.761342
1742865134.786602
1742865134.831328
1742865134.857208
1742865134.894531
1742865134.924096
1742865134.959167
1742865134.990333
1742865135.029370
1742865135.057281
1742865135.097461
1742865135.120221
1742865135.162876
1742865135.192323
1742865135.230161
1742865135.253613
1742865135.294823
1742865135.329691
1742865135.361001
1742865135.387053
1742865135.430356
1742865135.459174
1742865135.499956
1742865135.520568
1742865135.562626
1742865135.593685
1742865135.628057
1742865135.654136
1742865135.697787
1742865135.725127
1742865135.765310
1742865135.787453
1742865135.830730
1742865135.859859
1742865135.896141
1742865135.922880
1742865135.960051
1742865135.987608
1742865136.024853
1742865136.060175
1742865136.098202
1742865136.121014
1742865136.163716
1742865136.194408
1742865136.230121
1742865136.254347
1742865136.296520
1742865136.327003
1742865136.363333
1742865136.387678
1742865136.430382
1742865136.457367
1742865136.495271
1742865136.522756
1742865136.561531
1742865136.597095
1742865136.627944
1742865136.659180
1742865136.695443
1742865136.729711
1742865136.764819
1742865136.788126
1742865136.830741
1742865136.863173
1742865136.897438
1742865136.921416
1742865136.963905
1742865136.995338
1742865137.030967
1742865137.054729
1742865137.099167
1742865137.126307
1742865137.166576
1742865137.188203
1742865137.230817
1742865137.261394
1742865137.297009
1742865137.321888
1742865137.364067
1742865137.394403
1742865137.430857
1742865137.457753
1742865137.497910
1742865137.521659
1742865137.563774
1742865137.594125
1742865137.628962
1742865137.655217
1742865137.695262
1742865137.725651
1742865137.757957
1742865137.788332
1742865137.829710
1742865137.860299
1742865137.897236
1742865137.922284
1742865137.966571
1742865137.993362
1742865138.030628
1742865138.055165
1742865138.099076
1742865138.126531
1742865138.166592
1742865138.188637
1742865138.230333
1742865138.261465
1742865138.298124
1742865138.322141
1742865138.363899
1742865138.395499
1742865138.428202
1742865138.455875
1742865138.494702
1742865138.530387
1742865138.565794
1742865138.588791
1742865138.631495
1742865138.663740
1742865138.698709
1742865138.722668
1742865138.765725
1742865138.795163
1742865138.832337
1742865138.856650
1742865138.896288
1742865138.929877
1742865138.963823
1742865138.992218
1742865139.032477
1742865139.060945
1742865139.097661
1742865139.124639
1742865139.164864
1742865139.197576
1742865139.232169
1742865139.256317
1742865139.300693
1742865139.327624
1742865139.366413
1742865139.389365
1742865139.428784
1742865139.463670
1742865139.497739
1742865139.523276
1742865139.564264
1742865139.597662
1742865139.630808
1742865139.656874
1742865139.700633
1742865139.727298
1742865139.765838
1742865139.790055
1742865139.831433
1742865139.864721
1742865139.899197
1742865139.924894
1742865139.966040
1742865139.996129
1742865140.030783
1742865140.060105
1742865140.098414
1742865140.130076
1742865140.165987
1742865140.191190
1742865140.232617
1742865140.262628
1742865140.298523
1742865140.328149
1742865140.366095
1742865140.395821
1742865140.430061
1742865140.461037
1742865140.499896
1742865140.529399
1742865140.564226
1742865140.594596
1742865140.632667
1742865140.662667
1742865140.696235
1742865140.731621
1742865140.761431
1742865140.798245
1742865140.823327
1742865140.864957
1742865140.899284
1742865140.930888
1742865140.966779
1742865140.996802
1742865141.030380
1742865141.066314
1742865141.098927
1742865141.129192
1742865141.164869
1742865141.198688
1742865141.231302
1742865141.263428
1742865141.298116
1742865141.332892
1742865141.365668
1742865141.395320
1742865141.434170
1742865141.463180
1742865141.499181
1742865141.523924
1742865141.565039
1742865141.597160
1742865141.632140
1742865141.657533
1742865141.699339
1742865141.728281
1742865141.766583
1742865141.790679
1742865141.831237
1742865141.867117
1742865141.897182
1742865141.926264
1742865141.967089
1742865141.995335
1742865142.032067
1742865142.060273
1742865142.101282
1742865142.130335
1742865142.165979
1742865142.195025
1742865142.235917
1742865142.260942
1742865142.301860
1742865142.325272
1742865142.366634
1742865142.395793
1742865142.435508
1742865142.457891
1742865142.499630
1742865142.531569
1742865142.567202
1742865142.591331
1742865142.633103
1742865142.663730
1742865142.699767
1742865142.725491
1742865142.765763
1742865142.800483
1742865142.831314
1742865142.861392
1742865142.902270
1742865142.928247
1742865142.967156
1742865142.992281
1742865143.034567
1742865143.063892
1742865143.100283
1742865143.126643
1742865143.166761
1742865143.196210
1742865143.232199
1742865143.259525
1742865143.300729
1742865143.329491
1742865143.363375
1742865143.395952
1742865143.433158
1742865143.466846
1742865143.500909
1742865143.525123
1742865143.565458
1742865143.601327
1742865143.628144
1742865143.665063
1742865143.696443
1742865143.736672
1742865143.761726
1742865143.799715
1742865143.829462
1742865143.867542
1742865143.898325
1742865143.928597
1742865143.968199
1742865143.996756
1742865144.035467
1742865144.058150
1742865144.102183
1742865144.128603
1742865144.168618
1742865144.191768
1742865144.235112
1742865144.264772
1742865144.303032
1742865144.324999
1742865144.367619
1742865144.398178
1742865144.434912
1742865144.458788
1742865144.502981
1742865144.529525
1742865144.569086
1742865144.592627
1742865144.634601
1742865144.665370
1742865144.698623
1742865144.730374
1742865144.766248
1742865144.799122
1742865144.831702
1742865144.862956
1742865144.901501
1742865144.930149
1742865144.970851
1742865144.992048
1742865145.036195
1742865145.062906
1742865145.103767
1742865145.125437
1742865145.166931
1742865145.197626
1742865145.236549
1742865145.258853
1742865145.302499
1742865145.329375
1742865145.369605
1742865145.393422
1742865145.432923
1742865145.470290
1742865145.496332
1742865145.535317
1742865145.562209
1742865145.602639
1742865145.629183
1742865145.665034
1742865145.700046
1742865145.734889
1742865145.762809
1742865145.797284
1742865145.835338
1742865145.864183
1742865145.903339
1742865145.925778
1742865145.971393
1742865145.995475
1742865146.034182
1742865146.060888
1742865146.101979
1742865146.129571
1742865146.169165
1742865146.193532
1742865146.236973
1742865146.262655
1742865146.303849
1742865146.326307
1742865146.372076
1742865146.395526
1742865146.433323
1742865146.464406
1742865146.501033
1742865146.534220
1742865146.563316
1742865146.603085
1742865146.628918
1742865146.670011
1742865146.697051
1742865146.735802
1742865146.762640
1742865146.801526
1742865146.833115
1742865146.864558
1742865146.901792
1742865146.930323
1742865146.972627
1742865146.993368
1742865147.037751
1742865147.063407
1742865147.101792
1742865147.126951
1742865147.171156
1742865147.196306
1742865147.238933
1742865147.259916
1742865147.303728
1742865147.329833
1742865147.368108
1742865147.397093
1742865147.438526
1742865147.462512
1742865147.505164
1742865147.527255
1742865147.574330
1742865147.595807
1742865147.634456
1742865147.664980
1742865147.704182
1742865147.730210
1742865147.770302
1742865147.795906
1742865147.834107
1742865147.871471
1742865147.897182
1742865147.932949
1742865147.967080
1742865148.002491
1742865148.029412
1742865148.062784
1742865148.101004
1742865148.137590
1742865148.163189
1742865148.199581
1742865148.235663
1742865148.262680
1742865148.303004
1742865148.328028
1742865148.374459
1742865148.395893
1742865148.434627
1742865148.463661
1742865148.505501
1742865148.529487
1742865148.571696
1742865148.594374
1742865148.640652
1742865148.662813
1742865148.705929
1742865148.727768
1742865148.774034
1742865148.796204
1742865148.839099
1742865148.861017
1742865148.908653
1742865148.929567
1742865148.972076
1742865148.994662
1742865149.041402
1742865149.062752
1742865149.102583
1742865149.138889
1742865149.161132
1742865149.207140
1742865149.229331
1742865149.271285
1742865149.297592
1742865149.333700
1742865149.369136
1742865149.401972
1742865149.434390
1742865149.465005
1742865149.506454
1742865149.529498
1742865149.575788
1742865149.594645
1742865149.641859
1742865149.662959
1742865149.708409
1742865149.728080
1742865149.775228
1742865149.796345
1742865149.841677
1742865149.861396
1742865149.908480
1742865149.929778
1742865149.973281
1742865149.994900
1742865150.041920
1742865150.063008
1742865150.106434
1742865150.128436
1742865150.175190
1742865150.196190
1742865150.239542
1742865150.261697
1742865150.308365
1742865150.329549
1742865150.375536
1742865150.395268
1742865150.441950
1742865150.462992
1742865150.505194
1742865150.528597
1742865150.575531
1742865150.596546
1742865150.642332
1742865150.662175
1742865150.709507
1742865150.729617
1742865150.775756
1742865150.795563
1742865150.843043
1742865150.862912
1742865150.909279
1742865150.928900
1742865150.975818
1742865150.996493
1742865151.042402
1742865151.062234
1742865151.109972
1742865151.129172
1742865151.170853
1742865151.195647
1742865151.239030
1742865151.263369
1742865151.309683
1742865151.329224
1742865151.366531
1742865151.397965
1742865151.432860
1742865151.469253
1742865151.496848
1742865151.542805
1742865151.563633
1742865151.602839
1742865151.632176
1742865151.674331
1742865151.696957
1742865151.739865
1742865151.762941
1742865151.810041
1742865151.830107
1742865151.871635
1742865151.896847
1742865151.941339
1742865151.963648
1742865152.005964
1742865152.029780
1742865152.072882
1742865152.098669
1742865152.139638
1742865152.163398
1742865152.206123
1742865152.231683
1742865152.268331
1742865152.302722
1742865152.336897
1742865152.370959
1742865152.396262
1742865152.443227
1742865152.463381
1742865152.507535
1742865152.529850
1742865152.574861
1742865152.597039
1742865152.643733
1742865152.663042
1742865152.710080
1742865152.729777
1742865152.773419
1742865152.797244
1742865152.842498
1742865152.863894
1742865152.909557
1742865152.930394
1742865152.975870
1742865152.997250
1742865153.043919
1742865153.063209
1742865153.106612
1742865153.130839
1742865153.173713
1742865153.196657
1742865153.242990
1742865153.263935
1742865153.310031
1742865153.330049
1742865153.376125
1742865153.397270
1742865153.440645
1742865153.463676
1742865153.510659
1742865153.530544
1742865153.576628
1742865153.596953
1742865153.640126
1742865153.666519
1742865153.708513
1742865153.730494
1742865153.775883
1742865153.797551
1742865153.843462
1742865153.864132
1742865153.909775
1742865153.930924
1742865153.974368
1742865153.997143
1742865154.042498
1742865154.064343
1742865154.107659
1742865154.130232
1742865154.176972
1742865154.197437
1742865154.240778
1742865154.264047
1742865154.310705
1742865154.330703
1742865154.377028
1742865154.397163
1742865154.444052
1742865154.464233
1742865154.509135
1742865154.530573
1742865154.573230
1742865154.599698
1742865154.640687
1742865154.663957
1742865154.710870
1742865154.730817
1742865154.776466
1742865154.797337
1742865154.840874
1742865154.864881
1742865154.912382
1742865154.930937
1742865154.974693
1742865154.999204
1742865155.043338
1742865155.064112
1742865155.111557
1742865155.131253
1742865155.174165
1742865155.197977
1742865155.241095
1742865155.268239
1742865155.309411
1742865155.331597
1742865155.377737
1742865155.398159
1742865155.440558
1742865155.465090
1742865155.511195
1742865155.531871
1742865155.574947
1742865155.598451
1742865155.638886
1742865155.674139
1742865155.704206
1742865155.731865
1742865155.778028
1742865155.798422
1742865155.841864
1742865155.864572
1742865155.911793
1742865155.931951
1742865155.975358
1742865155.997857
1742865156.043804
1742865156.065121
1742865156.108690
1742865156.131365
1742865156.178686
1742865156.198686
1742865156.244894
1742865156.264705
1742865156.311322
1742865156.332425
1742865156.379270
1742865156.398177
1742865156.445147
1742865156.465659
1742865156.511498
1742865156.531503
1742865156.577872
1742865156.598913
1742865156.642482
1742865156.665651
1742865156.712489
1742865156.733028
1742865156.776573
1742865156.798547
1742865156.846073
1742865156.866295
1742865156.911868
1742865156.931934
1742865156.975695
1742865157.000761
1742865157.043141
1742865157.065104
1742865157.112165
1742865157.133270
1742865157.176354
1742865157.198442
1742865157.242248
1742865157.267303
1742865157.313501
1742865157.332023
1742865157.379383
1742865157.400232
1742865157.446372
1742865157.473724
1742865157.498786
1742865157.545422
1742865157.567083
1742865157.613236
1742865157.633928
1742865157.677435
1742865157.700958
1742865157.740606
1742865157.775790
1742865157.801313
1742865157.844387
1742865157.867609
1742865157.912583
1742865157.933388
1742865157.980089
1742865158.000996
1742865158.043619
1742865158.066659
1742865158.110475
1742865158.134574
1742865158.173753
1742865158.200791
1742865158.243775
1742865158.271214
1742865158.312080
1742865158.332728
1742865158.380636
1742865158.401644
1742865158.443788
1742865158.466571
1742865158.510217
1742865158.537088
1742865158.579658
1742865158.599358
1742865158.646423
1742865158.668387
1742865158.707877
1742865158.735726
1742865158.777569
1742865158.802986
1742865158.845948
1742865158.866201
1742865158.912915
1742865158.932592
1742865158.980488
1742865158.999540
1742865159.042728
1742865159.070936
1742865159.112350
1742865159.132987
1742865159.179781
1742865159.202114
1742865159.246768
1742865159.266334
1742865159.310257
1742865159.338524
1742865159.378651
1742865159.399802
1742865159.443317
1742865159.472458
1742865159.511995
1742865159.532975
1742865159.578046
1742865159.604273
1742865159.646247
1742865159.666723
1742865159.711942
1742865159.735586
1742865159.778491
1742865159.800191
1742865159.847171
1742865159.868998
1742865159.914072
1742865159.933545
1742865159.977013
1742865160.006363
1742865160.043438
1742865160.067043
1742865160.113640
1742865160.136771
1742865160.177082
1742865160.201787
1742865160.241183
1742865160.276262
1742865160.307988
1742865160.337060
1742865160.377879
1742865160.404841
1742865160.447659
1742865160.466991
1742865160.511127
1742865160.538970
1742865160.579543
1742865160.600399
1742865160.643616
1742865160.670112
1742865160.714109
1742865160.733772
1742865160.777437
1742865160.806555
1742865160.847204
1742865160.867057
1742865160.910841
1742865160.938050
1742865160.979538
1742865161.000672
1742865161.048012
1742865161.070436
1742865161.112477
1742865161.133992
1742865161.181173
1742865161.203685
1742865161.245498
1742865161.267205
1742865161.308992
1742865161.342933
1742865161.372377
1742865161.403986
1742865161.446171
1742865161.470659
1742865161.512597
1742865161.534173
1742865161.577945
1742865161.605358
1742865161.647102
1742865161.667548
1742865161.711313
1742865161.740169
1742865161.778025
1742865161.802309
1742865161.844315
1742865161.873797
1742865161.911790
1742865161.934114
1742865161.980448
1742865162.005208
1742865162.047125
1742865162.067982
1742865162.113096
1742865162.138683
1742865162.180132
1742865162.201072
1742865162.244732
1742865162.274214
1742865162.309918
1742865162.334458
1742865162.381335
1742865162.405206
1742865162.446936
1742865162.467811
1742865162.510499
1742865162.540935
1742865162.578252
1742865162.601206
1742865162.644718
1742865162.674316
1742865162.709700
1742865162.736887
1742865162.778816
1742865162.808288
1742865162.837734
1742865162.879315
1742865162.906224
1742865162.945189
1742865162.968515
1742865163.013117
1742865163.039300
1742865163.080959
1742865163.101706
1742865163.143822
1742865163.169787
1742865163.206737
1742865163.237938
1742865163.279132
1742865163.307102
1742865163.343648
1742865163.370025
1742865163.414600
1742865163.439600
1742865163.481025
1742865163.502003
1742865163.545033
1742865163.574603
1742865163.611186
1742865163.638306
1742865163.678984
1742865163.708169
1742865163.745300
1742865163.769422
1742865163.813687
1742865163.839204
1742865163.877139
1742865163.901795
1742865163.945435
1742865163.974798
1742865164.010486
1742865164.035205
1742865164.079761
1742865164.108160
1742865164.142678
1742865164.172148
1742865164.213609
1742865164.241095
1742865164.281125
1742865164.302311
1742865164.346024
1742865164.375871
1742865164.412054
1742865164.437717
1742865164.480204
1742865164.507789
1742865164.545420
1742865164.573503
1742865164.610825
1742865164.640401
1742865164.679664
1742865164.704853
1742865164.745344
1742865164.775190
1742865164.813180
1742865164.835731
1742865164.881908
1742865164.907022
1742865164.945852
1742865164.969321
1742865165.013913
1742865165.042038
1742865165.080935
1742865165.102439
1742865165.146331
1742865165.176092
1742865165.212562
1742865165.236125
1742865165.282508
1742865165.306569
1742865165.344342
1742865165.370133
1742865165.412982
1742865165.442534
1742865165.480700
1742865165.502891
1742865165.548241
1742865165.573338
1742865165.609056
1742865165.644519
1742865165.679590
1742865165.709790
1742865165.745338
1742865165.773567
1742865165.812658
1742865165.836472
1742865165.882348
1742865165.907468
1742865165.947585
1742865165.976148
1742865166.010946
1742865166.041922
1742865166.081295
1742865166.107835
1742865166.140151
1742865166.177639
1742865166.212992
1742865166.244712
1742865166.272981
1742865166.313544
1742865166.341582
1742865166.382243
1742865166.403199
1742865166.449521
1742865166.474107
1742865166.514266
1742865166.537036
1742865166.581739
1742865166.607840
1742865166.647576
1742865166.670592
1742865166.714372
1742865166.742562
1742865166.775075
1742865166.812366
1742865166.842325
1742865166.882507
1742865166.903570
1742865166.946094
1742865166.976134
1742865167.012673
1742865167.037251
1742865167.081025
1742865167.110422
1742865167.145430
1742865167.172004
1742865167.214533
1742865167.241558
1742865167.281991
1742865167.303591
1742865167.344802
1742865167.376884
1742865167.412310
1742865167.437077
1742865167.480199
1742865167.510765
1742865167.546089
1742865167.571901
1742865167.613379
1742865167.644218
1742865167.679480
1742865167.705938
1742865167.745792
1742865167.778094
1742865167.809871
1742865167.844513
1742865167.875252
1742865167.916154
1742865167.940267
1742865167.976781
1742865168.010699
1742865168.045900
1742865168.078594
1742865168.104602
1742865168.145103
1742865168.176838
1742865168.214163
1742865168.237942
1742865168.283658
1742865168.309264
1742865168.349914
1742865168.370929
1742865168.413615
1742865168.443667
1742865168.480123
1742865168.505287
1742865168.548717
1742865168.577314
1742865168.612973
1742865168.640043
1742865168.680712
1742865168.710126
1742865168.747460
1742865168.773683
1742865168.812959
1742865168.846209
1742865168.880119
1742865168.909306
1742865168.948465
1742865168.975824
1742865169.016681
1742865169.038617
1742865169.081384
1742865169.111253
1742865169.145003
1742865169.173144
1742865169.211493
1742865169.245921
1742865169.276955
1742865169.306807
1742865169.345200
1742865169.377801
1742865169.413954
1742865169.438598
1742865169.480738
1742865169.510159
1742865169.541237
1742865169.582126
1742865169.611356
1742865169.639370
1742865169.678033
1742865169.712234
1742865169.744253
1742865169.776139
1742865169.815063
1742865169.844452
1742865169.880772
1742865169.905912
1742865169.947138
1742865169.974579
1742865170.014249
1742865170.039178
1742865170.081124
1742865170.110233
1742865170.149535
1742865170.171941
1742865170.214513
1742865170.244104
1742865170.282028
1742865170.305158
1742865170.348134
1742865170.378619
1742865170.412724
1742865170.440905
1742865170.481817
1742865170.510977
1742865170.547116
1742865170.576263
1742865170.617324
1742865170.643543
1742865170.682310
1742865170.708994
1742865170.750332
1742865170.777048
1742865170.817004
1742865170.839763
1742865170.878566
1742865170.914686
1742865170.944679
1742865170.977289
1742865171.014338
1742865171.046995
1742865171.082274
1742865171.108579
1742865171.150187
1742865171.172277
1742865171.214304
1742865171.248149
1742865171.277184
1742865171.309866
1742865171.349506
1742865171.379186
1742865171.412004
1742865171.443587
1742865171.479926
1742865171.512959
1742865171.548674
1742865171.574134
1742865171.614685
1742865171.647687
1742865171.682717
1742865171.709214
1742865171.750560
1742865171.779001
1742865171.812448
1742865171.844495
1742865171.882127
1742865171.910490
1742865171.948969
1742865171.977554
1742865172.014739
1742865172.044723
1742865172.079601
1742865172.110608
1742865172.148059
1742865172.182235
1742865172.214813
1742865172.240320
1742865172.281550
1742865172.310247
1742865172.348141
1742865172.373017
1742865172.413849
1742865172.447556
1742865172.482741
1742865172.507269
1742865172.548556
1742865172.577939
1742865172.616289
1742865172.641162
1742865172.682492
1742865172.711108
1742865172.751636
1742865172.773174
1742865172.814108
1742865172.849139
1742865172.883006
1742865172.907561
1742865172.949147
1742865172.979574
1742865173.015061
1742865173.044882
1742865173.084027
1742865173.111561
1742865173.148728
1742865173.176891
1742865173.215862
1742865173.245182
1742865173.282836
1742865173.309156
1742865173.349084
1742865173.378518
1742865173.417958
1742865173.440112
1742865173.481207
1742865173.516071
1742865173.546863
1742865173.576082
1742865173.616348
1742865173.645594
1742865173.681882
1742865173.707134
1742865173.747872
1742865173.783801
1742865173.813577
1742865173.844702
1742865173.885931
1742865173.910634
1742865173.951844
1742865173.973789
1742865174.015650
1742865174.046321
1742865174.082831
1742865174.117853
1742865174.145007
1742865174.173677
1742865174.213471
1742865174.248693
1742865174.284584
1742865174.313129
1742865174.347706
1742865174.380393
1742865174.415822
1742865174.449312
1742865174.478516
1742865174.519446
1742865174.544489
1742865174.584311
1742865174.609159
1742865174.649140
1742865174.679685
1742865174.716602
1742865174.743209
1742865174.781315
1742865174.817544
1742865174.847035
1742865174.878777
1742865174.919422
1742865174.944340
1742865174.982652
1742865175.011846
1742865175.048489
1742865175.082380
1742865175.117989
1742865175.141627
1742865175.184075
1742865175.215164
1742865175.249928
1742865175.274635
1742865175.316998
1742865175.347089
1742865175.383976
1742865175.408099
1742865175.449913
1742865175.480455
1742865175.517347
1742865175.542991
1742865175.584474
1742865175.613765
1742865175.650495
1742865175.677837
1742865175.718201
1742865175.744322
1742865175.784365
1742865175.812920
1742865175.852321
1742865175.879234
1742865175.919140
1742865175.943119
1742865175.981925
1742865176.018591
1742865176.045809
1742865176.079023
1742865176.116891
1742865176.149414
1742865176.184654
1742865176.210414
1742865176.251646
1742865176.281864
1742865176.317381
1742865176.344389
1742865176.386501
1742865176.411571
1742865176.449845
1742865176.476147
1742865176.517838
1742865176.548152
1742865176.583791
1742865176.609435
1742865176.648507
1742865176.684438
1742865176.715476
1742865176.745829
1742865176.786435
1742865176.811649
1742865176.849907
1742865176.878700
1742865176.918899
1742865176.946218
1742865176.984095
1742865177.011887
1742865177.054197
1742865177.078526
1742865177.118617
1742865177.143826
1742865177.185496
1742865177.212474
1742865177.253613
1742865177.275351
1742865177.318615
1742865177.347976
1742865177.388349
1742865177.408743
1742865177.452821
1742865177.479476
1742865177.520205
1742865177.542237
1742865177.585296
1742865177.616909
1742865177.652795
1742865177.676411
1742865177.717815
1742865177.751080
1742865177.785705
1742865177.808995
1742865177.852096
1742865177.880241
1742865177.919836
1742865177.942678
1742865177.985835
1742865178.012274
1742865178.054302
1742865178.075697
1742865178.122289
1742865178.145180
1742865178.182195
1742865178.212398
1742865178.254099
1742865178.279171
1742865178.321011
1742865178.342809
1742865178.389353
1742865178.412332
1742865178.455316
1742865178.476135
1742865178.522602
1742865178.545592
1742865178.588599
1742865178.609558
1742865178.654423
1742865178.679343
1742865178.721579
1742865178.744379
1742865178.787888
1742865178.812494
1742865178.854805
1742865178.878210
1742865178.922012
1742865178.945570
1742865178.984288
1742865179.014659
1742865179.051690
1742865179.086008
1742865179.112935
1742865179.154073
1742865179.178867
1742865179.217988
1742865179.249637
1742865179.281146
1742865179.318574
1742865179.348013
1742865179.388971
1742865179.409738
1742865179.455468
1742865179.478966
1742865179.517942
1742865179.544747
1742865179.584265
1742865179.616746
1742865179.652661
1742865179.676550
1742865179.721601
1742865179.745990
1742865179.787780
1742865179.810044
1742865179.857315
1742865179.878970
1742865179.919487
1742865179.944287
1742865179.989904
1742865180.009805
1742865180.054951
1742865180.077378
1742865180.122280
1742865180.145986
1742865180.185190
1742865180.212276
1742865180.254558
1742865180.279087
1742865180.321528
1742865180.344177
1742865180.390593
1742865180.412436
1742865180.451082
1742865180.480036
1742865180.521091
1742865180.546786
1742865180.589244
1742865180.610586
1742865180.649304
1742865180.689049
1742865180.713560
1742865180.754310
1742865180.779489
1742865180.818061
1742865180.855445
1742865180.877884
1742865180.922908
1742865180.946032
1742865180.987957
1742865181.011701
1742865181.058849
1742865181.078327
1742865181.123189
1742865181.144374
1742865181.190737
1742865181.212635
1742865181.258173
1742865181.277773
1742865181.322483
1742865181.344570
1742865181.378628
1742865181.412790
1742865181.451282
1742865181.483327
1742865181.522085
1742865181.544710
1742865181.591354
1742865181.612666
1742865181.654012
1742865181.679517
1742865181.721790
1742865181.747115
1742865181.783580
1742865181.816828
1742865181.852282
1742865181.880478
1742865181.920158
1742865181.944837
1742865181.991816
1742865182.012919
1742865182.058546
1742865182.078041
1742865182.123583
1742865182.146273
1742865182.185999
1742865182.212877
1742865182.258655
1742865182.279484
1742865182.323437
1742865182.344955
1742865182.391680
1742865182.412970
1742865182.458357
1742865182.488761
1742865182.511691
1742865182.559298
1742865182.580001
1742865182.622834
1742865182.646713
1742865182.687835
1742865182.713408
1742865182.756767
1742865182.779980
1742865182.818314
1742865182.850349
1742865182.891075
1742865182.913462
1742865182.957530
1742865182.978785
1742865183.025735
1742865183.046542
1742865183.090205
1742865183.112231
1742865183.159452
1742865183.179920
1742865183.219178
1742865183.246590
1742865183.292910
1742865183.313080
1742865183.352943
1742865183.380465
1742865183.427317
1742865183.446146
1742865183.484800
1742865183.518899
1742865183.553078
1742865183.585760
1742865183.613581
1742865183.660878
1742865183.679371
1742865183.723521
1742865183.746743
1742865183.792312
1742865183.813594
1742865183.852635
1742865183.882503
1742865183.919664
1742865183.953958
1742865183.982575
1742865184.018729
1742865184.047784
1742865184.090097
1742865184.113589
1742865184.155008
1742865184.180167
1742865184.222547
1742865184.250285
1742865184.286339
1742865184.315917
1742865184.357942
1742865184.380526
1742865184.419335
1742865184.448426
1742865184.493323
1742865184.513772
1742865184.560175
1742865184.579748
1742865184.625292
1742865184.647189
1742865184.691039
1742865184.712808
1742865184.760069
1742865184.780513
1742865184.823418
1742865184.846875
1742865184.894086
1742865184.913578
1742865184.957592
1742865184.979777
1742865185.027490
1742865185.046887
1742865185.092228
1742865185.113100
1742865185.156982
1742865185.183658
1742865185.224355
1742865185.246654
1742865185.291964
1742865185.313962
1742865185.360136
1742865185.380109
1742865185.427158
1742865185.446764
1742865185.486233
1742865185.513798
1742865185.559718
1742865185.580371
1742865185.623092
1742865185.646754
1742865185.694398
1742865185.713528
1742865185.756716
1742865185.780368
1742865185.827534
1742865185.846943
1742865185.889438
1742865185.914008
1742865185.961032
1742865185.980332
1742865186.023007
1742865186.047481
1742865186.090645
1742865186.116717
1742865186.153272
1742865186.187228
1742865186.224101
1742865186.250727
1742865186.284532
1742865186.321562
1742865186.354059
1742865186.386971
1742865186.414070
1742865186.458752
1742865186.480895
1742865186.527333
1742865186.547132
1742865186.594107
1742865186.613914
1742865186.657177
1742865186.680723
1742865186.724910
1742865186.747518
1742865186.794874
1742865186.813967
1742865186.860565
1742865186.880906
1742865186.925297
1742865186.947477
1742865186.994596
1742865187.014255
1742865187.060881
1742865187.080769
1742865187.118737
1742865187.160102
1742865187.181366
1742865187.223221
1742865187.247866
1742865187.293690
1742865187.314663
1742865187.356991
1742865187.380992
1742865187.428024
1742865187.447843
1742865187.489333
1742865187.514250
1742865187.560625
1742865187.581368
1742865187.622340
1742865187.648036
1742865187.691307
1742865187.717306
1742865187.752379
1742865187.790307
1742865187.820685
1742865187.856054
1742865187.881737
1742865187.924362
1742865187.954344
1742865187.990667
1742865188.015568
1742865188.062005
1742865188.081892
1742865188.127835
1742865188.148311
1742865188.191616
1742865188.218471
1742865188.261075
1742865188.281865
1742865188.327714
1742865188.348419
1742865188.393298
1742865188.415471
1742865188.458999
1742865188.481974
1742865188.528904
1742865188.548221
1742865188.594507
1742865188.615096
1742865188.661307
1742865188.681345
1742865188.728720
1742865188.748780
1742865188.793757
1742865188.814688
1742865188.861528
1742865188.882424
1742865188.928333
1742865188.948329
1742865188.991701
1742865189.015860
1742865189.058525
1742865189.081599
1742865189.128895
1742865189.149372
1742865189.195070
1742865189.215068
1742865189.260738
1742865189.282860
1742865189.328044
1742865189.348428
1742865189.395771
1742865189.416319
1742865189.463309
1742865189.481969
1742865189.529560
1742865189.550106
1742865189.596105
1742865189.615332
1742865189.662525
1742865189.683538
1742865189.728306
1742865189.748701
1742865189.792558
1742865189.818458
1742865189.857196
1742865189.883327
1742865189.927513
1742865189.949709
1742865189.994879
1742865190.015697
1742865190.062307
1742865190.083555
1742865190.128675
1742865190.149007
1742865190.196035
1742865190.216552
1742865190.260155
1742865190.283636
1742865190.326830
1742865190.350828
1742865190.396234
1742865190.415880
1742865190.462977
1742865190.484094
1742865190.528654
1742865190.549160
1742865190.592902
1742865190.618179
1742865190.660269
1742865190.682609
1742865190.729521
1742865190.751368
1742865190.795080
1742865190.824738
1742865190.849191
1742865190.892920
1742865190.921002
1742865190.962313
1742865190.985344
1742865191.026308
1742865191.051429
1742865191.093525
1742865191.122260
1742865191.151727
1742865191.187976
1742865191.220609
1742865191.259497
1742865191.285070
1742865191.326396
1742865191.355113
1742865191.395358
1742865191.416282
1742865191.461097
1742865191.484980
1742865191.526779
1742865191.550170
1742865191.597569
1742865191.618826
1742865191.664242
1742865191.682924
1742865191.729035
1742865191.751705
1742865191.793261
1742865191.819024
1742865191.861342
1742865191.886320
1742865191.923096
1742865191.951645
1742865191.994914
1742865192.019450
1742865192.061440
1742865192.083265
1742865192.128317
1742865192.152567
1742865192.194762
1742865192.216831
1742865192.264464
1742865192.285744
1742865192.327237
1742865192.350248
1742865192.394044
1742865192.419789
1742865192.464255
1742865192.483389
1742865192.527458
1742865192.553423
1742865192.596937
1742865192.616779
1742865192.661349
1742865192.685818
1742865192.727499
1742865192.750236
1742865192.795303
1742865192.820047
1742865192.863345
1742865192.883661
1742865192.929669
1742865192.952531
1742865192.994800
1742865193.016975
1742865193.060267
1742865193.088848
1742865193.129035
1742865193.150753
1742865193.194555
1742865193.223402
1742865193.260710
1742865193.284043
1742865193.329184
1742865193.353524
1742865193.395411
1742865193.417100
1742865193.461023
1742865193.489578
1742865193.527039
1742865193.551104
1742865193.597978
1742865193.620617
1742865193.662990
1742865193.684184
1742865193.728493
1742865193.756822
1742865193.794412
1742865193.819120
1742865193.862270
1742865193.887938
1742865193.926985
1742865193.954032
1742865193.996246
1742865194.021166
1742865194.063642
1742865194.085006
1742865194.126355
1742865194.158134
1742865194.194948
1742865194.219201
1742865194.263174
1742865194.288121
1742865194.326765
1742865194.353526
1742865194.397281
1742865194.422018
1742865194.463883
1742865194.484287
1742865194.531344
1742865194.555425
1742865194.597375
1742865194.617708
1742865194.664832
1742865194.688459
1742865194.730334
1742865194.751083
1742865194.798352
1742865194.822148
1742865194.864134
1742865194.884513
1742865194.931702
1742865194.954939
1742865194.995971
1742865195.017853
1742865195.064516
1742865195.088848
1742865195.128465
1742865195.151680
1742865195.199312
1742865195.221445
1742865195.263402
1742865195.284640
1742865195.331558
1742865195.355089
1742865195.396909
1742865195.418277
1742865195.465135
1742865195.488847
1742865195.530735
1742865195.551553
1742865195.598196
1742865195.621258
1742865195.661946
1742865195.685285
1742865195.726619
1742865195.757829
1742865195.794226
1742865195.818498
1742865195.865152
1742865195.889072
1742865195.928288
1742865195.951668
1742865195.998911
1742865196.022085
1742865196.064140
1742865196.085065
1742865196.130140
1742865196.156426
1742865196.194132
1742865196.220316
1742865196.262694
1742865196.290835
1742865196.329195
1742865196.352542
1742865196.398036
1742865196.423070
1742865196.461684
1742865196.488530
1742865196.529131
1742865196.558614
1742865196.597291
1742865196.618776
1742865196.663535
1742865196.689775
1742865196.727061
1742865196.751976
1742865196.798140
1742865196.823348
1742865196.861595
1742865196.885899
1742865196.932127
1742865196.956593
1742865196.993925
1742865197.022264
1742865197.063673
1742865197.090847
1742865197.129096
1742865197.155305
1742865197.196543
1742865197.225290
1742865197.262617
1742865197.289099
1742865197.329856
1742865197.358794
1742865197.397874
1742865197.419390
1742865197.465259
1742865197.490396
1742865197.531142
1742865197.552839
1742865197.598655
1742865197.622973
1742865197.663518
1742865197.686030
1742865197.731908
1742865197.757285
1742865197.795471
1742865197.819282
1742865197.854397
1742865197.894715
1742865197.924689
1742865197.957376
1742865197.996992
1742865198.026248
1742865198.064378
1742865198.086210
1742865198.132274
1742865198.157145
1742865198.196431
1742865198.219826
1742865198.261785
1742865198.294408
1742865198.330167
1742865198.354250
1742865198.397932
1742865198.424563
1742865198.464400
1742865198.486630
1742865198.531372
1742865198.556899
1742865198.595517
1742865198.620839
1742865198.663271
1742865198.692970
1742865198.730206
1742865198.753223
1742865198.799393
1742865198.824482
1742865198.861693
1742865198.887653
1742865198.931465
1742865198.957335
1742865198.996500
1742865199.020066
1742865199.065010
1742865199.091794
1742865199.131544
1742865199.165395
1742865199.186955
1742865199.229457
1742865199.262125
1742865199.297075
1742865199.327742
1742865199.357392
1742865199.395905
1742865199.426378
1742865199.462194
1742865199.490823
1742865199.528811
1742865199.560430
1742865199.596887
1742865199.620559
1742865199.663633
1742865199.692802
1742865199.731402
1742865199.753802
1742865199.796768
1742865199.826351
1742865199.862884
1742865199.888205
1742865199.927865
1742865199.963140
1742865199.993865
1742865200.024645
1742865200.064543
1742865200.091713
1742865200.132438
1742865200.154868
1742865200.197257
1742865200.226577
1742865200.263350
1742865200.292229
1742865200.330559
1742865200.358607
1742865200.399843
1742865200.422398
1742865200.461089
1742865200.496496
1742865200.529247
1742865200.559102
1742865200.595356
1742865200.627785
1742865200.663616
1742865200.690559
1742865200.731266
1742865200.760881
1742865200.796175
1742865200.824234
1742865200.865028
1742865200.893980
1742865200.929168
1742865200.955608
1742865200.996318
1742865201.029060
1742865201.060483
1742865201.090741
1742865201.129483
1742865201.159762
1742865201.198455
1742865201.221197
1742865201.264975
1742865201.292553
1742865201.329653
1742865201.354779
1742865201.396753
1742865201.427953
1742865201.461334
1742865201.489615
1742865201.530240
1742865201.562450
1742865201.597443
1742865201.622351
1742865201.664810
1742865201.694429
1742865201.731333
1742865201.757166
1742865201.797315
1742865201.826660
1742865201.863765
1742865201.893003
1742865201.930142
1742865201.963823
1742865201.997333
1742865202.025451
1742865202.066427
1742865202.093068
1742865202.134209
1742865202.155274
1742865202.199986
1742865202.226318
1742865202.264395
1742865202.291707
1742865202.331956
1742865202.361610
1742865202.393954
1742865202.428239
1742865202.463430
1742865202.497447
1742865202.531353
1742865202.555794
1742865202.598118
1742865202.626839
1742865202.667045
1742865202.688779
1742865202.733047
1742865202.758605
1742865202.800299
1742865202.822055
1742865202.864510
1742865202.895762
1742865202.931408
1742865202.955745
1742865202.998655
1742865203.027808
1742865203.064883
1742865203.089580
1742865203.127972
1742865203.164296
1742865203.197629
1742865203.226644
1742865203.263302
1742865203.297570
1742865203.331866
1742865203.360474
1742865203.396800
1742865203.431606
1742865203.462505
1742865203.493592
1742865203.530538
1742865203.565900
1742865203.596120
1742865203.625543
1742865203.666391
1742865203.693888
1742865203.730874
1742865203.757066
1742865203.797873
1742865203.827805
1742865203.865489
1742865203.890620
1742865203.929486
1742865203.963369
1742865203.997331
1742865204.027180
1742865204.066216
1742865204.095457
1742865204.131119
1742865204.160515
1742865204.197179
1742865204.229606
1742865204.262658
1742865204.295518
1742865204.329212
1742865204.363885
1742865204.398832
1742865204.424118
1742865204.465771
1742865204.495564
1742865204.530875
1742865204.558264
1742865204.599052
1742865204.627280
1742865204.666076
1742865204.689694
1742865204.730567
1742865204.764598
1742865204.799363
1742865204.825403
1742865204.866114
1742865204.894849
1742865204.928015
1742865204.963682
1742865204.996193
1742865205.031040
1742865205.066033
1742865205.094106
1742865205.131774
1742865205.165060
1742865205.200468
1742865205.225949
1742865205.266158
1742865205.295065
1742865205.332786
1742865205.360311
1742865205.399640
1742865205.429467
1742865205.464392
1742865205.493523
1742865205.531096
1742865205.566243
1742865205.596175
1742865205.626292
1742865205.664169
1742865205.696979
1742865205.733093
1742865205.756607
1742865205.798351
1742865205.828257
1742865205.862077
1742865205.892397
1742865205.933875
1742865205.961568
1742865205.996680
1742865206.027851
1742865206.068481
1742865206.093823
1742865206.134080
1742865206.157348
1742865206.198763
1742865206.228338
1742865206.265809
1742865206.293571
1742865206.332935
1742865206.362269
1742865206.398058
1742865206.428475
1742865206.467944
1742865206.494325
1742865206.534999
1742865206.559940
1742865206.597873
1742865206.631340
1742865206.667371
1742865206.691983
1742865206.733526
1742865206.762918
1742865206.800752
1742865206.823802
1742865206.865039
1742865206.895243
1742865206.933626
1742865206.957389
1742865206.998537
1742865207.031695
1742865207.063100
1742865207.094086
1742865207.134642
1742865207.163584
1742865207.198911
1742865207.224602
1742865207.265873
1742865207.295386
1742865207.331917
1742865207.361405
1742865207.402548
1742865207.427236
1742865207.465061
1742865207.500619
1742865207.524402
1742865207.569002
1742865207.595836
1742865207.633925
1742865207.664207
1742865207.697604
1742865207.731811
1742865207.768149
1742865207.798104
1742865207.829077
1742865207.864008
1742865207.900204
1742865207.928584
1742865207.962811
1742865207.998189
1742865208.034216
1742865208.062841
1742865208.094412
1742865208.136068
1742865208.161534
1742865208.199673
1742865208.225816
1742865208.269848
1742865208.294074
1742865208.332027
1742865208.362500
1742865208.400740
1742865208.431197
1742865208.466912
1742865208.492349
1742865208.531081
1742865208.567513
1742865208.600161
1742865208.627432
1742865208.669398
1742865208.695196
1742865208.734157
1742865208.759824
1742865208.801524
1742865208.831495
1742865208.869031
1742865208.891687
1742865208.937426
1742865208.961672
1742865209.003164
1742865209.024955
1742865209.068049
1742865209.095111
1742865209.135899
1742865209.158302
1742865209.201520
1742865209.231380
1742865209.267371
1742865209.294328
1742865209.336157
1742865209.361757
1742865209.399666
1742865209.430693
1742865209.466460
1742865209.501570
1742865209.533205
1742865209.562764
1742865209.602710
1742865209.629125
1742865209.669277
1742865209.693059
1742865209.732551
1742865209.767864
1742865209.800486
1742865209.826440
1742865209.865281
1742865209.902951
1742865209.929523
1742865209.961219
1742865210.002097
1742865210.031907
1742865210.069305
1742865210.092004
1742865210.133109
1742865210.165997
1742865210.203739
1742865210.225627
1742865210.267775
1742865210.300632
1742865210.336407
1742865210.359229
1742865210.403389
1742865210.429103
1742865210.467629
1742865210.494571
1742865210.536853
1742865210.562272
1742865210.603324
1742865210.626141
1742865210.672585
1742865210.695486
1742865210.735680
1742865210.759425
1742865210.805635
1742865210.827205
1742865210.870247
1742865210.892713
1742865210.939866
1742865210.961736
1742865211.004705
1742865211.026016
1742865211.073355
1742865211.094867
1742865211.135864
1742865211.159470
1742865211.203168
1742865211.229378
1742865211.267471
1742865211.293314
1742865211.331771
1742865211.363612
1742865211.396550
1742865211.426379
1742865211.472484
1742865211.495539
1742865211.537759
1742865211.559689
1742865211.603668
1742865211.629570
1742865211.670235
1742865211.693256
1742865211.737975
1742865211.762277
1742865211.804846
1742865211.826493
1742865211.871198
1742865211.896061
1742865211.938654
1742865211.960201
1742865212.006462
1742865212.029218
1742865212.071583
1742865212.094276
1742865212.139918
1742865212.162246
1742865212.201717
1742865212.229219
1742865212.269933
1742865212.296774
1742865212.339204
1742865212.360492
1742865212.405932
1742865212.429296
1742865212.468404
1742865212.494443
1742865212.539626
1742865212.562204
1742865212.606321
1742865212.627015
1742865212.672558
1742865212.695948
1742865212.739566
1742865212.760352
1742865212.806933
1742865212.829337
1742865212.867992
1742865212.898086
1742865212.938326
1742865212.962816
1742865213.004511
1742865213.027134
1742865213.073561
1742865213.096114
1742865213.138500
1742865213.160681
1742865213.208189
1742865213.229137
1742865213.271838
1742865213.294269
1742865213.340601
1742865213.362689
1742865213.407410
1742865213.427391
1742865213.474626
1742865213.495891
1742865213.539035
1742865213.560965
1742865213.607709
1742865213.629275
1742865213.670949
1742865213.695103
1742865213.741425
1742865213.762183
1742865213.808618
1742865213.827658
1742865213.873382
1742865213.895977
1742865213.938476
1742865213.960979
1742865214.007485
1742865214.029443
1742865214.068479
1742865214.095252
1742865214.141844
1742865214.162496
1742865214.208083
1742865214.227859
1742865214.274557
1742865214.296016
1742865214.339717
1742865214.361423
1742865214.408352
1742865214.429228
1742865214.472726
1742865214.494724
1742865214.541110
1742865214.562864
1742865214.609569
1742865214.627930
1742865214.675450
1742865214.695914
1742865214.742223
1742865214.761334
1742865214.808759
1742865214.829541
1742865214.875522
1742865214.894840
1742865214.942311
1742865214.962809
1742865215.007985
1742865215.028212
1742865215.075815
1742865215.096066
1742865215.134697
1742865215.167365
1742865215.203240
1742865215.236203
1742865215.264270
1742865215.307087
1742865215.329071
1742865215.368253
1742865215.404573
1742865215.430211
1742865215.469728
1742865215.498922
1742865215.541079
1742865215.562157
1742865215.608530
1742865215.629491
1742865215.675731
1742865215.695493
1742865215.741387
1742865215.763386
1742865215.806696
1742865215.839170
1742865215.862186
1742865215.909194
1742865215.929985
1742865215.977289
1742865215.995740
1742865216.034955
1742865216.069990
1742865216.102394
1742865216.129474
1742865216.176481
1742865216.196145
1742865216.239461
1742865216.262475
1742865216.307122
1742865216.330007
1742865216.376501
1742865216.395793
1742865216.442903
1742865216.462980
1742865216.509620
1742865216.529323
1742865216.576251
1742865216.596390
1742865216.641274
1742865216.662749
1742865216.708526
1742865216.729873
1742865216.776650
1742865216.795903
1742865216.842722
1742865216.862831
1742865216.903697
1742865216.929327
1742865216.972365
1742865216.998591
1742865217.037046
1742865217.063879
1742865217.107449
1742865217.129662
1742865217.172660
1742865217.196375
1742865217.239830
1742865217.262704
1742865217.307638
1742865217.330436
1742865217.373398
1742865217.396118
1742865217.439363
1742865217.464924
1742865217.507116
1742865217.529520
1742865217.576271
1742865217.597071
1742865217.642459
1742865217.662964
1742865217.706592
1742865217.730389
1742865217.777185
1742865217.796228
1742865217.839931
1742865217.864162
1742865217.910569
1742865217.929733
1742865217.976833
1742865217.996385
1742865218.043563
1742865218.063053
1742865218.109773
1742865218.130620
1742865218.176175
1742865218.196436
1742865218.243395
1742865218.263791
1742865218.310811
1742865218.329897
1742865218.376249
1742865218.397186
1742865218.444245
1742865218.463562
1742865218.510009
1742865218.530707
1742865218.575066
1742865218.596670
1742865218.643994
1742865218.663695
1742865218.710561
1742865218.730060
1742865218.773601
1742865218.797403
1742865218.843900
1742865218.863519
1742865218.904247
1742865218.931661
1742865218.966161
1742865219.007786
1742865219.030921
1742865219.074734
1742865219.097049
1742865219.140628
1742865219.165753
1742865219.208920
1742865219.230401
1742865219.273940
1742865219.297569
1742865219.342432
1742865219.364047
1742865219.408719
1742865219.431148
1742865219.476536
1742865219.497344
1742865219.543526
1742865219.564376
1742865219.611291
1742865219.630658
1742865219.677517
1742865219.697848
1742865219.743877
1742865219.763987
1742865219.808828
1742865219.831456
1742865219.872916
1742865219.897740
1742865219.937208
1742865219.971431
1742865220.006019
1742865220.031331
1742865220.076407
1742865220.098112
1742865220.144699
1742865220.164369
1742865220.208133
1742865220.234885
1742865220.278446
1742865220.297862
1742865220.344974
1742865220.364915
1742865220.408583
1742865220.431308
1742865220.477652
1742865220.498288
1742865220.541484
1742865220.564472
1742865220.611613
1742865220.631684
1742865220.677856
1742865220.697848
1742865220.743468
1742865220.764733
1742865220.811844
1742865220.831195
1742865220.877545
1742865220.898666
1742865220.944141
1742865220.964662
1742865221.009741
1742865221.031855
1742865221.075787
1742865221.098479
1742865221.143623
1742865221.165693
1742865221.212340
1742865221.231782
1742865221.278219
1742865221.299045
1742865221.345445
1742865221.366117
1742865221.411864
1742865221.432814
1742865221.478176
1742865221.498750
1742865221.543012
1742865221.566685
1742865221.613053
1742865221.631918
1742865221.677572
1742865221.699501
1742865221.742590
1742865221.765033
1742865221.811067
1742865221.833087
1742865221.877626
1742865221.898364
1742865221.940300
1742865221.970058
1742865222.011098
1742865222.032031
1742865222.077750
1742865222.099900
1742865222.145550
1742865222.165197
1742865222.211963
1742865222.233397
1742865222.278847
1742865222.298662
1742865222.345818
1742865222.366929
1742865222.410149
1742865222.432176
1742865222.477825
1742865222.500479
1742865222.543927
1742865222.565561
1742865222.609251
1742865222.635914
1742865222.676910
1742865222.698871
1742865222.746226
1742865222.767370
1742865222.812974
1742865222.832348
1742865222.877685
1742865222.900793
1742865222.943801
1742865222.965586
1742865223.012101
1742865223.033485
1742865223.078310
1742865223.099055
1742865223.141807
1742865223.167405
1742865223.210711
1742865223.232529
1742865223.276008
1742865223.303800
1742865223.345728
1742865223.365925
1742865223.413207
1742865223.435185
1742865223.476645
1742865223.499525
1742865223.546813
1742865223.568024
1742865223.611301
1742865223.632557
1742865223.678724
1742865223.701709
1742865223.744211
1742865223.766033
1742865223.808945
1742865223.837560
1742865223.878168
1742865223.899414
1742865223.940940
1742865223.972980
1742865224.009152
1742865224.033375
1742865224.075772
1742865224.104633
1742865224.146222
1742865224.176472
1742865224.199736
1742865224.243336
1742865224.272488
1742865224.311753
1742865224.336348
1742865224.377463
1742865224.402064
1742865224.445005
1742865224.469510
1742865224.502332
1742865224.543458
1742865224.572689
1742865224.610867
1742865224.633065
1742865224.678732
1742865224.702226
1742865224.744332
1742865224.766494
1742865224.810125
1742865224.839913
1742865224.869767
1742865224.911854
1742865224.936937
1742865224.969242
1742865225.010492
1742865225.037089
1742865225.077613
1742865225.100041
1742865225.147306
1742865225.169272
1742865225.211469
1742865225.233634
1742865225.276084
1742865225.305554
1742865225.347188
1742865225.366819
1742865225.414353
1742865225.437198
1742865225.478046
1742865225.500657
1742865225.544467
1742865225.573057
1742865225.610372
1742865225.635318
1742865225.675944
1742865225.708314
1742865225.743422
1742865225.767001
1742865225.814204
1742865225.836802
1742865225.878214
1742865225.900348
1742865225.942391
1742865225.973352
1742865226.012702
1742865226.033963
1742865226.080122
1742865226.104585
1742865226.146415
1742865226.167429
1742865226.210638
1742865226.238833
1742865226.279495
1742865226.302113
1742865226.347211
1742865226.371269
1742865226.413393
1742865226.435106
1742865226.478065
1742865226.506951
1742865226.547893
1742865226.567919
1742865226.612940
1742865226.637394
1742865226.677347
1742865226.701395
1742865226.739078
1742865226.769539
1742865226.801262
1742865226.833897
1742865226.867206
1742865226.901006
1742865226.943830
1742865226.968157
1742865227.008953
1742865227.039474
1742865227.076331
1742865227.103162
1742865227.147286
1742865227.171169
1742865227.212935
1742865227.234524
1742865227.277319
1742865227.306824
1742865227.344701
1742865227.369444
1742865227.412951
1742865227.439193
1742865227.476336
1742865227.505763
1742865227.545726
1742865227.573392
1742865227.611629
1742865227.635427
1742865227.681477
1742865227.705427
1742865227.746873
1742865227.768001
1742865227.814588
1742865227.838951
1742865227.880431
1742865227.901428
1742865227.945047
1742865227.973615
1742865228.011752
1742865228.035398
1742865228.081571
1742865228.106151
1742865228.144281
1742865228.169101
1742865228.213488
1742865228.239310
1742865228.276465
1742865228.305545
1742865228.346480
1742865228.373412
1742865228.411429
1742865228.437359
1742865228.478720
1742865228.507876
1742865228.547499
1742865228.568740
1742865228.613371
1742865228.639681
1742865228.676536
1742865228.702444
1742865228.747895
1742865228.772473
1742865228.810826
1742865228.835284
1742865228.882192
1742865228.905231
1742865228.946803
1742865228.968774
1742865229.012832
1742865229.041723
1742865229.079216
1742865229.102471
1742865229.148170
1742865229.172738
1742865229.210419
1742865229.239868
1742865229.279903
1742865229.308261
1742865229.345375
1742865229.372333
1742865229.414239
1742865229.440239
1742865229.478019
1742865229.507291
1742865229.543347
1742865229.578754
1742865229.609913
1742865229.639898
1742865229.676725
1742865229.712703
1742865229.741581
1742865229.773267
1742865229.810870
1742865229.843861
1742865229.878973
1742865229.902564
1742865229.948060
1742865229.973482
1742865230.013842
1742865230.036126
1742865230.082148
1742865230.107509
1742865230.146974
1742865230.169683
1742865230.215771
1742865230.239943
1742865230.280080
1742865230.303377
1742865230.348620
1742865230.374467
1742865230.414728
1742865230.436174
1742865230.482459
1742865230.507364
1742865230.546835
1742865230.571311
1742865230.613299
1742865230.643324
1742865230.678869
1742865230.704937
1742865230.746582
1742865230.775808
1742865230.812013
1742865230.836222
1742865230.882736
1742865230.906555
1742865230.948183
1742865230.969622
1742865231.014921
1742865231.041244
1742865231.082504
1742865231.103059
1742865231.149308
1742865231.174180
1742865231.215445
1742865231.236638
1742865231.283464
1742865231.307423
1742865231.348980
1742865231.370019
1742865231.416467
1742865231.441621
1742865231.481915
1742865231.503766
1742865231.546321
1742865231.578503
1742865231.611959
1742865231.640330
1742865231.681712
1742865231.708742
1742865231.749282
1742865231.770352
1742865231.813247
1742865231.844006
1742865231.879278
1742865231.904854
1742865231.947047
1742865231.976464
1742865232.013669
1742865232.039822
1742865232.082205
1742865232.108584
1742865232.149540
1742865232.171248
1742865232.213652
1742865232.243933
1742865232.279777
1742865232.307741
1742865232.348428
1742865232.375435
1742865232.415406
1742865232.448223
1742865232.475006
1742865232.515111
1742865232.537402
1742865232.580391
1742865232.610023
1742865232.646493
1742865232.677561
1742865232.708681
1742865232.746342
1742865232.779536
1742865232.812793
1742865232.837689
1742865232.880386
1742865232.910920
1742865232.946154
1742865232.971779
1742865233.014080
1742865233.044314
1742865233.080653
1742865233.105104
1742865233.146961
1742865233.178438
1742865233.213475
1742865233.237649
1742865233.280165
1742865233.312087
1742865233.344149
1742865233.374626
1742865233.414189
1742865233.443729
1742865233.481459
1742865233.504731
1742865233.546352
1742865233.579799
1742865233.614805
1742865233.637762
1742865233.680471
1742865233.710569
1742865233.746204
1742865233.771393
1742865233.813087
1742865233.846389
1742865233.877330
1742865233.907871
1742865233.947862
1742865233.977429
1742865234.013545
1742865234.039412
1742865234.077896
1742865234.110898
1742865234.147984
1742865234.171424
1742865234.213948
1742865234.244129
1742865234.280410
1742865234.304939
1742865234.347290
1742865234.377086
1742865234.413674
1742865234.439331
1742865234.478040
1742865234.512842
1742865234.547315
1742865234.572753
1742865234.612559
1742865234.644747
1742865234.680920
1742865234.706162
1742865234.745139
1742865234.776955
1742865234.814093
1742865234.838995
1742865234.882371
1742865234.911045
1742865234.946676
1742865234.976543
1742865235.015799
1742865235.043215
1742865235.084179
1742865235.106043
1742865235.148130
1742865235.177160
1742865235.214566
1742865235.243240
1742865235.282483
1742865235.309903
1742865235.350699
1742865235.374367
1742865235.415068
1742865235.446046
1742865235.480484
1742865235.510202
1742865235.548984
1742865235.578039
1742865235.613858
1742865235.641268
1742865235.682264
1742865235.711452
1742865235.743726
1742865235.775938
1742865235.814668
1742865235.844332
1742865235.881315
1742865235.905470
1742865235.943756
1742865235.980575
1742865236.013168
1742865236.040341
1742865236.079462
1742865236.113042
1742865236.144746
1742865236.171725
1742865236.208594
1742865236.245874
1742865236.280029
1742865236.310355
1742865236.346254
1742865236.379410
1742865236.412949
1742865236.444162
1742865236.483546
1742865236.510576
1742865236.551176
1742865236.572699
1742865236.612068
1742865236.646921
1742865236.681907
1742865236.706454
1742865236.747947
1742865236.781763
1742865236.812605
1742865236.839429
1742865236.878655
1742865236.909792
1742865236.949221
1742865236.972673
1742865237.011825
1742865237.046925
1742865237.081256
1742865237.106319
1742865237.145740
1742865237.180407
1742865237.215320
1742865237.239836
1742865237.281612
1742865237.312286
1742865237.345718
1742865237.377009
1742865237.414457
1742865237.448338
1742865237.482542
1742865237.508964
1742865237.549733
1742865237.578678
1742865237.612364
1742865237.644487
1742865237.681800
1742865237.714362
1742865237.749554
1742865237.773330
1742865237.814650
1742865237.846107
1742865237.880468
1742865237.911140
1742865237.947066
1742865237.981751
1742865238.015895
1742865238.042768
1742865238.081936
1742865238.112732
1742865238.147106
1742865238.177943
1742865238.214164
1742865238.249662
1742865238.278718
1742865238.311458
1742865238.350421
1742865238.379148
1742865238.413214
1742865238.444861
1742865238.484127
1742865238.512528
1742865238.547408
1742865238.577730
1742865238.615005
1742865238.646881
1742865238.681996
1742865238.707091
1742865238.744171
1742865238.781860
1742865238.814862
1742865238.840282
1742865238.881359
1742865238.914925
1742865238.948088
1742865238.973788
1742865239.015991
1742865239.046724
1742865239.081998
1742865239.107257
1742865239.148734
1742865239.180379
1742865239.216182
1742865239.242489
1742865239.284273
1742865239.313518
1742865239.349018
1742865239.378567
1742865239.416166
1742865239.448048
1742865239.484487
1742865239.510572
1742865239.552030
1742865239.578356
1742865239.616543
1742865239.644068
1742865239.681798
1742865239.716790
1742865239.747586
1742865239.777806
1742865239.817220
1742865239.847713
1742865239.882209
1742865239.908308
1742865239.950137
1742865239.979960
1742865240.013248
1742865240.045189
1742865240.085790
1742865240.111262
1742865240.151851
1742865240.174206
1742865240.214744
1742865240.250287
1742865240.283874
1742865240.310510
1742865240.348741
1742865240.380255
1742865240.416778
1742865240.444752
1742865240.485218
1742865240.514021
1742865240.550056
1742865240.577199
1742865240.618627
1742865240.645703
1742865240.683063
1742865240.709783
1742865240.750165
1742865240.784092
1742865240.814124
1742865240.851179
1742865240.874928
1742865240.918529
1742865240.946427
1742865240.986238
1742865241.012472
1742865241.050009
1742865241.079771
1742865241.119589
1742865241.145554
1742865241.183734
1742865241.212497
1742865241.251589
1742865241.281085
1742865241.313260
1742865241.344729
1742865241.378168
1742865241.412358
1742865241.448847
1742865241.482758
1742865241.517298
1742865241.551468
1742865241.578760
1742865241.616654
1742865241.650219
1742865241.685223
1742865241.708529
1742865241.751298
1742865241.779779
1742865241.819516
1742865241.841703
1742865241.885208
1742865241.913472
1742865241.953505
1742865241.975301
1742865242.019551
1742865242.045361
1742865242.083451
1742865242.112978
1742865242.152025
1742865242.179754
1742865242.217470
1742865242.246700
1742865242.286266
1742865242.311728
1742865242.353469
1742865242.376114
1742865242.419352
1742865242.446015
1742865242.486669
1742865242.509010
1742865242.551987
1742865242.582152
1742865242.619276
1742865242.642281
1742865242.685782
1742865242.712802
1742865242.754392
1742865242.775643
1742865242.820248
1742865242.844826
1742865242.883936
1742865242.910386
1742865242.952199
1742865242.979294
1742865243.017738
1742865243.044835
1742865243.083367
1742865243.117689
1742865243.151166
1742865243.176706
1742865243.218090
1742865243.250469
1742865243.282854
1742865243.312343
1742865243.353799
1742865243.379250
1742865243.417488
1742865243.447016
1742865243.487672
1742865243.512792
1742865243.554372
1742865243.577316
1742865243.616168
1742865243.652027
1742865243.680777
1742865243.719051
1742865243.745445
1742865243.784562
1742865243.819249
1742865243.845933
1742865243.887369
1742865243.913265
1742865243.951531
1742865243.980439
1742865244.021810
1742865244.045710
1742865244.087290
1742865244.109789
1742865244.155331
1742865244.179048
1742865244.223029
1742865244.243169
1742865244.288191
1742865244.312999
1742865244.353204
1742865244.376705
1742865244.422382
1742865244.445669
1742865244.488237
1742865244.509835
1742865244.553898
1742865244.579707
1742865244.621714
1742865244.643187
1742865244.687104
1742865244.713160
1742865244.754871
1742865244.776639
1742865244.823638
1742865244.845570
1742865244.887537
1742865244.910092
1742865244.957540
1742865244.978978
1742865245.018506
1742865245.044704
1742865245.091038
1742865245.112222
1742865245.153478
1742865245.176958
1742865245.221524
1742865245.245785
1742865245.288659
1742865245.310636
1742865245.356369
1742865245.379428
1742865245.419301
1742865245.446046
1742865245.488303
1742865245.513377
1742865245.552425
1742865245.579565
1742865245.618631
1742865245.647749
1742865245.689177
1742865245.710610
1742865245.756732
1742865245.779468
1742865245.818528
1742865245.845060
1742865245.888560
1742865245.912817
1742865245.955508
1742865245.977524
1742865246.024157
1742865246.046108
1742865246.085792
1742865246.110753
1742865246.156552
1742865246.179219
1742865246.218971
1742865246.244366
1742865246.291416
1742865246.312209
1742865246.358972
1742865246.377634
1742865246.424695
1742865246.445877
1742865246.485337
1742865246.512901
1742865246.555882
1742865246.579162
1742865246.618906
1742865246.646318
1742865246.686725
1742865246.716739
1742865246.757218
1742865246.777892
1742865246.824929
1742865246.846225
1742865246.885825
1742865246.911409
1742865246.958435
1742865246.979172
1742865247.024704
1742865247.044685
1742865247.091945
1742865247.112704
1742865247.153714
1742865247.178229
1742865247.225430
1742865247.244777
1742865247.292533
1742865247.312117
1742865247.359162
1742865247.378257
1742865247.425408
1742865247.445728
1742865247.490422
1742865247.511714
1742865247.558783
1742865247.579229
1742865247.623938
1742865247.645422
1742865247.690732
1742865247.713096
1742865247.757386
1742865247.778344
1742865247.824834
1742865247.846115
1742865247.892286
1742865247.911962
1742865247.958014
1742865247.979526
1742865248.023981
1742865248.045120
1742865248.091681
1742865248.112809
1742865248.156802
1742865248.178489
1742865248.225598
1742865248.245389
1742865248.291935
1742865248.312000
1742865248.358381
1742865248.379576
1742865248.426212
1742865248.445693
1742865248.489707
1742865248.513435
1742865248.559329
1742865248.578768
1742865248.624413
1742865248.646321
1742865248.689393
1742865248.712280
1742865248.758275
1742865248.779831
1742865248.825971
1742865248.845690
1742865248.893266
1742865248.912889
1742865248.956612
1742865248.978912
1742865249.024896
1742865249.046798
1742865249.090011
1742865249.114281
1742865249.156559
1742865249.179707
1742865249.212045
1742865249.259592
1742865249.279680
1742865249.323540
1742865249.346901
1742865249.389143
1742865249.412726
1742865249.456330
1742865249.480246
1742865249.521941
1742865249.546645
1742865249.593147
1742865249.613419
1742865249.650438
1742865249.687819
1742865249.714091
1742865249.757822
1742865249.779282
1742865249.825521
1742865249.846751
1742865249.893067
1742865249.912732
1742865249.959583
1742865249.979513
1742865250.026387
1742865250.046325
1742865250.091601
1742865250.113824
1742865250.154607
1742865250.180119
1742865250.224987
1742865250.246237
1742865250.293394
1742865250.313200
1742865250.356525
1742865250.379805
1742865250.426675
1742865250.446745
1742865250.491102
1742865250.513221
1742865250.556561
1742865250.580536
1742865250.625690
1742865250.646692
1742865250.693019
1742865250.713936
1742865250.757505
1742865250.779813
1742865250.823260
1742865250.847123
1742865250.889982
1742865250.913175
1742865250.959920
1742865250.980414
1742865251.027017
1742865251.046817
1742865251.092974
1742865251.113932
1742865251.152870
1742865251.180179
1742865251.226794
1742865251.247294
1742865251.294346
1742865251.313647
1742865251.361047
1742865251.380359
1742865251.427403
1742865251.446982
1742865251.494212
1742865251.513962
1742865251.560814
1742865251.580340
1742865251.626429
1742865251.647619
1742865251.692447
1742865251.714244
1742865251.759446
1742865251.781058
1742865251.825031
1742865251.847584
1742865251.891682
1742865251.914889
1742865251.960692
1742865251.980578
1742865252.023794
1742865252.048677
1742865252.084749
1742865252.123764
1742865252.148573
1742865252.192858
1742865252.213828
1742865252.261094
1742865252.281000
1742865252.328061
1742865252.347364
1742865252.393994
1742865252.414449
1742865252.458096
1742865252.480793
1742865252.526157
1742865252.548195
1742865252.594758
1742865252.614251
1742865252.660869
1742865252.681411
1742865252.727323
1742865252.747622
1742865252.789019
1742865252.823650
1742865252.856779
1742865252.881641
1742865252.927354
1742865252.948297
1742865252.991098
1742865253.014249
1742865253.059371
1742865253.081551
1742865253.128955
1742865253.147723
1742865253.194779
1742865253.214959
1742865253.261368
1742865253.281170
1742865253.328408
1742865253.348563
1742865253.389043
1742865253.415316
1742865253.461427
1742865253.482032
1742865253.523921
1742865253.548603
1742865253.592001
1742865253.615845
1742865253.657742
1742865253.682077
1742865253.727441
1742865253.749414
1742865253.790168
1742865253.815375
1742865253.860858
1742865253.882466
1742865253.919699
1742865253.954539
1742865253.991614
1742865254.018329
1742865254.052977
1742865254.089323
1742865254.124435
1742865254.149988
1742865254.188094
1742865254.216086
1742865254.261089
1742865254.282716
1742865254.324742
1742865254.349800
1742865254.392625
1742865254.420826
1742865254.454148
1742865254.489901
1742865254.522724
1742865254.559007
1742865254.582216
1742865254.627220
1742865254.650124
1742865254.694091
1742865254.715291
1742865254.761957
1742865254.783918
1742865254.829653
1742865254.848892
1742865254.895726
1742865254.916470
1742865254.960395
1742865254.982115
1742865255.028985
1742865255.050927
1742865255.093617
1742865255.115372
1742865255.161960
1742865255.183401
1742865255.226520
1742865255.248845
1742865255.292877
1742865255.320113
1742865255.361997
1742865255.382248
1742865255.428144
1742865255.450511
1742865255.493811
1742865255.518083
1742865255.556416
1742865255.592288
1742865255.622098
1742865255.651131
1742865255.689630
1742865255.726147
1742865255.755014
1742865255.784741
1742865255.823027
1742865255.859158
1742865255.885926
1742865255.917213
1742865255.959708
1742865255.987955
1742865256.028933
1742865256.049323
1742865256.096122
1742865256.118454
1742865256.154234
1742865256.181954
1742865256.217761
1742865256.261306
1742865256.284973
1742865256.319952
1742865256.360957
1742865256.386622
1742865256.429248
1742865256.449519
1742865256.496381
1742865256.519085
1742865256.561476
1742865256.582871
1742865256.628612
1742865256.651536
1742865256.694127
1742865256.717063
1742865256.760999
1742865256.787037
1742865256.828706
1742865256.849731
1742865256.894822
1742865256.918780
1742865256.961016
1742865256.983770
1742865257.028935
1742865257.052585
1742865257.096444
1742865257.116509
1742865257.159232
1742865257.188192
1742865257.229995
1742865257.249823
1742865257.293673
1742865257.319743
1742865257.361198
1742865257.383434
1742865257.429774
1742865257.453207
1742865257.495983
1742865257.527404
1742865257.550161
1742865257.594244
1742865257.621175
1742865257.663509
1742865257.686962
1742865257.720244
1742865257.761015
1742865257.790046
1742865257.819209
1742865257.861282
1742865257.884654
1742865257.919028
1742865257.949888
1742865257.994110
1742865258.021561
1742865258.063112
1742865258.083671
1742865258.128970
1742865258.152688
1742865258.192643
1742865258.217178
1742865258.262698
1742865258.286733
1742865258.330597
1742865258.350420
1742865258.394215
1742865258.422853
1742865258.460328
1742865258.483933
1742865258.527929
1742865258.556229
1742865258.597707
1742865258.617309
1742865258.662770
1742865258.688115
1742865258.728866
1742865258.751914
1742865258.798370
1742865258.820434
1742865258.862338
1742865258.884214
1742865258.927112
1742865258.958339
1742865258.992930
1742865259.017316
1742865259.061151
1742865259.088508
1742865259.130349
1742865259.150850
1742865259.197179
1742865259.221099
1742865259.262891
1742865259.284261
1742865259.331272
1742865259.355134
1742865259.397561
1742865259.417773
1742865259.462013
1742865259.488652
1742865259.530641
1742865259.551486
1742865259.595431
1742865259.623238
1742865259.661390
1742865259.686043
1742865259.729212
1742865259.757553
1742865259.794618
1742865259.821383
1742865259.862658
1742865259.890332
1742865259.927844
1742865259.954926
1742865259.995941
1742865260.023182
1742865260.061279
1742865260.084701
1742865260.132025
1742865260.153920
1742865260.195569
1742865260.218022
1742865260.262749
1742865260.289259
1742865260.326965
1742865260.352215
1742865260.397359
1742865260.422576
1742865260.464478
1742865260.484898
1742865260.529835
1742865260.556077
1742865260.594646
1742865260.620915
1742865260.663420
1742865260.690275
1742865260.728263
1742865260.754800
1742865260.796489
1742865260.822681
1742865260.861125
1742865260.888945
1742865260.927678
1742865260.958820
1742865260.995299
1742865261.021391
1742865261.064168
1742865261.089856
1742865261.127938
1742865261.154185
1742865261.196262
1742865261.224584
1742865261.264784
1742865261.285573
1742865261.330694
1742865261.357016
1742865261.395613
1742865261.421270
1742865261.462873
1742865261.491911
1742865261.529276
1742865261.555644
1742865261.597791
1742865261.623123
1742865261.662720
1742865261.689399
1742865261.728592
1742865261.758872
1742865261.794329
1742865261.820262
1742865261.862613
1742865261.892481
1742865261.929015
1742865261.952345
1742865261.997379
1742865262.023085
1742865262.061638
1742865262.086150
1742865262.131602
1742865262.157180
1742865262.195084
1742865262.218956
1742865262.266042
1742865262.290082
1742865262.327957
1742865262.354345
1742865262.396504
1742865262.423937
1742865262.462972
1742865262.487183
1742865262.529805
1742865262.559020
1742865262.596750
1742865262.619611
1742865262.665479
1742865262.690798
1742865262.730307
1742865262.754689
1742865262.796930
1742865262.824408
1742865262.863151
1742865262.889180
1742865262.927104
1742865262.963030
1742865262.992995
1742865263.020645
1742865263.062481
1742865263.092199
1742865263.128982
1742865263.152906
1742865263.198661
1742865263.222945
1742865263.260987
1742865263.288544
1742865263.329520
1742865263.359629
1742865263.396090
1742865263.419784
1742865263.465975
1742865263.490976
1742865263.531996
1742865263.552981
1742865263.598917
1742865263.622873
1742865263.662846
1742865263.686886
1742865263.732413
1742865263.757741
1742865263.796261
1742865263.820801
1742865263.863170
1742865263.893137
1742865263.930193
1742865263.954448
1742865263.998158
1742865264.023143
1742865264.064809
1742865264.086706
1742865264.132982
1742865264.157546
1742865264.195789
1742865264.220198
1742865264.266353
1742865264.291351
1742865264.331639
1742865264.353383
1742865264.400365
1742865264.422921
1742865264.461508
1742865264.487506
1742865264.532603
1742865264.557868
1742865264.597800
1742865264.620664
1742865264.663562
1742865264.693439
1742865264.730336
1742865264.756981
1742865264.794944
1742865264.826186
1742865264.863209
1742865264.890027
1742865264.927151
1742865264.963254
1742865264.996257
1742865265.021869
1742865265.064094
1742865265.092898
1742865265.130036
1742865265.153863
1742865265.196375
1742865265.225510
1742865265.266253
1742865265.287284
1742865265.330012
1742865265.360399
1742865265.396538
1742865265.421857
1742865265.463673
1742865265.493166
1742865265.531519
1742865265.555260
1742865265.597125
1742865265.627786
1742865265.663304
1742865265.691858
1742865265.731487
1742865265.759142
1742865265.799617
1742865265.830008
1742865265.862153
1742865265.887653
1742865265.932764
1742865265.961383
1742865265.997048
1742865266.029646
1742865266.059713
1742865266.096232
1742865266.129802
1742865266.157801
1742865266.192103
1742865266.231524
1742865266.259660
1742865266.297594
1742865266.323204
1742865266.361966
1742865266.395595
1742865266.431300
1742865266.456595
1742865266.495967
1742865266.531867
1742865266.561129
1742865266.592830
1742865266.627906
1742865266.663500
1742865266.696724
1742865266.724818
1742865266.765353
1742865266.794741
1742865266.830302
1742865266.859595
1742865266.896183
1742865266.927727
1742865266.964102
1742865266.993192
1742865267.029706
1742865267.062258
1742865267.097986
1742865267.126283
1742865267.161551
1742865267.197075
1742865267.231612
1742865267.257817
1742865267.297928
1742865267.330379
1742865267.364688
1742865267.392405
1742865267.429825
1742865267.465329
1742865267.495280
1742865267.526603
1742865267.565369
1742865267.594828
1742865267.628927
1742865267.660479
1742865267.696618
1742865267.731208
1742865267.763452
1742865267.793377
1742865267.832975
1742865267.862399
1742865267.895348
1742865267.925854
1742865267.966437
1742865267.994154
1742865268.030459
1742865268.056538
1742865268.098734
1742865268.128002
1742865268.159147
1742865268.193437
1742865268.229757
1742865268.263337
1742865268.296163
1742865268.325743
1742865268.365067
1742865268.394142
1742865268.432791
1742865268.455567
1742865268.494899
1742865268.528904
1742865268.562123
1742865268.591751
1742865268.631274
1742865268.660932
1742865268.697740
1742865268.724050
1742865268.764963
1742865268.795316
1742865268.830760
1742865268.856374
1742865268.896776
1742865268.928544
1742865268.965369
1742865268.990047
1742865269.032010
1742865269.061846
1742865269.091125
1742865269.131766
1742865269.162012
1742865269.198147
1742865269.223204
1742865269.263767
1742865269.299192
1742865269.329956
1742865269.359308
1742865269.396871
1742865269.430995
1742865269.465779
1742865269.489615
1742865269.532375
1742865269.561844
1742865269.594380
1742865269.628831
1742865269.661692
1742865269.699918
1742865269.723630
1742865269.764834
1742865269.795110
1742865269.828752
1742865269.862687
1742865269.897261
1742865269.929369
1742865269.963936
1742865269.994246
1742865270.033998
1742865270.061065
1742865270.098628
1742865270.124175
1742865270.165109
1742865270.196703
1742865270.231691
1742865270.256406
1742865270.296429
1742865270.330170
1742865270.365496
1742865270.389682
1742865270.429641
1742865270.464108
1742865270.496060
1742865270.525982
1742865270.562814
1742865270.597630
1742865270.623467
1742865270.665522
1742865270.694750
1742865270.728142
1742865270.764648
1742865270.799965
1742865270.823517
1742865270.864148
1742865270.898773
1742865270.932362
1742865270.957680
1742865270.998850
1742865271.029638
1742865271.064746
1742865271.090698
1742865271.132207
1742865271.164997
1742865271.190219
1742865271.231443
1742865271.263078
1742865271.298412
1742865271.323716
1742865271.359714
1742865271.394315
1742865271.429246
1742865271.457483
1742865271.499260
1742865271.529085
1742865271.564808
1742865271.590552
1742865271.634280
1742865271.662847
1742865271.700808
1742865271.723846
1742865271.764629
1742865271.799395
1742865271.832037
1742865271.859911
1742865271.900465
1742865271.929967
1742865271.966377
1742865271.991271
1742865272.032184
1742865272.064939
1742865272.097283
1742865272.127403
1742865272.168215
1742865272.196625
1742865272.232524
1742865272.257749
1742865272.299322
1742865272.329841
1742865272.368142
1742865272.390924
1742865272.432502
1742865272.463927
1742865272.499710
1742865272.524179
1742865272.565882
1742865272.597377
1742865272.632800
1742865272.658843
1742865272.700709
1742865272.731784
1742865272.766099
1742865272.793703
1742865272.830859
1742865272.866499
1742865272.898294
1742865272.927205
1742865272.968260
1742865272.997239
1742865273.034669
1742865273.058640
1742865273.101281
1742865273.130388
1742865273.165775
1742865273.193813
1742865273.234886
1742865273.263984
1742865273.300700
1742865273.324638
1742865273.367526
1742865273.397311
1742865273.433864
1742865273.458219
1742865273.501805
1742865273.531089
1742865273.560604
1742865273.598137
1742865273.633835
1742865273.662170
1742865273.703186
1742865273.724629
1742865273.770607
1742865273.794560
1742865273.829389
1742865273.869320
1742865273.894621
1742865273.936679
1742865273.958201
1742865274.004888
1742865274.028106
1742865274.066367
1742865274.092765
1742865274.131631
1742865274.170304
1742865274.195249
1742865274.224907
1742865274.267872
1742865274.302109
1742865274.329206
1742865274.366170
1742865274.396506
1742865274.433403
1742865274.465600
1742865274.501555
1742865274.525475
1742865274.570032
1742865274.595246
1742865274.637533
1742865274.658633
1742865274.700987
1742865274.733116
1742865274.768689
1742865274.794705
1742865274.836893
1742865274.862047
1742865274.902617
1742865274.926944
1742865274.972289
1742865274.995377
1742865275.036459
1742865275.059560
1742865275.105958
1742865275.127902
1742865275.169040
1742865275.192145
1742865275.238167
1742865275.261607
1742865275.299081
1742865275.325889
1742865275.368161
1742865275.396640
1742865275.436453
1742865275.458877
1742865275.502763
1742865275.529498
1742865275.569150
1742865275.592484
1742865275.635290
1742865275.667199
1742865275.702376
1742865275.726360
1742865275.769671
1742865275.795865
1742865275.837254
1742865275.859962
1742865275.905613
1742865275.928867
1742865275.966909
1742865275.996895
1742865276.038034
1742865276.062656
1742865276.104938
1742865276.126707
1742865276.172214
1742865276.196000
1742865276.236584
1742865276.260241
1742865276.299351
1742865276.335746
1742865276.362679
1742865276.398224
1742865276.434279
1742865276.466225
1742865276.502767
1742865276.526080
1742865276.569620
1742865276.595361
1742865276.634354
1742865276.665099
1742865276.700504
1742865276.731028
1742865276.770821
1742865276.795651
1742865276.837782
1742865276.859624
1742865276.903908
1742865276.929828
1742865276.964279
1742865277.001468
1742865277.035828
1742865277.059752
1742865277.101553
1742865277.130254
1742865277.170762
1742865277.193145
1742865277.237555
1742865277.262235
1742865277.303535
1742865277.326787
1742865277.370239
1742865277.396407
1742865277.438741
1742865277.459900
1742865277.506340
1742865277.529143
1742865277.561660
1742865277.600616
1742865277.636576
1742865277.663100
1742865277.697096
1742865277.737049
1742865277.763016
1742865277.803695
1742865277.826956
1742865277.873516
1742865277.895752
1742865277.934346
1742865277.963849
1742865278.003120
1742865278.029642
1742865278.068909
1742865278.093989
1742865278.140888
1742865278.162458
1742865278.202932
1742865278.227178
1742865278.269594
1742865278.296520
1742865278.340102
1742865278.360509
1742865278.406730
1742865278.429244
1742865278.473469
1742865278.493851
1742865278.540169
1742865278.562335
1742865278.606449
1742865278.627520
1742865278.674181
1742865278.696242
1742865278.736281
1742865278.762906
1742865278.807354
1742865278.829474
1742865278.869985
1742865278.895936
1742865278.929749
1742865278.962210
1742865278.994472
1742865279.027326
1742865279.060925
1742865279.107422
1742865279.127924
1742865279.174342
1742865279.195975
1742865279.237978
1742865279.261229
1742865279.308343
1742865279.329307
1742865279.374077
1742865279.394615
1742865279.441754
1742865279.462391
1742865279.508230
1742865279.527887
1742865279.574406
1742865279.596010
1742865279.642324
1742865279.661234
1742865279.708236
1742865279.729518
1742865279.769817
1742865279.795029
1742865279.842317
1742865279.862612
1742865279.907751
1742865279.928516
1742865279.974732
1742865279.996281
1742865280.042457
1742865280.062096
1742865280.109117
1742865280.129168
1742865280.174341
1742865280.195177
1742865280.242209
1742865280.262875
1742865280.305717
1742865280.328628
1742865280.375454
1742865280.396247
1742865280.442287
1742865280.461887
1742865280.509119
1742865280.528954
1742865280.572298
1742865280.595213
1742865280.642138
1742865280.662658
1742865280.706718
1742865280.728633
1742865280.775391
1742865280.795987
1742865280.840436
1742865280.862020
1742865280.909210
1742865280.929316
1742865280.971272
1742865280.995944
1742865281.041703
1742865281.062991
1742865281.109516
1742865281.128749
1742865281.175970
1742865281.196453
1742865281.241119
1742865281.262283
1742865281.308192
1742865281.329949
1742865281.376229
1742865281.395675
1742865281.439963
1742865281.462825
1742865281.505759
1742865281.528843
1742865281.575326
1742865281.596215
1742865281.642708
1742865281.662366
1742865281.709527
1742865281.730009
1742865281.766940
1742865281.806390
1742865281.830738
1742865281.873863
1742865281.895817
1742865281.942620
1742865281.963245
1742865282.008548
1742865282.029294
1742865282.072966
1742865282.097463
1742865282.140466
1742865282.162810
1742865282.209291
1742865282.230156
1742865282.277122
1742865282.296296
1742865282.341842
1742865282.363641
1742865282.409977
1742865282.429461
1742865282.472873
1742865282.497127
1742865282.541954
1742865282.562792
1742865282.610007
1742865282.630329
1742865282.676198
1742865282.696979
1742865282.736344
1742865282.767543
1742865282.809479
1742865282.829633
1742865282.873140
1742865282.900334
1742865282.934315
1742865282.971689
1742865282.998215
1742865283.042637
1742865283.063262
1742865283.109617
1742865283.130340
1742865283.177271
1742865283.196733
1742865283.243246
1742865283.263924
1742865283.310811
1742865283.330240
1742865283.377400
1742865283.397213
1742865283.442159
1742865283.463361
1742865283.509712
1742865283.530651
1742865283.572743
1742865283.596556
1742865283.639315
1742865283.667428
1742865283.710865
1742865283.730115
1742865283.777081
1742865283.797250
1742865283.843698
1742865283.863523
1742865283.909982
1742865283.930673
1742865283.977921
1742865283.997207
1742865284.044149
1742865284.063983
1742865284.110011
1742865284.130420
1742865284.177510
1742865284.197550
1742865284.242934
1742865284.263738
1742865284.307139
1742865284.331533
1742865284.377041
1742865284.397242
1742865284.441125
1742865284.464635
1742865284.507853
1742865284.530753
1742865284.568844
1742865284.607107
1742865284.631589
1742865284.675285
1742865284.697187
1742865284.740868
1742865284.764418
1742865284.811705
1742865284.830702
1742865284.873621
1742865284.897751
1742865284.942450
1742865284.963980
1742865285.010953
1742865285.031039
1742865285.076572
1742865285.097457
1742865285.144786
1742865285.164514
1742865285.207254
1742865285.230979
1742865285.276791
1742865285.297916
1742865285.344556
1742865285.364415
1742865285.408088
1742865285.431675
1742865285.475746
1742865285.497587
1742865285.544213
1742865285.564820
1742865285.611068
1742865285.630963
1742865285.674447
1742865285.700505
1742865285.742299
1742865285.764405
1742865285.807816
1742865285.831718
1742865285.878217
1742865285.897972
1742865285.941039
1742865285.968251
1742865286.006143
1742865286.032173
1742865286.079370
1742865286.098746
1742865286.145918
1742865286.164914
1742865286.211304
1742865286.232196
1742865286.277305
1742865286.298294
1742865286.345403
1742865286.365940
1742865286.408889
1742865286.431512
1742865286.475407
1742865286.501339
1742865286.540841
1742865286.565002
1742865286.608019
1742865286.635009
1742865286.676894
1742865286.698334
1742865286.743743
1742865286.766328
1742865286.809308
1742865286.831895
1742865286.879011
1742865286.899975
1742865286.942162
1742865286.965334
1742865287.009654
1742865287.032220
1742865287.075967
1742865287.098811
1742865287.145897
1742865287.166196
1742865287.212750
1742865287.232003
1742865287.279012
1742865287.300031
1742865287.345932
1742865287.365396
1742865287.409961
1742865287.435701
1742865287.478014
1742865287.498670
1742865287.542422
1742865287.568960
1742865287.610274
1742865287.632069
1742865287.675410
1742865287.704059
1742865287.733638
1742865287.779710
1742865287.800353
1742865287.843726
1742865287.865780
1742865287.912006
1742865287.933999
1742865287.980125
1742865287.999147
1742865288.042154
1742865288.068437
1742865288.110736
1742865288.132963
1742865288.179243
1742865288.200995
1742865288.244437
1742865288.266092
1742865288.310786
1742865288.334665
1742865288.373618
1742865288.399411
1742865288.446126
1742865288.468005
1742865288.509860
1742865288.532645
1742865288.579970
1742865288.601190
1742865288.644091
1742865288.665880
1742865288.713845
1742865288.735291
1742865288.777998
1742865288.799423
1742865288.844103
1742865288.867827
1742865288.910216
1742865288.932927
1742865288.976567
1742865289.004615
1742865289.045105
1742865289.066270
1742865289.113817
1742865289.135665
1742865289.177897
1742865289.199641
1742865289.246766
1742865289.269095
1742865289.313132
1742865289.333059
1742865289.379896
1742865289.402593
1742865289.445025
1742865289.466585
1742865289.510204
1742865289.535559
1742865289.575126
1742865289.599716
1742865289.646570
1742865289.669072
1742865289.712143
1742865289.735971
1742865289.769403
1742865289.811708
1742865289.835872
1742865289.869385
1742865289.909821
1742865289.938513
1742865289.979266
1742865290.000088
1742865290.043751
1742865290.069571
1742865290.112849
1742865290.133511
1742865290.177193
1742865290.204251
1742865290.245136
1742865290.267578
1742865290.312591
1742865290.336736
1742865290.378651
1742865290.400639
1742865290.445707
1742865290.470700
1742865290.503439
1742865290.545159
1742865290.570222
1742865290.604039
1742865290.644874
1742865290.670278
1742865290.703202
1742865290.738886
1742865290.776523
1742865290.807739
1742865290.847569
1742865290.870797
1742865290.900202
1742865290.944398
1742865290.974765
1742865291.009847
1742865291.038404
1742865291.074341
1742865291.107740
1742865291.144302
1742865291.172424
1742865291.206729
1742865291.241580
1742865291.276589
1742865291.305303
1742865291.338760
1742865291.377968
1742865291.407519
1742865291.444377
1742865291.468106
1742865291.512983
1742865291.537512
1742865291.570594
1742865291.612422
1742865291.637596
1742865291.679821
1742865291.700626
1742865291.744855
1742865291.771231
1742865291.813108
1742865291.834132
1742865291.877682
1742865291.903424
1742865291.947863
1742865291.967708
1742865292.011369
1742865292.038906
1742865292.080481
1742865292.101090
1742865292.143674
1742865292.175395
1742865292.210432
1742865292.238526
1742865292.278381
1742865292.308312
1742865292.338770
1742865292.378586
1742865292.407082
1742865292.436364
1742865292.478586
1742865292.505343
1742865292.540725
1742865292.567753
1742865292.609951
1742865292.638528
1742865292.678990
1742865292.700991
1742865292.745198
1742865292.771046
1742865292.813264
1742865292.834470
1742865292.876569
1742865292.905909
1742865292.945380
1742865292.967808
1742865293.012450
1742865293.038719
1742865293.079874
1742865293.101196
1742865293.147262
1742865293.167897
1742865293.207424
1742865293.239187
1742865293.277181
1742865293.301370
1742865293.342064
1742865293.372400
1742865293.411600
1742865293.437529
1742865293.468483
1742865293.510767
1742865293.539077
1742865293.576999
1742865293.601583
1742865293.643027
1742865293.672767
1742865293.709819
1742865293.734944
1742865293.774826
1742865293.810187
1742865293.839416
1742865293.868357
1742865293.907133
1742865293.942676
1742865293.972998
1742865294.001820
1742865294.042536
1742865294.073232
1742865294.109361
1742865294.135138
1742865294.173071
1742865294.208374
1742865294.240111
1742865294.268622
1742865294.308974
1742865294.340275
1742865294.376203
1742865294.401916
1742865294.441718
1742865294.473716
1742865294.509796
1742865294.535262
1742865294.575420
1742865294.608441
1742865294.644379
1742865294.668680
1742865294.708520
1742865294.742638
1742865294.776191
1742865294.802128
1742865294.842701
1742865294.874986
1742865294.910042
1742865294.935646
1742865294.976997
1742865295.007221
1742865295.044569
1742865295.069092
1742865295.111085
1742865295.141724
1742865295.177809
1742865295.202278
1742865295.244646
1742865295.275050
1742865295.312775
1742865295.335787
1742865295.377490
1742865295.407606
1742865295.444676
1742865295.469110
1742865295.513678
1742865295.540085
1742865295.577376
1742865295.602444
1742865295.644363
1742865295.672476
1742865295.714306
1742865295.735973
1742865295.778280
1742865295.807794
1742865295.846049
1742865295.869349
1742865295.915836
1742865295.939497
1742865295.976989
1742865296.002840
1742865296.048563
1742865296.074125
1742865296.113037
1742865296.136183
1742865296.180358
1742865296.207657
1742865296.246822
1742865296.269847
1742865296.315847
1742865296.340761
1742865296.380820
1742865296.403071
1742865296.448975
1742865296.474213
1742865296.515024
1742865296.536520
1742865296.581898
1742865296.608433
1742865296.648836
1742865296.670026
1742865296.714766
1742865296.741323
1742865296.778260
1742865296.803158
1742865296.847851
1742865296.874639
1742865296.914972
1742865296.936674
1742865296.981085
1742865297.008253
1742865297.047719
1742865297.070032
1742865297.113018
1742865297.142022
1742865297.179215
1742865297.203557
1742865297.245669
1742865297.275834
1742865297.313585
1742865297.336881
1742865297.377757
1742865297.413306
1742865297.442728
1742865297.470222
1742865297.514229
1742865297.542832
1742865297.577732
1742865297.603678
1742865297.648895
1742865297.674015
1742865297.715179
1742865297.737055
1742865297.778300
1742865297.809420
1742865297.846116
1742865297.870801
1742865297.912918
1742865297.943599
1742865297.978124
1742865298.004276
1742865298.049055
1742865298.075395
1742865298.116003
1742865298.138878
1742865298.179315
1742865298.203974
1742865298.246042
1742865298.276762
1742865298.314087
1742865298.337442
1742865298.378856
1742865298.412998
1742865298.444714
1742865298.472435
1742865298.514299
1742865298.543760
1742865298.578652
1742865298.606864
1742865298.647617
1742865298.677660
1742865298.713362
1742865298.737908
1742865298.779572
1742865298.812758
1742865298.844408
1742865298.871136
1742865298.912317
1742865298.947208
1742865298.976401
1742865299.006573
1742865299.045695
1742865299.079807
1742865299.111000
1742865299.148562
1742865299.174545
1742865299.215278
1742865299.238019
1742865299.282222
1742865299.310231
1742865299.349284
1742865299.375417
1742865299.409989
1742865299.445019
1742865299.480054
1742865299.511621
1742865299.539448
1742865299.580137
1742865299.610884
1742865299.645705
1742865299.674045
1742865299.715208
1742865299.744147
1742865299.779807
1742865299.807148
1742865299.843813
1742865299.880869
1742865299.912886
1742865299.939118
1742865299.981509
1742865300.007567
1742865300.046386
1742865300.075205
1742865300.112202
1742865300.148004
1742865300.180876
1742865300.206480
1742865300.247888
1742865300.276512
1742865300.315137
1742865300.340333
