1753385734.132960
1753385734.232498
1753385734.265830
1753385734.298619
1753385734.333035
1753385734.367930
1753385734.400361
1753385734.433382
1753385734.468990
1753385734.503911
1753385734.535804
1753385734.572921
1753385734.603886
1753385734.637724
1753385734.672715
1753385734.706157
1753385734.739267
1753385734.776402
1753385734.809583
1753385734.846762
1753385734.878733
1753385734.913398
1753385734.940085
1753385734.973333
1753385735.006222
1753385735.042206
1753385735.074938
1753385735.110563
1753385735.146247
1753385735.181383
1753385735.212200
1753385735.245859
1753385735.279229
1753385735.312962
1753385735.340304
1753385735.370618
1753385735.408265
1753385735.442217
1753385735.472457
1753385735.508448
1753385735.543019
1753385735.579385
1753385735.601271
1753385735.633745
1753385735.666799
1753385735.707063
1753385735.735737
1753385735.766523
1753385735.802976
1753385735.836345
1753385735.873947
1753385735.899862
1753385735.936219
1753385735.972734
1753385736.001342
1753385736.033194
1753385736.069421
1753385736.105349
1753385736.136472
1753385736.166554
1753385736.205948
1753385736.236091
1753385736.271166
1753385736.300008
1753385736.339563
1753385736.370291
1753385736.411144
1753385736.433208
1753385736.472700
1753385736.500640
1753385736.536991
1753385736.566689
1753385736.605613
1753385736.638576
1753385736.671338
1753385736.700278
1753385736.736984
1753385736.771402
1753385736.805207
1753385736.833543
1753385736.872009
1753385736.903840
1753385736.941192
1753385736.966988
1753385737.005374
1753385737.038237
1753385737.072161
1753385737.101331
1753385737.137352
1753385737.171696
1753385737.208424
1753385737.233891
1753385737.270726
1753385737.309078
1753385737.337017
1753385737.370239
1753385737.401660
1753385737.440128
1753385737.473348
1753385737.500465
1753385737.540703
1753385737.570728
1753385737.608598
1753385737.633970
1753385737.672107
1753385737.707391
1753385737.736630
1753385737.767627
1753385737.809301
1753385737.837525
1753385737.873637
1753385737.900757
1753385737.941384
1753385737.970863
1753385738.011796
1753385738.034143
1753385738.075831
1753385738.104171
1753385738.147117
1753385738.167645
1753385738.210685
1753385738.237130
1753385738.274758
1753385738.301110
1753385738.341881
1753385738.371140
1753385738.407091
1753385738.434388
1753385738.474193
1753385738.501950
1753385738.538025
1753385738.568068
1753385738.605313
1753385738.645983
1753385738.670335
1753385738.702296
1753385738.739086
1753385738.778452
1753385738.803332
1753385738.836972
1753385738.873760
1753385738.908101
1753385738.940553
1753385738.968337
1753385739.005280
1753385739.045875
1753385739.070675
1753385739.103892
1753385739.140580
1753385739.177198
1753385739.204304
1753385739.238078
1753385739.273845
1753385739.306005
1753385739.344697
1753385739.368412
1753385739.407184
1753385739.446051
1753385739.470690
1753385739.501306
1753385739.543337
1753385739.570599
1753385739.607957
1753385739.635380
1753385739.672974
1753385739.708788
1753385739.743560
1753385739.768638
1753385739.815552
1753385739.835320
1753385739.881677
1753385739.902154
1753385739.944784
1753385739.971327
1753385740.012059
1753385740.035707
1753385740.072882
1753385740.112594
1753385740.137444
1753385740.172044
1753385740.206608
1753385740.243053
1753385740.273543
1753385740.304888
1753385740.342105
1753385740.376607
1753385740.406719
1753385740.437273
1753385740.479093
1753385740.501748
1753385740.538703
1753385740.572096
1753385740.608753
1753385740.641972
1753385740.673538
1753385740.705671
1753385740.741017
1753385740.780113
1753385740.804776
1753385740.838059
1753385740.874616
1753385740.905953
1753385740.945888
1753385740.969925
1753385741.010526
1753385741.037632
1753385741.075915
1753385741.103148
1753385741.147099
1753385741.171036
1753385741.209977
1753385741.236931
1753385741.278240
1753385741.304999
1753385741.345705
1753385741.369677
1753385741.406236
1753385741.448279
1753385741.471349
1753385741.502531
1753385741.545646
1753385741.571252
1753385741.610405
1753385741.636512
1753385741.673926
1753385741.705676
1753385741.738236
1753385741.769802
1753385741.812574
1753385741.837814
1753385741.880144
1753385741.903688
1753385741.943184
1753385741.977713
1753385742.008378
1753385742.038344
1753385742.074297
1753385742.116294
1753385742.137049
1753385742.179587
1753385742.203478
1753385742.250407
1753385742.270921
1753385742.305935
1753385742.344330
1753385742.371954
1753385742.413925
1753385742.436846
1753385742.474882
1753385742.508342
1753385742.543377
1753385742.571065
1753385742.610065
1753385742.641064
1753385742.682189
1753385742.703776
1753385742.750972
1753385742.770317
1753385742.818055
1753385742.837120
1753385742.875626
1753385742.911088
1753385742.940099
1753385742.977417
1753385743.004593
1753385743.046811
1753385743.072857
1753385743.109278
1753385743.143227
1753385743.177075
1753385743.213131
1753385743.237427
1753385743.284106
1753385743.304211
1753385743.348216
1753385743.371024
1753385743.408420
1753385743.449934
1753385743.470201
1753385743.508696
1753385743.542439
1753385743.581040
1753385743.604702
1753385743.645998
1753385743.671397
1753385743.713056
1753385743.739254
1753385743.778740
1753385743.804695
1753385743.844975
1753385743.872754
1753385743.906835
1753385743.944838
1753385743.974271
1753385744.016793
1753385744.043581
1753385744.070864
1753385744.115057
1753385744.138421
1753385744.180599
1753385744.207117
1753385744.248833
1753385744.271442
1753385744.316789
1753385744.338465
1753385744.379521
1753385744.404920
1753385744.448666
1753385744.473028
1753385744.507443
1753385744.546230
1753385744.577326
1753385744.609798
1753385744.640621
1753385744.681105
1753385744.707344
1753385744.750235
1753385744.771508
1753385744.813769
1753385744.840881
1753385744.882579
1753385744.905148
1753385744.946085
1753385744.974599
1753385745.016479
1753385745.038294
1753385745.082274
1753385745.105599
1753385745.147183
1753385745.171663
1753385745.215037
1753385745.238744
1753385745.282717
1753385745.305227
1753385745.349250
1753385745.371743
1753385745.407202
1753385745.439398
1753385745.480870
1753385745.506029
1753385745.544431
1753385745.572540
1753385745.615229
1753385745.639059
1753385745.681225
1753385745.705363
1753385745.748206
1753385745.774652
1753385745.817702
1753385745.838612
1753385745.882191
1753385745.905473
1753385745.948348
1753385745.972139
1753385746.017231
1753385746.038612
1753385746.082031
1753385746.105449
1753385746.148925
1753385746.172365
1753385746.213784
1753385746.239228
1753385746.281454
1753385746.308706
1753385746.350737
1753385746.372846
1753385746.412321
1753385746.447869
1753385746.475011
1753385746.508435
1753385746.544777
1753385746.580435
1753385746.610289
1753385746.639042
1753385746.680343
1753385746.707239
1753385746.750553
1753385746.772330
1753385746.814189
1753385746.838584
1753385746.882821
1753385746.906095
1753385746.943094
1753385746.972400
1753385747.010196
1753385747.040524
1753385747.078045
1753385747.112819
1753385747.148905
1753385747.173145
1753385747.215740
1753385747.239839
1753385747.283366
1753385747.306528
1753385747.349483
1753385747.373114
1753385747.415636
1753385747.440146
1753385747.483206
1753385747.505352
1753385747.544869
1753385747.576999
1753385747.611568
1753385747.647141
1753385747.682303
1753385747.706679
1753385747.745146
1753385747.780055
1753385747.815976
1753385747.840205
1753385747.882943
1753385747.907617
1753385747.950897
1753385747.973204
1753385748.015449
1753385748.041039
1753385748.082505
1753385748.106694
1753385748.148084
1753385748.175754
1753385748.217970
1753385748.239567
1753385748.280028
1753385748.312714
1753385748.349205
1753385748.373138
1753385748.417079
1753385748.440247
1753385748.483855
1753385748.505632
1753385748.545313
1753385748.581827
1753385748.612030
1753385748.640531
1753385748.683258
1753385748.709432
1753385748.751645
1753385748.773329
1753385748.814704
1753385748.840555
1753385748.876544
1753385748.911315
1753385748.945464
1753385748.982589
1753385749.011527
1753385749.046933
1753385749.074168
1753385749.115716
1753385749.144813
1753385749.174550
1753385749.214637
1753385749.249163
1753385749.276669
1753385749.311193
1753385749.346239
1753385749.383985
1753385749.407458
1753385749.443573
1753385749.477829
1753385749.511061
1753385749.550544
1753385749.574420
1753385749.617174
1753385749.643092
1753385749.685488
1753385749.707865
1753385749.749503
1753385749.778885
1753385749.815859
1753385749.842651
1753385749.884833
1753385749.908437
1753385749.951015
1753385749.975723
1753385750.017987
1753385750.042656
1753385750.085695
1753385750.107580
1753385750.150997
1753385750.175066
1753385750.217915
1753385750.241348
1753385750.284098
1753385750.309993
1753385750.352084
1753385750.375159
1753385750.417557
1753385750.442515
1753385750.485159
1753385750.506733
1753385750.547062
1753385750.581663
1753385750.615895
1753385750.641078
1753385750.683496
1753385750.709782
1753385750.750121
1753385750.775168
1753385750.818075
1753385750.845556
1753385750.886081
1753385750.908453
1753385750.951404
1753385750.976128
1753385751.018877
1753385751.041438
1753385751.085872
1753385751.110006
1753385751.151834
1753385751.175904
1753385751.218170
1753385751.244131
1753385751.285970
1753385751.310911
1753385751.351600
1753385751.379291
1753385751.419640
1753385751.443039
1753385751.485002
1753385751.508708
1753385751.547874
1753385751.578735
1753385751.613578
1753385751.651364
1753385751.681330
1753385751.711023
1753385751.751420
1753385751.775870
1753385751.818761
1753385751.842687
1753385751.884243
1753385751.912307
1753385751.951355
1753385751.975833
1753385752.017728
1753385752.046936
1753385752.085921
1753385752.109509
1753385752.151646
1753385752.180067
1753385752.218791
1753385752.242168
1753385752.285158
1753385752.312133
1753385752.353062
1753385752.381323
1753385752.408272
1753385752.451615
1753385752.477708
1753385752.513634
1753385752.550371
1753385752.578770
1753385752.617466
1753385752.642839
1753385752.679594
1753385752.708840
1753385752.750012
1753385752.783344
1753385752.817194
1753385752.843290
1753385752.884891
1753385752.911805
1753385752.952511
1753385752.976143
1753385753.017917
1753385753.047349
1753385753.085131
1753385753.112105
1753385753.151586
1753385753.181373
1753385753.219830
1753385753.245285
1753385753.286037
1753385753.312150
1753385753.353291
1753385753.375916
1753385753.418256
1753385753.447949
1753385753.485623
1753385753.507959
1753385753.548590
1753385753.579191
1753385753.619512
1753385753.642090
1753385753.686318
1753385753.711844
1753385753.753056
1753385753.775319
1753385753.817503
1753385753.846182
1753385753.886124
1753385753.908688
1753385753.951673
1753385753.978722
1753385754.017571
1753385754.042579
1753385754.085645
1753385754.112738
1753385754.153461
1753385754.175674
1753385754.218309
1753385754.245609
1753385754.286886
1753385754.308995
1753385754.348237
1753385754.384930
1753385754.412905
1753385754.444389
1753385754.485294
1753385754.508248
1753385754.549779
1753385754.575725
1753385754.618500
1753385754.646249
1753385754.685011
1753385754.709207
1753385754.751749
1753385754.778511
1753385754.819354
1753385754.842570
1753385754.885072
1753385754.912880
1753385754.952958
1753385754.976136
1753385755.019020
1753385755.048804
1753385755.085504
1753385755.109495
1753385755.153451
1753385755.180148
1753385755.220538
1753385755.242959
1753385755.281549
1753385755.314009
1753385755.342230
1753385755.380942
1753385755.413014
1753385755.452871
1753385755.475443
1753385755.509272
1753385755.551213
1753385755.578374
1753385755.619233
1753385755.642999
1753385755.686244
1753385755.714012
1753385755.753467
1753385755.776399
1753385755.818401
1753385755.850608
1753385755.885638
1753385755.911404
1753385755.952352
1753385755.981568
1753385756.020082
1753385756.044283
1753385756.086607
1753385756.116371
1753385756.149872
1753385756.181032
1753385756.216573
1753385756.251763
1753385756.281989
1753385756.314715
1753385756.350967
1753385756.385890
1753385756.417020
1753385756.447413
1753385756.485059
1753385756.513289
1753385756.552030
1753385756.581058
1753385756.617805
1753385756.651858
1753385756.684845
1753385756.715213
1753385756.750770
1753385756.786074
1753385756.817215
1753385756.848539
1753385756.885253
1753385756.916906
1753385756.952238
1753385756.978588
1753385757.018369
1753385757.046645
1753385757.087309
1753385757.113500
1753385757.152588
1753385757.184088
1753385757.219268
1753385757.248440
1753385757.285192
1753385757.317908
1753385757.353048
1753385757.382067
1753385757.417961
1753385757.453507
1753385757.485240
1753385757.510168
1753385757.554432
1753385757.584907
1753385757.619955
1753385757.648928
1753385757.685395
1753385757.719383
1753385757.751184
1753385757.784539
1753385757.815249
1753385757.853667
1753385757.884684
1753385757.914479
1753385757.952379
1753385757.986841
1753385758.017949
1753385758.049903
1753385758.085132
1753385758.118254
1753385758.153059
1753385758.181831
1753385758.217707
1753385758.252639
1753385758.282678
1753385758.315676
1753385758.352073
1753385758.384918
1753385758.418178
1753385758.446363
1753385758.487286
1753385758.511662
1753385758.552780
1753385758.578796
1753385758.618618
1753385758.651809
1753385758.686464
1753385758.712581
1753385758.752780
1753385758.785148
1753385758.819090
1753385758.846890
1753385758.886877
1753385758.915864
1753385758.954931
1753385758.980095
1753385759.017125
1753385759.052932
1753385759.084102
1753385759.117683
1753385759.149326
1753385759.188560
1753385759.217030
1753385759.249216
1753385759.285577
1753385759.319033
1753385759.352926
1753385759.382072
1753385759.418797
1753385759.453230
1753385759.486066
1753385759.510979
1753385759.548477
1753385759.583456
1753385759.616930
1753385759.647362
1753385759.683261
1753385759.715977
1753385759.750304
1753385759.778046
1753385759.814749
1753385759.851430
1753385759.883841
1753385759.912579
1753385759.953283
1753385759.985159
1753385760.015823
1753385760.052052
1753385760.083318
1753385760.119991
1753385760.151797
1753385760.181599
1753385760.219936
1753385760.253509
1753385760.286244
1753385760.316129
1753385760.352010
1753385760.386503
1753385760.417868
1753385760.447744
1753385760.487001
1753385760.512126
1753385760.552695
1753385760.580921
1753385760.619038
1753385760.653600
1753385760.684805
1753385760.720320
1753385760.745882
1753385760.788959
1753385760.818477
1753385760.853413
1753385760.885516
1753385760.914434
1753385760.951319
1753385760.986063
1753385761.019178
1753385761.050855
1753385761.085634
1753385761.120070
1753385761.154293
1753385761.184433
1753385761.219409
1753385761.254154
1753385761.287140
1753385761.317937
1753385761.352884
1753385761.387452
1753385761.420088
1753385761.451481
1753385761.486102
1753385761.517723
1753385761.553032
1753385761.584930
1753385761.617603
1753385761.656301
1753385761.684482
1753385761.714732
1753385761.752841
1753385761.785628
1753385761.820525
1753385761.846316
1753385761.886580
1753385761.916998
1753385761.952721
1753385761.979870
1753385762.020287
1753385762.051878
1753385762.086409
1753385762.113545
1753385762.153547
1753385762.186434
1753385762.219243
1753385762.247397
1753385762.286563
1753385762.319988
1753385762.351481
1753385762.379960
1753385762.420243
1753385762.451177
1753385762.486058
1753385762.512098
1753385762.550774
1753385762.586660
1753385762.619211
1753385762.649149
1753385762.688753
1753385762.719925
1753385762.753149
1753385762.784700
1753385762.819879
1753385762.852968
1753385762.888138
1753385762.914356
1753385762.953146
1753385762.988153
1753385763.020864
1753385763.048533
1753385763.087243
1753385763.120936
1753385763.154314
1753385763.180508
1753385763.219098
1753385763.254109
1753385763.287982
1753385763.313900
1753385763.352848
1753385763.387829
1753385763.420364
1753385763.448690
1753385763.488939
1753385763.517236
1753385763.553385
1753385763.584455
1753385763.619811
1753385763.651010
1753385763.684345
1753385763.715846
1753385763.754636
1753385763.789039
1753385763.819048
1753385763.853122
1753385763.885268
1753385763.919300
1753385763.954279
1753385763.984752
1753385764.020545
1753385764.055587
1753385764.087284
1753385764.119971
1753385764.152740
1753385764.187098
1753385764.220984
1753385764.251877
1753385764.286531
1753385764.320810
1753385764.355519
1753385764.381306
1753385764.420461
1753385764.452718
1753385764.487297
1753385764.513493
1753385764.554157
1753385764.585264
1753385764.619908
1753385764.647797
1753385764.686679
1753385764.720892
1753385764.754959
1753385764.781124
1753385764.821297
1753385764.853829
1753385764.887011
1753385764.913524
1753385764.952803
1753385764.987147
1753385765.022139
1753385765.048091
1753385765.086145
1753385765.118275
1753385765.151116
1753385765.181472
1753385765.222054
1753385765.253022
1753385765.288044
1753385765.315395
1753385765.356279
1753385765.385459
1753385765.420734
1753385765.451773
1753385765.486956
1753385765.517267
1753385765.553747
1753385765.581612
1753385765.621851
1753385765.653500
1753385765.687870
1753385765.718152
1753385765.756590
1753385765.786280
1753385765.821235
1753385765.852155
1753385765.885090
1753385765.919527
1753385765.951741
1753385765.989567
1753385766.018386
1753385766.054788
1753385766.088829
1753385766.119246
1753385766.153948
1753385766.188552
1753385766.220073
1753385766.253986
1753385766.287038
1753385766.321779
1753385766.356656
1753385766.385510
1753385766.420150
1753385766.454831
1753385766.489490
1753385766.514497
1753385766.554405
1753385766.589093
1753385766.621981
1753385766.648817
1753385766.688856
1753385766.722784
1753385766.752484
1753385766.782121
1753385766.822824
1753385766.854098
1753385766.889098
1753385766.914856
1753385766.955441
1753385766.989121
1753385767.020344
1753385767.050949
1753385767.090427
1753385767.120027
1753385767.154151
1753385767.185190
1753385767.221837
1753385767.253159
1753385767.288722
1753385767.317833
1753385767.354672
1753385767.389028
1753385767.423590
1753385767.450517
1753385767.491235
1753385767.515945
1753385767.556953
1753385767.582337
1753385767.625061
1753385767.653410
1753385767.689075
1753385767.717403
1753385767.757239
1753385767.788406
1753385767.823791
1753385767.850247
1753385767.890549
1753385767.918950
1753385767.955717
1753385767.983664
1753385768.020717
1753385768.055710
1753385768.089307
1753385768.119725
1753385768.155083
1753385768.190244
1753385768.223675
1753385768.251581
1753385768.290359
1753385768.320731
1753385768.356433
1753385768.383960
1753385768.420325
1753385768.455044
1753385768.487606
1753385768.516055
1753385768.558655
1753385768.587613
1753385768.626914
1753385768.649533
1753385768.689912
1753385768.722218
1753385768.755792
1753385768.782769
1753385768.827087
1753385768.852756
1753385768.893599
1753385768.916191
1753385768.956914
1753385768.987622
1753385769.023078
1753385769.055020
1753385769.083320
1753385769.119940
1753385769.155850
1753385769.190622
1753385769.225816
1753385769.253578
1753385769.288795
1753385769.321266
1753385769.356368
1753385769.387253
1753385769.423959
1753385769.455564
1753385769.488221
1753385769.521682
1753385769.554803
1753385769.590736
1753385769.623134
1753385769.653475
1753385769.692271
1753385769.721204
1753385769.759907
1753385769.784091
1753385769.825792
1753385769.854533
1753385769.892777
1753385769.916996
1753385769.954996
1753385769.996010
1753385770.019313
1753385770.056143
1753385770.087608
1753385770.124431
1753385770.157336
1753385770.186346
1753385770.227326
1753385770.252517
1753385770.289224
1753385770.320158
1753385770.356944
1753385770.387552
1753385770.424647
1753385770.451301
1753385770.492416
1753385770.517585
1753385770.559939
1753385770.583660
1753385770.621324
1753385770.657585
1753385770.689525
1753385770.717849
1753385770.760479
1753385770.786913
1753385770.823198
1753385770.852452
1753385770.888512
1753385770.922196
1753385770.955108
1753385770.987144
1753385771.021864
1753385771.057358
1753385771.088765
1753385771.120277
1753385771.155966
1753385771.193391
1753385771.221526
1753385771.255366
1753385771.290413
1753385771.325712
1753385771.355936
1753385771.389563
1753385771.420142
1753385771.457057
1753385771.488938
1753385771.520855
1753385771.559152
1753385771.592855
1753385771.621544
1753385771.656199
1753385771.689700
1753385771.725059
1753385771.761681
1753385771.786317
1753385771.827545
1753385771.854367
1753385771.894754
1753385771.919367
1753385771.956584
1753385771.989583
1753385772.027372
1753385772.054016
1753385772.091485
1753385772.123341
1753385772.157948
1753385772.189660
1753385772.224339
1753385772.255879
1753385772.294943
1753385772.319436
1753385772.359683
1753385772.388628
1753385772.426743
1753385772.453069
1753385772.490568
1753385772.522460
1753385772.559052
1753385772.586065
1753385772.623381
1753385772.662552
1753385772.687168
1753385772.721586
1753385772.760038
1753385772.787750
1753385772.825921
1753385772.852865
1753385772.891388
1753385772.922284
1753385772.959485
1753385772.987725
1753385773.024231
1753385773.054681
1753385773.096616
1753385773.119346
1753385773.156866
1753385773.195086
1753385773.221945
1753385773.264166
1753385773.285909
1753385773.324371
1753385773.356813
1753385773.391009
1753385773.425035
1753385773.456633
1753385773.495374
1753385773.519322
1753385773.555369
1753385773.595068
1753385773.621889
1753385773.656971
1753385773.692181
1753385773.723945
1753385773.763816
1753385773.785851
1753385773.826667
1753385773.855342
1753385773.897293
1753385773.919142
1753385773.958433
1753385773.990454
1753385774.023462
1753385774.054527
1753385774.091542
1753385774.130357
1753385774.154428
1753385774.190464
1753385774.224506
1753385774.258665
1753385774.291484
1753385774.327621
1753385774.354392
1753385774.392978
1753385774.424439
1753385774.458398
1753385774.492713
1753385774.524108
1753385774.556154
1753385774.587971
1753385774.624633
1753385774.655989
1753385774.691283
1753385774.719676
1753385774.760881
1753385774.788899
1753385774.830583
1753385774.854314
1753385774.896070
1753385774.920242
1753385774.963145
1753385774.987741
1753385775.030172
1753385775.054678
1753385775.094235
1753385775.121096
1753385775.161924
1753385775.188965
1753385775.227678
1753385775.254680
1753385775.293096
1753385775.325650
1753385775.359763
1753385775.387880
1753385775.429815
1753385775.455428
1753385775.495104
1753385775.520622
1753385775.563351
1753385775.588021
1753385775.621283
1753385775.654654
1753385775.696903
1753385775.721492
1753385775.762888
1753385775.787988
1753385775.825683
1753385775.855852
1753385775.898696
1753385775.920200
1753385775.961729
1753385775.991118
1753385776.032241
1753385776.054655
1753385776.093332
1753385776.128983
1753385776.155798
1753385776.196026
1753385776.221590
1753385776.264832
1753385776.288446
1753385776.331711
1753385776.354167
1753385776.394003
1753385776.426623
1753385776.454768
1753385776.492730
1753385776.526340
1753385776.559351
1753385776.588190
1753385776.626156
1753385776.655743
1753385776.698118
1753385776.720676
1753385776.764192
1753385776.787930
1753385776.829203
1753385776.854163
1753385776.895452
1753385776.921312
1753385776.956189
1753385776.987129
1753385777.021316
1753385777.056480
1753385777.094693
1753385777.120849
1753385777.159490
1753385777.196586
1753385777.222941
1753385777.257862
1753385777.292652
1753385777.328927
1753385777.358649
1753385777.398524
1753385777.420624
1753385777.464864
1753385777.488607
1753385777.529410
1753385777.558488
1753385777.600105
1753385777.621619
1753385777.663517
1753385777.690387
1753385777.732022
1753385777.754791
1753385777.797638
1753385777.822883
1753385777.864268
1753385777.887885
1753385777.928733
1753385777.961015
1753385777.988817
1753385778.029712
1753385778.059684
1753385778.098502
1753385778.121675
1753385778.164263
1753385778.191402
1753385778.233367
1753385778.255339
1753385778.294027
1753385778.331488
1753385778.357653
1753385778.399527
1753385778.421845
1753385778.464375
1753385778.490815
1753385778.524411
1753385778.561244
1753385778.594418
1753385778.631384
1753385778.655084
1753385778.696352
1753385778.723857
1753385778.766612
1753385778.788471
1753385778.831663
1753385778.858069
1753385778.901019
1753385778.921810
1753385778.964144
1753385778.991095
1753385779.033239
1753385779.055259
1753385779.099344
1753385779.122443
1753385779.162784
1753385779.188647
1753385779.235073
1753385779.255560
1753385779.298159
1753385779.322047
1753385779.365508
1753385779.391697
1753385779.431782
1753385779.455593
1753385779.496386
1753385779.527851
1753385779.560130
1753385779.594187
1753385779.623157
1753385779.665715
1753385779.689271
1753385779.731885
1753385779.755779
1753385779.802000
1753385779.822515
1753385779.864485
1753385779.889248
1753385779.931086
1753385779.959919
1753385779.996126
1753385780.022929
1753385780.065109
1753385780.093624
1753385780.133577
1753385780.156269
1753385780.199635
1753385780.223514
1753385780.265579
1753385780.289555
1753385780.333541
1753385780.357186
1753385780.399934
1753385780.422145
1753385780.466460
1753385780.489655
1753385780.531140
1753385780.556137
1753385780.600250
1753385780.623141
1753385780.664609
1753385780.689416
1753385780.733456
1753385780.756318
1753385780.798857
1753385780.822893
1753385780.865987
1753385780.889586
1753385780.932096
1753385780.956742
1753385780.999729
1753385781.025989
1753385781.066220
1753385781.089747
1753385781.132829
1753385781.157428
1753385781.192734
1753385781.227118
1753385781.267636
1753385781.289758
1753385781.324476
1753385781.365045
1753385781.389833
1753385781.432292
1753385781.455634
1753385781.495698
1753385781.523037
1753385781.564120
1753385781.589490
1753385781.629307
1753385781.656613
1753385781.699617
1753385781.722749
1753385781.767289
1753385781.789801
1753385781.836316
1753385781.856450
1753385781.898826
1753385781.923444
1753385781.969342
1753385781.989781
1753385782.030915
1753385782.059512
1753385782.101508
1753385782.123149
1753385782.166240
1753385782.191080
1753385782.233630
1753385782.256519
1753385782.302660
1753385782.324089
1753385782.367170
1753385782.390168
1753385782.433166
1753385782.458511
1753385782.496881
1753385782.523731
1753385782.562897
1753385782.599340
1753385782.626599
1753385782.657609
1753385782.699212
1753385782.726262
1753385782.768583
1753385782.790117
1753385782.832932
1753385782.857021
1753385782.900226
1753385782.923419
1753385782.964788
1753385782.991448
1753385783.031954
1753385783.056752
1753385783.099563
1753385783.124738
1753385783.169891
1753385783.190269
1753385783.234284
1753385783.257859
1753385783.301613
1753385783.323759
1753385783.365201
1753385783.392724
1753385783.435471
1753385783.457103
1753385783.496501
1753385783.530377
1753385783.564038
1753385783.590919
1753385783.633718
1753385783.661058
1753385783.702894
1753385783.724180
1753385783.767997
1753385783.792026
1753385783.832831
1753385783.858963
1753385783.900370
1753385783.927967
1753385783.969471
1753385783.991023
1753385784.034901
1753385784.059089
1753385784.103908
1753385784.124045
1753385784.169000
1753385784.192567
1753385784.235309
1753385784.257726
1753385784.301857
1753385784.325906
1753385784.368781
1753385784.391248
1753385784.435399
1753385784.460036
1753385784.498600
1753385784.526498
1753385784.564867
1753385784.597533
1753385784.632768
1753385784.658641
1753385784.701344
1753385784.726625
1753385784.768560
1753385784.791099
1753385784.834844
1753385784.859784
1753385784.901916
1753385784.924614
1753385784.967145
1753385784.993117
1753385785.031695
1753385785.058217
1753385785.102193
1753385785.126272
1753385785.170717
1753385785.191312
1753385785.235569
1753385785.260014
1753385785.302235
1753385785.324927
1753385785.368866
1753385785.393118
1753385785.435236
1753385785.458514
1753385785.497568
1753385785.533772
1753385785.560495
1753385785.595191
1753385785.625336
1753385785.667677
1753385785.693590
1753385785.727035
1753385785.759143
1753385785.802190
1753385785.832075
1753385785.868531
1753385785.898801
1753385785.930225
1753385785.965891
1753385786.001204
1753385786.031716
1753385786.063744
1753385786.099462
1753385786.135173
1753385786.164533
1753385786.199560
1753385786.228373
1753385786.269794
1753385786.294059
1753385786.336473
1753385786.360075
1753385786.401795
1753385786.430282
1753385786.463143
1753385786.495633
1753385786.534169
1753385786.564802
1753385786.595785
1753385786.630850
1753385786.668170
1753385786.695443
1753385786.728299
1753385786.767084
1753385786.798788
1753385786.831205
1753385786.859531
1753385786.900297
1753385786.928772
1753385786.969927
1753385786.992027
1753385787.033484
1753385787.062520
1753385787.101639
1753385787.125391
1753385787.168265
1753385787.197305
1753385787.234627
1753385787.259470
1753385787.301934
1753385787.331450
1753385787.368446
1753385787.394393
1753385787.434919
1753385787.464677
1753385787.497764
1753385787.529145
1753385787.566557
1753385787.601968
1753385787.631868
1753385787.662429
1753385787.702118
1753385787.732693
1753385787.768638
1753385787.795352
1753385787.836038
1753385787.863113
1753385787.903185
1753385787.927507
1753385787.969797
1753385787.998926
1753385788.035567
1753385788.063422
1753385788.102283
1753385788.133527
1753385788.169369
1753385788.196380
1753385788.235404
1753385788.265964
1753385788.302707
1753385788.330117
1753385788.367226
1753385788.398514
1753385788.435488
1753385788.464354
1753385788.496396
1753385788.534131
1753385788.566982
1753385788.597145
1753385788.633161
1753385788.668786
1753385788.698456
1753385788.729901
1753385788.764577
1753385788.801912
1753385788.831217
1753385788.862624
1753385788.900104
1753385788.930375
1753385788.969986
1753385788.993115
1753385789.035033
1753385789.064153
1753385789.102120
1753385789.126648
1753385789.168898
1753385789.198760
1753385789.234610
1753385789.261996
1753385789.302942
1753385789.333077
1753385789.369757
1753385789.394220
1753385789.435952
1753385789.466801
1753385789.498862
1753385789.531153
1753385789.567040
1753385789.602990
1753385789.632620
1753385789.664733
1753385789.701558
1753385789.735651
1753385789.768121
1753385789.797800
1753385789.830072
1753385789.870721
1753385789.900691
1753385789.927090
1753385789.968867
1753385790.001484
1753385790.034704
1753385790.061779
1753385790.100284
1753385790.136094
1753385790.166333
1753385790.198584
1753385790.232670
1753385790.269023
1753385790.300428
1753385790.330608
1753385790.367689
1753385790.402676
1753385790.431526
1753385790.468414
1753385790.495540
1753385790.535166
1753385790.568253
1753385790.598471
1753385790.633092
1753385790.669747
1753385790.697483
1753385790.733485
1753385790.764887
1753385790.802677
1753385790.833489
1753385790.864966
1753385790.901459
1753385790.934862
1753385790.968142
1753385790.995073
1753385791.036192
1753385791.063836
1753385791.102434
1753385791.129056
1753385791.169882
1753385791.199913
1753385791.235296
1753385791.264864
1753385791.301494
1753385791.336338
1753385791.369455
1753385791.394798
1753385791.436948
1753385791.467931
1753385791.499470
1753385791.531984
1753385791.568947
1753385791.601430
1753385791.635934
1753385791.664832
1753385791.701356
1753385791.736525
1753385791.767593
1753385791.799246
1753385791.835714
1753385791.868526
1753385791.899415
1753385791.934747
1753385791.967645
1753385792.003014
1753385792.034269
1753385792.065656
1753385792.101732
1753385792.136930
1753385792.168408
1753385792.201527
1753385792.232103
1753385792.271106
1753385792.301573
1753385792.333103
1753385792.368940
1753385792.403320
1753385792.436069
1753385792.464965
1753385792.497532
1753385792.534233
1753385792.569566
1753385792.597668
1753385792.634702
1753385792.669992
1753385792.701445
1753385792.731155
1753385792.768623
1753385792.801886
1753385792.836761
1753385792.864259
1753385792.905036
1753385792.934660
1753385792.970126
1753385792.998837
1753385793.035928
1753385793.069314
1753385793.104428
1753385793.130721
1753385793.170142
1753385793.201706
1753385793.237036
1753385793.266388
1753385793.304189
1753385793.335563
1753385793.370486
1753385793.400252
1753385793.436539
1753385793.468807
1753385793.500446
1753385793.535778
1753385793.563376
1753385793.604506
1753385793.635298
1753385793.668248
1753385793.701421
1753385793.737222
1753385793.770241
1753385793.801206
1753385793.835523
1753385793.870518
1753385793.902575
1753385793.934564
1753385793.969179
1753385794.004395
1753385794.033486
1753385794.070602
1753385794.096122
1753385794.137286
1753385794.168615
1753385794.204714
1753385794.236853
1753385794.268129
1753385794.302302
1753385794.337428
1753385794.368742
1753385794.396698
1753385794.437642
1753385794.469157
1753385794.499894
1753385794.535755
1753385794.566421
1753385794.606861
1753385794.632793
1753385794.669123
1753385794.699361
1753385794.739829
1753385794.767332
1753385794.802467
1753385794.833699
1753385794.870044
1753385794.902919
1753385794.934347
1753385794.969461
1753385795.003961
1753385795.036707
1753385795.067266
1753385795.103107
1753385795.136967
1753385795.170079
1753385795.200750
1753385795.236300
1753385795.270771
1753385795.303412
1753385795.332988
1753385795.372866
1753385795.400627
1753385795.433597
1753385795.469158
1753385795.496941
1753385795.537282
1753385795.571432
1753385795.600820
1753385795.635835
1753385795.667799
1753385795.700606
1753385795.731915
1753385795.766787
1753385795.799200
1753385795.831212
1753385795.869861
1753385795.901517
1753385795.936964
1753385795.970875
1753385796.002103
1753385796.036550
1753385796.069684
1753385796.104045
1753385796.136296
1753385796.164253
1753385796.205415
1753385796.236493
1753385796.268993
1753385796.303614
1753385796.336133
1753385796.370009
1753385796.399728
1753385796.439598
1753385796.469833
1753385796.499594
1753385796.538445
1753385796.568070
1753385796.604233
1753385796.637359
1753385796.668701
1753385796.701712
1753385796.737666
1753385796.771764
1753385796.801950
1753385796.835466
1753385796.871832
1753385796.903709
1753385796.935070
1753385796.969653
1753385797.002081
1753385797.037052
1753385797.067711
1753385797.103018
1753385797.136951
1753385797.171794
1753385797.200998
1753385797.237172
1753385797.271312
1753385797.305600
1753385797.334896
1753385797.370063
1753385797.402700
1753385797.437057
1753385797.468713
1753385797.500610
1753385797.536762
1753385797.571857
1753385797.602834
1753385797.636688
1753385797.670957
1753385797.705832
1753385797.735394
1753385797.771310
1753385797.805675
1753385797.836187
1753385797.869220
1753385797.904647
1753385797.938874
1753385797.970157
1753385798.000845
1753385798.036938
1753385798.071732
1753385798.105329
1753385798.131650
1753385798.172157
1753385798.204554
1753385798.238155
1753385798.269043
1753385798.304430
1753385798.339048
1753385798.371575
1753385798.402394
1753385798.438344
1753385798.472689
1753385798.502096
1753385798.537711
1753385798.569316
1753385798.604184
1753385798.638152
1753385798.669211
1753385798.703245
1753385798.737735
1753385798.771593
1753385798.802214
1753385798.837065
1753385798.871103
1753385798.905728
1753385798.933170
1753385798.970290
1753385799.004103
1753385799.038699
1753385799.068488
1753385799.103952
1753385799.138920
1753385799.173830
1753385799.200197
1753385799.236877
1753385799.271585
1753385799.305995
1753385799.335980
1753385799.372075
1753385799.406364
1753385799.437606
1753385799.468599
1753385799.502037
1753385799.538042
1753385799.572588
1753385799.602308
1753385799.636486
1753385799.671213
1753385799.706521
1753385799.735012
1753385799.771495
1753385799.806406
1753385799.837478
1753385799.869319
1753385799.904862
1753385799.939041
1753385799.970677
1753385800.003837
1753385800.038664
1753385800.073419
1753385800.103734
1753385800.137083
1753385800.172222
1753385800.203797
1753385800.238870
1753385800.269003
1753385800.305204
1753385800.339614
1753385800.370260
1753385800.402512
1753385800.439844
1753385800.470192
1753385800.503537
1753385800.537437
1753385800.570783
1753385800.605353
1753385800.639914
1753385800.669251
1753385800.705499
1753385800.740900
1753385800.770748
1753385800.802920
1753385800.838001
1753385800.873574
1753385800.904436
1753385800.936526
1753385800.971511
1753385801.006444
1753385801.040612
1753385801.067052
1753385801.104293
1753385801.136771
1753385801.171122
1753385801.204588
1753385801.238220
1753385801.273671
1753385801.304984
1753385801.339123
1753385801.370109
1753385801.406212
1753385801.439395
1753385801.469755
1753385801.503925
1753385801.537784
1753385801.573326
1753385801.603275
1753385801.639104
1753385801.674207
1753385801.705569
1753385801.738196
1753385801.772520
1753385801.804147
1753385801.836745
1753385801.871401
1753385801.904432
1753385801.939707
1753385801.971149
1753385802.005240
1753385802.037830
1753385802.072805
1753385802.105035
1753385802.138317
1753385802.171778
1753385802.206869
1753385802.236676
1753385802.274718
1753385802.302889
1753385802.339520
1753385802.371989
1753385802.404629
1753385802.433676
1753385802.473669
1753385802.502754
1753385802.540761
1753385802.571239
1753385802.606039
1753385802.636305
1753385802.674063
1753385802.705376
1753385802.736507
1753385802.773164
1753385802.805898
1753385802.840435
1753385802.869902
1753385802.906463
1753385802.941346
1753385802.971503
1753385803.003518
1753385803.039880
1753385803.073316
1753385803.107861
1753385803.133983
1753385803.176600
1753385803.203482
1753385803.239985
1753385803.270455
1753385803.305482
1753385803.340168
1753385803.371572
1753385803.402150
1753385803.438229
1753385803.477973
1753385803.500727
1753385803.541180
1753385803.570096
1753385803.611069
1753385803.637528
1753385803.672582
1753385803.703727
1753385803.741813
1753385803.772286
1753385803.807389
1753385803.837074
1753385803.873839
1753385803.907371
1753385803.937162
1753385803.973940
1753385804.005068
1753385804.046216
1753385804.068964
1753385804.109445
1753385804.138005
1753385804.174155
1753385804.205029
1753385804.240117
1753385804.272271
1753385804.308733
1753385804.337236
1753385804.378554
1753385804.403904
1753385804.445764
1753385804.468310
1753385804.504339
1753385804.544278
1753385804.571312
1753385804.606518
1753385804.636396
1753385804.679980
1753385804.703802
1753385804.737515
1753385804.772340
1753385804.813432
1753385804.837124
1753385804.873968
1753385804.904533
1753385804.940907
1753385804.976467
1753385805.003616
1753385805.039952
1753385805.074946
1753385805.111506
1753385805.136385
1753385805.173229
1753385805.208979
1753385805.239972
1753385805.270396
1753385805.308978
1753385805.339584
1753385805.380891
1753385805.401599
1753385805.445128
1753385805.470468
1753385805.506786
1753385805.538905
1753385805.573216
1753385805.610551
1753385805.638143
1753385805.673153
1753385805.705744
1753385805.742384
1753385805.773539
1753385805.807936
1753385805.836808
1753385805.870878
1753385805.902606
1753385805.939621
1753385805.974185
1753385806.009720
1753385806.038492
1753385806.074172
1753385806.108063
1753385806.139910
1753385806.178155
1753385806.204493
1753385806.241217
1753385806.277787
1753385806.305373
1753385806.342033
1753385806.371359
1753385806.408641
1753385806.440005
1753385806.474234
1753385806.503782
1753385806.538790
1753385806.572554
1753385806.603129
1753385806.643934
1753385806.671498
1753385806.709129
1753385806.737697
1753385806.779047
1753385806.804585
1753385806.842849
1753385806.869471
1753385806.912591
1753385806.936550
1753385806.973565
1753385807.002542
1753385807.039396
1753385807.069026
1753385807.114539
1753385807.135935
1753385807.180737
1753385807.204206
1753385807.242480
1753385807.270978
1753385807.312893
1753385807.337977
1753385807.376401
1753385807.404484
1753385807.442050
1753385807.473515
1753385807.508367
1753385807.538566
1753385807.576012
1753385807.612164
1753385807.639188
1753385807.676613
1753385807.704761
1753385807.745281
1753385807.772151
1753385807.814495
1753385807.836271
1753385807.875141
1753385807.908533
1753385807.943493
1753385807.970985
1753385808.012858
1753385808.038854
1753385808.076821
1753385808.104874
1753385808.146633
1753385808.171449
1753385808.206267
1753385808.242526
1753385808.274803
1753385808.307097
1753385808.339569
1753385808.376859
1753385808.405441
1753385808.444626
1753385808.470574
1753385808.507507
1753385808.547325
1753385808.571183
1753385808.610647
1753385808.637501
1753385808.676020
1753385808.712481
1753385808.736969
1753385808.778973
1753385808.805008
1753385808.844628
1753385808.871540
1753385808.912870
1753385808.938671
1753385808.980985
1753385809.003660
1753385809.045127
1753385809.072527
1753385809.113836
1753385809.137292
1753385809.177593
1753385809.206837
1753385809.247930
1753385809.270518
1753385809.315022
1753385809.337802
1753385809.377490
1753385809.404879
1753385809.442819
1753385809.480446
1753385809.503500
1753385809.548653
1753385809.570046
1753385809.605798
1753385809.641356
1753385809.674589
1753385809.709576
1753385809.748112
1753385809.771693
1753385809.814434
1753385809.837372
1753385809.884734
1753385809.904322
1753385809.943222
1753385809.971643
1753385810.016404
1753385810.037814
1753385810.074205
1753385810.105125
1753385810.141264
1753385810.173128
1753385810.214978
1753385810.237753
1753385810.277758
1753385810.306888
1753385810.347669
1753385810.371153
1753385810.413540
1753385810.439390
1753385810.483286
1753385810.503885
1753385810.550149
1753385810.571927
1753385810.613130
1753385810.638409
1753385810.680739
1753385810.705832
1753385810.749009
1753385810.771292
1753385810.813747
1753385810.839858
1753385810.876437
1753385810.906472
1753385810.943407
1753385810.971883
1753385811.017979
1753385811.038067
1753385811.074386
1753385811.109417
1753385811.145390
1753385811.172850
1753385811.206880
1753385811.246510
1753385811.272348
1753385811.313789
1753385811.337966
1753385811.377894
1753385811.410693
1753385811.440991
1753385811.476139
1753385811.504743
1753385811.551280
1753385811.571529
1753385811.612835
1753385811.638527
1753385811.681070
1753385811.706276
1753385811.747945
1753385811.771687
1753385811.812804
1753385811.844962
1753385811.872490
1753385811.912677
1753385811.939872
1753385811.981934
1753385812.005093
1753385812.048844
1753385812.072051
1753385812.117467
1753385812.138577
1753385812.182016
1753385812.205844
1753385812.249023
1753385812.271949
1753385812.315691
1753385812.339133
1753385812.381534
1753385812.405424
1753385812.447712
1753385812.473343
1753385812.508522
1753385812.543644
1753385812.572262
1753385812.619103
1753385812.638742
1753385812.682640
1753385812.705727
1753385812.749252
1753385812.773892
1753385812.814916
1753385812.838617
1753385812.882678
1753385812.906041
1753385812.948362
1753385812.971582
1753385813.018863
1753385813.038939
1753385813.080218
1753385813.105619
1753385813.150908
1753385813.172159
1753385813.214689
1753385813.238790
1753385813.283957
1753385813.305911
1753385813.345169
1753385813.372602
1753385813.415426
1753385813.442485
1753385813.478822
1753385813.504790
1753385813.551816
1753385813.572470
1753385813.614216
1753385813.639252
1753385813.681441
1753385813.709376
1753385813.743017
1753385813.776951
1753385813.817425
1753385813.839467
1753385813.881672
1753385813.906174
1753385813.948918
1753385813.974022
1753385814.016492
1753385814.039558
1753385814.083123
1753385814.106835
1753385814.148935
1753385814.172951
1753385814.215678
1753385814.239752
1753385814.284829
1753385814.306351
1753385814.349786
1753385814.375850
1753385814.416771
1753385814.439713
1753385814.482706
1753385814.506315
1753385814.547848
1753385814.573378
1753385814.616647
1753385814.642957
1753385814.682095
1753385814.706697
1753385814.749314
1753385814.775394
1753385814.813882
1753385814.839869
1753385814.883293
1753385814.906792
1753385814.949492
1753385814.973496
1753385815.013533
1753385815.043535
1753385815.073642
1753385815.116284
1753385815.140418
1753385815.180747
1753385815.206764
1753385815.249277
1753385815.273494
1753385815.317757
1753385815.340408
1753385815.376653
1753385815.408047
1753385815.449940
1753385815.473582
1753385815.510089
1753385815.551509
1753385815.574018
1753385815.616104
1753385815.640789
1753385815.681810
1753385815.712378
1753385815.740767
1753385815.783981
1753385815.807170
1753385815.849921
1753385815.874306
1753385815.915051
1753385815.940585
1753385815.974741
1753385816.017987
1753385816.041380
1753385816.084583
1753385816.110086
1753385816.150252
1753385816.174813
1753385816.218282
1753385816.241291
1753385816.284570
1753385816.307852
1753385816.352565
1753385816.374646
1753385816.417015
1753385816.441895
1753385816.484877
1753385816.507932
1753385816.550099
1753385816.575389
1753385816.618029
1753385816.641594
1753385816.677981
1753385816.708306
1753385816.749641
1753385816.777478
1753385816.816455
1753385816.842116
1753385816.884245
1753385816.907928
1753385816.948464
1753385816.975072
1753385817.017225
1753385817.040628
1753385817.085912
1753385817.107814
1753385817.146219
1753385817.178092
1753385817.208699
1753385817.250950
1753385817.275335
1753385817.318388
1753385817.340666
1753385817.381773
1753385817.414855
1753385817.450729
1753385817.475550
1753385817.511554
1753385817.552718
1753385817.575727
1753385817.617140
1753385817.642849
1753385817.686921
1753385817.709360
1753385817.751589
1753385817.775755
1753385817.818925
1753385817.843036
1753385817.885260
1753385817.909308
1753385817.952637
1753385817.977482
1753385818.016577
1753385818.043382
1753385818.086049
1753385818.109622
1753385818.151814
1753385818.176884
1753385818.219446
1753385818.243340
1753385818.279910
1753385818.313171
1753385818.351693
1753385818.377027
1753385818.416722
1753385818.443397
1753385818.485618
1753385818.508187
1753385818.551945
1753385818.577467
1753385818.617462
1753385818.648561
1753385818.677279
1753385818.718685
1753385818.744356
1753385818.787095
1753385818.808783
1753385818.851937
1753385818.879731
1753385818.917510
1753385818.943779
1753385818.986120
1753385819.009789
1753385819.053909
1753385819.084726
1753385819.108470
1753385819.152272
1753385819.177593
1753385819.218904
1753385819.247403
1753385819.282402
1753385819.311329
1753385819.354522
1753385819.377999
1753385819.417647
1753385819.444851
1753385819.486591
1753385819.508137
1753385819.552414
1753385819.577474
1753385819.618272
1753385819.647643
1753385819.682770
1753385819.711871
1753385819.753145
1753385819.780880
1753385819.813305
1753385819.849804
1753385819.884929
1753385819.914688
1753385819.945046
1753385819.985919
1753385820.011539
1753385820.052954
1753385820.076493
1753385820.118941
1753385820.146549
1753385820.177851
1753385820.213670
1753385820.245667
1753385820.281731
1753385820.312667
1753385820.344001
1753385820.380726
1753385820.413454
1753385820.445782
1753385820.481594
1753385820.510618
1753385820.551799
1753385820.583041
1753385820.615907
1753385820.645934
1753385820.687006
1753385820.712521
1753385820.753227
1753385820.777411
1753385820.819887
1753385820.846289
1753385820.882166
1753385820.912246
1753385820.953332
1753385820.978863
1753385821.013466
1753385821.049308
1753385821.085124
1753385821.113078
1753385821.148687
1753385821.182257
1753385821.217246
1753385821.251642
1753385821.279016
1753385821.319711
1753385821.346796
1753385821.384062
1753385821.412648
1753385821.453026
1753385821.480292
1753385821.514613
1753385821.545303
1753385821.586030
1753385821.612311
1753385821.653146
1753385821.678593
1753385821.719659
1753385821.747741
1753385821.785574
1753385821.812448
1753385821.852666
1753385821.882630
1753385821.915965
1753385821.949131
1753385821.979751
1753385822.020424
1753385822.049419
1753385822.085324
1753385822.114180
1753385822.154495
1753385822.181886
1753385822.218570
1753385822.247873
1753385822.285935
1753385822.312871
1753385822.353868
1753385822.378529
1753385822.419932
1753385822.448749
1753385822.482962
1753385822.510064
1753385822.553824
1753385822.582710
1753385822.616825
1753385822.647119
1753385822.687796
1753385822.711767
1753385822.753404
1753385822.778272
1753385822.819392
1753385822.849382
1753385822.881108
1753385822.914816
1753385822.955303
1753385822.981442
1753385823.016157
1753385823.050258
1753385823.086919
1753385823.117221
1753385823.144371
1753385823.187237
1753385823.215290
1753385823.252209
1753385823.281264
1753385823.318134
1753385823.353160
1753385823.383918
1753385823.415217
1753385823.451818
1753385823.485795
1753385823.513520
1753385823.553058
1753385823.580692
1753385823.620841
1753385823.650513
1753385823.679816
1753385823.720395
1753385823.749749
1753385823.786539
1753385823.814399
1753385823.851451
1753385823.884887
1753385823.917753
1753385823.948649
1753385823.985048
1753385824.019542
1753385824.052360
1753385824.081099
1753385824.118330
1753385824.152388
1753385824.186167
1753385824.212961
1753385824.253529
1753385824.282930
1753385824.319514
1753385824.348670
1753385824.381863
1753385824.419892
1753385824.450384
1753385824.484901
1753385824.510235
1753385824.554866
1753385824.583234
1753385824.619602
1753385824.648088
1753385824.686488
1753385824.718559
1753385824.748098
1753385824.784980
1753385824.818557
1753385824.852218
1753385824.882539
1753385824.915148
1753385824.953058
1753385824.985288
1753385825.016241
1753385825.051093
1753385825.086586
1753385825.117882
1753385825.149177
1753385825.185198
1753385825.219766
1753385825.251588
1753385825.281665
1753385825.316071
1753385825.352806
1753385825.385701
1753385825.415148
1753385825.451575
1753385825.486614
1753385825.515432
1753385825.551730
1753385825.582673
1753385825.618894
1753385825.649361
1753385825.683681
1753385825.715633
1753385825.753233
1753385825.785066
1753385825.815845
1753385825.852210
1753385825.885761
1753385825.917918
1753385825.949842
1753385825.985930
1753385826.014477
1753385826.046917
1753385826.085808
1753385826.116430
1753385826.155008
1753385826.185325
1753385826.217402
1753385826.252203
1753385826.286756
1753385826.318754
1753385826.344950
1753385826.386726
1753385826.418717
1753385826.453658
1753385826.483694
1753385826.514471
1753385826.553554
1753385826.585292
1753385826.617204
1753385826.652657
1753385826.686360
1753385826.718031
1753385826.752309
1753385826.784562
1753385826.822628
1753385826.851677
1753385826.885415
1753385826.914503
1753385826.953516
1753385826.985869
1753385827.015160
1753385827.053312
1753385827.086649
1753385827.118869
1753385827.149184
1753385827.186193
1753385827.221089
1753385827.252362
1753385827.284638
1753385827.319229
1753385827.354452
1753385827.385704
1753385827.420754
1753385827.446006
1753385827.487236
1753385827.517253
1753385827.552930
1753385827.585894
1753385827.618007
1753385827.648620
1753385827.684385
1753385827.714642
1753385827.752181
1753385827.785276
1753385827.821513
1753385827.853294
1753385827.883916
1753385827.916597
1753385827.955709
1753385827.986722
1753385828.017126
1753385828.053127
1753385828.088254
1753385828.119972
1753385828.153317
1753385828.184850
1753385828.220161
1753385828.254126
1753385828.284589
1753385828.320133
1753385828.352760
1753385828.387736
1753385828.417989
1753385828.453063
1753385828.486330
1753385828.518156
1753385828.552960
1753385828.585792
1753385828.620926
1753385828.654580
1753385828.684077
1753385828.719857
1753385828.752806
1753385828.788829
1753385828.815806
1753385828.854599
1753385828.886785
1753385828.917390
1753385828.953516
1753385828.984475
1753385829.021044
1753385829.055376
1753385829.084695
1753385829.119809
1753385829.152158
1753385829.187358
1753385829.217095
1753385829.253209
1753385829.286282
1753385829.321850
1753385829.348104
1753385829.386957
1753385829.420440
1753385829.453172
1753385829.484289
1753385829.516231
1753385829.556741
1753385829.584026
1753385829.619281
1753385829.651594
1753385829.687291
1753385829.720831
1753385829.748971
1753385829.788350
1753385829.818770
1753385829.854206
1753385829.884762
1753385829.917585
1753385829.954075
1753385829.987730
1753385830.018455
1753385830.053342
1753385830.086451
1753385830.119866
1753385830.151368
1753385830.186887
1753385830.220494
1753385830.253893
1753385830.285397
1753385830.319591
1753385830.355622
1753385830.389869
1753385830.418277
1753385830.454202
1753385830.488119
1753385830.517854
1753385830.554161
1753385830.585565
1753385830.620973
1753385830.655200
1753385830.687284
1753385830.719361
1753385830.755389
1753385830.789936
1753385830.818698
1753385830.853704
1753385830.887952
1753385830.919346
1753385830.954129
1753385830.985499
1753385831.019163
1753385831.054575
1753385831.085423
1753385831.118988
1753385831.154057
1753385831.187858
1753385831.217559
1753385831.253185
1753385831.288804
1753385831.320897
1753385831.352131
1753385831.386512
1753385831.418739
1753385831.454035
1753385831.485238
1753385831.517308
1753385831.556519
1753385831.586140
1753385831.618154
1753385831.653367
1753385831.686619
1753385831.721256
1753385831.750977
1753385831.787181
1753385831.820974
1753385831.855037
1753385831.881672
1753385831.918297
1753385831.954600
1753385831.987987
1753385832.018173
1753385832.056611
1753385832.086673
1753385832.120124
1753385832.152154
1753385832.185430
1753385832.223589
1753385832.253775
1753385832.286098
1753385832.319503
1753385832.354533
1753385832.386499
1753385832.420084
1753385832.453248
1753385832.488777
1753385832.520704
1753385832.554158
1753385832.586589
1753385832.622013
1753385832.656914
1753385832.686099
1753385832.721085
1753385832.755781
1753385832.787097
1753385832.821131
1753385832.853744
1753385832.889056
1753385832.920630
1753385832.955461
1753385832.985597
1753385833.022372
1753385833.053455
1753385833.087510
1753385833.120248
1753385833.154882
1753385833.190068
1753385833.217817
1753385833.253624
1753385833.288893
1753385833.323942
1753385833.351945
1753385833.387730
1753385833.422743
1753385833.453657
1753385833.484165
1753385833.521168
1753385833.555804
1753385833.589881
1753385833.615772
1753385833.655456
1753385833.687127
1753385833.721493
1753385833.752584
1753385833.787173
1753385833.821107
1753385833.855763
1753385833.882413
1753385833.920155
1753385833.956079
1753385833.986965
1753385834.019364
1753385834.053668
1753385834.088027
1753385834.122979
1753385834.151710
1753385834.188051
1753385834.222977
1753385834.253651
1753385834.286424
1753385834.321110
1753385834.355671
1753385834.387532
1753385834.419507
1753385834.455733
1753385834.490462
1753385834.516270
1753385834.557055
1753385834.586380
1753385834.622396
1753385834.657047
1753385834.685887
1753385834.722073
1753385834.756772
1753385834.791993
1753385834.816361
1753385834.856989
1753385834.889125
1753385834.921081
1753385834.952827
1753385834.989229
1753385835.023433
1753385835.056281
1753385835.084689
1753385835.121553
1753385835.156172
1753385835.190900
1753385835.217176
1753385835.257260
1753385835.287584
1753385835.322917
1753385835.352201
1753385835.391741
1753385835.421012
1753385835.456546
1753385835.486357
1753385835.519129
1753385835.560138
1753385835.586658
1753385835.622011
1753385835.655415
1753385835.690220
1753385835.721827
1753385835.757811
1753385835.783348
1753385835.823880
1753385835.855040
1753385835.890026
1753385835.919417
1753385835.955793
1753385835.988604
1753385836.023886
1753385836.059113
1753385836.082944
1753385836.118973
1753385836.157155
1753385836.188541
1753385836.223853
1753385836.253160
1753385836.291416
1753385836.325202
1753385836.353454
1753385836.389923
1753385836.422800
1753385836.455520
1753385836.489782
1753385836.518522
1753385836.558664
1753385836.588982
1753385836.622622
1753385836.654973
1753385836.691792
1753385836.725869
1753385836.753620
1753385836.791745
1753385836.822281
1753385836.855007
1753385836.890947
1753385836.918206
1753385836.954699
1753385836.987152
1753385837.020077
1753385837.057047
1753385837.091078
1753385837.124631
1753385837.151928
1753385837.193710
1753385837.221049
1753385837.259902
1753385837.286968
1753385837.324211
1753385837.359374
1753385837.389417
1753385837.420757
1753385837.456341
1753385837.491560
1753385837.523210
1753385837.553241
1753385837.593406
1753385837.620875
1753385837.657824
1753385837.687023
1753385837.723566
1753385837.761117
1753385837.788395
1753385837.821223
1753385837.857272
1753385837.892093
1753385837.922186
1753385837.954710
1753385837.989797
1753385838.024175
1753385838.060274
1753385838.086655
1753385838.123300
1753385838.158110
1753385838.189280
1753385838.224364
1753385838.252078
1753385838.292640
1753385838.323646
1753385838.356241
1753385838.389490
1753385838.427734
1753385838.455098
1753385838.489844
1753385838.519272
1753385838.557068
1753385838.593461
1753385838.620962
1753385838.656825
1753385838.688838
1753385838.719687
1753385838.753950
1753385838.795682
1753385838.820782
1753385838.862736
1753385838.887228
1753385838.926508
1753385838.955449
1753385838.997490
1753385839.018553
1753385839.061080
1753385839.087919
1753385839.125317
1753385839.153397
1753385839.189543
1753385839.230069
1753385839.254305
1753385839.287847
1753385839.323155
1753385839.358857
1753385839.389524
1753385839.421186
1753385839.456127
1753385839.491672
1753385839.523547
1753385839.555550
1753385839.589774
1753385839.626973
1753385839.655592
1753385839.687549
1753385839.723839
1753385839.760264
1753385839.789649
1753385839.824739
1753385839.856195
1753385839.897304
1753385839.920242
1753385839.957425
1753385839.989906
1753385840.027187
1753385840.055100
1753385840.089587
1753385840.122311
1753385840.161629
1753385840.188826
1753385840.223410
1753385840.256108
1753385840.294029
1753385840.321987
1753385840.357380
1753385840.389236
1753385840.430582
1753385840.451959
1753385840.495594
1753385840.519321
1753385840.560594
1753385840.588630
1753385840.625292
1753385840.654772
1753385840.693039
1753385840.726257
1753385840.754974
1753385840.794961
1753385840.822159
1753385840.861022
1753385840.887807
1753385840.927475
1753385840.955399
1753385840.993037
1753385841.022293
1753385841.057607
1753385841.097823
1753385841.120984
1753385841.160290
1753385841.187731
1753385841.224660
1753385841.258024
1753385841.288255
1753385841.322458
1753385841.360652
1753385841.389129
1753385841.424848
1753385841.458589
1753385841.490544
1753385841.523850
1753385841.558659
1753385841.592085
1753385841.623515
1753385841.665361
1753385841.686846
1753385841.725484
1753385841.760332
1753385841.789427
1753385841.824994
1753385841.858513
1753385841.892734
1753385841.926521
1753385841.955105
1753385841.992914
1753385842.025070
1753385842.059214
1753385842.088646
1753385842.126562
1753385842.155897
1753385842.199038
1753385842.220919
1753385842.260548
1753385842.289540
1753385842.330275
1753385842.355096
1753385842.393254
1753385842.428672
1753385842.455945
1753385842.494723
1753385842.520800
1753385842.559735
1753385842.590425
1753385842.630388
1753385842.654553
1753385842.694564
1753385842.722387
1753385842.764601
1753385842.787375
1753385842.833181
1753385842.854598
1753385842.895461
1753385842.921192
1753385842.960467
1753385842.989105
1753385843.025551
1753385843.056694
1753385843.098424
1753385843.121469
1753385843.158631
1753385843.193619
1753385843.226410
1753385843.258515
1753385843.289793
1753385843.331101
1753385843.355267
1753385843.395715
1753385843.421714
1753385843.461780
1753385843.489487
1753385843.528405
1753385843.555221
1753385843.593398
1753385843.627056
1753385843.661787
1753385843.688452
1753385843.726816
1753385843.761443
1753385843.789896
1753385843.828755
1753385843.855155
1753385843.899241
1753385843.921584
1753385843.961464
1753385843.988030
1753385844.029731
1753385844.056218
1753385844.099413
1753385844.121375
1753385844.165034
1753385844.188721
1753385844.228766
1753385844.262053
1753385844.290085
1753385844.329357
1753385844.357187
1753385844.399449
1753385844.421744
1753385844.463262
1753385844.490074
1753385844.530081
1753385844.555264
1753385844.595008
1753385844.623190
1753385844.664771
1753385844.688916
1753385844.731242
1753385844.756842
1753385844.799250
1753385844.821818
1753385844.861870
1753385844.890409
1753385844.934088
1753385844.955518
1753385844.997445
1753385845.024515
1753385845.066574
1753385845.088512
1753385845.131783
1753385845.155926
1753385845.198440
1753385845.221866
1753385845.261850
1753385845.293094
1753385845.334468
1753385845.354934
1753385845.395419
1753385845.427217
1753385845.461512
1753385845.489006
1753385845.528565
1753385845.556837
1753385845.598431
1753385845.621853
1753385845.662356
1753385845.691510
1753385845.734052
1753385845.755406
1753385845.798914
1753385845.822417
1753385845.864947
1753385845.888611
1753385845.934833
1753385845.955490
1753385845.999548
1753385846.022176
1753385846.065400
1753385846.089138
1753385846.132455
1753385846.155239
1753385846.190604
1753385846.225204
1753385846.268109
1753385846.288851
1753385846.332316
1753385846.358435
1753385846.401077
1753385846.422232
1753385846.466139
1753385846.490074
1753385846.530850
1753385846.555887
1753385846.598159
1753385846.622782
1753385846.665249
1753385846.689140
1753385846.732892
1753385846.756231
1753385846.798983
1753385846.822662
1753385846.866042
1753385846.891204
1753385846.934612
1753385846.956244
1753385846.998997
1753385847.024476
1753385847.068685
1753385847.089694
1753385847.132321
1753385847.156151
1753385847.198946
1753385847.222586
1753385847.262711
1753385847.297698
1753385847.324768
1753385847.366771
1753385847.389604
1753385847.435818
1753385847.456180
1753385847.495188
1753385847.522936
1753385847.565128
1753385847.592502
1753385847.629610
1753385847.656312
1753385847.702691
1753385847.722940
1753385847.766097
1753385847.789561
1753385847.831678
1753385847.858774
1753385847.898135
1753385847.921888
1753385847.964980
1753385847.992632
1753385848.032461
1753385848.056565
1753385848.102798
1753385848.123345
1753385848.166751
1753385848.190110
1753385848.234681
1753385848.256869
1753385848.302088
1753385848.323683
1753385848.366031
1753385848.392048
1753385848.435075
1753385848.457266
1753385848.496889
1753385848.530279
1753385848.557388
1753385848.599103
1753385848.627260
1753385848.658392
1753385848.701787
1753385848.724146
1753385848.766123
1753385848.795328
1753385848.828563
1753385848.860844
1753385848.902122
1753385848.923743
1753385848.966316
1753385848.991075
1753385849.033898
1753385849.059177
1753385849.098993
1753385849.124072
1753385849.167375
1753385849.191477
1753385849.233461
1753385849.257499
1753385849.299930
1753385849.325048
1753385849.361134
1753385849.394741
1753385849.435584
1753385849.457494
1753385849.495840
1753385849.525204
1753385849.568451
1753385849.590887
1753385849.632600
1753385849.655971
1753385849.693941
1753385849.724430
1753385849.766625
1753385849.791364
1753385849.833528
1753385849.860797
1753385849.899345
1753385849.924010
1753385849.964063
1753385850.001156
1753385850.024915
1753385850.066424
1753385850.095357
1753385850.135776
1753385850.158616
1753385850.201696
1753385850.225696
1753385850.268290
1753385850.291860
1753385850.334430
1753385850.360842
1753385850.401352
1753385850.424082
1753385850.467858
1753385850.494098
1753385850.531037
1753385850.558862
1753385850.601220
1753385850.624216
1753385850.667441
1753385850.691658
1753385850.734860
1753385850.760519
1753385850.802655
1753385850.825808
1753385850.868689
1753385850.892319
1753385850.934336
1753385850.959396
1753385851.001994
1753385851.026383
1753385851.069042
1753385851.091447
1753385851.136711
1753385851.158514
1753385851.201220
1753385851.225407
1753385851.268442
1753385851.292266
1753385851.334526
1753385851.357962
1753385851.396926
1753385851.434245
1753385851.463509
1753385851.492641
1753385851.529703
1753385851.567439
1753385851.596790
1753385851.625602
1753385851.669704
1753385851.692325
1753385851.735364
1753385851.758212
1753385851.801886
1753385851.825789
1753385851.866883
1753385851.893536
1753385851.934530
1753385851.964108
1753385852.001361
1753385852.026464
1753385852.065126
1753385852.101423
1753385852.131633
1753385852.160466
1753385852.202183
1753385852.227624
1753385852.269875
1753385852.291734
1753385852.336373
1753385852.359798
1753385852.402845
1753385852.435504
1753385852.458446
1753385852.497761
1753385852.532669
1753385852.565229
1753385852.600482
1753385852.626354
1753385852.668585
1753385852.694995
1753385852.736251
1753385852.761478
1753385852.802456
1753385852.830195
1753385852.870262
1753385852.894695
1753385852.935941
1753385852.963993
1753385853.004256
1753385853.027765
1753385853.069341
1753385853.097528
1753385853.136004
1753385853.161691
1753385853.202909
1753385853.228549
1753385853.270363
1753385853.292579
1753385853.335147
1753385853.363620
1753385853.403278
1753385853.425503
1753385853.468745
1753385853.493732
1753385853.535146
1753385853.560005
1753385853.601864
1753385853.627476
1753385853.669650
1753385853.692479
1753385853.736776
1753385853.761825
1753385853.803634
1753385853.827259
1753385853.868970
1753385853.897875
1753385853.934741
1753385853.962308
1753385854.002818
1753385854.028381
1753385854.070520
1753385854.092947
1753385854.136786
1753385854.161967
1753385854.202748
1753385854.228402
1753385854.269458
1753385854.299116
1753385854.335778
1753385854.362587
1753385854.399001
1753385854.435306
1753385854.466147
1753385854.494824
1753385854.535696
1753385854.566565
1753385854.602632
1753385854.627382
1753385854.668829
1753385854.699116
1753385854.734042
1753385854.762561
1753385854.803186
1753385854.829513
1753385854.870132
1753385854.896900
1753385854.934824
1753385854.968963
1753385855.000369
1753385855.033883
1753385855.063480
1753385855.103783
1753385855.132262
1753385855.166376
1753385855.196052
1753385855.237531
1753385855.263630
1753385855.302095
1753385855.329578
1753385855.369611
1753385855.399360
1753385855.430229
1753385855.469361
1753385855.495220
1753385855.534863
1753385855.562949
1753385855.603123
1753385855.628418
1753385855.670059
1753385855.694685
1753385855.737693
1753385855.763796
1753385855.804576
1753385855.826882
1753385855.869941
1753385855.897563
1753385855.936230
1753385855.964344
1753385856.000964
1753385856.035968
1753385856.066089
1753385856.098384
1753385856.133763
1753385856.169448
1753385856.200788
1753385856.227102
1753385856.263618
1753385856.294755
1753385856.336850
1753385856.364139
1753385856.401158
1753385856.436177
1753385856.468049
1753385856.495792
1753385856.535481
1753385856.563387
1753385856.603932
1753385856.629104
1753385856.669984
1753385856.700059
1753385856.736477
1753385856.764757
1753385856.801875
1753385856.836696
1753385856.865996
1753385856.902706
1753385856.931346
1753385856.970090
1753385857.000394
1753385857.036582
1753385857.065237
1753385857.103680
1753385857.131035
1753385857.170897
1753385857.196315
1753385857.237470
1753385857.266822
1753385857.298021
1753385857.334348
1753385857.370324
1753385857.396285
1753385857.436874
1753385857.463491
1753385857.500770
1753385857.535866
1753385857.564763
1753385857.602086
1753385857.632052
1753385857.670829
1753385857.694753
1753385857.736782
1753385857.765809
1753385857.803863
1753385857.828841
1753385857.870341
1753385857.901051
1753385857.936054
1753385857.964373
1753385858.002512
1753385858.035283
1753385858.069210
1753385858.098534
1753385858.135822
1753385858.169242
1753385858.202405
1753385858.232342
1753385858.268478
1753385858.302632
1753385858.336253
1753385858.366343
1753385858.402677
1753385858.436731
1753385858.468629
1753385858.496639
1753385858.536824
1753385858.566598
1753385858.603536
1753385858.631707
1753385858.668874
1753385858.703140
1753385858.737135
1753385858.765548
1753385858.802839
1753385858.836742
1753385858.867077
1753385858.903128
1753385858.932531
1753385858.971182
1753385859.002490
1753385859.034531
1753385859.067957
1753385859.103207
1753385859.135455
1753385859.166917
1753385859.202768
1753385859.237047
1753385859.268473
1753385859.297075
1753385859.337615
1753385859.368550
1753385859.403900
1753385859.430463
1753385859.470739
1753385859.497292
1753385859.536027
1753385859.566890
1753385859.603031
1753385859.633381
1753385859.672061
1753385859.695705
1753385859.736903
1753385859.768392
1753385859.803934
1753385859.832407
1753385859.868945
1753385859.904097
1753385859.935152
1753385859.966947
1753385860.002898
1753385860.037710
1753385860.069031
1753385860.100751
1753385860.135808
1753385860.170929
1753385860.200535
1753385860.236690
1753385860.266266
1753385860.305407
1753385860.335992
1753385860.368111
1753385860.396973
1753385860.437921
1753385860.469111
1753385860.498618
1753385860.536274
1753385860.570601
1753385860.598372
1753385860.635025
1753385860.663523
1753385860.699335
1753385860.730612
1753385860.769613
1753385860.796028
1753385860.836761
1753385860.868565
1753385860.903624
1753385860.936312
1753385860.966324
1753385861.003703
1753385861.035992
1753385861.070857
1753385861.099645
1753385861.137013
1753385861.169048
1753385861.204552
1753385861.230404
1753385861.271420
1753385861.301230
1753385861.339019
1753385861.362150
1753385861.405578
1753385861.436078
1753385861.471373
1753385861.496870
1753385861.537163
1753385861.570867
1753385861.603056
1753385861.630678
1753385861.671521
1753385861.703523
1753385861.736474
1753385861.768785
1753385861.802454
1753385861.838152
1753385861.869298
1753385861.903896
1753385861.934770
1753385861.970392
1753385862.002379
1753385862.034957
1753385862.069869
1753385862.105040
1753385862.134775
1753385862.169864
1753385862.201163
1753385862.237423
1753385862.270222
1753385862.301626
1753385862.336771
1753385862.369768
1753385862.402585
1753385862.437071
1753385862.468920
1753385862.500674
1753385862.536654
1753385862.570447
1753385862.599251
1753385862.636711
1753385862.671036
1753385862.701709
1753385862.736892
1753385862.768957
1753385862.804703
1753385862.835617
1753385862.870287
1753385862.903649
1753385862.938116
1753385862.971181
1753385862.998880
1753385863.038369
1753385863.071052
1753385863.104377
1753385863.135552
1753385863.170732
1753385863.204167
1753385863.235136
1753385863.269971
1753385863.302704
1753385863.337799
1753385863.368967
1753385863.397877
1753385863.437460
1753385863.470476
1753385863.497436
1753385863.535791
1753385863.571629
1753385863.604626
1753385863.631170
1753385863.671846
1753385863.703177
1753385863.739096
1753385863.765388
1753385863.804330
1753385863.837520
1753385863.871848
1753385863.899854
1753385863.936534
1753385863.970046
1753385864.004672
1753385864.035509
1753385864.070261
1753385864.103484
1753385864.136173
1753385864.168633
1753385864.203561
1753385864.237938
1753385864.271136
1753385864.302688
1753385864.335448
1753385864.370762
1753385864.404631
1753385864.435909
1753385864.470974
1753385864.501653
1753385864.536990
1753385864.570140
1753385864.603494
1753385864.634072
1753385864.673191
1753385864.702493
1753385864.737618
1753385864.771686
1753385864.806223
1753385864.834464
1753385864.871306
1753385864.905503
1753385864.939767
1753385864.968496
1753385865.003872
1753385865.038149
1753385865.071819
1753385865.102657
1753385865.136652
1753385865.171416
1753385865.206357
1753385865.235045
1753385865.272678
1753385865.305386
1753385865.339679
1753385865.369445
1753385865.400997
1753385865.437286
1753385865.472293
1753385865.498213
1753385865.539051
1753385865.570068
1753385865.604951
1753385865.634099
1753385865.670972
1753385865.705031
1753385865.740652
1753385865.767838
1753385865.804034
1753385865.836747
1753385865.870980
1753385865.903252
1753385865.938146
1753385865.973045
1753385866.003903
1753385866.037921
1753385866.069660
1753385866.105165
1753385866.139805
1753385866.169557
1753385866.203460
1753385866.237792
1753385866.272136
1753385866.301213
1753385866.336349
1753385866.366207
1753385866.404631
1753385866.436447
1753385866.470842
1753385866.501938
1753385866.539735
1753385866.569292
1753385866.605487
1753385866.637961
1753385866.674215
1753385866.702961
1753385866.739301
1753385866.774259
1753385866.803354
1753385866.837269
1753385866.871330
1753385866.906729
1753385866.937008
1753385866.968851
1753385867.005220
1753385867.037030
1753385867.069817
1753385867.104888
1753385867.137178
1753385867.172102
1753385867.205205
1753385867.237566
1753385867.270965
1753385867.304452
1753385867.339812
1753385867.369624
1753385867.404629
1753385867.439598
1753385867.472068
1753385867.499663
1753385867.535835
1753385867.572379
1753385867.606570
1753385867.636136
1753385867.671131
1753385867.705485
1753385867.739667
1753385867.769353
1753385867.804451
1753385867.838077
1753385867.872264
1753385867.904224
1753385867.937551
1753385867.972577
1753385868.003801
1753385868.039088
1753385868.070027
1753385868.102981
1753385868.141965
1753385868.169915
1753385868.204693
1753385868.239823
1753385868.272799
1753385868.303749
1753385868.339165
1753385868.374820
1753385868.404750
1753385868.438894
1753385868.471017
1753385868.501837
1753385868.537448
1753385868.572509
1753385868.605090
1753385868.639083
1753385868.671605
1753385868.707369
1753385868.736409
1753385868.773586
1753385868.808464
1753385868.837760
1753385868.872311
1753385868.907618
1753385868.937016
1753385868.971164
1753385869.005035
1753385869.040382
1753385869.072615
1753385869.108000
1753385869.133405
1753385869.176453
1753385869.203695
1753385869.240542
1753385869.273660
1753385869.303637
1753385869.340290
1753385869.371206
1753385869.408563
1753385869.435276
1753385869.471249
1753385869.503956
1753385869.540145
1753385869.570580
1753385869.606210
1753385869.636141
1753385869.672797
1753385869.703648
1753385869.740054
1753385869.774651
1753385869.805683
1753385869.839883
1753385869.870433
1753385869.908422
1753385869.936237
1753385869.970941
1753385870.005338
1753385870.040358
1753385870.073171
1753385870.101220
1753385870.138458
1753385870.174250
1753385870.201132
1753385870.234060
1753385870.269984
1753385870.309167
1753385870.337058
1753385870.370543
1753385870.405794
1753385870.444920
1753385870.470540
1753385870.499974
1753385870.540229
1753385870.574835
1753385870.607801
1753385870.636426
1753385870.671987
1753385870.708564
1753385870.738196
1753385870.774611
1753385870.799927
1753385870.839251
1753385870.869771
1753385870.901283
1753385870.941212
1753385870.971391
1753385871.008210
1753385871.036668
1753385871.077792
1753385871.103914
1753385871.142589
1753385871.170665
1753385871.207752
1753385871.238552
1753385871.274842
1753385871.303876
1753385871.339080
1753385871.375226
1753385871.404969
1753385871.439425
1753385871.471191
1753385871.507439
1753385871.539526
1753385871.570755
1753385871.605670
1753385871.642446
1753385871.669521
1753385871.703482
1753385871.738728
1753385871.771610
1753385871.807647
1753385871.835152
1753385871.875925
1753385871.904501
1753385871.940533
1753385871.968101
1753385872.010786
1753385872.033546
1753385872.078970
1753385872.101251
1753385872.141882
1753385872.171306
1753385872.207817
1753385872.234584
1753385872.274166
1753385872.303258
1753385872.340827
1753385872.367903
1753385872.402484
1753385872.443484
1753385872.469886
1753385872.501279
1753385872.539984
1753385872.571963
1753385872.606820
1753385872.634759
1753385872.672062
1753385872.707250
1753385872.739257
1753385872.768352
1753385872.808366
1753385872.838010
1753385872.874306
1753385872.901457
1753385872.937916
1753385872.974648
1753385873.004487
1753385873.035209
1753385873.071727
1753385873.107170
1753385873.140011
1753385873.168309
1753385873.208320
1753385873.238225
1753385873.274516
1753385873.301714
1753385873.337661
1753385873.374666
1753385873.407846
1753385873.434931
1753385873.475780
1753385873.502013
1753385873.544847
1753385873.568438
1753385873.609022
1753385873.636939
1753385873.679083
1753385873.701800
1753385873.738927
1753385873.775379
1753385873.805595
1753385873.835653
1753385873.873159
1753385873.906015
1753385873.943036
1753385873.968767
1753385874.010228
1753385874.039082
1753385874.076230
1753385874.102118
1753385874.138753
1753385874.179832
1753385874.204598
1753385874.238781
1753385874.273996
1753385874.306480
1753385874.343847
1753385874.369365
1753385874.407752
1753385874.445826
1753385874.471413
1753385874.502172
1753385874.541766
1753385874.572847
1753385874.609974
1753385874.635774
1753385874.678498
1753385874.704536
1753385874.742278
1753385874.769099
1753385874.808572
1753385874.838686
1753385874.875382
1753385874.902678
1753385874.939792
1753385874.976986
1753385875.005167
1753385875.036241
1753385875.076906
1753385875.107624
1753385875.143312
1753385875.169187
1753385875.211101
1753385875.238269
1753385875.276232
1753385875.302700
1753385875.343303
1753385875.372808
1753385875.414869
1753385875.436575
1753385875.472369
1753385875.503587
1753385875.542887
1753385875.570050
1753385875.615991
1753385875.638129
1753385875.681818
1753385875.703237
1753385875.740306
1753385875.778045
1753385875.805421
1753385875.839054
1753385875.874205
1753385875.913099
1753385875.937079
1753385875.978671
1753385876.004689
1753385876.049544
1753385876.071617
1753385876.105053
1753385876.142363
1753385876.178781
1753385876.205875
1753385876.240537
1753385876.276785
1753385876.312524
1753385876.339458
1753385876.374141
1753385876.407716
1753385876.438429
1753385876.474010
1753385876.502968
1753385876.549532
1753385876.571737
1753385876.610902
1753385876.638469
1753385876.680901
1753385876.705347
1753385876.747914
1753385876.770812
1753385876.809856
1753385876.843224
1753385876.879190
1753385876.904407
1753385876.940116
1753385876.981581
1753385877.005527
1753385877.041472
1753385877.076920
1753385877.111939
1753385877.139614
1753385877.173968
1753385877.209667
1753385877.244719
1753385877.273174
1753385877.314906
1753385877.337821
