1753387754.385630
1753387754.485645
1753387754.518097
1753387754.552349
1753387754.586815
1753387754.618959
1753387754.652555
1753387754.686279
1753387754.718455
1753387754.764971
1753387754.831491
1753387754.862213
1753387754.896054
1753387754.927781
1753387754.961532
1753387754.994765
1753387755.030941
1753387755.063937
1753387755.096709
1753387755.131463
1753387755.167744
1753387755.198494
1753387755.234783
1753387755.265313
1753387755.300949
1753387755.330839
1753387755.367391
1753387755.399687
1753387755.434020
1753387755.465282
1753387755.497584
1753387755.526288
1753387755.564223
1753387755.598526
1753387755.632076
1753387755.666035
1753387755.700753
1753387755.731981
1753387755.768244
1753387755.797769
1753387755.833868
1753387755.866090
1753387755.889354
1753387755.919882
1753387755.954173
1753387755.998050
1753387756.019725
1753387756.052772
1753387756.093141
1753387756.120156
1753387756.162609
1753387756.186027
1753387756.223823
1753387756.254442
1753387756.289944
1753387756.319375
1753387756.353212
1753387756.395858
1753387756.421408
1753387756.452655
1753387756.494333
1753387756.518776
1753387756.557712
1753387756.585371
1753387756.625458
1753387756.653350
1753387756.696130
1753387756.719604
1753387756.761562
1753387756.787474
1753387756.830647
1753387756.853121
1753387756.891940
1753387756.921910
1753387756.958704
1753387756.986627
1753387757.024267
1753387757.057986
1753387757.093027
1753387757.119869
1753387757.160102
1753387757.193605
1753387757.226584
1753387757.253431
1753387757.295684
1753387757.322733
1753387757.365050
1753387757.386688
1753387757.430048
1753387757.454699
1753387757.495367
1753387757.519276
1753387757.562578
1753387757.589014
1753387757.631298
1753387757.653630
1753387757.694621
1753387757.724231
1753387757.756961
1753387757.787156
1753387757.830020
1753387757.855714
1753387757.894553
1753387757.921055
1753387757.963995
1753387757.988998
1753387758.031623
1753387758.053980
1753387758.096955
1753387758.122454
1753387758.165868
1753387758.187351
1753387758.233048
1753387758.255399
1753387758.298322
1753387758.320661
1753387758.364857
1753387758.389071
1753387758.430742
1753387758.454062
1753387758.496330
1753387758.520877
1753387758.564768
1753387758.587295
1753387758.629690
1753387758.656724
1753387758.698170
1753387758.720694
1753387758.763967
1753387758.789804
1753387758.831671
1753387758.854085
1753387758.898749
1753387758.922681
1753387758.964726
1753387758.987510
1753387759.030671
1753387759.056247
1753387759.094103
1753387759.121223
1753387759.164000
1753387759.190608
1753387759.231786
1753387759.254378
1753387759.295712
1753387759.327266
1753387759.363721
1753387759.387849
1753387759.431050
1753387759.457010
1753387759.495063
1753387759.520191
1753387759.564188
1753387759.589774
1753387759.628924
1753387759.654799
1753387759.695961
1753387759.724967
1753387759.765523
1753387759.787842
1753387759.831177
1753387759.857410
1753387759.898073
1753387759.921458
1753387759.964461
1753387759.990690
1753387760.032178
1753387760.054721
1753387760.092895
1753387760.130243
1753387760.161308
1753387760.190916
1753387760.231365
1753387760.258261
1753387760.299604
1753387760.322587
1753387760.364544
1753387760.391177
1753387760.432029
1753387760.454892
1753387760.496301
1753387760.521766
1753387760.565040
1753387760.588277
1753387760.628163
1753387760.662724
1753387760.695212
1753387760.722297
1753387760.764573
1753387760.791661
1753387760.832280
1753387760.855030
1753387760.894407
1753387760.928604
1753387760.960901
1753387760.988305
1753387761.030377
1753387761.058891
1753387761.099089
1753387761.121938
1753387761.164316
1753387761.192321
1753387761.232076
1753387761.255165
1753387761.297638
1753387761.324645
1753387761.365672
1753387761.388677
1753387761.429270
1753387761.459475
1753387761.498405
1753387761.522229
1753387761.564715
1753387761.592239
1753387761.632385
1753387761.655527
1753387761.698405
1753387761.721646
1753387761.759952
1753387761.789067
1753387761.831182
1753387761.860445
1753387761.900321
1753387761.922560
1753387761.964634
1753387761.989327
1753387762.023789
1753387762.057012
1753387762.098729
1753387762.127710
1753387762.166638
1753387762.189200
1753387762.231810
1753387762.261541
1753387762.299420
1753387762.322667
1753387762.365467
1753387762.395513
1753387762.431696
1753387762.456835
1753387762.498356
1753387762.523768
1753387762.565470
1753387762.589611
1753387762.632798
1753387762.661527
1753387762.694307
1753387762.721781
1753387762.758759
1753387762.795345
1753387762.826794
1753387762.856889
1753387762.894362
1753387762.923748
1753387762.960915
1753387762.989527
1753387763.025113
1753387763.063921
1753387763.093908
1753387763.126555
1753387763.162806
1753387763.198035
1753387763.229706
1753387763.256427
1753387763.299126
1753387763.326698
1753387763.365293
1753387763.389905
1753387763.430693
1753387763.461333
1753387763.498564
1753387763.523553
1753387763.566653
1753387763.593474
1753387763.631645
1753387763.657066
1753387763.699415
1753387763.729618
1753387763.765387
1753387763.794349
1753387763.830916
1753387763.865061
1753387763.898771
1753387763.927723
1753387763.964785
1753387763.998284
1753387764.031461
1753387764.060778
1753387764.097838
1753387764.132009
1753387764.164451
1753387764.194423
1753387764.228815
1753387764.266432
1753387764.297524
1753387764.332836
1753387764.357182
1753387764.402114
1753387764.428328
1753387764.467553
1753387764.494159
1753387764.530961
1753387764.562426
1753387764.597495
1753387764.633084
1753387764.660356
1753387764.696984
1753387764.732640
1753387764.763878
1753387764.790838
1753387764.832488
1753387764.863193
1753387764.897216
1753387764.928063
1753387764.961579
1753387764.999684
1753387765.030556
1753387765.061692
1753387765.098608
1753387765.130479
1753387765.166218
1753387765.195449
1753387765.231245
1753387765.266083
1753387765.293806
1753387765.331541
1753387765.362229
1753387765.400425
1753387765.431243
1753387765.462054
1753387765.498036
1753387765.529161
1753387765.562942
1753387765.597907
1753387765.630552
1753387765.666112
1753387765.698132
1753387765.728918
1753387765.760571
1753387765.800859
1753387765.830888
1753387765.862204
1753387765.899014
1753387765.930438
1753387765.965446
1753387765.993777
1753387766.031961
1753387766.066899
1753387766.097691
1753387766.129008
1753387766.165457
1753387766.197551
1753387766.232672
1753387766.262751
1753387766.297585
1753387766.332891
1753387766.363673
1753387766.396258
1753387766.429594
1753387766.465598
1753387766.497099
1753387766.525274
1753387766.565434
1753387766.598651
1753387766.630580
1753387766.663278
1753387766.697208
1753387766.732614
1753387766.764960
1753387766.795020
1753387766.832577
1753387766.864034
1753387766.899923
1753387766.927187
1753387766.964158
1753387766.999373
1753387767.031731
1753387767.063372
1753387767.098971
1753387767.131363
1753387767.165603
1753387767.196993
1753387767.232375
1753387767.265086
1753387767.299678
1753387767.330029
1753387767.365094
1753387767.399821
1753387767.432476
1753387767.463757
1753387767.498258
1753387767.532334
1753387767.566599
1753387767.595241
1753387767.634853
1753387767.664806
1753387767.699988
1753387767.730335
1753387767.765452
1753387767.800283
1753387767.831857
1753387767.864048
1753387767.898488
1753387767.931251
1753387767.966052
1753387767.996334
1753387768.032447
1753387768.067406
1753387768.100881
1753387768.130220
1753387768.162606
1753387768.199826
1753387768.232748
1753387768.266321
1753387768.297534
1753387768.333170
1753387768.366507
1753387768.397006
1753387768.431375
1753387768.465519
1753387768.498401
1753387768.532227
1753387768.563863
1753387768.599620
1753387768.632706
1753387768.664604
1753387768.699128
1753387768.732393
1753387768.766001
1753387768.796079
1753387768.832843
1753387768.865343
1753387768.901023
1753387768.926632
1753387768.966422
1753387768.998660
1753387769.032442
1753387769.064325
1753387769.097747
1753387769.132754
1753387769.166866
1753387769.197751
1753387769.232927
1753387769.265368
1753387769.300558
1753387769.331096
1753387769.366008
1753387769.400695
1753387769.434476
1753387769.463130
1753387769.498387
1753387769.532511
1753387769.567820
1753387769.593382
1753387769.632441
1753387769.668135
1753387769.698602
1753387769.730983
1753387769.766601
1753387769.800335
1753387769.835126
1753387769.864445
1753387769.901223
1753387769.933195
1753387769.967750
1753387769.996078
1753387770.032863
1753387770.066387
1753387770.100525
1753387770.131529
1753387770.166286
1753387770.199395
1753387770.233804
1753387770.267640
1753387770.297113
1753387770.333625
1753387770.368591
1753387770.397735
1753387770.432563
1753387770.467286
1753387770.498206
1753387770.532834
1753387770.565135
1753387770.598828
1753387770.636026
1753387770.665555
1753387770.699515
1753387770.734471
1753387770.765692
1753387770.799432
1753387770.831255
1753387770.866955
1753387770.901255
1753387770.931239
1753387770.966666
1753387771.000765
1753387771.032575
1753387771.066565
1753387771.098200
1753387771.133765
1753387771.164551
1753387771.200283
1753387771.227518
1753387771.268058
1753387771.298977
1753387771.331146
1753387771.364447
1753387771.399502
1753387771.434069
1753387771.460377
1753387771.497114
1753387771.534272
1753387771.564679
1753387771.593861
1753387771.633317
1753387771.666746
1753387771.698377
1753387771.727134
1753387771.766306
1753387771.798018
1753387771.834041
1753387771.860446
1753387771.899798
1753387771.931405
1753387771.966729
1753387771.993823
1753387772.033981
1753387772.060420
1753387772.095577
1753387772.127707
1753387772.168322
1753387772.198839
1753387772.234064
1753387772.260914
1753387772.300897
1753387772.332609
1753387772.365891
1753387772.394333
1753387772.434791
1753387772.465468
1753387772.498612
1753387772.530285
1753387772.566143
1753387772.600583
1753387772.634920
1753387772.665787
1753387772.695193
1753387772.732800
1753387772.766815
1753387772.801245
1753387772.834418
1753387772.861384
1753387772.901979
1753387772.931264
1753387772.967077
1753387772.995220
1753387773.035439
1753387773.066276
1753387773.100490
1753387773.128161
1753387773.167773
1753387773.199931
1753387773.234430
1753387773.261455
1753387773.301150
1753387773.335886
1753387773.367018
1753387773.396112
1753387773.435886
1753387773.467168
1753387773.499604
1753387773.531129
1753387773.567936
1753387773.600001
1753387773.633709
1753387773.664714
1753387773.700627
1753387773.735396
1753387773.766790
1753387773.796669
1753387773.836521
1753387773.864351
1753387773.900729
1753387773.930985
1753387773.969848
1753387773.998693
1753387774.033115
1753387774.064985
1753387774.100755
1753387774.135535
1753387774.166263
1753387774.200654
1753387774.234916
1753387774.266595
1753387774.301418
1753387774.332760
1753387774.368345
1753387774.399562
1753387774.435638
1753387774.464728
1753387774.500798
1753387774.533875
1753387774.568204
1753387774.597662
1753387774.636842
1753387774.666778
1753387774.701701
1753387774.731667
1753387774.768611
1753387774.801519
1753387774.837143
1753387774.862884
1753387774.900841
1753387774.935950
1753387774.967130
1753387775.000911
1753387775.033776
1753387775.069943
1753387775.100327
1753387775.133739
1753387775.168622
1753387775.200721
1753387775.236220
1753387775.262709
1753387775.301989
1753387775.336765
1753387775.369207
1753387775.396884
1753387775.430780
1753387775.470905
1753387775.499424
1753387775.532840
1753387775.569971
1753387775.598087
1753387775.635102
1753387775.665584
1753387775.701494
1753387775.734038
1753387775.770542
1753387775.796889
1753387775.837150
1753387775.867546
1753387775.904004
1753387775.929685
1753387775.967727
1753387776.002874
1753387776.034939
1753387776.063417
1753387776.100242
1753387776.135673
1753387776.170522
1753387776.196552
1753387776.234252
1753387776.270038
1753387776.303580
1753387776.330224
1753387776.368539
1753387776.402210
1753387776.435547
1753387776.463315
1753387776.501126
1753387776.534459
1753387776.570007
1753387776.596928
1753387776.637383
1753387776.670501
1753387776.700175
1753387776.735003
1753387776.767933
1753387776.806715
1753387776.832971
1753387776.870523
1753387776.899740
1753387776.939286
1753387776.967190
1753387777.002223
1753387777.034862
1753387777.074673
1753387777.099899
1753387777.136335
1753387777.166979
1753387777.204302
1753387777.235511
1753387777.268104
1753387777.303032
1753387777.335049
1753387777.367633
1753387777.400636
1753387777.436360
1753387777.467435
1753387777.501200
1753387777.533620
1753387777.569929
1753387777.605061
1753387777.639730
1753387777.664755
1753387777.702352
1753387777.739175
1753387777.767211
1753387777.803055
1753387777.835115
1753387777.870806
1753387777.906957
1753387777.932412
1753387777.973431
1753387778.001035
1753387778.037531
1753387778.066978
1753387778.107975
1753387778.133714
1753387778.171240
1753387778.200725
1753387778.237452
1753387778.269270
1753387778.304882
1753387778.333666
1753387778.369326
1753387778.405139
1753387778.434428
1753387778.469530
1753387778.499721
1753387778.536992
1753387778.572303
1753387778.598050
1753387778.636050
1753387778.671010
1753387778.702945
1753387778.733777
1753387778.770618
1753387778.804939
1753387778.837217
1753387778.866901
1753387778.904037
1753387778.938365
1753387778.974254
1753387778.997989
1753387779.039499
1753387779.067350
1753387779.105082
1753387779.133321
1753387779.170099
1753387779.208749
1753387779.233585
1753387779.270760
1753387779.301171
1753387779.338968
1753387779.367686
1753387779.404842
1753387779.434445
1753387779.471723
1753387779.501256
1753387779.535470
1753387779.571180
1753387779.608362
1753387779.632880
1753387779.670458
1753387779.700822
1753387779.738469
1753387779.774753
1753387779.798317
1753387779.842598
1753387779.866939
1753387779.904374
1753387779.938348
1753387779.968432
1753387780.006924
1753387780.034835
1753387780.072615
1753387780.100578
1753387780.138959
1753387780.170589
1753387780.206853
1753387780.233946
1753387780.276053
1753387780.300643
1753387780.338157
1753387780.369160
1753387780.405197
1753387780.438152
1753387780.467311
1753387780.503397
1753387780.537539
1753387780.577823
1753387780.599899
1753387780.640679
1753387780.668182
1753387780.710760
1753387780.732656
1753387780.776469
1753387780.799064
1753387780.840163
1753387780.867349
1753387780.910353
1753387780.933586
1753387780.975880
1753387781.007940
1753387781.032549
1753387781.071885
1753387781.104356
1753387781.141221
1753387781.168809
1753387781.210195
1753387781.232910
1753387781.272597
1753387781.303941
1753387781.335839
1753387781.372383
1753387781.405110
1753387781.440388
1753387781.468258
1753387781.504147
1753387781.539927
1753387781.569013
1753387781.610100
1753387781.633333
1753387781.670420
1753387781.710036
1753387781.733299
1753387781.772014
1753387781.806773
1753387781.835633
1753387781.876265
1753387781.900110
1753387781.939763
1753387781.968998
1753387782.007598
1753387782.033985
1753387782.073767
1753387782.105815
1753387782.135309
1753387782.167503
1753387782.210978
1753387782.234156
1753387782.276970
1753387782.300076
1753387782.339887
1753387782.372799
1753387782.401800
1753387782.438616
1753387782.470984
1753387782.501530
1753387782.540115
1753387782.567458
1753387782.608328
1753387782.635757
1753387782.675997
1753387782.700038
1753387782.739626
1753387782.768811
1753387782.809749
1753387782.833356
1753387782.879667
1753387782.900684
1753387782.939798
1753387782.967533
1753387783.006492
1753387783.035727
1753387783.074978
1753387783.100735
1753387783.139527
1753387783.168794
1753387783.210792
1753387783.233618
1753387783.276239
1753387783.302891
1753387783.343578
1753387783.366971
1753387783.403669
1753387783.446306
1753387783.467183
1753387783.502496
1753387783.540410
1753387783.575131
1753387783.600784
1753387783.638811
1753387783.671211
1753387783.702695
1753387783.739643
1753387783.767413
1753387783.808720
1753387783.836962
1753387783.875495
1753387783.900622
1753387783.944114
1753387783.967978
1753387784.001175
1753387784.038737
1753387784.073954
1753387784.101168
1753387784.135200
1753387784.171205
1753387784.211921
1753387784.233955
1753387784.269026
1753387784.305322
1753387784.341651
1753387784.367866
1753387784.401609
1753387784.443051
1753387784.467708
1753387784.507234
1753387784.533949
1753387784.574997
1753387784.601297
1753387784.643190
1753387784.666940
1753387784.705733
1753387784.739948
1753387784.771191
1753387784.800444
1753387784.839321
1753387784.874507
1753387784.901426
1753387784.934835
1753387784.974747
1753387785.001629
1753387785.044320
1753387785.067153
1753387785.104459
1753387785.144626
1753387785.167470
1753387785.202215
1753387785.237002
1753387785.278765
1753387785.300939
1753387785.337232
1753387785.372446
1753387785.409033
1753387785.435368
1753387785.470078
1753387785.505273
1753387785.540865
1753387785.571403
1753387785.601492
1753387785.641569
1753387785.668916
1753387785.709975
1753387785.734461
1753387785.775119
1753387785.803446
1753387785.844428
1753387785.867757
1753387785.909216
1753387785.938450
1753387785.979406
1753387786.001306
1753387786.045545
1753387786.068768
1753387786.111677
1753387786.134643
1753387786.177557
1753387786.203340
1753387786.245803
1753387786.268316
1753387786.309292
1753387786.336692
1753387786.378126
1753387786.401531
1753387786.444985
1753387786.469993
1753387786.507159
1753387786.535229
1753387786.575985
1753387786.602120
1753387786.645524
1753387786.668215
1753387786.710917
1753387786.737047
1753387786.778963
1753387786.801619
1753387786.845537
1753387786.868427
1753387786.911522
1753387786.935238
1753387786.970906
1753387787.008003
1753387787.039192
1753387787.068633
1753387787.111459
1753387787.135427
1753387787.177412
1753387787.202323
1753387787.244772
1753387787.270101
1753387787.312688
1753387787.335640
1753387787.378545
1753387787.404624
1753387787.447544
1753387787.469000
1753387787.505929
1753387787.541074
1753387787.578210
1753387787.602281
1753387787.643124
1753387787.676618
1753387787.711152
1753387787.736227
1753387787.777360
1753387787.808202
1753387787.844889
1753387787.868958
1753387787.911206
1753387787.937220
1753387787.975143
1753387788.002672
1753387788.045096
1753387788.069810
1753387788.110299
1753387788.136229
1753387788.178081
1753387788.205087
1753387788.247331
1753387788.269086
1753387788.311640
1753387788.339611
1753387788.380759
1753387788.402484
1753387788.442179
1753387788.476723
1753387788.506558
1753387788.536116
1753387788.576712
1753387788.605349
1753387788.648315
1753387788.669179
1753387788.711905
1753387788.736606
1753387788.778377
1753387788.802578
1753387788.845901
1753387788.870562
1753387788.913220
1753387788.935874
1753387788.977915
1753387789.004437
1753387789.048086
1753387789.069779
1753387789.112320
1753387789.137224
1753387789.179963
1753387789.203023
1753387789.245551
1753387789.271607
1753387789.313969
1753387789.341350
1753387789.369832
1753387789.414451
1753387789.436909
1753387789.480492
1753387789.503416
1753387789.541327
1753387789.573369
1753387789.614689
1753387789.637278
1753387789.675107
1753387789.703895
1753387789.746791
1753387789.770563
1753387789.805273
1753387789.847518
1753387789.870809
1753387789.910655
1753387789.937179
1753387789.979449
1753387790.005639
1753387790.048246
1753387790.069997
1753387790.113889
1753387790.139052
1753387790.181010
1753387790.203305
1753387790.245939
1753387790.272837
1753387790.314792
1753387790.336858
1753387790.379843
1753387790.404705
1753387790.447426
1753387790.470403
1753387790.511053
1753387790.542939
1753387790.580992
1753387790.604368
1753387790.647719
1753387790.673089
1753387790.715016
1753387790.738917
1753387790.781180
1753387790.804805
1753387790.847705
1753387790.871504
1753387790.912447
1753387790.942234
1753387790.980694
1753387791.005443
1753387791.047657
1753387791.076178
1753387791.115020
1753387791.139558
1753387791.181445
1753387791.207626
1753387791.249211
1753387791.272269
1753387791.314842
1753387791.340749
1753387791.381732
1753387791.405653
1753387791.448034
1753387791.474802
1753387791.511894
1753387791.538641
1753387791.581340
1753387791.605673
1753387791.648324
1753387791.672742
1753387791.710003
1753387791.748603
1753387791.776226
1753387791.814775
1753387791.839268
1753387791.881355
1753387791.909833
1753387791.944434
1753387791.973061
1753387792.014808
1753387792.043970
1753387792.075339
1753387792.111431
1753387792.147704
1753387792.177597
1753387792.204202
1753387792.239868
1753387792.277654
1753387792.314385
1753387792.339547
1753387792.381388
1753387792.406198
1753387792.449621
1753387792.471594
1753387792.509761
1753387792.546667
1753387792.580096
1753387792.607817
1753387792.646020
1753387792.679028
1753387792.712352
1753387792.740335
1753387792.778506
1753387792.807497
1753387792.848574
1753387792.871401
1753387792.912917
1753387792.944363
1753387792.979901
1753387793.004451
1753387793.047701
1753387793.073965
1753387793.115461
1753387793.137885
1753387793.181235
1753387793.207278
1753387793.248954
1753387793.271757
1753387793.314703
1753387793.344277
1753387793.380624
1753387793.406489
1753387793.447767
1753387793.477402
1753387793.509231
1753387793.543327
1753387793.578504
1753387793.614309
1753387793.645507
1753387793.675408
1753387793.714307
1753387793.746361
1753387793.781197
1753387793.805476
1753387793.848752
1753387793.875199
1753387793.914341
1753387793.939026
1753387793.981879
1753387794.008282
1753387794.048646
1753387794.072012
1753387794.113784
1753387794.147311
1753387794.178444
1753387794.207717
1753387794.248782
1753387794.274176
1753387794.316891
1753387794.338831
1753387794.381156
1753387794.408566
1753387794.449239
1753387794.472368
1753387794.511516
1753387794.546189
1753387794.581690
1753387794.606004
1753387794.644746
1753387794.675846
1753387794.707968
1753387794.738965
1753387794.782166
1753387794.808631
1753387794.849761
1753387794.872653
1753387794.915500
1753387794.945216
1753387794.978826
1753387795.007255
1753387795.048028
1753387795.075876
1753387795.115414
1753387795.139407
1753387795.181469
1753387795.212189
1753387795.248422
1753387795.274998
1753387795.315745
1753387795.342007
1753387795.383024
1753387795.406694
1753387795.448468
1753387795.477685
1753387795.511948
1753387795.541688
1753387795.582466
1753387795.612138
1753387795.647960
1753387795.676699
1753387795.714277
1753387795.743053
1753387795.783503
1753387795.808573
1753387795.848726
1753387795.879715
1753387795.913680
1753387795.942808
1753387795.982753
1753387796.012496
1753387796.048412
1753387796.077558
1753387796.114461
1753387796.149148
1753387796.179410
1753387796.211545
1753387796.247485
1753387796.282102
1753387796.313158
1753387796.345440
1753387796.380601
1753387796.415516
1753387796.447094
1753387796.477353
1753387796.509392
1753387796.547448
1753387796.581488
1753387796.611196
1753387796.647387
1753387796.681480
1753387796.714615
1753387796.741188
1753387796.782830
1753387796.810636
1753387796.848743
1753387796.873551
1753387796.913712
1753387796.943544
1753387796.982639
1753387797.007093
1753387797.044713
1753387797.080823
1753387797.115018
1753387797.144761
1753387797.178767
1753387797.215713
1753387797.248223
1753387797.277900
1753387797.314362
1753387797.349106
1753387797.379304
1753387797.414015
1753387797.445126
1753387797.482942
1753387797.508980
1753387797.547632
1753387797.577348
1753387797.612388
1753387797.649462
1753387797.682145
1753387797.707188
1753387797.748999
1753387797.781081
1753387797.814045
1753387797.849325
1753387797.880416
1753387797.911462
1753387797.950153
1753387797.981068
1753387798.012726
1753387798.048249
1753387798.083046
1753387798.113741
1753387798.148565
1753387798.173451
1753387798.209924
1753387798.247414
1753387798.281031
1753387798.309412
1753387798.349725
1753387798.381258
1753387798.415312
1753387798.445868
1753387798.484198
1753387798.509576
1753387798.549776
1753387798.578317
1753387798.617749
1753387798.647276
1753387798.680605
1753387798.711975
1753387798.750171
1753387798.780792
1753387798.811653
1753387798.848508
1753387798.882787
1753387798.911629
1753387798.946041
1753387798.980055
1753387799.015515
1753387799.047586
1753387799.076672
1753387799.117217
1753387799.147570
1753387799.183043
1753387799.208018
1753387799.251920
1753387799.278313
1753387799.318728
1753387799.343434
1753387799.381544
1753387799.415950
1753387799.449255
1753387799.478858
1753387799.511014
1753387799.548898
1753387799.578868
1753387799.615776
1753387799.644718
1753387799.683743
1753387799.715045
1753387799.746534
1753387799.778212
1753387799.815582
1753387799.847915
1753387799.882051
1753387799.912192
1753387799.950797
1753387799.981874
1753387800.015136
1753387800.047205
1753387800.082925
1753387800.116510
1753387800.146638
1753387800.182069
1753387800.216728
1753387800.248690
1753387800.281433
1753387800.314832
1753387800.349195
1753387800.381773
1753387800.414809
1753387800.448461
1753387800.483938
1753387800.510339
1753387800.550279
1753387800.579152
1753387800.618307
1753387800.647979
1753387800.681939
1753387800.713660
1753387800.749437
1753387800.781382
1753387800.812719
1753387800.849125
1753387800.883831
1753387800.914395
1753387800.944523
1753387800.981871
1753387801.016091
1753387801.049227
1753387801.076051
1753387801.117176
1753387801.146897
1753387801.183633
1753387801.212037
1753387801.247802
1753387801.282865
1753387801.316807
1753387801.346866
1753387801.383410
1753387801.414814
1753387801.450702
1753387801.480625
1753387801.509738
1753387801.550288
1753387801.582601
1753387801.613875
1753387801.646741
1753387801.683502
1753387801.717321
1753387801.745338
1753387801.783708
1753387801.816984
1753387801.849249
1753387801.881702
1753387801.914354
1753387801.950032
1753387801.983158
1753387802.015210
1753387802.047630
1753387802.083464
1753387802.117665
1753387802.146161
1753387802.182641
1753387802.216808
1753387802.250177
1753387802.275721
1753387802.312058
1753387802.347793
1753387802.383475
1753387802.414549
1753387802.449524
1753387802.482217
1753387802.513311
1753387802.550216
1753387802.580811
1753387802.617038
1753387802.650680
1753387802.680728
1753387802.715419
1753387802.750881
1753387802.783125
1753387802.814228
1753387802.849630
1753387802.883879
1753387802.914430
1753387802.948062
1753387802.982970
1753387803.017678
1753387803.048286
1753387803.080957
1753387803.115457
1753387803.150507
1753387803.183678
1753387803.214343
1753387803.249319
1753387803.283370
1753387803.317946
1753387803.347772
1753387803.380987
1753387803.416574
1753387803.451432
1753387803.481605
1753387803.512828
1753387803.551238
1753387803.586142
1753387803.613707
1753387803.652297
1753387803.681971
1753387803.716573
1753387803.747840
1753387803.783873
1753387803.815477
1753387803.850734
1753387803.881165
1753387803.914790
1753387803.948086
1753387803.984689
1753387804.013478
1753387804.050133
1753387804.084005
1753387804.118112
1753387804.148288
1753387804.183248
1753387804.217655
1753387804.251881
1753387804.281572
1753387804.318044
1753387804.352366
1753387804.382452
1753387804.416713
1753387804.449655
1753387804.483890
1753387804.514947
1753387804.550501
1753387804.581539
1753387804.617844
1753387804.652799
1753387804.678651
1753387804.718539
1753387804.748974
1753387804.783380
1753387804.814317
1753387804.846462
1753387804.886991
1753387804.914601
1753387804.947120
1753387804.984879
1753387805.017834
1753387805.052025
1753387805.078522
1753387805.119358
1753387805.149018
1753387805.184043
1753387805.214621
1753387805.250095
1753387805.285047
1753387805.316382
1753387805.348429
1753387805.383059
1753387805.416785
1753387805.451239
1753387805.481795
1753387805.512826
1753387805.549884
1753387805.584174
1753387805.614874
1753387805.646440
1753387805.681795
1753387805.713861
1753387805.748808
1753387805.783424
1753387805.817603
1753387805.852588
1753387805.879337
1753387805.917279
1753387805.950658
1753387805.985995
1753387806.019617
1753387806.044477
1753387806.084700
1753387806.116872
1753387806.151519
1753387806.186507
1753387806.216148
1753387806.250829
1753387806.285902
1753387806.317082
1753387806.351003
1753387806.382955
1753387806.418551
1753387806.452359
1753387806.482327
1753387806.513092
1753387806.549336
1753387806.584097
1753387806.617509
1753387806.649000
1753387806.683262
1753387806.718457
1753387806.748810
1753387806.784545
1753387806.819066
1753387806.850034
1753387806.883794
1753387806.915867
1753387806.950022
1753387806.984370
1753387807.015869
1753387807.051598
1753387807.086568
1753387807.117336
1753387807.150370
1753387807.184089
1753387807.219376
1753387807.250662
1753387807.284434
1753387807.317863
1753387807.352121
1753387807.386241
1753387807.415444
1753387807.451458
1753387807.485432
1753387807.516662
1753387807.549947
1753387807.585281
1753387807.617012
1753387807.651525
1753387807.682147
1753387807.718863
1753387807.751031
1753387807.785853
1753387807.815809
1753387807.854147
1753387807.883828
1753387807.916574
1753387807.951514
1753387807.985519
1753387808.017295
1753387808.052557
1753387808.080357
1753387808.117804
1753387808.152154
1753387808.185056
1753387808.215565
1753387808.256582
1753387808.283196
1753387808.320032
1753387808.349372
1753387808.385531
1753387808.417381
1753387808.452731
1753387808.481816
1753387808.517220
1753387808.552448
1753387808.583947
1753387808.618879
1753387808.649266
1753387808.686067
1753387808.720636
1753387808.748262
1753387808.785034
1753387808.817462
1753387808.852754
1753387808.882431
1753387808.915726
1753387808.951809
1753387808.985999
1753387809.015537
1753387809.050792
1753387809.085703
1753387809.117638
1753387809.149620
1753387809.184499
1753387809.220527
1753387809.250860
1753387809.285776
1753387809.316098
1753387809.353247
1753387809.387883
1753387809.415774
1753387809.454628
1753387809.484611
1753387809.515923
1753387809.552711
1753387809.582157
1753387809.622805
1753387809.650839
1753387809.686357
1753387809.716121
1753387809.753569
1753387809.783898
1753387809.823123
1753387809.847980
1753387809.885449
1753387809.918141
1753387809.948982
1753387809.984142
1753387810.019816
1753387810.053070
1753387810.079620
1753387810.117663
1753387810.152760
1753387810.185796
1753387810.212979
1753387810.254717
1753387810.282665
1753387810.319361
1753387810.346456
1753387810.386045
1753387810.417266
1753387810.453393
1753387810.479807
1753387810.516340
1753387810.552253
1753387810.586750
1753387810.613103
1753387810.650465
1753387810.686590
1753387810.716896
1753387810.747479
1753387810.789020
1753387810.816549
1753387810.854049
1753387810.880072
1753387810.915180
1753387810.952294
1753387810.985644
1753387811.013325
1753387811.053259
1753387811.084609
1753387811.119663
1753387811.146724
1753387811.186036
1753387811.218656
1753387811.253782
1753387811.280173
1753387811.320710
1753387811.349708
1753387811.391585
1753387811.413649
1753387811.453395
1753387811.483636
1753387811.518268
1753387811.547995
1753387811.588648
1753387811.615537
1753387811.652599
1753387811.680749
1753387811.720997
1753387811.752038
1753387811.791341
1753387811.813686
1753387811.859227
1753387811.882963
1753387811.920991
1753387811.947447
1753387811.988161
1753387812.017797
1753387812.057350
1753387812.080749
1753387812.122113
1753387812.152219
1753387812.190789
1753387812.213984
1753387812.257925
1753387812.283929
1753387812.325808
1753387812.348123
1753387812.384195
1753387812.415389
1753387812.453520
1753387812.483551
1753387812.519525
1753387812.551597
1753387812.589652
1753387812.616223
1753387812.653819
1753387812.692298
1753387812.717773
1753387812.751721
1753387812.786219
1753387812.818128
1753387812.853464
1753387812.880315
1753387812.918023
1753387812.959600
1753387812.983651
1753387813.016329
1753387813.058009
1753387813.083698
1753387813.125920
1753387813.148171
1753387813.194418
1753387813.216145
1753387813.253688
1753387813.281126
1753387813.318656
1753387813.353193
1753387813.383863
1753387813.416258
1753387813.453005
1753387813.491297
1753387813.515846
1753387813.557662
1753387813.582472
1753387813.626210
1753387813.650507
1753387813.688159
1753387813.719710
1753387813.760477
1753387813.783666
1753387813.820011
1753387813.852844
1753387813.892984
1753387813.915753
1753387813.957437
1753387813.983714
1753387814.020901
1753387814.059221
1753387814.082738
1753387814.124457
1753387814.151317
1753387814.193445
1753387814.215594
1753387814.262136
1753387814.283832
1753387814.326500
1753387814.358933
1753387814.382459
1753387814.425350
1753387814.452145
1753387814.491979
1753387814.516986
1753387814.554836
1753387814.585268
1753387814.625761
1753387814.652242
1753387814.688141
1753387814.717609
1753387814.760466
1753387814.784130
1753387814.821807
1753387814.850868
1753387814.889187
1753387814.922462
1753387814.951046
1753387814.988220
1753387815.022430
1753387815.053609
1753387815.085187
1753387815.120710
1753387815.153202
1753387815.194329
1753387815.216285
1753387815.254588
1753387815.286546
1753387815.327260
1753387815.349640
1753387815.392957
1753387815.416766
1753387815.462415
1753387815.482958
1753387815.519041
1753387815.556074
1753387815.585165
1753387815.618583
1753387815.655071
1753387815.686723
1753387815.723890
1753387815.750669
1753387815.793582
1753387815.817736
1753387815.857210
1753387815.883991
1753387815.921237
1753387815.962577
1753387815.984484
1753387816.022074
1753387816.051730
1753387816.092334
1753387816.119120
1753387816.154710
1753387816.189767
1753387816.219221
1753387816.260558
1753387816.283426
1753387816.321400
1753387816.362097
1753387816.384345
1753387816.421738
1753387816.452406
1753387816.492710
1753387816.518072
1753387816.556414
1753387816.584609
1753387816.625055
1753387816.653024
1753387816.683386
1753387816.717832
1753387816.758965
1753387816.785616
1753387816.826305
1753387816.850507
1753387816.897691
1753387816.916660
1753387816.954510
1753387816.984413
1753387817.021194
1753387817.054931
1753387817.084009
1753387817.121977
1753387817.158703
1753387817.185316
1753387817.219507
1753387817.257078
1753387817.284887
1753387817.323884
1753387817.350263
1753387817.397737
1753387817.416295
1753387817.459487
1753387817.483907
1753387817.521934
1753387817.558326
1753387817.586730
1753387817.627714
1753387817.650929
1753387817.695147
1753387817.718474
1753387817.760206
1753387817.784139
1753387817.827559
1753387817.852289
1753387817.889527
1753387817.919538
1753387817.951345
1753387817.997988
1753387818.016965
1753387818.062111
1753387818.084612
1753387818.126983
1753387818.151091
1753387818.193416
1753387818.219529
1753387818.261746
1753387818.284518
1753387818.327709
1753387818.351778
1753387818.394182
1753387818.417551
1753387818.463879
1753387818.484610
1753387818.520759
1753387818.561654
1753387818.584607
1753387818.628503
1753387818.652371
1753387818.695565
1753387818.718104
1753387818.766269
1753387818.785286
1753387818.825303
1753387818.851714
1753387818.894081
1753387818.919479
1753387818.959649
1753387818.984573
1753387819.025107
1753387819.058968
1753387819.084791
1753387819.126854
1753387819.154567
1753387819.197893
1753387819.218062
1753387819.263862
1753387819.284572
1753387819.330644
1753387819.351494
1753387819.392573
1753387819.423891
1753387819.458372
1753387819.484768
1753387819.522895
1753387819.557628
1753387819.593374
1753387819.618370
1753387819.660484
1753387819.686862
1753387819.729338
1753387819.751827
1753387819.798144
1753387819.818440
1753387819.861739
1753387819.885323
1753387819.926789
1753387819.955256
1753387819.996481
1753387820.018756
1753387820.055777
1753387820.085405
1753387820.125700
1753387820.151903
1753387820.194609
1753387820.221214
1753387820.263923
1753387820.285249
1753387820.323289
1753387820.363634
1753387820.385480
1753387820.428301
1753387820.452190
1753387820.496880
1753387820.517697
1753387820.559823
1753387820.585564
1753387820.627508
1753387820.654643
1753387820.696374
1753387820.718967
1753387820.761215
1753387820.788859
1753387820.825644
1753387820.852335
1753387820.895191
1753387820.922615
1753387820.956253
1753387820.991678
1753387821.025555
1753387821.062743
1753387821.085877
1753387821.129572
1753387821.152579
1753387821.195654
1753387821.219331
1753387821.262680
1753387821.288199
1753387821.330181
1753387821.352420
1753387821.395275
1753387821.419688
1753387821.462029
1753387821.485948
1753387821.523665
1753387821.556985
1753387821.598169
1753387821.619057
1753387821.665657
1753387821.685976
1753387821.728596
1753387821.753033
1753387821.795361
1753387821.820492
1753387821.863486
1753387821.886472
1753387821.932067
1753387821.952975
1753387821.995827
1753387822.020092
1753387822.060308
1753387822.094288
1753387822.123788
1753387822.163515
1753387822.186934
1753387822.230291
1753387822.255966
1753387822.291363
1753387822.320778
1753387822.363800
1753387822.386979
1753387822.425536
1753387822.453520
1753387822.486707
1753387822.524234
1753387822.564828
1753387822.587411
1753387822.630594
1753387822.654401
1753387822.697848
1753387822.720019
1753387822.763620
1753387822.787538
1753387822.831315
1753387822.854690
1753387822.897367
1753387822.920940
1753387822.963874
1753387822.987688
1753387823.026929
1753387823.053966
1753387823.097643
1753387823.120933
1753387823.163214
1753387823.187532
1753387823.229807
1753387823.257609
1753387823.292718
1753387823.320960
1753387823.364578
1753387823.387588
1753387823.424361
1753387823.455308
1753387823.492359
1753387823.523495
1753387823.556514
1753387823.593238
1753387823.625075
1753387823.656697
1753387823.686983
1753387823.724227
1753387823.757113
1753387823.798593
1753387823.820602
1753387823.863480
1753387823.891600
1753387823.932045
1753387823.953177
1753387823.995686
1753387824.027188
1753387824.063697
1753387824.088711
1753387824.130097
1753387824.158628
1753387824.198922
1753387824.221232
1753387824.263849
1753387824.293023
1753387824.328251
1753387824.355875
1753387824.398349
1753387824.422287
1753387824.464343
1753387824.489252
1753387824.526396
1753387824.564524
1753387824.592261
1753387824.628673
1753387824.656041
1753387824.698575
1753387824.722647
1753387824.764008
1753387824.788936
1753387824.831462
1753387824.854552
1753387824.897631
1753387824.922482
1753387824.966165
1753387824.989553
1753387825.031594
1753387825.054792
1753387825.098651
1753387825.122684
1753387825.164522
1753387825.189348
1753387825.231971
1753387825.256786
1753387825.297314
1753387825.323176
1753387825.365306
1753387825.390279
1753387825.431607
1753387825.455916
1753387825.498232
1753387825.522499
1753387825.564227
1753387825.589968
1753387825.632008
1753387825.656481
1753387825.693470
1753387825.726603
1753387825.765592
1753387825.790197
1753387825.831594
1753387825.856604
1753387825.899652
1753387825.923290
1753387825.960759
1753387825.992206
1753387826.031074
1753387826.060965
1753387826.092625
1753387826.128968
1753387826.160924
1753387826.195905
1753387826.224777
1753387826.265662
1753387826.291154
1753387826.332878
1753387826.355334
1753387826.393393
1753387826.432580
1753387826.458601
1753387826.498421
1753387826.520661
1753387826.564675
1753387826.593644
1753387826.630679
1753387826.655202
1753387826.692583
1753387826.723210
1753387826.762499
1753387826.790982
1753387826.832476
1753387826.858279
1753387826.893480
1753387826.927808
1753387826.964602
1753387826.994675
1753387827.024054
1753387827.064185
1753387827.094896
1753387827.131658
1753387827.156659
1753387827.198503
1753387827.224731
1753387827.266336
1753387827.289041
1753387827.332064
1753387827.358886
1753387827.399540
1753387827.422268
1753387827.464221
1753387827.494887
1753387827.527873
1753387827.554307
1753387827.597893
1753387827.627360
1753387827.665192
1753387827.688818
1753387827.731167
1753387827.759380
1753387827.799851
1753387827.822192
1753387827.865000
1753387827.894694
1753387827.931375
1753387827.956503
1753387827.998273
1753387828.026200
1753387828.066670
1753387828.089342
1753387828.132847
1753387828.158837
1753387828.199503
1753387828.222674
1753387828.265023
1753387828.296067
1753387828.332134
1753387828.359918
1753387828.398772
1753387828.428608
1753387828.464789
1753387828.492392
1753387828.528892
1753387828.565400
1753387828.596400
1753387828.626891
1753387828.663876
1753387828.698748
1753387828.728926
1753387828.764962
1753387828.793477
1753387828.833680
1753387828.861140
1753387828.891525
1753387828.932484
1753387828.960321
1753387829.000891
1753387829.023188
1753387829.064178
1753387829.096150
1753387829.132609
1753387829.157338
1753387829.199047
1753387829.228709
1753387829.265317
1753387829.289863
1753387829.331858
1753387829.361185
1753387829.398123
1753387829.423022
1753387829.466096
1753387829.492915
1753387829.531178
1753387829.556659
1753387829.598592
1753387829.628021
1753387829.665486
1753387829.689979
1753387829.732019
1753387829.761865
1753387829.800142
1753387829.823332
1753387829.866041
1753387829.896279
1753387829.931498
1753387829.956310
1753387829.993663
1753387830.033400
1753387830.060129
1753387830.089838
1753387830.131914
1753387830.160933
1753387830.198315
1753387830.223135
1753387830.265115
1753387830.294399
1753387830.331891
1753387830.356347
1753387830.397779
1753387830.427473
1753387830.464654
1753387830.489691
1753387830.526898
1753387830.566316
1753387830.593936
1753387830.623626
1753387830.665101
1753387830.694388
1753387830.731104
1753387830.756468
1753387830.797046
1753387830.829785
1753387830.864061
1753387830.890199
1753387830.931134
1753387830.963556
1753387830.998671
1753387831.032627
1753387831.057036
1753387831.100648
1753387831.127745
1753387831.164010
1753387831.196239
1753387831.223842
1753387831.264183
1753387831.296946
1753387831.332017
1753387831.356971
1753387831.399443
1753387831.429431
1753387831.465331
1753387831.490419
1753387831.529558
1753387831.565811
1753387831.595321
1753387831.624831
1753387831.666555
1753387831.696479
1753387831.732365
1753387831.757094
1753387831.799512
1753387831.828845
1753387831.865650
1753387831.890653
1753387831.932470
1753387831.962187
1753387831.998099
1753387832.023384
1753387832.067398
1753387832.095149
1753387832.133684
1753387832.157525
1753387832.200032
1753387832.230597
1753387832.263042
1753387832.292037
1753387832.332877
1753387832.363807
1753387832.399099
1753387832.424704
1753387832.466184
1753387832.495410
1753387832.528575
1753387832.557720
1753387832.600930
1753387832.628808
1753387832.667714
1753387832.691269
1753387832.731372
1753387832.765200
1753387832.799624
1753387832.824815
1753387832.866194
1753387832.897799
1753387832.932502
1753387832.960355
1753387833.000194
1753387833.031411
1753387833.064868
1753387833.094129
1753387833.131742
1753387833.166335
1753387833.197734
1753387833.229341
1753387833.265952
1753387833.298193
1753387833.333543
1753387833.358839
1753387833.399994
1753387833.431298
1753387833.466669
1753387833.492460
1753387833.532556
1753387833.566903
1753387833.598551
1753387833.626935
1753387833.666949
1753387833.694979
1753387833.734289
1753387833.760496
1753387833.798483
1753387833.832269
1753387833.867190
1753387833.895907
1753387833.933420
1753387833.965522
1753387834.000775
1753387834.025638
1753387834.067434
1753387834.099369
1753387834.131882
1753387834.163276
1753387834.199083
1753387834.234214
1753387834.265267
1753387834.296982
1753387834.332602
1753387834.366520
1753387834.395176
1753387834.432540
1753387834.463930
1753387834.499158
1753387834.530821
1753387834.564936
1753387834.597058
1753387834.634701
1753387834.665224
1753387834.696854
1753387834.732386
1753387834.767156
1753387834.798785
1753387834.829051
1753387834.865829
1753387834.899887
1753387834.934077
1753387834.959286
1753387835.000058
1753387835.032578
1753387835.065914
1753387835.092296
1753387835.132935
1753387835.164938
1753387835.199916
1753387835.225748
1753387835.266968
1753387835.298469
1753387835.332981
1753387835.361837
1753387835.400178
1753387835.431614
1753387835.466698
1753387835.495840
1753387835.533139
1753387835.566645
1753387835.599245
1753387835.631008
1753387835.665098
1753387835.699901
1753387835.732848
1753387835.761931
1753387835.801138
1753387835.832269
1753387835.867501
1753387835.894027
1753387835.933287
1753387835.966712
1753387835.998972
1753387836.027488
1753387836.063246
1753387836.099345
1753387836.132594
1753387836.161551
1753387836.200313
1753387836.233774
1753387836.267060
1753387836.295901
1753387836.335528
1753387836.365490
1753387836.400752
1753387836.427267
1753387836.467103
1753387836.499041
1753387836.532876
1753387836.563417
1753387836.599824
1753387836.634307
1753387836.666935
1753387836.696677
1753387836.733087
1753387836.766654
1753387836.800887
1753387836.827837
1753387836.867131
1753387836.900456
1753387836.933493
1753387836.964445
1753387836.999136
1753387837.034351
1753387837.067288
1753387837.095544
1753387837.135239
1753387837.166127
1753387837.199078
1753387837.229516
1753387837.268442
1753387837.299780
1753387837.333414
1753387837.363203
1753387837.398960
1753387837.434195
1753387837.467588
1753387837.495848
1753387837.533719
1753387837.568181
1753387837.600931
1753387837.628530
1753387837.664516
1753387837.695910
1753387837.727961
1753387837.765587
1753387837.799065
1753387837.834007
1753387837.867520
1753387837.896796
1753387837.934830
1753387837.967888
1753387838.003035
1753387838.027565
1753387838.063914
1753387838.103028
1753387838.132465
1753387838.164667
1753387838.200321
1753387838.234504
1753387838.268916
1753387838.294422
1753387838.334574
1753387838.367933
1753387838.402794
1753387838.428141
1753387838.467744
1753387838.500506
1753387838.533810
1753387838.564920
1753387838.599325
1753387838.634634
1753387838.669081
1753387838.697558
1753387838.734153
1753387838.768151
1753387838.802963
1753387838.827918
1753387838.867101
1753387838.901297
1753387838.934784
1753387838.963693
1753387838.999898
1753387839.034208
1753387839.067778
1753387839.098083
1753387839.132612
1753387839.169880
1753387839.199206
1753387839.231966
1753387839.267010
1753387839.301296
1753387839.334972
1753387839.370807
1753387839.394629
1753387839.435335
1753387839.466564
1753387839.500417
1753387839.533880
1753387839.568261
1753387839.599183
1753387839.634757
1753387839.669200
1753387839.698901
1753387839.734715
1753387839.770010
1753387839.801045
1753387839.833775
1753387839.866485
1753387839.900773
1753387839.934873
1753387839.965808
1753387840.000580
1753387840.034908
1753387840.066928
1753387840.100888
1753387840.133209
1753387840.168659
1753387840.200428
1753387840.233797
1753387840.267340
1753387840.302083
1753387840.333928
1753387840.367842
1753387840.400119
1753387840.435153
1753387840.469565
1753387840.498191
1753387840.535291
1753387840.569485
1753387840.602297
1753387840.634728
1753387840.667271
1753387840.702301
1753387840.734106
1753387840.769373
1753387840.795008
1753387840.835762
1753387840.868412
1753387840.899093
1753387840.935530
1753387840.970113
1753387841.000957
1753387841.032171
1753387841.067279
1753387841.101157
1753387841.136729
1753387841.164065
1753387841.204340
1753387841.232687
1753387841.268056
1753387841.300770
1753387841.334263
1753387841.368786
1753387841.400198
1753387841.432583
1753387841.467518
1753387841.501024
1753387841.534565
1753387841.566345
1753387841.600614
1753387841.635790
1753387841.667702
1753387841.699724
1753387841.733966
1753387841.769424
1753387841.803867
1753387841.832674
1753387841.867668
1753387841.903175
1753387841.936098
1753387841.965678
1753387842.001590
1753387842.037120
1753387842.068901
1753387842.095678
1753387842.136420
1753387842.167464
1753387842.202268
1753387842.232193
1753387842.271747
1753387842.299529
1753387842.336251
1753387842.366142
1753387842.402754
1753387842.436994
1753387842.468385
1753387842.500005
1753387842.535068
1753387842.570138
1753387842.600790
1753387842.631131
1753387842.670431
1753387842.700570
1753387842.736877
1753387842.766140
1753387842.802913
1753387842.834280
1753387842.870234
1753387842.896202
1753387842.936544
1753387842.970111
1753387843.001172
1753387843.032399
1753387843.069763
1753387843.101525
1753387843.138207
1753387843.163264
1753387843.200605
1753387843.240339
1753387843.264450
1753387843.301659
1753387843.335364
1753387843.371060
1753387843.400434
1753387843.433705
1753387843.469225
1753387843.499968
1753387843.536695
1753387843.565973
1753387843.602086
1753387843.636891
1753387843.667915
1753387843.699230
1753387843.734215
1753387843.770244
1753387843.801672
1753387843.835816
1753387843.868037
1753387843.907391
1753387843.933262
1753387843.969044
1753387844.002541
1753387844.034458
1753387844.075168
1753387844.097160
1753387844.138396
1753387844.168894
1753387844.200952
1753387844.236357
1753387844.268347
1753387844.307195
1753387844.334543
1753387844.367266
1753387844.402388
1753387844.436134
1753387844.471121
1753387844.500011
1753387844.537375
1753387844.573170
1753387844.600821
1753387844.640238
1753387844.666558
1753387844.704259
1753387844.739885
1753387844.764567
1753387844.804161
1753387844.838349
1753387844.868366
1753387844.899888
1753387844.938088
1753387844.970539
1753387845.005529
1753387845.031685
1753387845.068856
1753387845.109069
1753387845.133610
1753387845.166955
1753387845.203378
1753387845.234649
1753387845.271511
1753387845.298492
1753387845.341417
1753387845.367167
1753387845.407741
1753387845.431682
1753387845.469528
1753387845.500743
1753387845.537985
1753387845.567146
1753387845.604021
1753387845.635589
1753387845.674385
1753387845.698420
1753387845.740196
1753387845.767873
1753387845.809488
1753387845.831370
1753387845.874714
1753387845.900953
1753387845.937609
1753387845.967310
1753387846.003072
1753387846.035145
1753387846.075710
1753387846.098910
1753387846.141155
1753387846.167722
1753387846.208586
1753387846.231827
1753387846.268779
1753387846.306130
1753387846.334780
1753387846.371571
1753387846.400090
1753387846.438455
1753387846.470108
1753387846.501536
1753387846.536640
1753387846.573038
1753387846.601320
1753387846.640062
1753387846.667434
1753387846.704933
1753387846.736356
1753387846.772277
1753387846.800086
1753387846.838490
1753387846.874983
1753387846.900448
1753387846.935654
1753387846.965338
1753387847.002397
1753387847.035500
1753387847.067612
1753387847.102544
1753387847.141442
1753387847.164920
1753387847.211102
1753387847.233401
1753387847.273661
1753387847.298726
1753387847.336928
1753387847.368599
1753387847.405887
1753387847.431950
1753387847.477003
1753387847.500641
1753387847.540230
1753387847.565642
1753387847.603526
1753387847.640778
1753387847.667984
1753387847.711635
1753387847.732399
1753387847.774108
1753387847.801370
1753387847.840925
1753387847.868847
1753387847.906231
1753387847.933907
1753387847.972322
1753387848.005470
1753387848.034414
1753387848.070370
1753387848.107207
1753387848.135402
1753387848.174825
1753387848.199626
1753387848.239007
1753387848.268526
1753387848.305895
1753387848.334533
1753387848.372761
1753387848.403576
1753387848.439171
1753387848.467662
1753387848.504091
1753387848.538828
1753387848.567987
1753387848.605267
1753387848.639413
1753387848.670900
1753387848.700489
1753387848.736416
1753387848.776300
1753387848.800884
1753387848.838547
1753387848.868467
1753387848.908627
1753387848.935506
1753387848.971519
1753387849.001206
1753387849.038793
1753387849.075509
1753387849.100007
1753387849.137537
1753387849.174682
1753387849.202031
1753387849.237016
1753387849.271893
1753387849.307845
1753387849.335443
1753387849.377519
1753387849.399854
1753387849.445909
1753387849.467787
1753387849.502545
1753387849.539894
1753387849.569044
1753387849.611318
1753387849.633987
1753387849.675968
1753387849.702772
1753387849.745184
1753387849.767151
1753387849.806374
1753387849.835874
1753387849.877238
1753387849.900677
1753387849.938534
1753387849.969991
1753387850.010465
1753387850.034108
1753387850.077556
1753387850.101229
1753387850.141692
1753387850.168107
1753387850.211230
1753387850.234481
1753387850.276025
1753387850.301602
1753387850.340597
1753387850.369816
1753387850.411490
1753387850.434232
1753387850.476031
1753387850.502747
1753387850.540240
1753387850.568180
1753387850.610564
1753387850.634959
1753387850.676745
1753387850.701247
1753387850.741285
1753387850.769359
1753387850.810505
1753387850.834049
1753387850.873299
1753387850.909040
1753387850.935836
1753387850.973585
1753387851.001445
1753387851.042008
1753387851.069574
1753387851.106579
1753387851.134966
1753387851.176320
1753387851.203465
1753387851.238557
1753387851.269482
1753387851.310336
1753387851.336925
1753387851.372945
1753387851.401754
1753387851.437492
1753387851.479982
1753387851.501085
1753387851.539612
1753387851.578870
1753387851.601743
1753387851.645859
1753387851.667787
1753387851.713461
1753387851.735079
1753387851.775827
1753387851.801946
1753387851.844338
1753387851.868446
1753387851.908198
1753387851.935337
1753387851.976774
1753387852.003224
1753387852.038918
1753387852.071656
1753387852.113939
1753387852.135090
1753387852.171655
1753387852.211255
1753387852.236016
1753387852.278276
1753387852.301509
1753387852.343805
1753387852.369834
1753387852.409748
1753387852.435407
1753387852.477896
1753387852.502550
1753387852.539425
1753387852.574499
1753387852.601903
1753387852.643889
1753387852.669010
1753387852.702623
1753387852.743926
1753387852.771718
1753387852.814011
1753387852.835113
1753387852.878134
1753387852.903064
1753387852.945078
1753387852.968547
1753387853.008477
1753387853.037978
1753387853.080529
1753387853.101632
1753387853.141571
1753387853.173821
1753387853.209153
1753387853.235121
1753387853.277898
1753387853.303351
1753387853.343329
1753387853.368776
1753387853.408593
1753387853.441482
1753387853.476362
1753387853.502047
1753387853.541637
1753387853.578298
1753387853.605020
1753387853.645356
1753387853.668842
1753387853.711688
1753387853.736442
1753387853.778862
1753387853.802457
1753387853.845062
1753387853.873716
1753387853.910780
1753387853.935543
1753387853.978809
1753387854.005254
1753387854.044638
1753387854.069090
1753387854.112810
1753387854.135889
1753387854.179681
1753387854.202866
1753387854.247012
1753387854.269367
1753387854.311750
1753387854.335807
1753387854.380468
1753387854.402582
1753387854.445227
1753387854.469218
1753387854.508557
1753387854.541532
1753387854.570351
1753387854.612548
1753387854.635994
1753387854.681617
1753387854.702922
1753387854.746339
1753387854.769929
1753387854.812683
1753387854.836305
1753387854.879146
1753387854.902938
1753387854.946831
1753387854.969680
1753387855.010133
1753387855.043330
1753387855.076052
1753387855.102954
1753387855.146162
1753387855.169466
1753387855.213287
1753387855.236401
1753387855.278871
1753387855.303231
1753387855.347406
1753387855.369676
1753387855.409405
1753387855.445007
1753387855.472576
1753387855.508882
1753387855.536389
1753387855.579910
1753387855.603487
1753387855.642133
1753387855.669996
1753387855.712608
1753387855.736894
1753387855.773278
1753387855.803001
1753387855.845582
1753387855.871018
1753387855.906720
1753387855.936777
1753387855.980343
1753387856.003978
1753387856.046382
1753387856.069591
1753387856.113114
1753387856.136998
1753387856.179888
1753387856.204072
1753387856.245563
1753387856.270716
1753387856.312469
1753387856.339001
1753387856.370929
1753387856.412226
1753387856.436937
1753387856.481091
1753387856.503005
1753387856.542721
1753387856.573359
1753387856.614536
1753387856.636403
1753387856.678783
1753387856.704251
1753387856.748806
1753387856.769771
1753387856.811585
1753387856.838205
1753387856.880013
1753387856.903393
1753387856.944113
1753387856.978147
1753387857.005983
1753387857.036285
1753387857.077809
1753387857.104704
1753387857.147225
1753387857.169923
1753387857.208461
1753387857.247004
1753387857.271322
1753387857.307244
1753387857.342414
1753387857.376608
1753387857.412306
1753387857.436805
1753387857.479401
1753387857.504404
1753387857.546019
1753387857.570204
1753387857.615869
1753387857.637538
1753387857.681097
1753387857.703959
1753387857.747296
1753387857.774783
1753387857.816012
1753387857.837157
1753387857.881210
1753387857.904786
1753387857.948524
1753387857.970449
1753387858.012801
1753387858.040899
1753387858.082081
1753387858.103857
1753387858.144562
1753387858.176180
1753387858.209503
1753387858.237569
1753387858.273081
1753387858.304263
1753387858.347242
1753387858.370856
1753387858.414036
1753387858.442423
1753387858.482135
1753387858.504323
1753387858.546345
1753387858.574950
1753387858.615856
1753387858.637889
1753387858.681726
1753387858.706076
1753387858.748566
1753387858.770937
1753387858.814175
1753387858.843209
1753387858.881540
1753387858.904277
1753387858.947291
1753387858.972081
1753387859.015044
1753387859.037908
1753387859.082146
1753387859.105855
1753387859.146905
1753387859.171426
1753387859.215066
1753387859.239941
1753387859.280230
1753387859.305083
1753387859.348342
1753387859.373239
1753387859.415801
1753387859.438051
1753387859.481782
1753387859.504285
1753387859.550182
1753387859.571435
1753387859.616593
1753387859.639150
1753387859.676165
1753387859.704512
1753387859.744651
1753387859.780845
1753387859.810519
1753387859.841122
1753387859.874507
1753387859.913703
1753387859.941113
1753387859.974056
1753387860.009979
1753387860.049117
1753387860.074023
1753387860.107275
1753387860.149015
1753387860.174184
1753387860.215634
1753387860.238202
1753387860.283512
1753387860.307738
1753387860.348994
1753387860.371435
1753387860.414800
1753387860.438606
1753387860.482476
1753387860.504627
1753387860.547215
1753387860.579522
1753387860.614754
1753387860.638682
1753387860.680608
1753387860.712137
1753387860.747708
1753387860.771968
1753387860.815867
1753387860.840985
1753387860.882766
1753387860.905401
1753387860.949714
1753387860.974885
1753387861.016162
1753387861.038727
1753387861.083373
1753387861.107796
1753387861.148695
1753387861.172090
1753387861.217497
1753387861.242409
1753387861.280393
1753387861.308053
1753387861.349112
1753387861.372231
1753387861.415910
1753387861.439434
1753387861.484829
1753387861.505862
1753387861.547935
1753387861.573149
1753387861.615151
1753387861.640848
1753387861.684089
1753387861.705671
1753387861.749734
1753387861.776231
1753387861.817038
1753387861.839407
1753387861.882162
1753387861.909695
1753387861.950370
1753387861.972854
1753387862.015086
1753387862.045031
1753387862.080336
1753387862.109489
1753387862.147415
1753387862.182027
1753387862.212973
1753387862.239189
1753387862.283267
1753387862.309559
1753387862.350341
1753387862.373071
1753387862.415850
1753387862.444042
1753387862.482050
1753387862.505783
1753387862.549012
1753387862.577336
1753387862.617570
1753387862.640533
1753387862.683120
1753387862.712461
1753387862.743998
1753387862.774379
1753387862.815845
1753387862.845162
1753387862.879932
1753387862.910632
1753387862.947478
1753387862.982495
1753387863.011811
1753387863.043486
1753387863.080915
1753387863.115351
1753387863.142721
1753387863.181814
1753387863.209441
1753387863.250529
1753387863.279102
1753387863.306165
1753387863.348593
1753387863.377009
1753387863.416049
1753387863.440148
1753387863.482708
1753387863.507285
1753387863.549825
1753387863.573586
1753387863.618352
1753387863.642495
1753387863.683443
1753387863.707413
1753387863.750468
1753387863.776971
1753387863.817786
1753387863.840408
1753387863.883562
1753387863.911256
1753387863.951793
1753387863.974038
1753387864.017679
1753387864.046135
1753387864.082907
1753387864.108684
1753387864.149645
1753387864.176429
1753387864.216678
1753387864.244296
1753387864.280561
1753387864.315526
1753387864.348776
1753387864.383610
1753387864.407379
1753387864.451383
1753387864.479716
1753387864.512641
1753387864.549196
1753387864.580450
1753387864.613071
1753387864.650034
1753387864.681189
1753387864.713955
1753387864.746497
1753387864.782737
1753387864.814799
1753387864.847831
1753387864.875553
1753387864.915632
1753387864.949284
1753387864.978753
1753387865.014589
1753387865.049906
1753387865.081292
1753387865.112030
1753387865.148265
1753387865.182752
1753387865.213681
1753387865.245071
1753387865.281672
1753387865.315638
1753387865.348857
1753387865.374453
1753387865.415801
1753387865.447636
1753387865.483117
1753387865.507092
1753387865.551709
1753387865.579396
1753387865.616854
1753387865.644981
1753387865.682549
1753387865.714349
1753387865.750122
1753387865.779357
1753387865.815558
1753387865.850226
1753387865.878673
1753387865.913791
1753387865.948176
1753387865.982554
1753387866.016039
1753387866.047530
1753387866.081411
1753387866.116282
1753387866.148317
1753387866.179754
1753387866.214496
1753387866.249569
1753387866.282448
1753387866.309867
1753387866.350347
1753387866.381033
1753387866.416556
1753387866.445121
1753387866.482652
1753387866.511687
1753387866.550540
1753387866.579818
1753387866.615878
1753387866.650246
1753387866.682101
1753387866.716903
1753387866.746044
1753387866.784136
1753387866.815437
1753387866.848305
1753387866.878050
1753387866.915568
1753387866.949508
1753387866.979446
1753387867.015704
1753387867.050319
1753387867.082074
1753387867.114939
1753387867.146990
1753387867.182425
1753387867.217276
1753387867.244256
1753387867.280603
1753387867.316446
1753387867.349081
1753387867.379335
1753387867.415488
1753387867.450584
1753387867.481956
1753387867.508305
1753387867.551745
1753387867.580918
1753387867.617721
1753387867.643769
1753387867.684242
1753387867.715259
1753387867.749643
1753387867.779938
1753387867.815526
1753387867.849285
1753387867.881444
1753387867.912566
1753387867.949827
1753387867.981003
1753387868.016748
1753387868.046996
1753387868.080395
1753387868.116828
1753387868.148487
1753387868.181652
1753387868.215045
1753387868.249901
1753387868.277870
1753387868.318006
1753387868.345283
1753387868.384914
1753387868.415837
1753387868.447053
1753387868.483021
1753387868.510519
1753387868.551297
1753387868.581014
1753387868.616653
1753387868.651087
1753387868.683921
1753387868.712973
1753387868.751067
1753387868.782835
1753387868.817269
1753387868.847713
1753387868.880227
1753387868.914797
1753387868.950880
1753387868.979979
1753387869.015363
1753387869.050250
1753387869.083819
1753387869.110906
1753387869.150712
1753387869.182857
1753387869.217954
1753387869.243283
1753387869.284200
1753387869.316768
1753387869.350980
1753387869.376886
1753387869.416995
1753387869.448682
1753387869.484009
1753387869.509275
1753387869.550452
1753387869.582340
1753387869.617332
1753387869.647341
1753387869.683306
1753387869.718297
1753387869.750248
1753387869.781791
1753387869.816548
1753387869.849277
1753387869.881836
1753387869.914758
1753387869.949620
1753387869.982031
1753387870.017732
1753387870.046999
1753387870.083125
1753387870.117226
1753387870.150227
1753387870.181300
1753387870.216706
1753387870.250291
1753387870.284388
1753387870.315033
1753387870.350040
1753387870.382921
1753387870.417362
1753387870.448426
1753387870.483527
1753387870.514393
1753387870.550338
1753387870.582956
1753387870.614099
1753387870.649320
1753387870.680163
1753387870.713047
1753387870.750497
1753387870.784203
1753387870.818540
1753387870.848351
1753387870.882419
1753387870.915297
1753387870.950783
1753387870.983163
1753387871.016374
1753387871.049822
1753387871.084071
1753387871.115139
1753387871.149246
1753387871.184078
1753387871.219042
1753387871.246357
1753387871.286257
1753387871.315625
1753387871.350893
1753387871.380042
1753387871.417290
1753387871.451405
1753387871.485606
1753387871.510027
1753387871.550701
1753387871.584035
1753387871.617869
1753387871.646280
1753387871.682810
1753387871.718402
1753387871.749191
1753387871.781986
1753387871.817196
1753387871.851556
1753387871.884903
1753387871.913568
1753387871.950619
1753387871.984902
1753387872.018510
1753387872.048208
1753387872.083482
1753387872.119026
1753387872.149843
1753387872.182735
1753387872.216077
1753387872.251679
1753387872.286448
1753387872.310828
1753387872.351394
1753387872.386254
1753387872.415628
1753387872.449802
1753387872.482761
1753387872.514279
1753387872.551042
1753387872.582212
1753387872.617311
1753387872.651913
1753387872.686334
1753387872.718044
1753387872.744648
1753387872.784922
1753387872.815599
1753387872.846858
1753387872.882488
1753387872.915068
1753387872.952653
1753387872.983603
1753387873.018211
1753387873.048972
1753387873.080607
1753387873.118682
1753387873.154047
1753387873.180777
1753387873.217652
1753387873.252121
1753387873.284146
1753387873.315119
1753387873.351336
1753387873.384979
1753387873.417456
1753387873.443927
1753387873.480658
1753387873.516677
1753387873.551809
1753387873.581730
1753387873.618882
1753387873.649896
1753387873.683985
1753387873.717273
1753387873.749483
1753387873.785061
1753387873.820207
1753387873.849069
1753387873.884232
1753387873.915217
1753387873.949999
1753387873.980872
1753387874.015912
1753387874.051454
1753387874.085515
1753387874.116136
1753387874.148394
1753387874.188116
1753387874.217457
1753387874.252196
1753387874.282216
1753387874.318283
1753387874.352991
1753387874.382833
1753387874.417318
1753387874.452074
1753387874.486996
1753387874.511698
1753387874.552367
1753387874.587818
1753387874.618622
1753387874.649654
1753387874.684574
1753387874.719684
1753387874.750817
1753387874.785832
1753387874.815244
1753387874.854312
1753387874.883784
1753387874.916267
1753387874.950835
1753387874.986016
1753387875.017034
1753387875.049881
1753387875.084754
1753387875.119137
1753387875.154279
1753387875.180068
1753387875.215977
1753387875.251393
1753387875.286688
1753387875.315399
1753387875.350727
1753387875.385399
1753387875.419705
1753387875.448459
1753387875.486065
1753387875.516615
1753387875.551824
1753387875.583822
1753387875.618075
1753387875.653208
1753387875.685137
1753387875.719413
1753387875.749804
1753387875.785236
1753387875.819994
1753387875.849636
1753387875.884214
1753387875.916197
1753387875.955878
1753387875.983232
1753387876.019037
1753387876.051003
1753387876.086624
1753387876.116801
1753387876.152457
1753387876.187216
1753387876.218902
1753387876.252476
1753387876.283442
1753387876.320042
1753387876.352903
1753387876.385990
1753387876.416658
1753387876.454240
1753387876.486078
1753387876.514279
1753387876.553501
1753387876.584971
1753387876.623667
1753387876.649402
1753387876.686208
1753387876.717799
1753387876.752779
1753387876.784434
1753387876.819421
1753387876.851579
1753387876.887419
1753387876.914590
1753387876.952175
1753387876.981524
1753387877.015845
1753387877.047878
1753387877.087219
1753387877.116637
1753387877.153069
1753387877.181015
1753387877.220289
1753387877.254101
1753387877.285578
1753387877.317372
1753387877.353209
1753387877.384434
1753387877.419190
1753387877.451457
1753387877.485752
1753387877.516092
1753387877.553166
1753387877.583790
1753387877.620664
1753387877.656380
1753387877.684631
1753387877.719723
1753387877.753437
1753387877.787359
1753387877.818683
1753387877.850432
1753387877.886433
1753387877.920387
1753387877.952455
1753387877.983639
1753387878.020089
1753387878.055903
1753387878.084752
1753387878.119758
1753387878.150666
1753387878.189220
1753387878.219172
1753387878.251111
1753387878.287299
1753387878.318816
1753387878.351765
1753387878.386431
1753387878.416467
1753387878.457389
1753387878.484736
1753387878.515856
1753387878.552624
1753387878.585784
1753387878.620476
1753387878.649681
1753387878.686499
1753387878.719358
1753387878.756581
1753387878.784174
1753387878.825575
1753387878.848020
1753387878.885804
1753387878.917118
1753387878.953029
1753387878.988101
1753387879.019492
1753387879.053097
1753387879.085483
1753387879.123234
1753387879.151439
1753387879.187573
1753387879.217350
1753387879.257156
1753387879.284598
1753387879.324152
1753387879.349939
1753387879.387521
1753387879.421689
1753387879.450485
1753387879.487532
1753387879.516023
1753387879.552597
1753387879.586484
1753387879.620664
1753387879.654922
1753387879.686500
1753387879.717619
1753387879.759109
1753387879.784094
1753387879.825245
1753387879.848346
1753387879.889670
1753387879.916733
1753387879.957864
1753387879.982863
1753387880.020593
1753387880.056195
1753387880.085010
1753387880.125250
1753387880.149931
1753387880.192064
1753387880.218638
1753387880.255132
1753387880.286612
1753387880.324962
1753387880.351840
1753387880.391549
1753387880.417156
1753387880.458361
1753387880.484843
1753387880.520766
1753387880.553212
1753387880.592002
1753387880.618470
1753387880.653749
1753387880.686792
1753387880.725190
1753387880.751435
1753387880.787661
1753387880.819866
1753387880.858028
1753387880.885226
1753387880.920180
1753387880.950675
1753387880.988620
1753387881.022885
1753387881.055609
1753387881.082210
1753387881.120118
1753387881.159309
1753387881.184494
1753387881.225843
1753387881.249220
1753387881.286630
1753387881.327350
1753387881.351112
1753387881.387796
1753387881.416528
1753387881.457498
1753387881.485157
1753387881.517851
1753387881.558382
1753387881.585152
1753387881.624056
1753387881.649827
1753387881.685775
1753387881.718229
1753387881.752031
1753387881.787751
1753387881.821732
1753387881.854122
1753387881.889669
1753387881.916649
1753387881.958515
1753387881.985313
1753387882.022958
1753387882.051012
1753387882.091328
1753387882.118576
1753387882.160447
1753387882.183034
1753387882.223161
1753387882.252214
1753387882.293284
1753387882.316610
1753387882.360380
1753387882.384483
1753387882.421543
1753387882.452162
1753387882.489235
1753387882.519866
1753387882.558444
1753387882.584455
1753387882.622987
1753387882.652330
1753387882.691646
1753387882.718328
1753387882.759921
1753387882.785053
1753387882.824907
1753387882.851231
1753387882.886057
1753387882.918267
1753387882.950836
1753387882.990295
1753387883.018188
1753387883.063040
1753387883.084321
1753387883.126792
1753387883.150206
1753387883.189411
1753387883.221059
1753387883.255612
1753387883.285857
1753387883.326154
1753387883.351418
1753387883.390016
1753387883.417728
1753387883.461284
1753387883.484682
1753387883.520092
1753387883.554058
1753387883.594884
1753387883.618117
1753387883.658398
1753387883.684801
1753387883.727152
1753387883.752836
1753387883.789765
1753387883.818320
1753387883.860505
1753387883.885179
1753387883.924426
1753387883.951848
1753387883.993388
1753387884.018906
1753387884.054684
1753387884.084701
1753387884.121899
1753387884.155200
1753387884.186325
1753387884.221183
1753387884.253907
1753387884.288320
1753387884.318595
1753387884.355642
1753387884.386696
1753387884.426257
1753387884.450827
1753387884.494497
1753387884.517336
1753387884.556570
1753387884.588451
1753387884.623207
1753387884.658595
1753387884.686920
1753387884.726025
1753387884.751633
1753387884.794292
1753387884.820430
1753387884.860407
1753387884.884467
1753387884.927157
1753387884.952770
1753387884.988328
1753387885.024429
1753387885.056151
1753387885.092072
1753387885.117950
1753387885.156651
1753387885.190227
1753387885.223325
1753387885.251588
1753387885.292105
1753387885.319518
1753387885.361876
1753387885.384680
1753387885.429522
1753387885.451923
1753387885.492462
1753387885.516910
1753387885.559569
1753387885.586012
1753387885.628164
1753387885.651594
1753387885.691322
1753387885.722131
1753387885.759865
1753387885.784446
1753387885.823402
1753387885.856378
1753387885.893513
1753387885.917007
1753387885.963413
1753387885.984743
1753387886.031134
1753387886.051062
1753387886.091163
1753387886.125637
1753387886.152430
1753387886.190140
1753387886.224350
1753387886.254457
1753387886.296924
1753387886.318112
1753387886.360883
1753387886.385291
1753387886.421899
1753387886.453966
1753387886.493862
1753387886.518465
1753387886.558481
1753387886.585192
1753387886.625440
1753387886.652529
1753387886.695606
1753387886.718561
1753387886.759101
1753387886.786250
1753387886.828553
1753387886.851942
1753387886.895656
1753387886.917490
1753387886.965277
1753387886.985211
1753387887.023999
1753387887.057518
1753387887.093058
1753387887.118651
1753387887.159309
1753387887.185816
1753387887.228606
1753387887.252065
1753387887.288489
1753387887.330115
1753387887.352283
1753387887.394164
1753387887.418744
1753387887.462003
1753387887.487668
1753387887.524628
1753387887.552534
1753387887.595906
1753387887.621142
1753387887.662609
1753387887.685951
1753387887.728395
1753387887.753591
1753387887.791379
1753387887.819025
1753387887.865949
1753387887.885973
1753387887.918309
1753387887.961939
1753387887.985835
1753387888.028738
1753387888.052095
1753387888.089813
1753387888.127138
1753387888.152423
1753387888.188066
1753387888.222355
1753387888.263968
1753387888.285779
1753387888.319264
1753387888.358171
1753387888.386126
1753387888.429587
1753387888.452245
1753387888.493525
1753387888.518111
1753387888.562031
1753387888.585522
1753387888.622264
1753387888.660827
1753387888.685956
1753387888.718972
1753387888.755243
1753387888.797230
1753387888.819299
1753387888.854230
1753387888.889243
1753387888.930761
1753387888.952929
1753387888.987141
1753387889.023211
1753387889.060095
1753387889.086346
