1742545776.320768
1742545776.420732
1742545776.454466
1742545776.487854
1742545776.520539
1742545776.553536
1742545776.587314
1742545776.620495
1742545776.653910
1742545776.687238
1742545776.728867
1742545776.754517
1742545776.787390
1742545776.829850
1742545776.865875
1742545776.899956
1742545776.930183
1742545776.965543
1742545776.999020
1742545777.026829
1742545777.065258
1742545777.100315
1742545777.133316
1742545777.168699
1742545777.201631
1742545777.235258
1742545777.269060
1742545777.302571
1742545777.334521
1742545777.369431
1742545777.402018
1742545777.435832
1742545777.467031
1742545777.502512
1742545777.535338
1742545777.569010
1742545777.599902
1742545777.635874
1742545777.667557
1742545777.702672
1742545777.734786
1742545777.768485
1742545777.790541
1742545777.821511
1742545777.867311
1742545777.899502
1742545777.921436
1742545777.954502
1742545777.999596
1742545778.022823
1742545778.066075
1742545778.087846
1742545778.128646
1742545778.161376
1742545778.196744
1742545778.221105
1742545778.266792
1742545778.290701
1742545778.330444
1742545778.354453
1742545778.399861
1742545778.424921
1742545778.462319
1742545778.487805
1742545778.531198
1742545778.559569
1742545778.597225
1742545778.621415
1742545778.668445
1742545778.690901
1742545778.721341
1742545778.767385
1742545778.790860
1742545778.828753
1742545778.854740
1742545778.897288
1742545778.926704
1742545778.963303
1742545778.988091
1742545779.029956
1742545779.059385
1742545779.097350
1742545779.121510
1742545779.161302
1742545779.196223
1742545779.226039
1742545779.254887
1742545779.291650
1742545779.328838
1742545779.361993
1742545779.388222
1742545779.430010
1742545779.459724
1742545779.496426
1742545779.521720
1742545779.564217
1742545779.593230
1742545779.629608
1742545779.655038
1742545779.699173
1742545779.726158
1742545779.765816
1742545779.788573
1742545779.830971
1742545779.860655
1742545779.898279
1742545779.922000
1742545779.964022
1742545779.993187
1742545780.024117
1742545780.065533
1742545780.095011
1742545780.122005
1742545780.168871
1742545780.192081
1742545780.231158
1742545780.255337
1742545780.298377
1742545780.326881
1742545780.367014
1742545780.390271
1742545780.426892
1742545780.464767
1742545780.494745
1742545780.530553
1742545780.556804
1742545780.598708
1742545780.622343
1742545780.664409
1742545780.695404
1742545780.730448
1742545780.755794
1742545780.798934
1742545780.828507
1742545780.866217
1742545780.889064
1742545780.930869
1742545780.962290
1742545780.998686
1742545781.022835
1742545781.065361
1742545781.095192
1742545781.130445
1742545781.156760
1742545781.199459
1742545781.228469
1742545781.264453
1742545781.289824
1742545781.330860
1742545781.366000
1742545781.395496
1742545781.425782
1742545781.463631
1742545781.499382
1742545781.529158
1742545781.560953
1742545781.596697
1742545781.630683
1742545781.663984
1742545781.690495
1742545781.731481
1742545781.764596
1742545781.798505
1742545781.824029
1742545781.866578
1742545781.891825
1742545781.928482
1742545781.961478
1742545781.999286
1742545782.028479
1742545782.065974
1742545782.092327
1742545782.130434
1742545782.162930
1742545782.198531
1742545782.228381
1742545782.264820
1742545782.298223
1742545782.330774
1742545782.361740
1742545782.400607
1742545782.429066
1742545782.464411
1742545782.494993
1742545782.531243
1742545782.562516
1742545782.597445
1742545782.627759
1742545782.666930
1742545782.695728
1742545782.730746
1742545782.761457
1742545782.801025
1742545782.828163
1742545782.868781
1742545782.890773
1742545782.930828
1742545782.965489
1742545782.997228
1742545783.027136
1742545783.067934
1742545783.097108
1742545783.130800
1742545783.157422
1742545783.199792
1742545783.229007
1742545783.267229
1742545783.290319
1742545783.330463
1742545783.365896
1742545783.398208
1742545783.423721
1742545783.468050
1742545783.494987
1742545783.532081
1742545783.557179
1742545783.599417
1742545783.630667
1742545783.663343
1742545783.692053
1742545783.730448
1742545783.764053
1742545783.799050
1742545783.827397
1742545783.868301
1742545783.897262
1742545783.930958
1742545783.959820
1742545784.000813
1742545784.028613
1742545784.067109
1742545784.091122
1742545784.131085
1742545784.164166
1742545784.196914
1742545784.228281
1742545784.266970
1742545784.300639
1742545784.328259
1742545784.361998
1742545784.399414
1742545784.430885
1742545784.463407
1742545784.493645
1742545784.531694
1742545784.564881
1742545784.600483
1742545784.624621
1742545784.663987
1742545784.699549
1742545784.731774
1742545784.759162
1742545784.800505
1742545784.830537
1742545784.864026
1742545784.894637
1742545784.931228
1742545784.965033
1742545785.001789
1742545785.025195
1742545785.067196
1742545785.097347
1742545785.130688
1742545785.162424
1742545785.200069
1742545785.229971
1742545785.267816
1742545785.295290
1742545785.331990
1742545785.366755
1742545785.400012
1742545785.428699
1742545785.468734
1742545785.496496
1742545785.531925
1742545785.562484
1742545785.599578
1742545785.630720
1742545785.665792
1742545785.696266
1742545785.731998
1742545785.766858
1742545785.801079
1742545785.828769
1742545785.866508
1742545785.900798
1742545785.931406
1742545785.964725
1742545785.997797
1742545786.030687
1742545786.065564
1742545786.097921
1742545786.129875
1742545786.164972
1742545786.200851
1742545786.231874
1742545786.258548
1742545786.299763
1742545786.329960
1742545786.365221
1742545786.400507
1742545786.432141
1742545786.462721
1742545786.503320
1742545786.530137
1742545786.569024
1742545786.596586
1742545786.631250
1742545786.665889
1742545786.698389
1742545786.731069
1742545786.768331
1742545786.799210
1742545786.828432
1742545786.865853
1742545786.901156
1742545786.929897
1742545786.963789
1742545786.999536
1742545787.031026
1742545787.063844
1742545787.096626
1742545787.133678
1742545787.165332
1742545787.200425
1742545787.228938
1742545787.268815
1742545787.299011
1742545787.332087
1742545787.365622
1742545787.398874
1742545787.431587
1742545787.467194
1742545787.496514
1742545787.532004
1742545787.567755
1742545787.601595
1742545787.628771
1742545787.669085
1742545787.699019
1742545787.732120
1742545787.763160
1742545787.802443
1742545787.831558
1742545787.867566
1742545787.897151
1742545787.934478
1742545787.968813
1742545788.001454
1742545788.029272
1742545788.067560
1742545788.102587
1742545788.130718
1742545788.167361
1742545788.197314
1742545788.232192
1742545788.265340
1742545788.294286
1742545788.329082
1742545788.364162
1742545788.398474
1742545788.426482
1742545788.463239
1742545788.499058
1742545788.530555
1742545788.565187
1742545788.600750
1742545788.630601
1742545788.670098
1742545788.692942
1742545788.731737
1742545788.770923
1742545788.796407
1742545788.829512
1742545788.870977
1742545788.896104
1742545788.932283
1742545788.964780
1742545789.001598
1742545789.030956
1742545789.071670
1742545789.093220
1742545789.131753
1742545789.170237
1742545789.197911
1742545789.230686
1742545789.271705
1742545789.296775
1742545789.331619
1742545789.368146
1742545789.398299
1742545789.434004
1742545789.471004
1742545789.495747
1742545789.532962
1742545789.570501
1742545789.597730
1742545789.631279
1742545789.669039
1742545789.699521
1742545789.732388
1742545789.763920
1742545789.803308
1742545789.830766
1742545789.870862
1742545789.896225
1742545789.935049
1742545789.968748
1742545790.002783
1742545790.029982
1742545790.070966
1742545790.097423
1742545790.136132
1742545790.163465
1742545790.204826
1742545790.230129
1742545790.265102
1742545790.297438
1742545790.331146
1742545790.366906
1742545790.402587
1742545790.430333
1742545790.471084
1742545790.496801
1742545790.535493
1742545790.564463
1742545790.603113
1742545790.630916
1742545790.672240
1742545790.694023
1742545790.733610
1742545790.773353
1742545790.796616
1742545790.834576
1742545790.867085
1742545790.905319
1742545790.930251
1742545790.971516
1742545790.996293
1742545791.034699
1742545791.070477
1742545791.094068
1742545791.135663
1742545791.170325
1742545791.197983
1742545791.230187
1742545791.270190
1742545791.299903
1742545791.334764
1742545791.365375
1742545791.405123
1742545791.430928
1742545791.472412
1742545791.494347
1742545791.539591
1742545791.563774
1742545791.603133
1742545791.629842
1742545791.672230
1742545791.698033
1742545791.732256
1742545791.765941
1742545791.803741
1742545791.831671
1742545791.872779
1742545791.894508
1742545791.936171
1742545791.970891
1742545791.997536
1742545792.028971
1742545792.065181
1742545792.100152
1742545792.130870
1742545792.171724
1742545792.196674
1742545792.232045
1742545792.273546
1742545792.294897
1742545792.340339
1742545792.364107
1742545792.401425
1742545792.430417
1742545792.473318
1742545792.497416
1742545792.538653
1742545792.561526
1742545792.606570
1742545792.630805
1742545792.671757
1742545792.694872
1742545792.739127
1742545792.764781
1742545792.801958
1742545792.830734
1742545792.872964
1742545792.897982
1742545792.937761
1742545792.963743
1742545793.001079
1742545793.041618
1742545793.063956
1742545793.104335
1742545793.130842
1742545793.171244
1742545793.200086
1742545793.231758
1742545793.272403
1742545793.297741
1742545793.333025
1742545793.366508
1742545793.401314
1742545793.440913
1742545793.464061
1742545793.505992
1742545793.530735
1742545793.576298
1742545793.597417
1742545793.632298
1742545793.670534
1742545793.701532
1742545793.740858
1742545793.762117
1742545793.808396
1742545793.830919
1742545793.875552
1742545793.895750
1742545793.942557
1742545793.964261
1742545794.002435
1742545794.032389
1742545794.073069
1742545794.098336
1742545794.141467
1742545794.163673
1742545794.206043
1742545794.231362
1742545794.275419
1742545794.296147
1742545794.338119
1742545794.365141
1742545794.408302
1742545794.429359
1742545794.476041
1742545794.497623
1742545794.543312
1742545794.565611
1742545794.595751
1742545794.641941
1742545794.664223
1742545794.703933
1742545794.737722
1742545794.764193
1742545794.806261
1742545794.831101
1742545794.875980
1742545794.896128
1742545794.942340
1742545794.964006
1742545795.005551
1742545795.029589
1742545795.076784
1742545795.097412
1742545795.138320
1742545795.163029
1742545795.209622
1742545795.231149
1742545795.276358
1742545795.296460
1742545795.343003
1742545795.364416
1742545795.410825
1742545795.429763
1742545795.477272
1742545795.497405
1742545795.543174
1742545795.562943
1742545795.610511
1742545795.631006
1742545795.676939
1742545795.696513
1742545795.743693
1742545795.764435
1742545795.810218
1742545795.830041
1742545795.875703
1742545795.897818
1742545795.944858
1742545795.963423
1742545796.010956
1742545796.031302
1742545796.077525
1742545796.096934
1742545796.142603
1742545796.164679
1742545796.211566
1742545796.230376
1742545796.276078
1742545796.297822
1742545796.343701
1742545796.363848
1742545796.407202
1742545796.432655
1742545796.474446
1742545796.497040
1742545796.542803
1742545796.564585
1742545796.609475
1742545796.630465
1742545796.676440
1742545796.697842
1742545796.744089
1742545796.763879
1742545796.807891
1742545796.831329
1742545796.877736
1742545796.897038
1742545796.940616
1742545796.965851
1742545797.008192
1742545797.030697
1742545797.077356
1742545797.097973
1742545797.144304
1742545797.164090
1742545797.208532
1742545797.231109
1742545797.278130
1742545797.297298
1742545797.344085
1742545797.364640
1742545797.410837
1742545797.430674
1742545797.474698
1742545797.499158
1742545797.540699
1742545797.564248
1742545797.611223
1742545797.631376
1742545797.677862
1742545797.697785
1742545797.731655
1742545797.777504
1742545797.798085
1742545797.844644
1742545797.864352
1742545797.910650
1742545797.931582
1742545797.978070
1742545797.997733
1742545798.045366
1742545798.065043
1742545798.111358
1742545798.131117
1742545798.176397
1742545798.198455
1742545798.244182
1742545798.264609
1742545798.311339
1742545798.331590
1742545798.374650
1742545798.398146
1742545798.445102
1742545798.464970
1742545798.505687
1742545798.532026
1742545798.575898
1742545798.599399
1742545798.638215
1742545798.665411
1742545798.709576
1742545798.731829
1742545798.772757
1742545798.798214
1742545798.844784
1742545798.865366
1742545798.904427
1742545798.935736
1742545798.976610
1742545798.998821
1742545799.042310
1742545799.065046
1742545799.110589
1742545799.131925
1742545799.177790
1742545799.198314
1742545799.245461
1742545799.265173
1742545799.311147
1742545799.331720
1742545799.378795
1742545799.398565
1742545799.444508
1742545799.465200
1742545799.511296
1742545799.531921
1742545799.572002
1742545799.601298
1742545799.642788
1742545799.666744
1742545799.709728
1742545799.731871
1742545799.778464
1742545799.798964
1742545799.843707
1742545799.865483
1742545799.911237
1742545799.932340
1742545799.975816
1742545799.998664
1742545800.041364
1742545800.074092
1742545800.098955
1742545800.135606
1742545800.171523
1742545800.202138
1742545800.235708
1742545800.271291
1742545800.302377
1742545800.340222
1742545800.365850
1742545800.409811
1742545800.433619
1742545800.478551
1742545800.498883
1742545800.545831
1742545800.565986
1742545800.610309
1742545800.632495
1742545800.677401
1742545800.699245
1742545800.745874
1742545800.765690
1742545800.811179
1742545800.832559
1742545800.879532
1742545800.899100
1742545800.946070
1742545800.966147
1742545801.009415
1742545801.032623
1742545801.077681
1742545801.099620
1742545801.146580
1742545801.165935
1742545801.211484
1742545801.232612
1742545801.278955
1742545801.299617
1742545801.346256
1742545801.366661
1742545801.412106
1742545801.433037
1742545801.477697
1742545801.499863
1742545801.546008
1742545801.566361
1742545801.610852
1742545801.634140
1742545801.680071
1742545801.699771
1742545801.746540
1742545801.767157
1742545801.811105
1742545801.833435
1742545801.877291
1742545801.901351
1742545801.947014
1742545801.966493
1742545802.011062
1742545802.033760
1742545802.079988
1742545802.100576
1742545802.146858
1742545802.167325
1742545802.211190
1742545802.234261
1742545802.276833
1742545802.302816
1742545802.343173
1742545802.367794
1742545802.412679
1742545802.433816
1742545802.480135
1742545802.499811
1742545802.546918
1742545802.566665
1742545802.610421
1742545802.633340
1742545802.675559
1742545802.702121
1742545802.743187
1742545802.766619
1742545802.812086
1742545802.833767
1742545802.880739
1742545802.906659
1742545802.933135
1742545802.979793
1742545803.001031
1742545803.046612
1742545803.068556
1742545803.111217
1742545803.135233
1742545803.181068
1742545803.202111
1742545803.244298
1742545803.268316
1742545803.312132
1742545803.335140
1742545803.376742
1742545803.401790
1742545803.446020
1742545803.468826
1742545803.509407
1742545803.535226
1742545803.580039
1742545803.601680
1742545803.645103
1742545803.669002
1742545803.708108
1742545803.743355
1742545803.768859
1742545803.810780
1742545803.837408
1742545803.878634
1742545803.900649
1742545803.948084
1742545803.969368
1742545804.010967
1742545804.035418
1742545804.076197
1742545804.105114
1742545804.147883
1742545804.167339
1742545804.211419
1742545804.239441
1742545804.280338
1742545804.301640
1742545804.347534
1742545804.369816
1742545804.412468
1742545804.436653
1742545804.477478
1742545804.506542
1742545804.546658
1742545804.567541
1742545804.611128
1742545804.639344
1742545804.678636
1742545804.700919
1742545804.745367
1742545804.769976
1742545804.811879
1742545804.834304
1742545804.877740
1742545804.906387
1742545804.946641
1742545804.967550
1742545805.013362
1742545805.035161
1742545805.079055
1742545805.102370
1742545805.144818
1742545805.173593
1742545805.209354
1742545805.236538
1742545805.279766
1742545805.303345
1742545805.347165
1742545805.367951
1742545805.411057
1742545805.440238
1742545805.480884
1742545805.501167
1742545805.544548
1742545805.573273
1742545805.613366
1742545805.636368
1742545805.680546
1742545805.703605
1742545805.748638
1742545805.768205
1742545805.812204
1742545805.840474
1742545805.880547
1742545805.903088
1742545805.945808
1742545805.971063
1742545806.014201
1742545806.035748
1742545806.080054
1742545806.103849
1742545806.147147
1742545806.168563
1742545806.211703
1742545806.240598
1742545806.281474
1742545806.301598
1742545806.344562
1742545806.375446
1742545806.411593
1742545806.436316
1742545806.475250
1742545806.510796
1742545806.544246
1742545806.568870
1742545806.612078
1742545806.641022
1742545806.677799
1742545806.702345
1742545806.745438
1742545806.774459
1742545806.810516
1742545806.837787
1742545806.878934
1742545806.906566
1742545806.948487
1742545806.968574
1742545807.013712
1742545807.037983
1742545807.080356
1742545807.102139
1742545807.147931
1742545807.170936
1742545807.212848
1742545807.236611
1742545807.278225
1742545807.307508
1742545807.344370
1742545807.369622
1742545807.413536
1742545807.438884
1742545807.482042
1742545807.502071
1742545807.548415
1742545807.572592
1742545807.613427
1742545807.635597
1742545807.680199
1742545807.706560
1742545807.747353
1742545807.768742
1742545807.810207
1742545807.841014
1742545807.871673
1742545807.907153
1742545807.946097
1742545807.976052
1742545808.010851
1742545808.039358
1742545808.080691
1742545808.106263
1742545808.148069
1742545808.169188
1742545808.212880
1742545808.240403
1742545808.279381
1742545808.305351
1742545808.346916
1742545808.375172
1742545808.414331
1742545808.437609
1742545808.479390
1742545808.509024
1742545808.547896
1742545808.569325
1742545808.612544
1742545808.641946
1742545808.680771
1742545808.702642
1742545808.747268
1742545808.775012
1742545808.811772
1742545808.837516
1742545808.879601
1742545808.907656
1742545808.945164
1742545808.971859
1742545809.013042
1742545809.041185
1742545809.080141
1742545809.105129
1742545809.146902
1742545809.175448
1742545809.211067
1742545809.240558
1742545809.280979
1742545809.308504
1742545809.345878
1742545809.373127
1742545809.412851
1742545809.442483
1742545809.479501
1742545809.506247
1742545809.547094
1742545809.575895
1742545809.611709
1742545809.640611
1742545809.681238
1742545809.708086
1742545809.746725
1742545809.772976
1742545809.813625
1742545809.843164
1742545809.879274
1742545809.906914
1742545809.945049
1742545809.979818
1742545810.007412
1742545810.042193
1742545810.076884
1742545810.111970
1742545810.145178
1742545810.170737
1742545810.212436
1742545810.241754
1742545810.281822
1742545810.303195
1742545810.349929
1742545810.373908
1742545810.414387
1742545810.437110
1742545810.482287
1742545810.508157
1742545810.547363
1742545810.570299
1742545810.613636
1742545810.643104
1742545810.678864
1742545810.703994
1742545810.749654
1742545810.774431
1742545810.813979
1742545810.836785
1742545810.882724
1742545810.906637
1742545810.948572
1742545810.970374
1742545811.015121
1742545811.043388
1742545811.078671
1742545811.105739
1742545811.147716
1742545811.177133
1742545811.212177
1742545811.248884
1742545811.270660
1742545811.312589
1742545811.343530
1742545811.378749
1742545811.411559
1742545811.439466
1742545811.480769
1742545811.510790
1742545811.546524
1742545811.571309
1742545811.612218
1742545811.646024
1742545811.679181
1742545811.706045
1742545811.747549
1742545811.776979
1742545811.811965
1742545811.838187
1742545811.882534
1742545811.907436
1742545811.949115
1742545811.970787
1742545812.015739
1742545812.042297
1742545812.082804
1742545812.104110
1742545812.147424
1742545812.176861
1742545812.213674
1742545812.240738
1742545812.277097
1742545812.312228
1742545812.347332
1742545812.376277
1742545812.411672
1742545812.447121
1742545812.478332
1742545812.509005
1742545812.547061
1742545812.578228
1742545812.612767
1742545812.641162
1742545812.681334
1742545812.710947
1742545812.748418
1742545812.772296
1742545812.812582
1742545812.847803
1742545812.878327
1742545812.907377
1742545812.946369
1742545812.977393
1742545813.013578
1742545813.040085
1742545813.080273
1742545813.111293
1742545813.148003
1742545813.173211
1742545813.210949
1742545813.247620
1742545813.278186
1742545813.310984
1742545813.345641
1742545813.379496
1742545813.413767
1742545813.442603
1742545813.481833
1742545813.510950
1742545813.547362
1742545813.574208
1742545813.612395
1742545813.647553
1742545813.679644
1742545813.710057
1742545813.746927
1742545813.777952
1742545813.813261
1742545813.843197
1742545813.880964
1742545813.909529
1742545813.948388
1742545813.974067
1742545814.013304
1742545814.046392
1742545814.080088
1742545814.106562
1742545814.149681
1742545814.175651
1742545814.215480
1742545814.238571
1742545814.280997
1742545814.309689
1742545814.346118
1742545814.372704
1742545814.413580
1742545814.445233
1742545814.480607
1742545814.505327
1742545814.547681
1742545814.575977
1742545814.616333
1742545814.638591
1742545814.682818
1742545814.710264
1742545814.750638
1742545814.772007
1742545814.813460
1742545814.847853
1742545814.880130
1742545814.906553
1742545814.948924
1742545814.976537
1742545815.012051
1742545815.040397
1742545815.080487
1742545815.113106
1742545815.146077
1742545815.172303
1742545815.213299
1742545815.245309
1742545815.280977
1742545815.305446
1742545815.347740
1742545815.378441
1742545815.413150
1742545815.439661
1742545815.481803
1742545815.511285
1742545815.547359
1742545815.572581
1742545815.613196
1742545815.648769
1742545815.679107
1742545815.709963
1742545815.750495
1742545815.774772
1742545815.814657
1742545815.840749
1742545815.881386
1742545815.912228
1742545815.948569
1742545815.973658
1742545816.012978
1742545816.045835
1742545816.078166
1742545816.110509
1742545816.147099
1742545816.179190
1742545816.214414
1742545816.243317
1742545816.281408
1742545816.313390
1742545816.348370
1742545816.376256
1742545816.412392
1742545816.447236
1742545816.481777
1742545816.510672
1742545816.547504
1742545816.582019
1742545816.615157
1742545816.642532
1742545816.682492
1742545816.711047
1742545816.749192
1742545816.774160
1742545816.813386
1742545816.846217
1742545816.879556
1742545816.909769
1742545816.951344
1742545816.975847
1742545817.016229
1742545817.040833
1742545817.081691
1742545817.112566
1742545817.147266
1742545817.176332
1742545817.214978
1742545817.248163
1742545817.283011
1742545817.310552
1742545817.348444
1742545817.378564
1742545817.413107
1742545817.444529
1742545817.482888
1742545817.512333
1742545817.546304
1742545817.576325
1742545817.615650
1742545817.645505
1742545817.680931
1742545817.708679
1742545817.749854
1742545817.779835
1742545817.813197
1742545817.843470
1742545817.883521
1742545817.911937
1742545817.948709
1742545817.973507
1742545818.013725
1742545818.048548
1742545818.084032
1742545818.106734
1742545818.147921
1742545818.182594
1742545818.212817
1742545818.241789
1742545818.282668
1742545818.313145
1742545818.347879
1742545818.375610
1742545818.416092
1742545818.445454
1742545818.479742
1742545818.511139
1742545818.552074
1742545818.577710
1742545818.613218
1742545818.645804
1742545818.680685
1742545818.715593
1742545818.747194
1742545818.774830
1742545818.814383
1742545818.848794
1742545818.879251
1742545818.907852
1742545818.948992
1742545818.979574
1742545819.013487
1742545819.043630
1742545819.083417
1742545819.112023
1742545819.147671
1742545819.175115
1742545819.215529
1742545819.247612
1742545819.282985
1742545819.307569
1742545819.348700
1742545819.384399
1742545819.413132
1742545819.445502
1742545819.482671
1742545819.515703
1742545819.548524
1742545819.584439
1742545819.607827
1742545819.647919
1742545819.680152
1742545819.717296
1742545819.748760
1742545819.778407
1742545819.819033
1742545819.845407
1742545819.886213
1742545819.907649
1742545819.949369
1742545819.984302
1742545820.012903
1742545820.046101
1742545820.084566
1742545820.112713
1742545820.151588
1742545820.175104
1742545820.215409
1742545820.250746
1742545820.276386
1742545820.317161
1742545820.347657
1742545820.378664
1742545820.419556
1742545820.445929
1742545820.486080
1742545820.509036
1742545820.551592
1742545820.581216
1742545820.617253
1742545820.644818
1742545820.685302
1742545820.711574
1742545820.749488
1742545820.778591
1742545820.817208
1742545820.849481
1742545820.884496
1742545820.907703
1742545820.942607
1742545820.974839
1742545821.007850
1742545821.041263
1742545821.074434
1742545821.115987
1742545821.151146
1742545821.177002
1742545821.218311
1742545821.247621
1742545821.285442
1742545821.311567
1742545821.351657
1742545821.381192
1742545821.415728
1742545821.446416
1742545821.486839
1742545821.511712
1742545821.553183
1742545821.575081
1742545821.616486
1742545821.649456
1742545821.680981
1742545821.711284
1742545821.749282
1742545821.781195
1742545821.817222
1742545821.841954
1742545821.880147
1742545821.916372
1742545821.948194
1742545821.977487
1742545822.013706
1742545822.045047
1742545822.079139
1742545822.109095
1742545822.151416
1742545822.180817
1742545822.217180
1742545822.242878
1742545822.281968
1742545822.316257
1742545822.352739
1742545822.376412
1742545822.417755
1742545822.449107
1742545822.488270
1742545822.509069
1742545822.553617
1742545822.578703
1742545822.619800
1742545822.642530
1742545822.688012
1742545822.711943
1742545822.752112
1742545822.775708
1742545822.818309
1742545822.848222
1742545822.885911
1742545822.909191
1742545822.954478
1742545822.978752
1742545823.021859
1742545823.042712
1742545823.086593
1742545823.112025
1742545823.153797
1742545823.176090
1742545823.219953
1742545823.246361
1742545823.286180
1742545823.309604
1742545823.348907
1742545823.381813
1742545823.416665
1742545823.447122
1742545823.487172
1742545823.512097
1742545823.553148
1742545823.576406
1742545823.619181
1742545823.646898
1742545823.686636
1742545823.709943
1742545823.753263
1742545823.778855
1742545823.816071
1742545823.847295
1742545823.887943
1742545823.912455
1742545823.953872
1742545823.976654
1742545824.019417
1742545824.046436
1742545824.084719
1742545824.110954
1742545824.149971
1742545824.186800
1742545824.212899
1742545824.247651
1742545824.287110
1742545824.313229
1742545824.355150
1742545824.376471
1742545824.421568
1742545824.445667
1742545824.487694
1742545824.511386
1742545824.550417
1742545824.587301
1742545824.612583
1742545824.652938
1742545824.679187
1742545824.720887
1742545824.746781
1742545824.788048
1742545824.811752
1742545824.851319
1742545824.886581
1742545824.912023
1742545824.950322
1742545824.986151
1742545825.013584
1742545825.049381
1742545825.083595
1742545825.118201
1742545825.151518
1742545825.177138
1742545825.222553
1742545825.246063
1742545825.284653
1742545825.310400
1742545825.344135
1742545825.385850
1742545825.415708
1742545825.447050
1742545825.488719
1742545825.512624
1742545825.556688
1742545825.577009
1742545825.622439
1742545825.645962
1742545825.688699
1742545825.710762
1742545825.755993
1742545825.779184
1742545825.821820
1742545825.843987
1742545825.890231
1742545825.912574
1742545825.953208
1742545825.977570
1742545826.023039
1742545826.045462
1742545826.088728
1742545826.110710
1742545826.155568
1742545826.180190
1742545826.219476
1742545826.244370
1742545826.290562
1742545826.312797
1742545826.352306
1742545826.378717
1742545826.421651
1742545826.447097
1742545826.488323
1742545826.510976
1742545826.557971
1742545826.579377
1742545826.617898
1742545826.648740
1742545826.688768
1742545826.713897
1742545826.757032
1742545826.777855
1742545826.824701
1742545826.846152
1742545826.887973
1742545826.911105
1742545826.958206
1742545826.979483
1742545827.022910
1742545827.044645
1742545827.092033
1742545827.112614
1742545827.158028
1742545827.177942
1742545827.225005
1742545827.246124
1742545827.291440
1742545827.311286
1742545827.358385
1742545827.379628
1742545827.425484
1742545827.444980
1742545827.491503
1742545827.513047
1742545827.552707
1742545827.579769
1742545827.618553
1742545827.654735
1742545827.682274
1742545827.716766
1742545827.752335
1742545827.785759
1742545827.821228
1742545827.853323
1742545827.879803
1742545827.924908
1742545827.945379
1742545827.991673
1742545828.013249
1742545828.057865
1742545828.079924
1742545828.122288
1742545828.145985
1742545828.191536
1742545828.213371
1742545828.259039
1742545828.279098
1742545828.326262
1742545828.345971
1742545828.392577
1742545828.412190
1742545828.459419
1742545828.479793
1742545828.517959
1742545828.553008
1742545828.584686
1742545828.625098
1742545828.645551
1742545828.692381
1742545828.713175
1742545828.756006
1742545828.779061
1742545828.825702
1742545828.846497
1742545828.892506
1742545828.912425
1742545828.956704
1742545828.980134
1742545829.026684
1742545829.045734
1742545829.091911
1742545829.113308
1742545829.156344
1742545829.179156
1742545829.225905
1742545829.246358
1742545829.292909
1742545829.312476
1742545829.358824
1742545829.379974
1742545829.426109
1742545829.445842
1742545829.491343
1742545829.513504
1742545829.559367
1742545829.579147
1742545829.625963
1742545829.646646
1742545829.692183
1742545829.712531
1742545829.758427
1742545829.779967
1742545829.823168
1742545829.846040
1742545829.891781
1742545829.913157
1742545829.959028
1742545829.979319
1742545830.025498
1742545830.046803
1742545830.093703
1742545830.112722
1742545830.155700
1742545830.181117
1742545830.224669
1742545830.246207
1742545830.293367
1742545830.313140
1742545830.359047
1742545830.379540
1742545830.426719
1742545830.446372
1742545830.490094
1742545830.513090
1742545830.558658
1742545830.580455
1742545830.626483
1742545830.646485
1742545830.692049
1742545830.713939
1742545830.757487
1742545830.779824
1742545830.826673
1742545830.846783
1742545830.893820
1742545830.913175
1742545830.958977
1742545830.980275
1742545831.023843
1742545831.046463
1742545831.089812
1742545831.113862
1742545831.158518
1742545831.179865
1742545831.223389
1742545831.247199
1742545831.292301
1742545831.313288
1742545831.359352
1742545831.380283
1742545831.426882
1742545831.446688
1742545831.490050
1742545831.513732
1742545831.557919
1742545831.579969
1742545831.626166
1742545831.647036
1742545831.693688
1742545831.713427
1742545831.759450
1742545831.780402
1742545831.826808
1742545831.846912
1742545831.893890
1742545831.913937
1742545831.957481
1742545831.980214
1742545832.023584
1742545832.050291
1742545832.092714
1742545832.113701
1742545832.158235
1742545832.180578
1742545832.226993
1742545832.246969
1742545832.291054
1742545832.314008
1742545832.359686
1742545832.380256
1742545832.425661
1742545832.447288
1742545832.490676
1742545832.513616
1742545832.554797
1742545832.580658
1742545832.626992
1742545832.646881
1742545832.691040
1742545832.713548
1742545832.757561
1742545832.780607
1742545832.826933
1742545832.847021
1742545832.892599
1742545832.913978
1742545832.957869
1742545832.980487
1742545833.025914
1742545833.047907
1742545833.091503
1742545833.113917
1742545833.159809
1742545833.180686
1742545833.224160
1742545833.247152
1742545833.290641
1742545833.314354
1742545833.359422
1742545833.380585
1742545833.427153
1742545833.448117
1742545833.484222
1742545833.522228
1742545833.549146
1742545833.592131
1742545833.614033
1742545833.658849
1742545833.681141
1742545833.722305
1742545833.748216
1742545833.794838
1742545833.814229
1742545833.859540
1742545833.881102
1742545833.926912
1742545833.947698
1742545833.990779
1742545834.014938
1742545834.061869
1742545834.081056
1742545834.127412
1742545834.148584
1742545834.191872
1742545834.214452
1742545834.261118
1742545834.281284
1742545834.327633
1742545834.347867
1742545834.395361
1742545834.415335
1742545834.461498
1742545834.481422
1742545834.524702
1742545834.551077
1742545834.593101
1742545834.614743
1742545834.661607
1742545834.682443
1742545834.727626
1742545834.748149
1742545834.795119
1742545834.815658
1742545834.862317
1742545834.881507
1742545834.925496
1742545834.951684
1742545834.994150
1742545835.015004
1742545835.057309
1742545835.084112
1742545835.128105
1742545835.148355
1742545835.194503
1742545835.216119
1742545835.262902
1742545835.281643
1742545835.328034
1742545835.350196
1742545835.391833
1742545835.415165
1742545835.458501
1742545835.486453
1742545835.527200
1742545835.548450
1742545835.595698
1742545835.616504
1742545835.659805
1742545835.682037
1742545835.728289
1742545835.750315
1742545835.795421
1742545835.815399
1742545835.859207
1742545835.886285
1742545835.926652
1742545835.949481
1742545835.994105
1742545836.017238
1742545836.060096
1742545836.082438
1742545836.128368
1742545836.150164
1742545836.196812
1742545836.217902
1742545836.261995
1742545836.282161
1742545836.326560
1742545836.352999
1742545836.394724
1742545836.417340
1742545836.461088
1742545836.483834
1742545836.526627
1742545836.554338
1742545836.584364
1742545836.623195
1742545836.658788
1742545836.684921
1742545836.722324
1742545836.754663
1742545836.795582
1742545836.818260
1742545836.854305
1742545836.892950
1742545836.921707
1742545836.962603
1742545836.982485
1742545837.025422
1742545837.054962
1742545837.095278
1742545837.116053
1742545837.162638
1742545837.184914
1742545837.228243
1742545837.249351
1742545837.296402
1742545837.318113
1742545837.364007
1742545837.382693
1742545837.427053
1742545837.452275
1742545837.495099
1742545837.516014
1742545837.562962
1742545837.585332
1742545837.627696
1742545837.649458
1742545837.693834
1742545837.720004
1742545837.761431
1742545837.783001
1742545837.826200
1742545837.854931
1742545837.895527
1742545837.916362
1742545837.962418
1742545837.985442
1742545838.028136
1742545838.049694
1742545838.093531
1742545838.122404
1742545838.162140
1742545838.182976
1742545838.226344
1742545838.254432
1742545838.295824
1742545838.316452
1742545838.363636
1742545838.385591
1742545838.427060
1742545838.449704
1742545838.497137
1742545838.519488
1742545838.563669
1742545838.583255
1742545838.628435
1742545838.652851
1742545838.695072
1742545838.716668
1742545838.763608
1742545838.786190
1742545838.828219
1742545838.850013
1742545838.894081
1742545838.922928
1742545838.960128
1742545838.983796
1742545839.026780
1742545839.056321
1742545839.093730
1742545839.117861
1742545839.164293
1742545839.187103
1742545839.227826
1742545839.250720
1742545839.295216
1742545839.320372
1742545839.361245
1742545839.384356
1742545839.427435
1742545839.456952
1742545839.493276
1742545839.519197
1742545839.560589
1742545839.590469
1742545839.627590
1742545839.651155
1742545839.695394
1742545839.720765
1742545839.762343
1742545839.784136
1742545839.826846
1742545839.855870
1742545839.897263
1742545839.917328
1742545839.962603
1742545839.987899
1742545840.027988
1742545840.050742
1742545840.095858
1742545840.120814
1742545840.162714
1742545840.183904
1742545840.227686
1742545840.255772
1742545840.295869
1742545840.317378
1742545840.361167
1742545840.390121
1742545840.425616
1742545840.452461
1742545840.496244
1742545840.521227
1742545840.562647
1742545840.584165
1742545840.626945
1742545840.658711
1742545840.693844
1742545840.717610
1742545840.761516
1742545840.789290
1742545840.828221
1742545840.850947
1742545840.895460
1742545840.923082
1742545840.960898
1742545840.985141
1742545841.028240
1742545841.056510
1742545841.097221
1742545841.117929
1742545841.162761
1742545841.188671
1742545841.228360
1742545841.251408
1742545841.296914
1742545841.321988
1742545841.359994
1742545841.384702
1742545841.427472
1742545841.457243
1742545841.493562
1742545841.518051
1742545841.563336
1742545841.588771
1742545841.628420
1742545841.651266
1742545841.697237
1742545841.722250
1742545841.759897
1742545841.787756
1742545841.828056
1742545841.857365
1742545841.896951
1742545841.918236
1742545841.964388
1742545841.988784
1742545842.026687
1742545842.051833
1742545842.096909
1742545842.122888
1742545842.163098
1742545842.184847
1742545842.228371
1742545842.257459
1742545842.294443
1742545842.318410
1742545842.365253
1742545842.389149
1742545842.426453
1742545842.456064
1742545842.493472
1742545842.526257
1742545842.562346
1742545842.587322
1742545842.627897
1742545842.660486
1742545842.694018
1742545842.722709
1742545842.760212
1742545842.795318
1742545842.824960
1742545842.856901
1742545842.892870
1742545842.927371
1742545842.961037
1742545842.987958
1742545843.027703
1742545843.059487
1742545843.094611
1742545843.122408
1742545843.162257
1742545843.191224
1742545843.227878
1742545843.256604
1742545843.295392
1742545843.324686
1742545843.360922
1742545843.390177
1742545843.427846
1742545843.457223
1742545843.497084
1742545843.519144
1742545843.561100
1742545843.593550
1742545843.627749
1742545843.652465
1742545843.699053
1742545843.723216
1742545843.761128
1742545843.787007
1742545843.828738
1742545843.858658
1742545843.895045
1742545843.919937
1742545843.963177
1742545843.992518
1742545844.027350
1742545844.052775
1742545844.098118
1742545844.124102
1742545844.164408
1742545844.185956
1742545844.227699
1742545844.256876
1742545844.296750
1742545844.319275
1742545844.360701
1742545844.392087
1742545844.427223
1742545844.453270
1742545844.496071
1742545844.525173
1742545844.561049
1742545844.596932
1742545844.619620
1742545844.662639
1742545844.694189
1742545844.728164
1742545844.762152
1742545844.786599
1742545844.828617
1742545844.861129
1742545844.896455
1742545844.921115
1742545844.963099
1742545844.993460
1742545845.027478
1742545845.056553
1742545845.095352
1742545845.127722
1742545845.162005
1742545845.187575
1742545845.228183
1742545845.259230
1742545845.295908
1742545845.319942
1742545845.364994
1742545845.390906
1742545845.429130
1742545845.453181
1742545845.495401
1742545845.526473
1742545845.562000
1742545845.586456
1742545845.627790
1742545845.660643
1742545845.695084
1742545845.721723
1742545845.764956
1742545845.790621
1742545845.828627
1742545845.856906
1742545845.895772
1742545845.926873
1742545845.961855
1742545845.990182
1742545846.028128
1742545846.059318
1742545846.095305
1742545846.125077
1742545846.160954
1742545846.196515
1742545846.227118
1742545846.258140
1742545846.296756
1742545846.326065
1742545846.362493
1742545846.388116
1742545846.428000
1742545846.459802
1742545846.497763
1742545846.520864
1742545846.562664
1742545846.594886
1742545846.623363
1742545846.661872
1742545846.692152
1742545846.728418
1742545846.758347
1742545846.796416
1742545846.826454
1742545846.862422
1742545846.891613
1742545846.928052
1742545846.961785
1742545846.995398
1742545847.023118
1742545847.062204
1742545847.089814
1742545847.128410
1742545847.156502
1742545847.197247
1742545847.226274
1742545847.262337
1742545847.287372
1742545847.327935
1742545847.358097
1742545847.398891
1742545847.420641
1742545847.463108
1742545847.494220
1742545847.528016
1742545847.554570
1742545847.595193
1742545847.627592
1742545847.660396
1742545847.690174
1742545847.728456
1742545847.760257
1742545847.796553
1742545847.821216
1742545847.865095
1742545847.891900
1742545847.929321
1742545847.956460
1742545847.997834
1742545848.026511
1742545848.062521
1742545848.088391
1742545848.129082
1742545848.159169
1742545848.196815
1742545848.221245
1742545848.263775
1742545848.293316
1742545848.327772
1742545848.358796
1742545848.395816
1742545848.427704
1742545848.458092
1742545848.499351
1742545848.524719
1742545848.562221
1742545848.590867
1742545848.628921
1742545848.662432
1742545848.696280
1742545848.722979
1742545848.763903
1742545848.794526
1742545848.826537
1742545848.860002
1742545848.895445
1742545848.927517
1742545848.959741
1742545848.992784
1742545849.028253
1742545849.063297
1742545849.098433
1742545849.121590
1742545849.161973
1742545849.195863
1742545849.228122
1742545849.258238
1742545849.295179
1742545849.328385
1742545849.361468
1742545849.390617
1742545849.427337
1742545849.460244
1742545849.498231
1742545849.522003
1742545849.562092
1742545849.595192
1742545849.627469
1742545849.659854
1742545849.694411
1742545849.728206
1742545849.762693
1742545849.793075
1742545849.828209
1742545849.863039
1742545849.897743
1742545849.925936
1742545849.963375
1742545849.998360
1742545850.026974
1742545850.062287
1742545850.096180
1742545850.128509
1742545850.163563
1742545850.193645
1742545850.229291
1742545850.263925
1742545850.295153
1742545850.326591
1742545850.366116
1742545850.393163
1742545850.429575
1742545850.459381
1742545850.497693
1742545850.526400
1742545850.564070
1742545850.593226
1742545850.628296
1742545850.664420
1742545850.697203
1742545850.725550
1742545850.764806
1742545850.795294
1742545850.828521
1742545850.858476
1742545850.895617
1742545850.928206
1742545850.959579
1742545850.993516
1742545851.028183
1742545851.063587
1742545851.099073
1742545851.122786
1742545851.163493
1742545851.198526
1742545851.226981
1742545851.259564
1742545851.299978
1742545851.327384
1742545851.362749
1742545851.389613
1742545851.428456
1742545851.463104
1742545851.498416
1742545851.522979
1742545851.562938
1742545851.597860
1742545851.627578
1742545851.662275
1742545851.696833
1742545851.729169
1742545851.764326
1742545851.793459
1742545851.829564
1742545851.865461
1742545851.897687
1742545851.924557
1742545851.967084
1742545851.996092
1742545852.027748
1742545852.058088
1742545852.091525
1742545852.128245
1742545852.162552
1742545852.194463
1742545852.229678
1742545852.265272
1742545852.295765
1742545852.327163
1742545852.365035
1742545852.397657
1742545852.429431
1742545852.461036
1742545852.500486
1742545852.527573
1742545852.564914
1742545852.593115
1742545852.629149
1742545852.665032
1742545852.699919
1742545852.726689
1742545852.767845
1742545852.794696
1742545852.828032
1742545852.868563
1742545852.893138
1742545852.929536
1742545852.956622
1742545852.998469
1742545853.028601
1742545853.065298
1742545853.096762
1742545853.127285
1742545853.166516
1742545853.196500
1742545853.229449
1742545853.258981
1742545853.300663
1742545853.327234
1742545853.368216
1742545853.389949
1742545853.429102
1742545853.466768
1742545853.496667
1742545853.526510
1742545853.567820
1742545853.593345
1742545853.628503
1742545853.660672
1742545853.701143
1742545853.726560
1742545853.767182
1742545853.791903
1742545853.829647
1742545853.867218
1742545853.897268
1742545853.927567
1742545853.968529
1742545853.993426
1742545854.031455
1742545854.061786
1742545854.099450
1742545854.127793
1742545854.167011
1742545854.190767
1742545854.226780
1742545854.264984
1742545854.298630
1742545854.325343
1742545854.363656
1742545854.398540
1742545854.428042
1742545854.462037
1742545854.501205
1742545854.526630
1742545854.568206
1742545854.590626
1742545854.629711
1742545854.666842
1742545854.696835
1742545854.725953
1742545854.764242
1742545854.796975
1742545854.830444
1742545854.860076
1742545854.901150
1742545854.927318
1742545854.967418
1742545854.990683
1742545855.034250
1742545855.060597
1742545855.101440
1742545855.124210
1742545855.168417
1742545855.193696
1742545855.234024
1742545855.257522
1742545855.304749
1742545855.326641
1742545855.367622
1742545855.391236
1742545855.437142
1742545855.460691
1742545855.502337
1742545855.524442
1742545855.567806
1742545855.594866
1742545855.633379
1742545855.658205
1742545855.701085
1742545855.727550
1742545855.769990
1742545855.791186
1742545855.830178
1742545855.869414
1742545855.895128
1742545855.927164
1742545855.970587
1742545855.994239
1742545856.032976
1742545856.058216
1742545856.103664
1742545856.126998
1742545856.167294
1742545856.191526
1742545856.236010
1742545856.260986
1742545856.298952
1742545856.326324
1742545856.366720
1742545856.401449
1742545856.428609
1742545856.462811
1742545856.501244
1742545856.527836
1742545856.569164
1742545856.591867
1742545856.632614
1742545856.668550
1742545856.695155
1742545856.731966
1742545856.765256
1742545856.798204
1742545856.834699
1742545856.860079
1742545856.899093
1742545856.931282
1742545856.968940
1742545856.992271
1742545857.035215
1742545857.061581
1742545857.100206
1742545857.126132
1742545857.167767
1742545857.194843
1742545857.235784
1742545857.258819
1742545857.303488
1742545857.327686
1742545857.370294
1742545857.391972
1742545857.434724
1742545857.462137
1742545857.504150
1742545857.525459
1742545857.570367
1742545857.594944
1742545857.629442
1742545857.664818
1742545857.697965
1742545857.735058
1742545857.765158
1742545857.798124
1742545857.830453
1742545857.870021
1742545857.895748
1742545857.934367
1742545857.961265
1742545858.003601
1742545858.028227
1742545858.070922
1742545858.093385
1742545858.139474
1742545858.161404
1742545858.201811
1742545858.228180
1742545858.270557
1742545858.294632
1742545858.334171
1742545858.361452
1742545858.405217
1742545858.427372
1742545858.464100
1742545858.499657
1742545858.534915
1742545858.561508
1742545858.597701
1742545858.630927
1742545858.672949
1742545858.694241
1742545858.729000
1742545858.770167
1742545858.795424
1742545858.836419
1742545858.859568
1742545858.905609
1742545858.928284
1742545858.971716
1742545858.992813
1742545859.038638
1742545859.060771
1742545859.105198
1742545859.126316
1742545859.170948
1742545859.194984
1742545859.230383
1742545859.264469
1742545859.299557
1742545859.333353
1742545859.370100
1742545859.392925
1742545859.440381
1742545859.461152
1742545859.505427
1742545859.526398
1742545859.573420
1742545859.594377
1742545859.638584
1742545859.659671
1742545859.707452
1742545859.727216
1742545859.774147
1742545859.793226
1742545859.840770
1742545859.860706
1742545859.904558
1742545859.926815
1742545859.974514
1742545859.994499
1742545860.034930
1742545860.060165
1742545860.107032
1742545860.128282
1742545860.171585
1742545860.193474
1742545860.240294
1742545860.261720
1742545860.307175
1742545860.326915
1742545860.374049
1742545860.393503
1742545860.439948
1742545860.461555
1742545860.507199
1742545860.527005
1742545860.574133
1742545860.594463
1742545860.640215
1742545860.660309
1742545860.707116
1742545860.728469
1742545860.773866
1742545860.793646
1742545860.840990
1742545860.861860
1742545860.902752
1742545860.928520
1742545860.974012
1742545860.995365
1742545861.030444
1742545861.069240
1742545861.095366
1742545861.136736
1742545861.160884
1742545861.205660
1742545861.228460
1742545861.274879
1742545861.294040
1742545861.341196
1742545861.361705
1742545861.405028
1742545861.428589
1742545861.469134
1742545861.495298
1742545861.541087
1742545861.561741
1742545861.605037
1742545861.628005
1742545861.674849
1742545861.695034
1742545861.735117
1742545861.761989
1742545861.808622
1742545861.828459
1742545861.874298
1742545861.894550
1742545861.940861
1742545861.962251
1742545862.008590
1742545862.028017
1742545862.073539
1742545862.095612
1742545862.134212
1742545862.164883
1742545862.207319
1742545862.228800
1742545862.267833
1742545862.295366
1742545862.336990
1742545862.362695
1742545862.398328
1742545862.439326
1742545862.462010
1742545862.507475
1742545862.527972
1742545862.574074
1742545862.595465
1742545862.641308
1742545862.661264
1742545862.705093
1742545862.730160
1742545862.771660
1742545862.794630
1742545862.841391
1742545862.862082
1742545862.906550
1742545862.928390
1742545862.974975
1742545862.995351
1742545863.039556
1742545863.061908
1742545863.106146
1742545863.130973
1742545863.173338
1742545863.195122
1742545863.242194
1742545863.262021
1742545863.308727
1742545863.328344
1742545863.372218
1742545863.398090
1742545863.441350
1742545863.461804
1742545863.505006
1742545863.530972
1742545863.573681
1742545863.595066
1742545863.642314
1742545863.662292
1742545863.708529
1742545863.728584
1742545863.771797
1742545863.797770
1742545863.840974
1742545863.862072
1742545863.906808
1742545863.930491
1742545863.973709
1742545863.995477
1742545864.042551
1742545864.062374
1742545864.106319
1742545864.129146
1742545864.173428
1742545864.195860
1742545864.242756
1742545864.262373
1742545864.308606
1742545864.329299
1742545864.376064
1742545864.395692
1742545864.442191
1742545864.462897
1742545864.508242
1742545864.529422
1742545864.572951
1742545864.599320
1742545864.640651
1742545864.662734
1742545864.708790
1742545864.729431
1742545864.775409
1742545864.796362
1742545864.843065
1742545864.862822
1742545864.908482
1742545864.929586
1742545864.972822
1742545865.000070
1742545865.040673
1742545865.063104
1742545865.108237
1742545865.129643
1742545865.176591
1742545865.195944
1742545865.242909
1742545865.263111
1742545865.306735
1742545865.329390
1742545865.374065
1742545865.396278
1742545865.443761
1742545865.462703
1742545865.508485
1742545865.529694
1742545865.573247
1742545865.596490
1742545865.643538
1742545865.663133
1742545865.708951
1742545865.729800
1742545865.773683
1742545865.797105
1742545865.843833
1742545865.862973
1742545865.906908
1742545865.930012
1742545865.975937
1742545865.996136
1742545866.043054
1742545866.063326
1742545866.109633
1742545866.129615
1742545866.174271
1742545866.196733
1742545866.243314
1742545866.263153
1742545866.309264
1742545866.330112
1742545866.377113
1742545866.396454
1742545866.443414
1742545866.463787
1742545866.509734
1742545866.529786
1742545866.572110
1742545866.601812
1742545866.643188
1742545866.663297
1742545866.708939
1742545866.730410
1742545866.774101
1742545866.797635
1742545866.843096
1742545866.864298
1742545866.909448
1742545866.930302
1742545866.973821
1742545867.000824
1742545867.044007
1742545867.063602
1742545867.109729
1742545867.131001
1742545867.177869
1742545867.196839
1742545867.244116
1742545867.265107
1742545867.307946
1742545867.330205
1742545867.373141
1742545867.400691
1742545867.442665
1742545867.463549
1742545867.509641
1742545867.531004
1742545867.575585
1742545867.597141
1742545867.644131
1742545867.664861
1742545867.709021
1742545867.730390
1742545867.776383
1742545867.797673
1742545867.843343
1742545867.863859
1742545867.908527
1742545867.934469
1742545867.976113
1742545867.997576
1742545868.043050
1742545868.064998
1742545868.109015
1742545868.131107
1742545868.177116
1742545868.199014
1742545868.242443
1742545868.264029
1742545868.309719
1742545868.332058
1742545868.378380
1742545868.397363
1742545868.443492
1742545868.466020
1742545868.508946
1742545868.530817
1742545868.578032
1742545868.599106
1742545868.643116
1742545868.664231
1742545868.708389
1742545868.732228
1742545868.775729
1742545868.797606
1742545868.844664
1742545868.866107
1742545868.908827
1742545868.931187
1742545868.978528
1742545868.999457
1742545869.042848
1742545869.065192
1742545869.108417
1742545869.135330
1742545869.177747
1742545869.197883
1742545869.241399
1742545869.269961
1742545869.308830
1742545869.331231
1742545869.377986
1742545869.399732
1742545869.442946
1742545869.464947
1742545869.507774
1742545869.536133
1742545869.577902
1742545869.607114
1742545869.631453
1742545869.678986
1742545869.700361
1742545869.744510
1742545869.768007
1742545869.801311
1742545869.842753
1742545869.869650
1742545869.908647
1742545869.931531
1742545869.975178
1742545870.004082
1742545870.044581
1742545870.064770
1742545870.107791
1742545870.136784
1742545870.177589
1742545870.198442
1742545870.245224
1742545870.267325
1742545870.309024
1742545870.331635
1742545870.377105
1742545870.400627
1742545870.441645
1742545870.465053
1742545870.509696
1742545870.534715
1742545870.578351
1742545870.598287
1742545870.644326
1742545870.667614
1742545870.708550
1742545870.731904
1742545870.778099
1742545870.801567
1742545870.844419
1742545870.865153
1742545870.909095
1742545870.935643
1742545870.977609
1742545870.998522
1742545871.046061
1742545871.067393
1742545871.108947
1742545871.132745
1742545871.177652
1742545871.201481
1742545871.244795
1742545871.265516
1742545871.309939
1742545871.337541
1742545871.376975
1742545871.398977
1742545871.441750
1742545871.468248
1742545871.508271
1742545871.532533
1742545871.576904
1742545871.602400
1742545871.644723
1742545871.665618
1742545871.708046
1742545871.735429
1742545871.777411
1742545871.798978
1742545871.844720
1742545871.869050
1742545871.908534
1742545871.933027
1742545871.977366
1742545872.004870
1742545872.044439
1742545872.065724
1742545872.108137
1742545872.136460
1742545872.178485
1742545872.199472
1742545872.243003
1742545872.270474
1742545872.309968
1742545872.332696
1742545872.379269
1742545872.402849
1742545872.444184
1742545872.466103
1742545872.508267
1742545872.537835
1742545872.575853
1742545872.599378
1742545872.642953
1742545872.671368
1742545872.709709
1742545872.732981
1742545872.777615
1742545872.802879
1742545872.844873
1742545872.867407
1742545872.908155
1742545872.941878
1742545872.975920
1742545873.000526
1742545873.045637
1742545873.069821
1742545873.111696
1742545873.133199
1742545873.180225
1742545873.203533
1742545873.244838
1742545873.266203
1742545873.308703
1742545873.341686
1742545873.376349
1742545873.399584
1742545873.441388
1742545873.474768
1742545873.508192
1742545873.532949
1742545873.579023
1742545873.603807
1742545873.644640
1742545873.666440
1742545873.711599
1742545873.737457
1742545873.778893
1742545873.799795
1742545873.844534
1742545873.871965
1742545873.908706
1742545873.937895
1742545873.978227
1742545874.005862
1742545874.043745
1742545874.070411
1742545874.111125
1742545874.140102
1742545874.176682
1742545874.201823
1742545874.244023
1742545874.273357
1742545874.309091
1742545874.337527
1742545874.376559
1742545874.407149
1742545874.443354
1742545874.468297
1742545874.511064
1742545874.540077
1742545874.577356
1742545874.602446
1742545874.644470
1742545874.673902
1742545874.711088
1742545874.734723
1742545874.779440
1742545874.804666
1742545874.844905
1742545874.867730
1742545874.911365
1742545874.940268
1742545874.978047
1742545875.002178
1742545875.045481
1742545875.070311
1742545875.110150
1742545875.134818
1742545875.178946
1742545875.205538
1742545875.245190
1742545875.267255
1742545875.311919
1742545875.340322
1742545875.376677
1742545875.400647
1742545875.446283
1742545875.471370
1742545875.510374
1742545875.534271
1742545875.579827
1742545875.605355
1742545875.645514
1742545875.667533
1742545875.712793
1742545875.738735
1742545875.779030
1742545875.801090
1742545875.846097
1742545875.871942
1742545875.911515
1742545875.937191
1742545875.979439
1742545876.006164
1742545876.046386
1742545876.068792
1742545876.110498
1742545876.141888
1742545876.177572
1742545876.204046
1742545876.245920
1742545876.273287
1742545876.311377
1742545876.335385
1742545876.380573
1742545876.405541
1742545876.442785
1742545876.471888
1742545876.511648
1742545876.540853
1742545876.576391
1742545876.605660
1742545876.644178
1742545876.674863
1742545876.711400
1742545876.736305
1742545876.780687
1742545876.806147
1742545876.845850
1742545876.868523
1742545876.908860
1742545876.944967
1742545876.974494
1742545877.006235
1742545877.044907
1742545877.075172
1742545877.109975
1742545877.135021
1742545877.178728
1742545877.207699
1742545877.245169
1742545877.268091
1742545877.309566
1742545877.342973
1742545877.377870
1742545877.401469
1742545877.444933
1742545877.474720
1742545877.509248
1742545877.534919
1742545877.577925
1742545877.608282
1742545877.644454
1742545877.668426
1742545877.709852
1742545877.743858
1742545877.776873
1742545877.803356
1742545877.845198
1742545877.875016
1742545877.909612
1742545877.945723
1742545877.968608
1742545878.010781
1742545878.043942
1742545878.074749
1742545878.110295
1742545878.138599
1742545878.177704
1742545878.207865
1742545878.244273
1742545878.270776
1742545878.308429
1742545878.345150
1742545878.375653
1742545878.404014
1742545878.446691
1742545878.474765
1742545878.510751
1742545878.535391
1742545878.579089
1742545878.607928
1742545878.643842
1742545878.669036
1742545878.710571
1742545878.742846
1742545878.778044
1742545878.803627
1742545878.845784
1742545878.874457
1742545878.912417
1742545878.935828
1742545878.978394
1742545879.008479
1742545879.044342
1742545879.069369
1742545879.110381
1742545879.143678
1742545879.177525
1742545879.204919
1742545879.244861
1742545879.275435
1742545879.309905
1742545879.339991
1742545879.379562
1742545879.407578
1742545879.446856
1742545879.469386
1742545879.510595
1742545879.544668
1742545879.578288
1742545879.607170
1742545879.644130
1742545879.675473
1742545879.710602
1742545879.740142
1742545879.778626
1742545879.809157
1742545879.845060
1742545879.873981
1742545879.911705
1742545879.945703
1742545879.979024
1742545880.007540
1742545880.042918
1742545880.078723
1742545880.111389
1742545880.141535
1742545880.177089
1742545880.211700
1742545880.245605
1742545880.273934
1742545880.312294
1742545880.341886
1742545880.379332
1742545880.405599
1742545880.445094
1742545880.477860
1742545880.511824
1742545880.537530
1742545880.577882
1742545880.611391
1742545880.646207
1742545880.669702
1742545880.713539
1742545880.743229
1742545880.776682
1742545880.804928
1742545880.845796
1742545880.876339
1742545880.907167
1742545880.942092
1742545880.976778
1742545881.009035
1742545881.045039
1742545881.070597
1742545881.109808
1742545881.143682
1742545881.177668
1742545881.205133
1742545881.246445
1742545881.278572
1742545881.311370
1742545881.340191
1742545881.379097
1742545881.410060
1742545881.443039
1742545881.474258
1742545881.510398
1742545881.545397
1742545881.578999
1742545881.603616
1742545881.645561
1742545881.679389
1742545881.710491
1742545881.738089
1742545881.779994
1742545881.808936
1742545881.845187
1742545881.871508
1742545881.907871
1742545881.940045
1742545881.975876
1742545882.008136
1742545882.041747
1742545882.074400
1742545882.107789
1742545882.142731
1742545882.178141
1742545882.211017
1742545882.246271
1742545882.271332
1742545882.312092
1742545882.347033
1742545882.376349
1742545882.407418
1742545882.445527
1742545882.479077
1742545882.508806
1742545882.541135
1742545882.580590
1742545882.609499
1742545882.641647
1742545882.677687
1742545882.710188
1742545882.744558
1742545882.774527
1742545882.814966
1742545882.841640
1742545882.882133
1742545882.904295
1742545882.945276
1742545882.980240
1742545883.009018
1742545883.041966
1742545883.077130
1742545883.109991
1742545883.145971
1742545883.174134
1742545883.210530
1742545883.245210
1742545883.280666
1742545883.306529
1742545883.348378
1742545883.375960
1742545883.409347
1742545883.442403
1742545883.481377
1742545883.509538
1742545883.543760
1742545883.572470
1742545883.612605
1742545883.642703
1742545883.681395
1742545883.704531
1742545883.746210
1742545883.775753
1742545883.811807
1742545883.841744
1742545883.880756
1742545883.908774
1742545883.948755
1742545883.973384
1742545884.010403
1742545884.045575
1742545884.081344
1742545884.108521
1742545884.149399
1742545884.175322
1742545884.211484
1742545884.241338
1742545884.281711
1742545884.309774
1742545884.345591
1742545884.373122
1742545884.413423
1742545884.445488
1742545884.478853
1742545884.504828
1742545884.543033
1742545884.579408
1742545884.613022
1742545884.638055
1742545884.679884
1742545884.709411
1742545884.746464
1742545884.771384
1742545884.815020
1742545884.844194
1742545884.878937
1742545884.905526
1742545884.947436
1742545884.976644
1742545885.011738
1742545885.041149
1742545885.080920
1742545885.108794
1742545885.147371
1742545885.173856
1742545885.213078
1742545885.248341
1742545885.278814
1742545885.307796
1742545885.345940
1742545885.376654
1742545885.407526
1742545885.441913
1742545885.482840
1742545885.510428
1742545885.545723
1742545885.573523
1742545885.612766
1742545885.647053
1742545885.680639
1742545885.709806
1742545885.742693
1742545885.783854
1742545885.808596
1742545885.847034
1742545885.872324
1742545885.913847
1742545885.944151
1742545885.980479
1742545886.005702
1742545886.048812
1742545886.077413
1742545886.111551
1742545886.143602
1742545886.181103
1742545886.212615
1742545886.248806
1742545886.282097
1742545886.305699
1742545886.349257
1742545886.379129
1742545886.412830
1742545886.448909
1742545886.472549
1742545886.516607
1742545886.542294
1742545886.582902
1742545886.605659
1742545886.648863
1742545886.676371
1742545886.714009
1742545886.739521
1742545886.784236
1742545886.808842
1742545886.849848
1742545886.872551
1742545886.919125
1742545886.942649
1742545886.983261
1742545887.006392
1742545887.048844
1742545887.077674
1742545887.118058
1742545887.139746
1742545887.178169
1742545887.211839
1742545887.249368
1742545887.275331
1742545887.316472
1742545887.346021
1742545887.379368
1742545887.409858
1742545887.448659
1742545887.477628
1742545887.516630
1742545887.539889
1742545887.579395
1742545887.611036
1742545887.650265
1742545887.673281
1742545887.716784
1742545887.744167
1742545887.785021
1742545887.806302
1742545887.850326
1742545887.876857
1742545887.917665
1742545887.939837
1742545887.983004
1742545888.009956
1742545888.048955
1742545888.073491
1742545888.115831
1742545888.146696
1742545888.181191
1742545888.206999
1742545888.246649
1742545888.281906
1742545888.314121
1742545888.342392
1742545888.383737
1742545888.410529
1742545888.450928
1742545888.473337
1742545888.519412
1742545888.543134
1742545888.584363
1742545888.607004
1742545888.651065
1742545888.676012
1742545888.713565
1742545888.741142
1742545888.784067
1742545888.809373
1742545888.847782
1742545888.875670
1742545888.918231
1742545888.942883
1742545888.984155
1742545889.006979
1742545889.052613
1742545889.076231
1742545889.113707
1742545889.145046
1742545889.184050
1742545889.210076
1742545889.248709
1742545889.274069
1742545889.317776
1742545889.343663
1742545889.381922
1742545889.407356
1742545889.450832
1742545889.477113
1742545889.518884
1742545889.540653
1742545889.586648
1742545889.609600
1742545889.650237
1742545889.673839
1742545889.715065
1742545889.749883
1742545889.777943
1742545889.810692
1742545889.852188
1742545889.876914
1742545889.918225
1742545889.940759
1742545889.987147
1742545890.009255
1742545890.051692
1742545890.074313
1742545890.119672
1742545890.143431
1742545890.185636
1742545890.208588
1742545890.253951
1742545890.276786
1742545890.320539
1742545890.341170
1742545890.387024
1742545890.410262
1742545890.454322
1742545890.474467
1742545890.520659
1742545890.543500
1742545890.582805
1742545890.610199
1742545890.651627
1742545890.676945
1742545890.720810
1742545890.741289
1742545890.787439
1742545890.809598
1742545890.847879
1742545890.876467
1742545890.920369
1742545890.943193
1742545890.986230
1742545891.008127
1742545891.054126
1742545891.076762
1742545891.120532
1742545891.141706
1742545891.188302
1742545891.210187
1742545891.249833
1742545891.276915
1742545891.315079
1742545891.352284
1742545891.377663
1742545891.411803
1742545891.449667
1742545891.480938
1742545891.521510
1742545891.541725
1742545891.588115
1742545891.610332
1742545891.651178
1742545891.674831
1742545891.720921
1742545891.743307
1742545891.782226
1742545891.808968
1742545891.850278
1742545891.880871
1742545891.921298
1742545891.941812
1742545891.988130
1742545892.010332
1742545892.048986
1742545892.079631
1742545892.117741
1742545892.144459
1742545892.184073
1742545892.209891
1742545892.255380
1742545892.276985
1742545892.320502
1742545892.342234
1742545892.389574
1742545892.409746
1742545892.454008
1742545892.475285
1742545892.521889
1742545892.543480
1742545892.588904
1742545892.608989
1742545892.655197
1742545892.676984
1742545892.722787
1742545892.742636
1742545892.789531
1742545892.810285
1742545892.856370
1742545892.875687
1742545892.922581
1742545892.943496
1742545892.989064
1742545893.009067
1742545893.055356
1742545893.077074
1742545893.123250
1742545893.142627
1742545893.189456
1742545893.210285
1742545893.255877
1742545893.276100
1742545893.320760
1742545893.343550
1742545893.389813
1742545893.409497
1742545893.453573
1742545893.477226
1742545893.520125
1742545893.542908
1742545893.588002
1742545893.610676
1742545893.655961
1742545893.676271
1742545893.721773
1742545893.743813
1742545893.789602
1742545893.809854
1742545893.852721
1742545893.878067
1742545893.923216
1742545893.943137
1742545893.986369
1742545894.011993
1742545894.054245
1742545894.076439
1742545894.124066
1742545894.143341
1742545894.186628
1742545894.209929
1742545894.254551
1742545894.277312
1742545894.320395
1742545894.343177
1742545894.386807
1742545894.411837
1742545894.448738
1742545894.481875
1742545894.518662
1742545894.548665
1742545894.588788
1742545894.618234
1742545894.643291
1742545894.689810
1742545894.710632
1742545894.757285
1742545894.777346
1742545894.823555
1742545894.843616
1742545894.889727
1742545894.911072
1742545894.954684
1742545894.976862
1742545895.024040
1742545895.044230
1742545895.086742
1742545895.110626
1742545895.154250
1742545895.179639
1742545895.214842
1742545895.250639
1742545895.285812
1742545895.314103
1742545895.347791
1742545895.387184
1742545895.412452
1742545895.454404
1742545895.476774
1742545895.523390
1742545895.543534
1742545895.590884
1742545895.610216
1742545895.653423
1742545895.678916
1742545895.720936
1742545895.743571
1742545895.790752
1742545895.810858
1742545895.854339
1742545895.877111
1742545895.923918
1742545895.944368
1742545895.988131
1742545896.010858
1742545896.057550
1742545896.077743
1742545896.124555
1742545896.143948
1742545896.190695
1742545896.211124
1742545896.255018
1742545896.277470
1742545896.324140
1742545896.344314
1742545896.388309
1742545896.410658
1742545896.457360
1742545896.477777
1742545896.522802
1742545896.544081
1742545896.590859
1742545896.610710
1742545896.656516
1742545896.677723
1742545896.723235
1742545896.744157
1742545896.791270
1742545896.811027
1742545896.858159
1742545896.877578
1742545896.921575
1742545896.944645
1742545896.990622
1742545897.011060
1742545897.057953
1742545897.077834
1742545897.124344
1742545897.144333
1742545897.190335
1742545897.211417
1742545897.258444
1742545897.277910
1742545897.324149
1742545897.344841
1742545897.389767
1742545897.411195
1742545897.457897
1742545897.478076
1742545897.522665
1742545897.545112
1742545897.590980
1742545897.611664
1742545897.655433
1742545897.678377
1742545897.724320
1742545897.745091
1742545897.790753
1742545897.811643
1742545897.858212
1742545897.878293
1742545897.924314
1742545897.945477
1742545897.991787
1742545898.011941
1742545898.058970
1742545898.078524
1742545898.121587
1742545898.146479
1742545898.190687
1742545898.212193
1742545898.253569
1742545898.286694
1742545898.320524
1742545898.346177
1742545898.391961
1742545898.412496
1742545898.459205
1742545898.479312
1742545898.523982
1742545898.546221
1742545898.591510
1742545898.612888
1742545898.658165
1742545898.679182
1742545898.724110
1742545898.745769
1742545898.789440
1742545898.814585
1742545898.856971
1742545898.878736
1742545898.924261
1742545898.946206
1742545898.992354
1742545899.012145
1742545899.058738
1742545899.079572
1742545899.125531
1742545899.145541
1742545899.190023
1742545899.213597
1742545899.259765
1742545899.278894
1742545899.324045
1742545899.346719
1742545899.392864
1742545899.412272
1742545899.455141
1742545899.482123
1742545899.523772
1742545899.545464
1742545899.591641
1742545899.612884
1742545899.658903
1742545899.678808
1742545899.725036
1742545899.746774
1742545899.793123
1742545899.812269
1742545899.859321
1742545899.879690
1742545899.924880
1742545899.945553
1742545899.993154
1742545900.013310
1742545900.056704
1742545900.079205
1742545900.125267
1742545900.146589
1742545900.190642
1742545900.212592
1742545900.259175
1742545900.280132
1742545900.323858
1742545900.345857
1742545900.389302
1742545900.416105
1742545900.454443
1742545900.479314
1742545900.524961
1742545900.547234
1742545900.591072
1742545900.612820
1742545900.657816
1742545900.679259
1742545900.721689
1742545900.751245
1742545900.792475
1742545900.812755
1742545900.859762
1742545900.880882
1742545900.925033
1742545900.946085
1742545900.993685
1742545901.014309
1742545901.060658
1742545901.079659
1742545901.123324
1742545901.150899
1742545901.191593
1742545901.213376
1742545901.258147
1742545901.281125
1742545901.324174
1742545901.346664
1742545901.393744
1742545901.412725
1742545901.459789
1742545901.479689
1742545901.525646
1742545901.548821
1742545901.591168
1742545901.613049
1742545901.660178
1742545901.681532
1742545901.722300
1742545901.746387
1742545901.793953
1742545901.814891
1742545901.858218
1742545901.879722
1742545901.924879
1742545901.948719
1742545901.987248
1742545902.013028
1742545902.056179
1742545902.083903
1742545902.124887
1742545902.146500
1742545902.192830
1742545902.215550
1742545902.256510
1742545902.279952
1742545902.323381
1742545902.352682
1742545902.390772
1742545902.413208
1742545902.458818
1742545902.482118
1742545902.521400
1742545902.546465
1742545902.593139
1742545902.615041
1742545902.660762
1742545902.680026
1742545902.725828
1742545902.749248
1742545902.794026
1742545902.814311
1742545902.851145
1742545902.892668
1742545902.916401
1742545902.959100
1742545902.980088
1742545903.023778
1742545903.051483
1742545903.090140
1742545903.120142
1742545903.150735
1742545903.191532
1742545903.219570
1742545903.259785
1742545903.280524
1742545903.325478
1742545903.350457
1742545903.392312
1742545903.413880
1742545903.461219
1742545903.483531
1742545903.525549
1742545903.547169
1742545903.594571
1742545903.616260
1742545903.657885
1742545903.680549
1742545903.723875
1742545903.751785
1742545903.793977
1742545903.814088
1742545903.857503
1742545903.885628
1742545903.925287
1742545903.947336
1742545903.994207
1742545904.016866
1742545904.058611
1742545904.080755
1742545904.124376
1742545904.153742
1742545904.190526
1742545904.215487
1742545904.259324
1742545904.283957
1742545904.324823
1742545904.347683
1742545904.394358
1742545904.418038
1742545904.459508
1742545904.481045
1742545904.524577
1742545904.553002
1742545904.590816
1742545904.614380
1742545904.659751
1742545904.683731
1742545904.724948
1742545904.747634
1742545904.794243
1742545904.818295
1742545904.860238
1742545904.881266
1742545904.924815
1742545904.954562
1742545904.984718
1742545905.025180
1742545905.053686
1742545905.083857
1742545905.125265
1742545905.153288
1742545905.190889
1742545905.215118
1742545905.259206
1742545905.286040
1742545905.325841
1742545905.348329
1742545905.394634
1742545905.419331
1742545905.457329
1742545905.481717
1742545905.524094
1742545905.556135
1742545905.591497
1742545905.615064
1742545905.660547
1742545905.685297
1742545905.724455
1742545905.748672
1742545905.792831
1742545905.820011
1742545905.857815
1742545905.882820
1742545905.924242
1742545905.954765
1742545905.991033
1742545906.018327
1742545906.059793
1742545906.086735
1742545906.125344
1742545906.148789
1742545906.194081
1742545906.218367
1742545906.259858
1742545906.281929
1742545906.325422
1742545906.354211
1742545906.394883
1742545906.415251
1742545906.460576
1742545906.485841
1742545906.525512
1742545906.548505
1742545906.595020
1742545906.618956
1742545906.661795
1742545906.681943
1742545906.725410
1742545906.753532
1742545906.791937
1742545906.815328
1742545906.862216
1742545906.886364
1742545906.925722
1742545906.948858
1742545906.995480
1742545907.017587
1742545907.056089
1742545907.081913
1742545907.121258
1742545907.153376
1742545907.187787
1742545907.215085
1742545907.254440
1742545907.286793
1742545907.321614
1742545907.349155
1742545907.387333
1742545907.420312
1742545907.452316
1742545907.482384
1742545907.520864
1742545907.554790
1742545907.586165
1742545907.621626
1742545907.649206
1742545907.685816
1742545907.721793
1742545907.753146
1742545907.782562
1742545907.820262
1742545907.858142
1742545907.890350
1742545907.920107
1742545907.959304
1742545907.982906
1742545908.025985
1742545908.055800
1742545908.092130
1742545908.116247
1742545908.162321
1742545908.187040
1742545908.225630
1742545908.249300
1742545908.291704
1742545908.321791
1742545908.357872
1742545908.382621
1742545908.425808
1742545908.455818
1742545908.491630
1742545908.517184
1742545908.559525
1742545908.589381
1742545908.622463
1742545908.652545
1742545908.693960
1742545908.721940
1742545908.761528
1742545908.782943
1742545908.826284
1742545908.855575
1742545908.894461
1742545908.916585
1742545908.962970
1742545908.987746
1742545909.025811
1742545909.051915
1742545909.094266
1742545909.122746
1742545909.157518
1742545909.184462
1742545909.225257
1742545909.255628
1742545909.294234
1742545909.317034
1742545909.360043
1742545909.389632
1742545909.425427
1742545909.453207
1742545909.491506
1742545909.525250
1742545909.558625
1742545909.586923
1742545909.624156
1742545909.658688
1742545909.692601
1742545909.717005
1742545909.760074
1742545909.789643
1742545909.825309
1742545909.853032
1742545909.891135
1742545909.924754
1742545909.960088
1742545909.986248
1742545910.023876
1742545910.059164
1742545910.092313
1742545910.121805
1742545910.160782
1742545910.190013
1742545910.224863
1742545910.256144
1742545910.291828
1742545910.325250
1742545910.360595
1742545910.386410
1742545910.425662
1742545910.459747
1742545910.491387
1742545910.520734
1742545910.559661
1742545910.589780
1742545910.624655
1742545910.652203
1742545910.694121
1742545910.723391
1742545910.759562
1742545910.783886
1742545910.825597
1742545910.857318
1742545910.893483
1742545910.917395
1742545910.957667
1742545910.993266
1742545911.024544
1742545911.052110
1742545911.092366
1742545911.124932
1742545911.159251
1742545911.184339
1742545911.226347
1742545911.258126
1742545911.294020
1742545911.317421
1742545911.360116
1742545911.394808
1742545911.423627
1742545911.460109
1742545911.488968
1742545911.524722
1742545911.556752
1742545911.596264
1742545911.618493
1742545911.660294
1742545911.692053
1742545911.725414
1742545911.756087
1742545911.792735
1742545911.825882
1742545911.860997
1742545911.886084
1742545911.924454
1742545911.960087
1742545911.992045
1742545912.018417
1742545912.055653
1742545912.089165
1742545912.122179
1742545912.157632
1742545912.192699
1742545912.224533
1742545912.260831
1742545912.287430
1742545912.325597
1742545912.360141
1742545912.394855
1742545912.419492
1742545912.459456
1742545912.494001
1742545912.525354
1742545912.556529
1742545912.592343
1742545912.625348
1742545912.660250
1742545912.689250
1742545912.726404
1742545912.761455
1742545912.790716
1742545912.824932
1742545912.860125
1742545912.894163
1742545912.925705
1742545912.956639
1742545912.993868
1742545913.025593
1742545913.061142
1742545913.087454
1742545913.125443
1742545913.160099
1742545913.195420
1742545913.223363
1742545913.261978
1742545913.292310
1742545913.324601
1742545913.357642
1742545913.393061
1742545913.425178
1742545913.457910
1742545913.489659
1742545913.524826
1742545913.560823
1742545913.592643
1742545913.625174
1742545913.656885
1742545913.693668
1742545913.724881
1742545913.756427
1742545913.792443
1742545913.824804
1742545913.859789
1742545913.889061
1742545913.925754
1742545913.959913
1742545913.993953
1742545914.021663
1742545914.063102
1742545914.091821
1742545914.124060
1742545914.156473
1742545914.193081
1742545914.224876
1742545914.257355
1742545914.290112
1742545914.325176
1742545914.359190
1742545914.392339
1742545914.423539
1742545914.460210
1742545914.494910
1742545914.524648
1742545914.556526
1742545914.595723
1742545914.624823
1742545914.657428
1742545914.692192
1742545914.725292
1742545914.760648
1742545914.795419
1742545914.821238
1742545914.863007
1742545914.892251
1742545914.925823
1742545914.956820
1742545914.995677
1742545915.024117
1742545915.062428
1742545915.087416
1742545915.125895
1742545915.160470
1742545915.195828
1742545915.220323
1742545915.261741
1742545915.292880
1742545915.325433
1742545915.356934
1742545915.395830
1742545915.424824
1742545915.462621
1742545915.486751
1742545915.525417
1742545915.559674
1742545915.594820
1742545915.620212
1742545915.661057
1742545915.695708
1742545915.724256
1742545915.757386
1742545915.796235
1742545915.824562
1742545915.858861
1742545915.888945
1742545915.926446
1742545915.961415
1742545915.993066
1742545916.021979
1742545916.061160
1742545916.092274
1742545916.125808
1742545916.157588
1742545916.196432
1742545916.224687
1742545916.260293
1742545916.287180
1742545916.326036
1742545916.361610
1742545916.392001
1742545916.422662
1742545916.461154
1742545916.496072
1742545916.524567
1742545916.562174
1742545916.586992
1742545916.625603
1742545916.661372
1742545916.696520
1742545916.720278
1742545916.762330
1742545916.791620
1742545916.825566
1742545916.857703
1742545916.894835
1742545916.925550
1742545916.961137
1742545916.988844
1742545917.024997
1742545917.061474
1742545917.097132
1742545917.123456
1742545917.160852
1742545917.196663
1742545917.225918
1742545917.260676
1742545917.294965
1742545917.324967
1742545917.356779
1742545917.396317
1742545917.424577
1742545917.461411
1742545917.497730
1742545917.520510
1742545917.562018
1742545917.591041
1742545917.626370
1742545917.653753
1742545917.695785
1742545917.724930
1742545917.762725
1742545917.787231
1742545917.827690
1742545917.858879
1742545917.894038
1742545917.923265
1742545917.964541
1742545917.992552
1742545918.029838
1742545918.053915
1742545918.095370
1742545918.125346
1742545918.161333
1742545918.188778
1742545918.226132
1742545918.261045
1742545918.296401
1742545918.320754
1742545918.364513
1742545918.392681
1742545918.426111
1742545918.456925
1742545918.494259
1742545918.526555
1742545918.562658
1742545918.587871
1742545918.626488
1742545918.661274
1742545918.697451
1742545918.720902
1742545918.763046
1742545918.793306
1742545918.826985
1742545918.854462
1742545918.896270
1742545918.925438
1742545918.963410
1742545918.987556
1742545919.027904
1742545919.064276
1742545919.093727
1742545919.123022
1742545919.161095
1742545919.195493
1742545919.226501
1742545919.257732
1742545919.298150
1742545919.325301
1742545919.366289
1742545919.387802
1742545919.427449
1742545919.460239
1742545919.497174
1742545919.521647
1742545919.567451
1742545919.590697
1742545919.628309
1742545919.654688
1742545919.697315
1742545919.727429
1742545919.766940
1742545919.791045
1742545919.824797
1742545919.864892
1742545919.891906
1742545919.924282
1742545919.962268
1742545919.998398
1742545920.025671
1742545920.058730
1742545920.096544
1742545920.126873
1742545920.167432
1742545920.188118
1742545920.227435
1742545920.268008
1742545920.291269
1742545920.327648
1742545920.363629
1742545920.395475
1742545920.426654
1742545920.457456
1742545920.498759
1742545920.524645
1742545920.566378
1742545920.588331
1742545920.632348
1742545920.658872
1742545920.700648
1742545920.721709
1742545920.768086
1742545920.791074
1742545920.826263
1742545920.860160
1742545920.896253
1742545920.928620
1742545920.958815
1742545920.999410
1742545921.025716
1742545921.065837
1742545921.088596
1742545921.127920
1742545921.167262
1742545921.191834
1742545921.227410
1742545921.260806
1742545921.299717
1742545921.326103
1742545921.363273
1742545921.393463
1742545921.428054
1742545921.465209
1742545921.491901
1742545921.532326
1742545921.559387
1742545921.600357
1742545921.622777
1742545921.668548
1742545921.691556
1742545921.726606
1742545921.759160
1742545921.799662
1742545921.825125
1742545921.865545
1742545921.888931
1742545921.932436
1742545921.958692
1742545921.996581
1742545922.025024
1742545922.064858
1742545922.089395
1742545922.131610
1742545922.159149
1742545922.194048
1742545922.226757
1742545922.268155
1742545922.291649
1742545922.325523
1742545922.366074
1742545922.392155
1742545922.434092
1742545922.456146
1742545922.502496
1742545922.524930
1742545922.567912
1742545922.589496
1742545922.636135
1742545922.658153
1742545922.697064
1742545922.722920
1742545922.767430
1742545922.791453
1742545922.826579
1742545922.858893
1742545922.901143
1742545922.924889
1742545922.966437
1742545922.989298
1742545923.035710
1742545923.057818
1742545923.103014
1742545923.122884
1742545923.166937
1742545923.192878
1742545923.228240
1742545923.258646
1742545923.297340
1742545923.329651
1742545923.363063
1742545923.390034
1742545923.427916
1742545923.469698
1742545923.491955
1742545923.530251
1742545923.556346
1742545923.601506
1742545923.625269
1742545923.667731
1742545923.689870
1742545923.736484
1742545923.758565
1742545923.797277
1742545923.824500
1742545923.870812
1742545923.891772
1742545923.934284
1742545923.956904
1742545924.003273
1742545924.025491
1742545924.068476
1742545924.090290
1742545924.136344
1742545924.158837
1742545924.194374
1742545924.232306
1742545924.261130
1742545924.302945
1742545924.323585
1742545924.371194
1742545924.391982
1742545924.438165
1742545924.457141
1742545924.504303
1742545924.525473
1742545924.569173
1742545924.590386
1742545924.636472
1742545924.658227
1742545924.702592
1742545924.723798
1742545924.771162
1742545924.792139
1742545924.838620
1742545924.857459
1742545924.903647
1742545924.925374
1742545924.968286
1742545924.990765
1742545925.037627
1742545925.058563
1742545925.104530
1742545925.124258
1742545925.171529
1742545925.192080
1742545925.238522
1742545925.257765
1742545925.304124
1742545925.325691
1742545925.371062
1742545925.391111
1742545925.437742
1742545925.458871
1742545925.504839
1742545925.524474
1742545925.570851
1742545925.592382
1742545925.630049
1742545925.662885
1742545925.697826
1742545925.726668
1742545925.771558
1742545925.791313
1742545925.838377
1742545925.858237
1742545925.903748
1742545925.924867
1742545925.962342
1742545926.000991
1742545926.026018
1742545926.071945
1742545926.091123
1742545926.138377
1742545926.158331
1742545926.204836
1742545926.224803
1742545926.272089
1742545926.291777
1742545926.338144
1742545926.358082
1742545926.404706
1742545926.425897
1742545926.471701
1742545926.491488
1742545926.538651
1742545926.559069
1742545926.605055
1742545926.625052
1742545926.671241
1742545926.692543
1742545926.738796
1742545926.758287
1742545926.805601
1742545926.825510
1742545926.872841
1742545926.891758
1742545926.938796
1742545926.958647
1742545927.001881
1742545927.025086
1742545927.068271
1742545927.092761
1742545927.139354
1742545927.158540
1742545927.205040
1742545927.225866
1742545927.271939
1742545927.291864
1742545927.338650
1742545927.359232
1742545927.404114
1742545927.425283
1742545927.469898
1742545927.492693
1742545927.539887
1742545927.558657
1742545927.605915
1742545927.625927
1742545927.671975
1742545927.691982
1742545927.739329
1742545927.759111
1742545927.800974
1742545927.826278
1742545927.871551
1742545927.892757
1742545927.939159
1742545927.959134
1742545927.991715
1742545928.038677
1742545928.059716
1742545928.103307
1742545928.126325
1742545928.168183
1742545928.192936
1742545928.239573
1742545928.259653
1742545928.300668
1742545928.326504
1742545928.369896
1742545928.395140
1742545928.432636
1742545928.459530
1742545928.505931
1742545928.526294
1742545928.563673
1742545928.599543
1742545928.634055
1742545928.661648
1742545928.696421
1742545928.735820
1742545928.760605
1742545928.804245
1742545928.825789
1742545928.868291
1742545928.894291
1742545928.940234
1742545928.959405
1742545929.002965
1742545929.026643
1742545929.072991
1742545929.092690
1742545929.139477
1742545929.159913
1742545929.205939
1742545929.226083
1742545929.272948
1742545929.293018
1742545929.340174
1742545929.359676
1742545929.402766
1742545929.428881
1742545929.470613
1742545929.493254
1742545929.539680
1742545929.559937
1742545929.606100
1742545929.626700
1742545929.671483
1742545929.694852
1742545929.738389
1742545929.759641
1742545929.802950
1742545929.826931
1742545929.869686
1742545929.892917
1742545929.939589
1742545929.959907
1742545930.006228
1742545930.026522
1742545930.071106
1742545930.093678
1742545930.139989
1742545930.159796
1742545930.203245
1742545930.226930
1742545930.273404
1742545930.293317
1742545930.339647
1742545930.360463
1742545930.404743
1742545930.426820
1742545930.470990
1742545930.493795
1742545930.540421
1742545930.559987
1742545930.606373
1742545930.627125
1742545930.672959
1742545930.693454
1742545930.739907
1742545930.760469
1742545930.806645
1742545930.826761
1742545930.874166
1742545930.893854
1742545930.940865
1742545930.960305
1742545931.003634
1742545931.027269
1742545931.071306
1742545931.093505
1742545931.140860
1742545931.161083
1742545931.204551
1742545931.226962
1742545931.272981
1742545931.293802
1742545931.340407
1742545931.360383
1742545931.403567
1742545931.430411
1742545931.472389
1742545931.494017
1742545931.540786
1742545931.561525
1742545931.606414
1742545931.627469
1742545931.673213
1742545931.694664
1742545931.740482
1742545931.760760
1742545931.806842
1742545931.827951
1742545931.871655
1742545931.893955
1742545931.940995
1742545931.961577
1742545932.004651
1742545932.027308
1742545932.071822
1742545932.094603
1742545932.140360
1742545932.160750
1742545932.202541
1742545932.228906
1742545932.271867
1742545932.295212
1742545932.330673
1742545932.371381
1742545932.396764
1742545932.441415
1742545932.461986
1742545932.501536
1742545932.530066
1742545932.569384
1742545932.601128
1742545932.629007
1742545932.672444
1742545932.695180
1742545932.742093
1742545932.763749
1742545932.805863
1742545932.831305
1742545932.874645
1742545932.894453
1742545932.940264
1742545932.962773
1742545933.005351
1742545933.027878
1742545933.071732
1742545933.098065
1742545933.140561
1742545933.161284
1742545933.205046
1742545933.232206
1742545933.274946
1742545933.294654
1742545933.341211
1742545933.363028
1742545933.408086
1742545933.428059
1742545933.475638
1742545933.496334
1742545933.539485
1742545933.561748
1742545933.605631
1742545933.631058
1742545933.673816
1742545933.694849
1742545933.739927
1742545933.763680
1742545933.805593
1742545933.831768
1742545933.872363
1742545933.896782
1742545933.940253
1742545933.963857
1742545934.002925
1742545934.034348
1742545934.063635
1742545934.102246
1742545934.138410
1742545934.161930
1742545934.207798
1742545934.230404
1742545934.273715
1742545934.295170
1742545934.338234
1742545934.366957
1742545934.406865
1742545934.428820
1742545934.472108
1742545934.499388
1742545934.541515
1742545934.561919
1742545934.607696
1742545934.630227
1742545934.673204
1742545934.695266
1742545934.738850
1742545934.767680
1742545934.807032
1742545934.828596
1742545934.872303
1742545934.900778
1742545934.941608
1742545934.962031
1742545935.007770
1742545935.031048
1742545935.070327
1742545935.095378
1742545935.142992
1742545935.164666
1742545935.208200
1742545935.228671
1742545935.274580
1742545935.297631
1742545935.340691
1742545935.362423
1742545935.407572
1742545935.431350
1742545935.475835
1742545935.495715
1742545935.539488
1742545935.568192
1742545935.607746
1742545935.629220
1742545935.674240
1742545935.698322
1742545935.740071
1742545935.762402
1742545935.806455
1742545935.835181
1742545935.872101
1742545935.895929
1742545935.942612
1742545935.965734
1742545936.008072
1742545936.029220
1742545936.075177
1742545936.098827
1742545936.142274
1742545936.162614
1742545936.205585
1742545936.233543
1742545936.276027
1742545936.305432
1742545936.329334
1742545936.371282
1742545936.405348
1742545936.433382
1742545936.474293
1742545936.496130
1742545936.540908
1742545936.565763
1742545936.606324
1742545936.629613
1742545936.674581
1742545936.699156
1742545936.741404
1742545936.763097
1742545936.805294
1742545936.833302
1742545936.875561
1742545936.896335
1742545936.940304
1742545936.966879
1742545937.007093
1742545937.029565
1742545937.072987
1742545937.101427
1742545937.142711
1742545937.163095
1742545937.206052
1742545937.235690
1742545937.273206
1742545937.296435
1742545937.343459
1742545937.366947
1742545937.407315
1742545937.430346
1742545937.475013
1742545937.500132
1742545937.542601
1742545937.563581
1742545937.607047
1742545937.636152
1742545937.674680
1742545937.697191
1742545937.739720
1742545937.769184
1742545937.807961
1742545937.830433
1742545937.875528
1742545937.900098
1742545937.941773
1742545937.964711
1742545938.006446
1742545938.038333
1742545938.073466
1742545938.100854
1742545938.141532
1742545938.168850
1742545938.206249
1742545938.236041
1742545938.276487
1742545938.297084
1742545938.342024
1742545938.366488
1742545938.398699
1742545938.442167
1742545938.463283
1742545938.505680
1742545938.534104
1742545938.575320
1742545938.596736
1742545938.640166
1742545938.668045
1742545938.708848
1742545938.730083
1742545938.773687
1742545938.801315
1742545938.842013
1742545938.863637
1742545938.901981
1742545938.943116
1742545938.964699
1742545939.000220
1742545939.035202
1742545939.072790
1742545939.101366
1742545939.134121
1742545939.173130
1742545939.201945
1742545939.230416
1742545939.272414
1742545939.301757
1742545939.342264
1742545939.363783
1742545939.400616
1742545939.441276
1742545939.465806
1742545939.497032
1742545939.537979
1742545939.568108
1742545939.605091
1742545939.630629
1742545939.671447
1742545939.701818
1742545939.737786
1742545939.763955
1742545939.804305
1742545939.835372
1742545939.871927
1742545939.897247
1742545939.938702
1742545939.967849
1742545940.007668
1742545940.030653
1742545940.071379
1742545940.102057
1742545940.139563
1742545940.164135
1742545940.205741
1742545940.235977
1742545940.271932
1742545940.297568
1742545940.338584
1742545940.369203
1742545940.405430
1742545940.430862
1742545940.468166
1742545940.506898
1742545940.536074
1742545940.564360
1742545940.605233
1742545940.638128
1742545940.671929
1742545940.697773
1742545940.739099
1742545940.769650
1742545940.808784
1742545940.831130
1742545940.873783
1742545940.902759
1742545940.941299
1742545940.964601
1742545941.008683
1742545941.035669
1742545941.074313
1742545941.097984
1742545941.143986
1742545941.168804
1742545941.206994
1742545941.231386
1742545941.276713
1742545941.302869
1742545941.343459
1742545941.364857
1742545941.408307
1742545941.437310
1742545941.476494
1742545941.498311
1742545941.542584
1742545941.568571
1742545941.606507
1742545941.631677
1742545941.678423
1742545941.702816
1742545941.741532
1742545941.765113
1742545941.809391
1742545941.838303
1742545941.875439
1742545941.898627
1742545941.941269
1742545941.971236
1742545942.007872
1742545942.032058
1742545942.069032
1742545942.101765
1742545942.142309
1742545942.165239
1742545942.207144
1742545942.239236
1742545942.274732
1742545942.298744
1742545942.341011
1742545942.371966
1742545942.407102
1742545942.432683
1742545942.478125
1742545942.503310
1742545942.544198
1742545942.565504
1742545942.607354
1742545942.638001
1742545942.675719
1742545942.699571
1742545942.742211
1742545942.771803
1742545942.809518
1742545942.832658
1742545942.876737
1742545942.904264
1742545942.941534
1742545942.968495
1742545943.006304
1742545943.040401
1742545943.075285
1742545943.103373
1742545943.143796
1742545943.170945
1742545943.207599
1742545943.237703
1742545943.274346
1742545943.305255
1742545943.341232
1742545943.371342
1742545943.406509
1742545943.440815
1742545943.476195
1742545943.503749
1742545943.542858
1742545943.572904
1742545943.607347
1742545943.633072
1742545943.675646
1742545943.706607
1742545943.742010
1742545943.766157
1742545943.809917
1742545943.838199
1742545943.874802
1742545943.899677
1742545943.944755
1742545943.971344
1742545944.009936
1742545944.032908
1742545944.076071
1742545944.103788
1742545944.143932
1742545944.166197
1742545944.207729
1742545944.238038
1742545944.274707
1742545944.299535
1742545944.343621
1742545944.372260
1742545944.407149
1742545944.433277
1742545944.476969
1742545944.505343
1742545944.542584
1742545944.577799
1742545944.604099
1742545944.644636
1742545944.666639
1742545944.709985
1742545944.737455
1742545944.776109
1742545944.805269
1742545944.836458
1742545944.876767
1742545944.904769
1742545944.943470
1742545944.967345
1742545945.007959
1742545945.041272
1742545945.074575
1742545945.100688
1742545945.142789
1742545945.174323
1742545945.206550
1742545945.233696
1742545945.274473
1742545945.303527
1742545945.344389
1742545945.366876
1742545945.409487
1742545945.434470
1742545945.469620
1742545945.499840
1742545945.541938
1742545945.571255
1742545945.609223
