1742693293.915938
1742693294.015836
1742693294.049731
1742693294.084491
1742693294.115605
1742693294.149316
1742693294.182429
1742693294.215839
1742693294.249027
1742693294.282520
1742693294.319967
1742693294.349728
1742693294.382929
1742693294.423937
1742693294.460253
1742693294.492596
1742693294.528142
1742693294.558863
1742693294.594785
1742693294.626167
1742693294.661548
1742693294.695211
1742693294.727974
1742693294.764975
1742693294.796637
1742693294.831761
1742693294.861967
1742693294.897754
1742693294.930515
1742693294.964969
1742693294.996123
1742693295.030524
1742693295.062691
1742693295.097360
1742693295.130940
1742693295.162619
1742693295.196749
1742693295.230446
1742693295.263385
1742693295.295262
1742693295.328279
1742693295.363594
1742693295.386931
1742693295.416705
1742693295.449934
1742693295.487478
1742693295.516629
1742693295.549664
1742693295.586724
1742693295.617490
1742693295.654515
1742693295.683209
1742693295.717142
1742693295.754095
1742693295.790120
1742693295.816359
1742693295.858259
1742693295.887760
1742693295.925017
1742693295.949767
1742693295.990158
1742693296.021241
1742693296.058060
1742693296.083164
1742693296.125335
1742693296.154362
1742693296.191968
1742693296.216608
1742693296.258458
1742693296.288104
1742693296.326982
1742693296.349930
1742693296.391565
1742693296.421531
1742693296.455584
1742693296.483619
1742693296.519716
1742693296.558559
1742693296.588277
1742693296.616856
1742693296.653809
1742693296.690502
1742693296.719795
1742693296.750402
1742693296.792173
1742693296.821291
1742693296.858400
1742693296.883548
1742693296.925688
1742693296.953946
1742693296.990703
1742693297.016987
1742693297.058422
1742693297.085420
1742693297.125346
1742693297.150365
1742693297.191918
1742693297.218850
1742693297.260610
1742693297.283785
1742693297.325295
1742693297.355809
1742693297.393634
1742693297.417184
1742693297.455338
1742693297.492593
1742693297.521419
1742693297.550508
1742693297.585039
1742693297.626211
1742693297.650776
1742693297.684060
1742693297.718213
1742693297.754185
1742693297.785036
1742693297.817462
1742693297.851062
1742693297.892230
1742693297.921376
1742693297.950713
1742693297.988769
1742693298.022228
1742693298.058514
1742693298.084158
1742693298.122028
1742693298.158203
1742693298.188944
1742693298.217484
1742693298.254593
1742693298.291762
1742693298.320817
1742693298.350867
1742693298.384853
1742693298.426274
1742693298.451434
1742693298.484443
1742693298.520302
1742693298.556229
1742693298.589923
1742693298.617698
1742693298.655904
1742693298.688624
1742693298.727771
1742693298.751144
1742693298.790323
1742693298.824871
1742693298.855989
1742693298.884472
1742693298.922574
1742693298.956273
1742693298.989426
1742693299.018156
1742693299.051012
1742693299.094268
1742693299.122136
1742693299.151369
1742693299.192645
1742693299.222761
1742693299.261252
1742693299.284674
1742693299.323493
1742693299.358924
1742693299.389615
1742693299.418066
1742693299.459107
1742693299.485135
1742693299.527083
1742693299.551515
1742693299.592259
1742693299.624757
1742693299.660021
1742693299.684942
1742693299.727044
1742693299.756530
1742693299.794239
1742693299.818239
1742693299.859909
1742693299.891285
1742693299.927888
1742693299.951844
1742693299.992423
1742693300.024130
1742693300.060307
1742693300.085122
1742693300.127372
1742693300.157290
1742693300.193098
1742693300.218539
1742693300.260588
1742693300.289917
1742693300.330378
1742693300.351954
1742693300.393758
1742693300.423531
1742693300.461920
1742693300.485395
1742693300.527177
1742693300.556852
1742693300.595908
1742693300.618823
1742693300.662186
1742693300.690617
1742693300.727712
1742693300.752486
1742693300.790562
1742693300.824603
1742693300.857985
1742693300.885878
1742693300.928488
1742693300.956541
1742693300.993962
1742693301.019072
1742693301.062492
1742693301.089610
1742693301.129430
1742693301.152390
1742693301.193524
1742693301.225639
1742693301.257068
1742693301.285662
1742693301.327405
1742693301.357297
1742693301.389910
1742693301.419035
1742693301.460320
1742693301.490484
1742693301.530822
1742693301.552561
1742693301.591536
1742693301.629773
1742693301.656991
1742693301.685935
1742693301.727664
1742693301.757658
1742693301.796544
1742693301.819339
1742693301.860972
1742693301.890269
1742693301.927372
1742693301.952741
1742693301.990841
1742693302.028932
1742693302.057950
1742693302.086320
1742693302.130405
1742693302.156768
1742693302.198187
1742693302.219586
1742693302.257194
1742693302.296345
1742693302.325652
1742693302.353059
1742693302.393183
1742693302.425971
1742693302.460130
1742693302.486649
1742693302.527328
1742693302.559854
1742693302.595673
1742693302.619756
1742693302.663737
1742693302.690660
1742693302.727991
1742693302.753123
1742693302.793693
1742693302.827876
1742693302.859255
1742693302.886589
1742693302.926803
1742693302.959603
1742693302.995741
1742693303.020060
1742693303.060694
1742693303.094128
1742693303.128457
1742693303.153754
1742693303.195064
1742693303.228554
1742693303.259322
1742693303.288957
1742693303.330328
1742693303.358586
1742693303.394635
1742693303.421074
1742693303.463136
1742693303.490955
1742693303.530872
1742693303.553999
1742693303.595464
1742693303.625579
1742693303.664582
1742693303.687360
1742693303.727637
1742693303.762630
1742693303.792324
1742693303.827947
1742693303.853933
1742693303.893337
1742693303.929257
1742693303.959130
1742693303.997109
1742693304.023538
1742693304.061522
1742693304.096704
1742693304.127020
1742693304.159276
1742693304.192750
1742693304.227619
1742693304.263811
1742693304.289762
1742693304.331344
1742693304.359557
1742693304.396114
1742693304.425696
1742693304.461401
1742693304.498608
1742693304.524480
1742693304.558768
1742693304.593995
1742693304.629766
1742693304.659820
1742693304.687416
1742693304.729253
1742693304.760435
1742693304.796062
1742693304.820861
1742693304.863396
1742693304.891087
1742693304.928470
1742693304.954309
1742693304.995565
1742693305.030058
1742693305.059267
1742693305.089031
1742693305.131950
1742693305.159176
1742693305.195847
1742693305.221255
1742693305.263859
1742693305.291168
1742693305.331077
1742693305.354722
1742693305.398777
1742693305.425573
1742693305.465951
1742693305.488186
1742693305.531406
1742693305.561530
1742693305.599040
1742693305.621441
1742693305.666765
1742693305.690793
1742693305.730869
1742693305.755825
1742693305.798413
1742693305.825557
1742693305.862168
1742693305.891528
1742693305.933569
1742693305.958361
1742693305.999794
1742693306.021855
1742693306.067773
1742693306.091250
1742693306.129858
1742693306.157726
1742693306.195616
1742693306.229905
1742693306.263218
1742693306.290889
1742693306.332046
1742693306.359079
1742693306.397601
1742693306.423927
1742693306.461525
1742693306.500853
1742693306.525367
1742693306.559974
1742693306.593526
1742693306.632819
1742693306.658372
1742693306.692090
1742693306.733495
1742693306.758516
1742693306.799471
1742693306.821918
1742693306.865063
1742693306.892155
1742693306.934554
1742693306.955433
1742693307.000511
1742693307.025466
1742693307.063015
1742693307.089760
1742693307.133720
1742693307.158353
1742693307.200044
1742693307.222346
1742693307.268636
1742693307.291207
1742693307.332433
1742693307.355552
1742693307.401403
1742693307.425591
1742693307.467916
1742693307.489087
1742693307.534187
1742693307.558946
1742693307.600389
1742693307.623988
1742693307.665318
1742693307.692760
1742693307.733312
1742693307.758146
1742693307.799800
1742693307.826724
1742693307.868908
1742693307.889377
1742693307.936372
1742693307.958775
1742693307.996746
1742693308.025940
1742693308.064983
1742693308.094126
1742693308.135119
1742693308.156155
1742693308.201969
1742693308.225652
1742693308.264173
1742693308.291433
1742693308.334306
1742693308.359186
1742693308.397948
1742693308.425619
1742693308.463724
1742693308.499665
1742693308.526299
1742693308.561511
1742693308.598483
1742693308.629279
1742693308.666478
1742693308.690502
1742693308.734997
1742693308.759335
1742693308.800881
1742693308.823963
1742693308.868130
1742693308.892069
1742693308.930881
1742693308.960425
1742693308.999680
1742693309.026167
1742693309.066189
1742693309.091629
1742693309.136685
1742693309.159149
1742693309.201166
1742693309.223315
1742693309.266091
1742693309.294766
1742693309.335110
1742693309.356834
1742693309.402160
1742693309.425967
1742693309.467697
1742693309.490459
1742693309.535435
1742693309.559146
1742693309.603784
1742693309.623833
1742693309.670676
1742693309.691797
1742693309.733898
1742693309.757789
1742693309.803409
1742693309.825852
1742693309.865234
1742693309.891771
1742693309.934881
1742693309.959400
1742693309.998510
1742693310.025842
1742693310.064302
1742693310.100849
1742693310.126716
1742693310.164653
1742693310.194666
1742693310.232447
1742693310.260007
1742693310.294073
1742693310.335190
1742693310.359480
1742693310.404476
1742693310.423932
1742693310.471425
1742693310.492307
1742693310.531747
1742693310.559263
1742693310.602094
1742693310.625954
1742693310.669094
1742693310.690886
1742693310.734368
1742693310.760897
1742693310.800176
1742693310.824881
1742693310.870997
1742693310.892398
1742693310.939036
1742693310.957637
1742693310.993587
1742693311.027600
1742693311.058536
1742693311.098880
1742693311.126220
1742693311.165423
1742693311.193786
1742693311.227490
1742693311.264769
1742693311.302412
1742693311.326718
1742693311.366452
1742693311.393011
1742693311.437069
1742693311.459698
1742693311.500263
1742693311.526438
1742693311.572822
1742693311.592526
1742693311.633156
1742693311.659566
1742693311.704099
1742693311.726306
1742693311.769242
1742693311.792046
1742693311.839203
1742693311.859325
1742693311.902968
1742693311.925464
1742693311.972005
1742693311.992856
1742693312.033212
1742693312.059807
1742693312.105696
1742693312.126039
1742693312.171508
1742693312.191993
1742693312.238969
1742693312.259694
1742693312.304403
1742693312.326459
1742693312.365277
1742693312.394243
1742693312.435007
1742693312.460262
1742693312.502106
1742693312.525206
1742693312.572181
1742693312.593004
1742693312.637049
1742693312.658683
1742693312.705890
1742693312.726356
1742693312.769059
1742693312.792399
1742693312.836426
1742693312.859826
1742693312.903638
1742693312.925481
1742693312.972577
1742693312.993254
1742693313.037091
1742693313.058883
1742693313.106104
1742693313.126233
1742693313.172755
1742693313.192265
1742693313.239117
1742693313.259615
1742693313.306620
1742693313.325711
1742693313.373388
1742693313.393022
1742693313.438858
1742693313.459137
1742693313.502724
1742693313.526835
1742693313.570746
1742693313.592562
1742693313.632247
1742693313.661719
1742693313.703306
1742693313.726140
1742693313.772620
1742693313.793469
1742693313.834020
1742693313.860326
1742693313.903557
1742693313.928444
1742693313.970041
1742693313.992708
1742693314.035073
1742693314.064857
1742693314.093834
1742693314.135059
1742693314.163193
1742693314.197818
1742693314.225951
1742693314.272265
1742693314.293416
1742693314.338946
1742693314.359329
1742693314.405677
1742693314.426750
1742693314.473001
1742693314.492772
1742693314.536598
1742693314.560407
1742693314.603989
1742693314.626347
1742693314.673493
1742693314.693400
1742693314.737157
1742693314.759875
1742693314.806418
1742693314.827035
1742693314.873500
1742693314.893101
1742693314.939231
1742693314.960385
1742693315.005487
1742693315.026290
1742693315.072203
1742693315.093960
1742693315.138763
1742693315.159722
1742693315.196531
1742693315.232471
1742693315.263920
1742693315.299156
1742693315.331415
1742693315.373163
1742693315.393956
1742693315.433221
1742693315.460800
1742693315.501922
1742693315.536085
1742693315.560212
1742693315.606911
1742693315.627055
1742693315.670254
1742693315.693797
1742693315.737689
1742693315.760679
1742693315.798832
1742693315.831761
1742693315.867251
1742693315.905012
1742693315.927483
1742693315.972548
1742693315.993902
1742693316.034284
1742693316.067425
1742693316.094345
1742693316.140438
1742693316.160951
1742693316.206918
1742693316.226942
1742693316.270766
1742693316.294452
1742693316.340692
1742693316.360429
1742693316.403116
1742693316.427641
1742693316.470898
1742693316.494081
1742693316.538296
1742693316.561157
1742693316.604866
1742693316.627421
1742693316.670751
1742693316.694312
1742693316.741453
1742693316.760698
1742693316.803618
1742693316.827799
1742693316.873050
1742693316.894347
1742693316.940846
1742693316.961154
1742693317.006582
1742693317.027376
1742693317.074370
1742693317.094575
1742693317.140858
1742693317.160756
1742693317.207743
1742693317.227860
1742693317.272791
1742693317.294125
1742693317.341291
1742693317.361559
1742693317.405035
1742693317.427983
1742693317.472777
1742693317.494639
1742693317.541607
1742693317.561086
1742693317.602694
1742693317.635634
1742693317.671177
1742693317.694941
1742693317.738100
1742693317.761529
1742693317.805106
1742693317.828676
1742693317.874696
1742693317.895339
1742693317.938687
1742693317.962348
1742693318.005410
1742693318.031555
1742693318.073771
1742693318.094651
1742693318.140978
1742693318.162009
1742693318.207743
1742693318.227939
1742693318.273742
1742693318.295527
1742693318.339010
1742693318.361348
1742693318.408142
1742693318.428855
1742693318.472433
1742693318.495739
1742693318.540263
1742693318.562201
1742693318.605010
1742693318.628966
1742693318.676143
1742693318.696118
1742693318.738883
1742693318.761695
1742693318.808371
1742693318.829192
1742693318.872287
1742693318.895250
1742693318.942272
1742693318.962878
1742693319.009065
1742693319.028299
1742693319.074793
1742693319.096242
1742693319.142310
1742693319.161733
1742693319.208779
1742693319.229593
1742693319.266442
1742693319.295900
1742693319.339310
1742693319.362644
1742693319.409580
1742693319.428514
1742693319.475400
1742693319.496454
1742693319.542865
1742693319.561917
1742693319.609085
1742693319.630324
1742693319.674468
1742693319.695239
1742693319.741648
1742693319.763678
1742693319.804723
1742693319.828462
1742693319.874321
1742693319.896678
1742693319.939383
1742693319.961939
1742693320.007182
1742693320.029791
1742693320.072364
1742693320.095582
1742693320.142427
1742693320.163935
1742693320.206505
1742693320.228885
1742693320.276069
1742693320.297413
1742693320.342890
1742693320.362317
1742693320.409169
1742693320.431030
1742693320.475403
1742693320.506206
1742693320.529088
1742693320.572813
1742693320.602020
1742693320.639648
1742693320.668569
1742693320.701995
1742693320.732220
1742693320.774270
1742693320.798229
1742693320.839915
1742693320.864687
1742693320.909526
1742693320.932059
1742693320.973277
1742693320.998403
1742693321.036779
1742693321.072735
1742693321.097780
1742693321.136659
1742693321.173804
1742693321.202075
1742693321.232081
1742693321.272707
1742693321.302121
1742693321.342617
1742693321.362847
1742693321.410156
1742693321.432258
1742693321.474238
1742693321.496293
1742693321.542659
1742693321.565626
1742693321.609787
1742693321.629521
1742693321.673480
1742693321.698954
1742693321.740316
1742693321.763838
1742693321.809462
1742693321.832353
1742693321.875974
1742693321.896549
1742693321.939928
1742693321.969109
1742693322.006420
1742693322.030888
1742693322.077288
1742693322.099908
1742693322.140986
1742693322.163379
1742693322.206451
1742693322.235911
1742693322.275502
1742693322.296721
1742693322.344205
1742693322.363934
1742693322.410233
1742693322.429970
1742693322.473259
1742693322.499390
1742693322.542720
1742693322.563550
1742693322.606697
1742693322.636163
1742693322.675116
1742693322.697330
1742693322.741042
1742693322.769314
1742693322.806715
1742693322.830539
1742693322.873683
1742693322.901366
1742693322.942626
1742693322.963498
1742693323.008150
1742693323.032586
1742693323.075200
1742693323.097092
1742693323.140418
1742693323.170337
1742693323.206960
1742693323.233367
1742693323.275090
1742693323.301363
1742693323.343864
1742693323.364105
1742693323.408878
1742693323.434810
1742693323.476321
1742693323.497313
1742693323.542475
1742693323.567661
1742693323.602742
1742693323.631568
1742693323.663811
1742693323.696456
1742693323.738744
1742693323.767604
1742693323.807998
1742693323.837707
1742693323.872303
1742693323.897034
1742693323.932800
1742693323.964601
1742693323.997391
1742693324.030704
1742693324.076179
1742693324.101976
1742693324.130735
1742693324.167024
1742693324.207466
1742693324.235688
1742693324.264604
1742693324.301598
1742693324.335713
1742693324.376328
1742693324.401867
1742693324.435039
1742693324.475692
1742693324.501856
1742693324.541700
1742693324.564334
1742693324.609182
1742693324.634575
1742693324.676890
1742693324.698292
1742693324.741287
1742693324.770728
1742693324.807758
1742693324.834061
1742693324.875839
1742693324.902293
1742693324.940380
1742693324.967805
1742693325.009056
1742693325.033545
1742693325.076075
1742693325.098143
1742693325.145046
1742693325.168641
1742693325.210275
1742693325.231267
1742693325.270618
1742693325.301897
1742693325.336796
1742693325.364928
1742693325.405933
1742693325.441034
1742693325.472020
1742693325.502431
1742693325.539914
1742693325.575093
1742693325.605595
1742693325.634481
1742693325.676453
1742693325.702007
1742693325.743116
1742693325.764981
1742693325.812445
1742693325.835304
1742693325.877144
1742693325.898525
1742693325.943787
1742693325.969753
1742693326.007915
1742693326.032608
1742693326.076704
1742693326.102708
1742693326.140637
1742693326.169726
1742693326.208655
1742693326.238891
1742693326.274553
1742693326.300439
1742693326.343214
1742693326.370726
1742693326.409096
1742693326.432143
1742693326.469255
1742693326.504494
1742693326.535888
1742693326.566239
1742693326.603231
1742693326.635463
1742693326.670936
1742693326.698981
1742693326.735814
1742693326.776503
1742693326.805739
1742693326.836854
1742693326.873085
1742693326.909671
1742693326.938965
1742693326.970461
1742693327.006344
1742693327.038125
1742693327.075457
1742693327.099288
1742693327.145284
1742693327.169846
1742693327.208758
1742693327.232988
1742693327.277601
1742693327.304124
1742693327.343223
1742693327.365988
1742693327.411136
1742693327.436528
1742693327.474965
1742693327.500897
1742693327.543693
1742693327.570340
1742693327.610554
1742693327.633515
1742693327.678685
1742693327.699409
1742693327.745302
1742693327.766564
1742693327.810781
1742693327.836837
1742693327.876664
1742693327.901920
1742693327.943565
1742693327.973221
1742693328.008076
1742693328.034177
1742693328.078311
1742693328.104635
1742693328.141988
1742693328.170802
1742693328.207479
1742693328.242256
1742693328.272956
1742693328.304630
1742693328.339850
1742693328.375906
1742693328.406489
1742693328.436439
1742693328.473648
1742693328.508761
1742693328.537568
1742693328.571450
1742693328.607561
1742693328.640806
1742693328.675960
1742693328.701891
1742693328.743415
1742693328.773124
1742693328.810459
1742693328.845383
1742693328.866821
1742693328.909946
1742693328.940232
1742693328.976151
1742693329.005444
1742693329.036760
1742693329.074724
1742693329.108184
1742693329.142358
1742693329.171575
1742693329.208353
1742693329.239684
1742693329.277614
1742693329.302471
1742693329.340425
1742693329.375570
1742693329.408408
1742693329.434659
1742693329.476421
1742693329.506843
1742693329.541948
1742693329.566751
1742693329.609709
1742693329.638627
1742693329.677506
1742693329.700084
1742693329.737287
1742693329.772533
1742693329.804344
1742693329.832826
1742693329.871403
1742693329.905490
1742693329.938629
1742693329.966342
1742693330.010694
1742693330.035469
1742693330.077799
1742693330.100786
1742693330.142816
1742693330.175528
1742693330.207397
1742693330.237388
1742693330.276513
1742693330.308728
1742693330.340399
1742693330.372300
1742693330.409901
1742693330.441311
1742693330.476574
1742693330.501245
1742693330.543345
1742693330.575424
1742693330.606857
1742693330.636650
1742693330.675318
1742693330.708192
1742693330.740438
1742693330.772197
1742693330.808295
1742693330.840054
1742693330.878301
1742693330.901642
1742693330.943893
1742693330.973771
1742693331.010233
1742693331.034551
1742693331.076675
1742693331.104333
1742693331.142320
1742693331.168651
1742693331.210323
1742693331.239054
1742693331.278061
1742693331.301224
1742693331.343656
1742693331.373623
1742693331.410525
1742693331.436649
1742693331.474950
1742693331.507200
1742693331.543514
1742693331.568939
1742693331.607121
1742693331.642329
1742693331.675905
1742693331.704459
1742693331.743004
1742693331.772996
1742693331.811864
1742693331.834695
1742693331.876361
1742693331.906114
1742693331.945885
1742693331.968202
1742693332.008658
1742693332.037740
1742693332.078558
1742693332.102140
1742693332.141614
1742693332.176454
1742693332.209937
1742693332.238352
1742693332.278441
1742693332.306399
1742693332.345481
1742693332.368483
1742693332.412412
1742693332.439391
1742693332.477593
1742693332.502133
1742693332.543730
1742693332.573133
1742693332.611566
1742693332.636367
1742693332.676871
1742693332.711480
1742693332.743128
1742693332.772930
1742693332.809595
1742693332.845129
1742693332.875373
1742693332.907547
1742693332.943046
1742693332.976746
1742693333.010682
1742693333.035396
1742693333.077608
1742693333.110845
1742693333.142056
1742693333.172305
1742693333.213300
1742693333.240021
1742693333.278663
1742693333.302678
1742693333.342492
1742693333.375714
1742693333.409174
1742693333.439674
1742693333.478717
1742693333.507424
1742693333.544380
1742693333.571355
1742693333.612362
1742693333.640478
1742693333.678676
1742693333.704357
1742693333.745004
1742693333.774170
1742693333.811803
1742693333.838027
1742693333.878182
1742693333.907617
1742693333.943443
1742693333.972617
1742693334.012589
1742693334.037044
1742693334.077327
1742693334.103896
1742693334.141938
1742693334.175937
1742693334.211220
1742693334.235691
1742693334.270284
1742693334.302880
1742693334.335560
1742693334.373535
1742693334.409717
1742693334.444894
1742693334.474709
1742693334.507057
1742693334.544579
1742693334.578478
1742693334.608988
1742693334.639447
1742693334.679137
1742693334.707834
1742693334.742265
1742693334.775594
1742693334.810659
1742693334.846213
1742693334.876828
1742693334.906670
1742693334.947644
1742693334.973518
1742693335.013108
1742693335.036366
1742693335.079597
1742693335.108418
1742693335.141280
1742693335.173838
1742693335.210281
1742693335.246010
1742693335.275407
1742693335.307170
1742693335.346547
1742693335.374977
1742693335.410630
1742693335.437466
1742693335.477643
1742693335.512956
1742693335.542522
1742693335.573937
1742693335.614158
1742693335.641958
1742693335.678037
1742693335.704100
1742693335.745611
1742693335.776095
1742693335.812014
1742693335.839159
1742693335.879059
1742693335.909765
1742693335.945693
1742693335.972998
1742693336.011857
1742693336.040863
1742693336.077252
1742693336.108027
1742693336.147197
1742693336.175822
1742693336.212086
1742693336.239104
1742693336.276284
1742693336.311519
1742693336.345213
1742693336.371203
1742693336.413077
1742693336.442653
1742693336.476301
1742693336.507463
1742693336.548220
1742693336.573877
1742693336.614680
1742693336.637166
1742693336.677733
1742693336.713637
1742693336.743124
1742693336.778957
1742693336.808387
1742693336.847895
1742693336.875224
1742693336.910757
1742693336.944368
1742693336.976016
1742693337.011836
1742693337.037440
1742693337.078242
1742693337.112575
1742693337.142006
1742693337.182305
1742693337.203872
1742693337.245989
1742693337.276492
1742693337.309900
1742693337.345409
1742693337.374094
1742693337.415444
1742693337.440865
1742693337.480761
1742693337.504877
1742693337.547414
1742693337.577450
1742693337.615111
1742693337.637475
1742693337.680874
1742693337.710918
1742693337.746761
1742693337.772458
1742693337.814078
1742693337.844325
1742693337.879643
1742693337.908143
1742693337.948875
1742693337.973979
1742693338.015173
1742693338.037862
1742693338.079904
1742693338.110051
1742693338.146910
1742693338.171586
1742693338.213683
1742693338.244701
1742693338.278270
1742693338.307460
1742693338.347715
1742693338.376706
1742693338.417142
1742693338.437837
1742693338.479777
1742693338.512627
1742693338.548523
1742693338.573537
1742693338.611965
1742693338.646996
1742693338.680234
1742693338.709527
1742693338.747919
1742693338.775767
1742693338.814832
1742693338.840602
1742693338.880203
1742693338.912371
1742693338.945256
1742693338.975791
1742693339.015667
1742693339.038137
1742693339.079979
1742693339.106645
1742693339.144618
1742693339.180392
1742693339.211916
1742693339.242055
1742693339.278007
1742693339.311743
1742693339.349230
1742693339.371551
1742693339.414589
1742693339.441344
1742693339.478396
1742693339.509723
1742693339.549573
1742693339.574930
1742693339.612936
1742693339.642665
1742693339.680486
1742693339.713104
1742693339.749149
1742693339.773500
1742693339.811615
1742693339.847502
1742693339.875979
1742693339.913055
1742693339.943578
1742693339.981604
1742693340.009872
1742693340.040614
1742693340.080884
1742693340.109013
1742693340.149871
1742693340.172015
1742693340.214656
1742693340.242142
1742693340.284486
1742693340.305410
1742693340.352537
1742693340.373721
1742693340.412506
1742693340.443470
1742693340.479382
1742693340.516756
1742693340.542500
1742693340.580231
1742693340.610687
1742693340.652366
1742693340.674714
1742693340.716277
1742693340.741284
1742693340.779949
1742693340.815696
1742693340.841524
1742693340.882561
1742693340.909444
1742693340.952236
1742693340.972547
1742693341.016146
1742693341.041031
1742693341.082961
1742693341.106259
1742693341.151956
1742693341.175061
1742693341.217233
1742693341.240718
1742693341.283422
1742693341.309325
1742693341.352402
1742693341.372852
1742693341.416818
1742693341.442962
1742693341.485171
1742693341.505945
1742693341.549882
1742693341.576080
1742693341.618256
1742693341.639346
1742693341.686171
1742693341.708454
1742693341.749952
1742693341.773434
1742693341.819674
1742693341.841646
1742693341.880328
1742693341.910627
1742693341.948716
1742693341.976082
1742693342.014143
1742693342.039761
1742693342.085058
1742693342.108602
1742693342.150123
1742693342.173234
1742693342.217996
1742693342.242093
1742693342.280398
1742693342.307586
1742693342.353417
1742693342.375023
1742693342.416850
1742693342.439830
1742693342.485371
1742693342.508754
1742693342.548014
1742693342.574231
1742693342.619855
1742693342.642010
1742693342.680658
1742693342.710923
1742693342.748411
1742693342.778553
1742693342.817831
1742693342.840695
1742693342.887882
1742693342.908420
1742693342.954622
1742693342.973668
1742693343.018626
1742693343.040269
1742693343.087169
1742693343.108106
1742693343.154446
1742693343.175190
1742693343.215228
1742693343.241798
1742693343.284117
1742693343.308905
1742693343.352317
1742693343.373797
1742693343.421032
1742693343.441009
1742693343.488239
1742693343.507259
1742693343.554341
1742693343.575476
1742693343.618437
1742693343.640566
1742693343.685546
1742693343.709052
1742693343.754455
1742693343.774025
1742693343.819322
1742693343.842427
1742693343.887775
1742693343.907350
1742693343.954640
1742693343.974370
1742693344.014667
1742693344.040955
1742693344.087835
1742693344.108732
1742693344.154991
1742693344.174401
1742693344.220978
1742693344.242351
1742693344.287723
1742693344.307734
1742693344.353989
1742693344.375843
1742693344.419444
1742693344.440928
1742693344.487650
1742693344.509014
1742693344.553613
1742693344.574450
1742693344.621695
1742693344.642309
1742693344.687082
1742693344.707927
1742693344.754528
1742693344.775690
1742693344.819932
1742693344.841415
1742693344.888321
1742693344.908965
1742693344.955563
1742693344.974878
1742693345.021660
1742693345.041482
1742693345.088648
1742693345.108166
1742693345.155250
1742693345.175690
1742693345.214857
1742693345.242715
1742693345.283026
1742693345.309654
1742693345.352973
1742693345.375094
1742693345.422582
1742693345.441909
1742693345.486258
1742693345.520072
1742693345.541567
1742693345.589071
1742693345.608563
1742693345.653740
1742693345.675758
1742693345.718843
1742693345.742040
1742693345.788250
1742693345.809250
1742693345.847788
1742693345.879567
1742693345.920856
1742693345.942847
1742693345.984116
1742693346.009490
1742693346.048181
1742693346.082299
1742693346.108975
1742693346.154648
1742693346.176261
1742693346.222229
1742693346.241898
1742693346.288649
1742693346.309459
1742693346.356184
1742693346.375224
1742693346.422433
1742693346.442613
1742693346.485969
1742693346.508745
1742693346.555270
1742693346.576127
1742693346.622645
1742693346.642366
1742693346.688771
1742693346.709479
1742693346.752761
1742693346.776007
1742693346.822339
1742693346.843128
1742693346.888725
1742693346.909224
1742693346.955057
1742693346.976700
1742693347.021991
1742693347.042829
1742693347.088090
1742693347.109817
1742693347.156019
1742693347.176095
1742693347.218969
1742693347.244928
1742693347.287504
1742693347.309094
1742693347.355341
1742693347.376364
1742693347.422857
1742693347.442458
1742693347.485663
1742693347.510847
1742693347.554803
1742693347.575961
1742693347.620606
1742693347.643554
1742693347.690423
1742693347.709254
1742693347.755388
1742693347.775942
1742693347.821614
1742693347.842449
1742693347.884728
1742693347.910496
1742693347.952573
1742693347.975850
1742693348.021266
1742693348.042728
1742693348.090248
1742693348.109457
1742693348.155400
1742693348.176624
1742693348.220156
1742693348.242914
1742693348.289466
1742693348.309876
1742693348.353566
1742693348.376579
1742693348.423389
1742693348.443156
1742693348.486628
1742693348.509993
1742693348.556895
1742693348.576637
1742693348.623783
1742693348.643122
1742693348.690144
1742693348.709829
1742693348.756715
1742693348.776462
1742693348.822029
1742693348.843526
1742693348.887026
1742693348.909695
1742693348.952518
1742693348.977990
1742693349.020528
1742693349.043225
1742693349.089698
1742693349.109932
1742693349.157039
1742693349.176559
1742693349.220124
1742693349.246114
1742693349.290063
1742693349.310067
1742693349.352738
1742693349.377332
1742693349.421277
1742693349.443417
1742693349.488157
1742693349.510452
1742693349.555348
1742693349.576806
1742693349.623753
1742693349.643784
1742693349.687320
1742693349.710611
1742693349.756249
1742693349.777343
1742693349.819696
1742693349.844231
1742693349.887306
1742693349.911236
1742693349.956875
1742693349.977459
1742693350.023256
1742693350.044249
1742693350.089858
1742693350.110747
1742693350.154178
1742693350.178082
1742693350.221295
1742693350.244074
1742693350.286946
1742693350.313441
1742693350.357389
1742693350.377361
1742693350.422810
1742693350.444424
1742693350.487711
1742693350.510639
1742693350.557832
1742693350.578081
1742693350.624223
1742693350.644003
1742693350.690845
1742693350.711415
1742693350.757766
1742693350.777378
1742693350.824478
1742693350.844714
1742693350.887205
1742693350.910829
1742693350.954288
1742693350.978350
1742693351.023688
1742693351.044302
1742693351.089855
1742693351.111714
1742693351.156105
1742693351.177616
1742693351.220980
1742693351.244763
1742693351.289744
1742693351.311218
1742693351.357406
1742693351.378860
1742693351.422049
1742693351.445468
1742693351.491289
1742693351.512483
1742693351.555636
1742693351.578544
1742693351.624141
1742693351.645856
1742693351.692399
1742693351.711235
1742693351.753949
1742693351.782945
1742693351.823108
1742693351.844578
1742693351.887996
1742693351.913498
1742693351.958493
1742693351.977919
1742693352.022897
1742693352.046063
1742693352.087997
1742693352.111560
1742693352.158811
1742693352.179941
1742693352.222914
1742693352.244847
1742693352.291040
1742693352.313021
1742693352.356202
1742693352.378153
1742693352.425209
1742693352.446693
1742693352.491707
1742693352.511457
1742693352.555208
1742693352.582220
1742693352.624583
1742693352.644995
1742693352.688361
1742693352.716678
1742693352.757418
1742693352.778334
1742693352.825498
1742693352.846973
1742693352.889396
1742693352.912887
1742693352.956217
1742693352.981544
1742693353.024237
1742693353.045582
1742693353.088250
1742693353.117833
1742693353.158388
1742693353.178658
1742693353.225358
1742693353.247608
1742693353.289696
1742693353.311868
1742693353.356135
1742693353.380552
1742693353.426250
1742693353.445438
1742693353.491740
1742693353.514701
1742693353.557229
1742693353.578708
1742693353.622294
1742693353.650092
1742693353.691555
1742693353.712266
1742693353.758736
1742693353.781430
1742693353.824874
1742693353.855551
1742693353.878986
1742693353.922902
1742693353.952063
1742693353.990525
1742693354.015582
1742693354.056011
1742693354.082206
1742693354.126366
1742693354.148759
1742693354.181782
1742693354.222745
1742693354.251925
1742693354.289636
1742693354.312359
1742693354.359527
1742693354.381913
1742693354.424975
1742693354.445994
1742693354.490879
1742693354.515306
1742693354.557236
1742693354.579151
1742693354.622835
1742693354.649041
1742693354.692162
1742693354.712571
1742693354.760087
1742693354.782453
1742693354.826332
1742693354.846265
1742693354.892334
1742693354.915702
1742693354.959724
1742693354.979434
1742693355.022162
1742693355.052909
1742693355.089291
1742693355.112829
1742693355.159389
1742693355.183059
1742693355.225075
1742693355.246154
1742693355.289692
1742693355.318133
1742693355.359455
1742693355.379710
1742693355.423257
1742693355.452618
1742693355.489668
1742693355.513323
1742693355.560188
1742693355.583134
1742693355.625443
1742693355.646338
1742693355.693736
1742693355.713439
1742693355.757035
1742693355.780857
1742693355.825984
1742693355.850341
1742693355.891429
1742693355.913644
1742693355.957324
1742693355.983464
1742693356.022966
1742693356.048767
1742693356.090113
1742693356.119124
1742693356.158953
1742693356.181312
1742693356.224187
1742693356.250910
1742693356.292401
1742693356.313763
1742693356.359976
1742693356.384401
1742693356.426301
1742693356.446902
1742693356.489964
1742693356.517272
1742693356.558848
1742693356.580121
1742693356.623518
1742693356.647195
1742693356.684203
1742693356.713768
1742693356.751789
1742693356.793258
1742693356.817669
1742693356.851150
1742693356.890676
1742693356.920206
1742693356.957063
1742693356.981868
1742693357.025256
1742693357.051395
1742693357.092371
1742693357.114032
1742693357.160947
1742693357.183544
1742693357.227372
1742693357.247550
1742693357.294617
1742693357.316861
1742693357.358776
1742693357.380886
1742693357.427817
1742693357.451310
1742693357.493046
1742693357.513965
1742693357.561326
1742693357.583332
1742693357.625093
1742693357.647238
1742693357.694518
1742693357.717191
1742693357.760176
1742693357.780761
1742693357.828022
1742693357.850757
1742693357.892839
1742693357.914265
1742693357.959563
1742693357.985465
1742693358.023935
1742693358.050443
1742693358.092043
1742693358.119477
1742693358.160433
1742693358.181054
1742693358.226054
1742693358.252619
1742693358.290802
1742693358.315298
1742693358.357434
1742693358.387139
1742693358.424783
1742693358.447933
1742693358.492730
1742693358.518638
1742693358.556977
1742693358.581124
1742693358.628323
1742693358.651158
1742693358.692922
1742693358.714518
1742693358.761358
1742693358.785428
1742693358.826910
1742693358.847958
1742693358.892032
1742693358.921713
1742693358.958728
1742693358.981278
1742693359.025392
1742693359.048874
1742693359.093938
1742693359.114648
1742693359.158057
1742693359.186927
1742693359.223836
1742693359.247990
1742693359.294114
1742693359.319184
1742693359.356550
1742693359.381917
1742693359.427091
1742693359.452597
1742693359.491438
1742693359.515085
1742693359.559750
1742693359.586987
1742693359.626104
1742693359.648683
1742693359.694275
1742693359.720061
1742693359.759689
1742693359.781880
1742693359.827148
1742693359.852463
1742693359.893342
1742693359.915445
1742693359.961635
1742693359.986785
1742693360.025058
1742693360.051495
1742693360.092655
1742693360.122016
1742693360.159711
1742693360.184048
1742693360.225721
1742693360.255762
1742693360.292363
1742693360.317411
1742693360.359549
1742693360.389143
1742693360.424424
1742693360.452697
1742693360.491394
1742693360.521856
1742693360.558698
1742693360.583539
1742693360.626509
1742693360.655616
1742693360.692947
1742693360.716121
1742693360.761429
1742693360.785139
1742693360.827101
1742693360.849494
1742693360.894767
1742693360.920294
1742693360.959900
1742693360.982907
1742693361.025705
1742693361.056291
1742693361.093433
1742693361.115962
1742693361.162363
1742693361.187191
1742693361.226507
1742693361.250466
1742693361.292714
1742693361.321336
1742693361.360987
1742693361.383914
1742693361.425908
1742693361.456158
1742693361.493096
1742693361.520407
1742693361.559293
1742693361.590227
1742693361.626812
1742693361.650748
1742693361.693048
1742693361.721864
1742693361.760895
1742693361.783180
1742693361.825973
1742693361.857486
1742693361.889040
1742693361.924053
1742693361.955217
1742693361.991480
1742693362.026093
1742693362.053401
1742693362.091956
1742693362.122422
1742693362.161218
1742693362.192990
1742693362.216535
1742693362.261842
1742693362.288133
1742693362.327296
1742693362.355455
1742693362.387787
1742693362.423377
1742693362.459379
1742693362.489051
1742693362.519165
1742693362.557596
1742693362.589056
1742693362.626450
1742693362.649793
1742693362.692867
1742693362.722406
1742693362.758556
1742693362.785898
1742693362.823135
1742693362.855659
1742693362.893251
1742693362.916880
1742693362.958728
1742693362.990353
1742693363.024333
1742693363.052815
1742693363.092522
1742693363.125934
1742693363.156398
1742693363.186135
1742693363.226704
1742693363.256092
1742693363.294760
1742693363.316745
1742693363.359631
1742693363.388669
1742693363.425687
1742693363.450378
1742693363.492675
1742693363.523550
1742693363.559287
1742693363.583803
1742693363.627430
1742693363.655213
1742693363.693888
1742693363.717329
1742693363.759162
1742693363.791634
1742693363.824096
1742693363.854192
1742693363.894323
1742693363.922099
1742693363.962259
1742693363.984782
1742693364.025786
1742693364.059789
1742693364.092571
1742693364.122170
1742693364.158504
1742693364.192916
1742693364.227547
1742693364.254888
1742693364.295164
1742693364.321308
1742693364.362225
1742693364.384418
1742693364.426749
1742693364.457162
1742693364.494647
1742693364.517842
1742693364.561406
1742693364.587353
1742693364.628935
1742693364.651158
1742693364.693259
1742693364.725847
1742693364.760812
1742693364.785318
1742693364.825558
1742693364.857391
1742693364.892692
1742693364.921714
1742693364.958881
1742693364.995034
1742693365.024300
1742693365.056358
1742693365.092975
1742693365.126795
1742693365.159191
1742693365.187600
1742693365.227520
1742693365.257653
1742693365.290678
1742693365.322190
1742693365.359630
1742693365.394076
1742693365.424520
1742693365.455657
1742693365.493557
1742693365.525968
1742693365.561244
1742693365.587501
1742693365.627645
1742693365.656340
1742693365.696830
1742693365.718573
1742693365.760056
1742693365.793805
1742693365.823051
1742693365.859163
1742693365.890619
1742693365.928162
1742693365.957765
1742693365.990634
1742693366.026975
1742693366.061615
1742693366.091236
1742693366.125009
1742693366.157275
1742693366.191317
1742693366.226694
1742693366.256797
1742693366.293405
1742693366.327858
1742693366.359839
1742693366.388888
1742693366.427111
1742693366.460944
1742693366.490556
1742693366.523339
1742693366.558389
1742693366.593384
1742693366.628278
1742693366.654510
1742693366.695082
1742693366.725408
1742693366.760444
1742693366.787894
1742693366.829182
1742693366.856983
1742693366.896593
1742693366.918598
1742693366.959772
1742693366.993430
1742693367.027393
1742693367.052420
1742693367.092637
1742693367.126923
1742693367.162320
1742693367.186802
1742693367.227566
1742693367.257208
1742693367.290846
1742693367.323152
1742693367.361346
1742693367.390805
1742693367.425244
1742693367.456944
1742693367.493241
1742693367.528979
1742693367.556669
1742693367.590654
1742693367.626303
1742693367.660889
1742693367.694845
1742693367.723393
1742693367.762827
1742693367.792789
1742693367.828262
1742693367.855723
1742693367.893154
1742693367.928233
1742693367.959004
1742693367.989469
1742693368.027418
1742693368.061252
1742693368.092371
1742693368.121335
1742693368.163176
1742693368.191104
1742693368.226044
1742693368.256291
1742693368.296486
1742693368.323082
1742693368.362173
1742693368.388303
1742693368.429312
1742693368.458489
1742693368.497104
1742693368.520275
1742693368.561670
1742693368.592209
1742693368.629018
1742693368.657114
1742693368.696357
1742693368.725848
1742693368.761502
1742693368.791132
1742693368.827505
1742693368.861193
1742693368.896305
1742693368.919820
1742693368.961542
1742693368.992261
1742693369.028616
1742693369.054415
1742693369.095609
1742693369.126351
1742693369.161764
1742693369.188461
1742693369.228913
1742693369.258772
1742693369.294673
1742693369.321553
1742693369.362456
1742693369.390747
1742693369.429825
1742693369.453121
1742693369.494796
1742693369.525662
1742693369.561302
1742693369.590140
1742693369.630568
1742693369.658021
1742693369.697855
1742693369.719849
1742693369.761229
1742693369.795872
1742693369.826000
1742693369.857636
1742693369.895513
1742693369.928572
1742693369.961412
1742693369.990776
1742693370.029381
1742693370.059345
1742693370.095241
1742693370.124928
1742693370.162892
1742693370.192633
1742693370.229008
1742693370.257297
1742693370.294274
1742693370.329907
1742693370.359654
1742693370.390756
1742693370.429751
1742693370.459516
1742693370.496023
1742693370.531396
1742693370.553644
1742693370.599267
1742693370.623198
1742693370.663164
1742693370.693491
1742693370.723897
1742693370.765150
1742693370.790360
1742693370.831739
1742693370.853752
1742693370.899789
1742693370.923869
1742693370.962051
1742693370.987721
1742693371.025014
1742693371.058531
1742693371.091430
1742693371.121005
1742693371.165457
1742693371.190350
1742693371.229677
1742693371.255317
1742693371.293892
1742693371.331764
1742693371.357218
1742693371.391862
1742693371.427655
1742693371.462818
1742693371.495596
1742693371.522171
1742693371.560946
1742693371.599622
1742693371.624079
1742693371.657963
1742693371.699042
1742693371.723915
1742693371.764952
1742693371.788627
1742693371.827682
1742693371.863515
1742693371.891993
1742693371.925669
1742693371.962438
1742693371.998473
1742693372.025291
1742693372.060481
1742693372.096359
1742693372.131015
1742693372.157796
1742693372.194490
1742693372.226077
1742693372.265237
1742693372.291170
1742693372.325237
1742693372.362886
1742693372.396730
1742693372.429031
1742693372.454965
1742693372.497928
1742693372.525073
1742693372.565999
1742693372.587845
1742693372.632572
1742693372.656076
1742693372.694537
1742693372.722539
1742693372.764401
1742693372.791068
1742693372.831925
1742693372.854694
1742693372.900479
1742693372.924385
1742693372.962219
1742693372.991597
1742693373.031781
1742693373.058073
1742693373.099029
1742693373.121821
1742693373.167905
1742693373.191010
1742693373.228640
1742693373.258352
1742693373.299184
1742693373.324943
1742693373.368225
1742693373.388472
1742693373.431882
1742693373.456512
1742693373.491651
1742693373.521245
1742693373.568525
1742693373.590706
1742693373.632785
1742693373.655076
1742693373.698931
1742693373.725396
1742693373.767294
1742693373.788554
1742693373.835822
1742693373.856938
1742693373.902958
1742693373.922068
1742693373.965696
1742693373.992195
1742693374.031688
1742693374.055745
1742693374.100330
1742693374.124914
1742693374.163477
1742693374.191289
1742693374.230631
1742693374.257774
1742693374.297015
1742693374.324957
1742693374.362899
1742693374.398950
1742693374.425405
1742693374.459416
1742693374.500521
1742693374.524853
1742693374.566682
1742693374.589128
1742693374.634256
1742693374.657263
1742693374.703931
1742693374.722531
1742693374.769179
1742693374.791060
1742693374.833142
1742693374.856302
1742693374.902794
1742693374.924109
1742693374.971139
1742693374.989328
1742693375.032627
1742693375.058597
1742693375.101568
1742693375.123476
1742693375.169704
1742693375.191729
1742693375.233259
1742693375.256802
1742693375.302523
1742693375.324890
1742693375.364347
1742693375.391598
1742693375.433014
1742693375.458508
1742693375.500994
1742693375.523499
1742693375.570234
1742693375.591473
1742693375.636631
1742693375.656410
1742693375.703318
1742693375.724430
1742693375.769335
1742693375.789671
1742693375.835658
1742693375.857935
1742693375.904782
1742693375.923328
1742693375.970505
1742693375.991295
1742693376.032262
1742693376.058062
1742693376.097844
1742693376.129268
1742693376.169779
1742693376.190186
1742693376.236552
1742693376.258208
1742693376.301138
1742693376.323670
1742693376.370412
1742693376.391774
1742693376.436795
1742693376.456906
1742693376.503180
1742693376.525198
1742693376.570018
1742693376.590228
1742693376.636358
1742693376.658621
1742693376.700184
1742693376.723551
1742693376.770477
1742693376.791543
1742693376.837897
1742693376.857037
1742693376.904034
1742693376.924793
1742693376.971719
1742693376.990673
1742693377.033491
1742693377.059197
1742693377.098577
1742693377.125367
1742693377.167329
1742693377.192249
1742693377.230166
1742693377.258747
1742693377.301311
1742693377.325538
1742693377.371086
1742693377.390759
1742693377.437789
1742693377.458514
1742693377.502984
1742693377.524069
1742693377.570762
1742693377.591883
1742693377.634624
1742693377.657866
1742693377.704226
1742693377.725352
1742693377.771147
1742693377.791000
1742693377.838451
1742693377.858211
1742693377.903770
1742693377.924346
1742693377.971920
1742693377.991352
1742693378.033443
1742693378.058455
1742693378.104009
1742693378.125431
1742693378.171482
1742693378.191398
1742693378.237719
1742693378.258957
1742693378.304894
1742693378.324662
1742693378.371754
1742693378.391847
1742693378.437078
1742693378.457868
1742693378.505000
1742693378.525257
1742693378.568777
1742693378.591416
1742693378.637109
1742693378.658916
1742693378.705121
1742693378.724748
1742693378.771893
1742693378.792115
1742693378.836907
1742693378.867502
1742693378.891351
1742693378.936662
1742693378.959262
1742693379.005570
1742693379.025613
1742693379.071490
1742693379.091734
1742693379.138643
1742693379.159122
1742693379.201468
1742693379.225659
1742693379.271451
1742693379.292552
1742693379.334898
1742693379.358468
1742693379.401972
1742693379.426694
1742693379.463439
1742693379.498565
1742693379.527072
1742693379.572966
1742693379.591832
1742693379.638046
1742693379.659339
1742693379.703346
1742693379.725107
1742693379.771729
1742693379.792451
1742693379.835638
1742693379.858867
1742693379.905836
1742693379.925250
1742693379.972223
1742693379.991967
1742693380.035446
1742693380.060174
1742693380.103682
1742693380.125627
1742693380.172111
1742693380.192579
1742693380.235593
1742693380.259394
1742693380.306526
1742693380.325896
1742693380.372676
1742693380.392362
1742693380.437406
1742693380.459703
1742693380.505788
1742693380.525716
1742693380.571405
1742693380.592914
1742693380.637162
1742693380.659288
1742693380.705468
1742693380.726167
1742693380.772459
1742693380.792482
1742693380.839938
1742693380.859228
1742693380.905368
1742693380.925885
1742693380.971880
1742693380.992961
1742693381.033774
1742693381.059533
1742693381.104293
1742693381.126402
1742693381.171414
1742693381.192749
1742693381.230965
1742693381.271129
1742693381.293144
1742693381.339207
1742693381.359426
1742693381.405983
1742693381.426338
1742693381.468237
1742693381.492739
1742693381.538289
1742693381.559820
1742693381.601799
1742693381.626344
1742693381.670264
1742693381.693297
1742693381.733502
1742693381.761429
1742693381.804068
1742693381.826796
1742693381.868885
1742693381.893217
1742693381.939425
1742693381.959875
1742693382.005456
1742693382.026807
1742693382.069235
1742693382.098211
1742693382.128582
1742693382.169755
1742693382.193368
1742693382.240716
1742693382.260024
1742693382.306915
1742693382.327069
1742693382.373320
1742693382.393230
1742693382.436465
1742693382.463695
1742693382.506750
1742693382.526718
1742693382.571923
1742693382.593599
1742693382.638759
1742693382.659888
1742693382.700890
1742693382.732950
1742693382.768155
1742693382.793638
1742693382.836858
1742693382.860754
1742693382.906966
1742693382.926748
1742693382.973296
1742693382.994153
1742693383.034081
1742693383.061106
1742693383.107481
1742693383.127689
1742693383.173413
1742693383.193631
1742693383.240909
1742693383.261116
1742693383.305758
1742693383.326897
1742693383.373123
1742693383.394391
1742693383.439772
1742693383.460372
1742693383.506749
1742693383.527767
1742693383.574961
1742693383.593830
1742693383.636566
1742693383.664696
1742693383.707567
1742693383.727069
1742693383.770324
1742693383.795274
1742693383.837733
1742693383.861708
1742693383.902308
1742693383.936451
1742693383.968829
1742693383.995204
1742693384.036104
1742693384.069903
1742693384.097466
1742693384.138833
1742693384.162475
1742693384.205611
1742693384.230506
1742693384.272201
1742693384.296018
1742693384.338959
1742693384.362930
1742693384.404815
1742693384.429696
1742693384.474401
1742693384.495666
1742693384.534234
1742693384.562256
1742693384.605634
1742693384.629637
1742693384.668528
1742693384.695213
1742693384.738822
1742693384.762951
1742693384.801864
1742693384.829191
1742693384.875374
1742693384.896483
1742693384.933550
1742693384.964388
1742693385.007184
1742693385.029204
1742693385.070353
1742693385.096242
1742693385.140852
1742693385.163182
1742693385.201776
1742693385.229500
1742693385.274892
1742693385.296965
1742693385.338698
1742693385.363483
1742693385.409206
1742693385.429329
1742693385.470358
1742693385.496588
1742693385.538003
1742693385.564084
1742693385.596893
1742693385.637727
1742693385.664993
1742693385.707157
1742693385.728090
1742693385.772519
1742693385.796710
1742693385.839921
1742693385.861417
1742693385.907737
1742693385.930501
1742693385.974058
1742693385.994899
1742693386.036885
1742693386.068298
1742693386.104603
1742693386.130996
1742693386.173014
1742693386.198350
1742693386.240748
1742693386.263025
1742693386.306704
1742693386.332531
1742693386.374300
1742693386.395376
1742693386.441351
1742693386.464799
1742693386.508290
1742693386.528464
1742693386.575499
1742693386.598310
1742693386.635348
1742693386.662040
1742693386.698875
1742693386.734661
1742693386.773428
1742693386.795094
1742693386.841441
1742693386.864032
1742693386.906181
1742693386.928800
1742693386.972129
1742693387.001471
1742693387.037127
1742693387.064913
1742693387.106627
1742693387.133368
1742693387.175187
1742693387.205855
1742693387.229061
1742693387.271989
1742693387.301746
1742693387.339175
1742693387.368235
1742693387.403462
1742693387.432296
1742693387.474318
1742693387.498727
1742693387.538057
1742693387.565316
1742693387.608810
1742693387.632903
1742693387.664861
1742693387.706874
1742693387.732049
1742693387.775984
1742693387.796003
1742693387.841772
1742693387.866340
1742693387.907732
1742693387.929404
1742693387.973842
1742693387.999499
1742693388.039137
1742693388.065928
1742693388.107506
1742693388.133116
1742693388.174567
1742693388.196773
1742693388.240987
1742693388.266232
1742693388.308500
1742693388.330231
1742693388.373457
1742693388.402938
1742693388.439778
1742693388.466673
1742693388.507604
1742693388.534284
1742693388.576169
1742693388.596259
1742693388.640662
1742693388.666966
1742693388.708972
1742693388.729643
1742693388.777169
1742693388.798316
1742693388.841372
1742693388.862827
1742693388.907890
1742693388.933901
1742693388.974077
1742693388.996311
1742693389.035323
1742693389.075990
1742693389.099866
1742693389.138826
1742693389.167083
1742693389.208670
1742693389.232900
1742693389.272586
1742693389.300753
1742693389.340251
1742693389.369662
1742693389.402901
1742693389.435969
1742693389.474823
1742693389.501051
1742693389.534975
1742693389.569715
1742693389.608890
1742693389.634005
1742693389.667390
1742693389.705600
1742693389.737793
1742693389.772571
1742693389.797525
1742693389.841105
1742693389.867825
1742693389.906255
1742693389.930486
1742693389.974888
1742693390.001218
1742693390.034763
1742693390.070083
1742693390.103972
1742693390.139993
1742693390.171652
1742693390.201417
1742693390.238556
1742693390.274314
1742693390.304017
1742693390.334885
1742693390.372094
1742693390.404906
1742693390.440176
1742693390.466875
1742693390.508575
1742693390.536123
1742693390.574478
1742693390.598542
1742693390.640743
1742693390.670585
1742693390.708765
1742693390.730520
1742693390.776430
1742693390.801495
1742693390.841574
1742693390.863869
1742693390.909049
1742693390.935076
1742693390.975926
1742693390.997506
1742693391.038283
1742693391.074215
1742693391.102834
1742693391.135216
1742693391.173021
1742693391.205037
1742693391.239891
1742693391.264919
1742693391.309983
1742693391.335206
1742693391.376223
1742693391.397753
1742693391.441911
1742693391.469227
1742693391.507670
1742693391.531368
1742693391.577552
1742693391.601486
1742693391.637938
1742693391.669006
1742693391.703108
1742693391.739771
1742693391.772567
1742693391.797858
1742693391.841084
1742693391.870788
1742693391.907681
1742693391.930957
1742693391.976212
1742693392.002377
1742693392.035672
1742693392.069733
1742693392.105824
1742693392.138237
1742693392.175357
1742693392.199154
1742693392.241796
1742693392.271125
1742693392.310683
1742693392.331623
1742693392.378107
1742693392.402678
1742693392.440443
1742693392.466640
1742693392.508657
1742693392.538222
1742693392.573409
1742693392.600406
1742693392.639370
1742693392.673819
1742693392.703934
1742693392.738871
1742693392.769771
1742693392.808092
1742693392.837436
1742693392.868669
1742693392.908798
1742693392.936185
1742693392.974980
1742693392.998672
1742693393.040324
1742693393.072998
1742693393.107171
1742693393.134676
1742693393.170154
1742693393.209804
1742693393.236325
1742693393.270043
1742693393.303073
1742693393.342488
1742693393.370895
1742693393.406551
1742693393.435920
1742693393.475148
1742693393.505016
1742693393.535184
1742693393.572139
1742693393.607470
1742693393.636355
1742693393.670187
1742693393.707440
1742693393.737869
1742693393.775292
1742693393.798798
1742693393.844429
1742693393.869720
1742693393.909244
1742693393.932221
1742693393.977948
1742693394.002285
1742693394.036191
1742693394.071663
1742693394.106226
1742693394.140896
1742693394.172505
1742693394.203762
1742693394.236015
1742693394.274615
1742693394.307113
1742693394.337034
1742693394.374773
1742693394.406470
1742693394.441392
1742693394.468587
1742693394.509899
1742693394.536107
1742693394.576928
1742693394.599144
1742693394.640695
1742693394.672361
1742693394.707694
1742693394.734964
1742693394.774917
1742693394.808094
1742693394.838122
1742693394.869977
1742693394.907335
1742693394.937653
1742693394.977854
1742693394.999277
1742693395.039713
1742693395.075541
1742693395.107799
1742693395.135085
1742693395.173071
1742693395.209039
1742693395.238462
1742693395.270709
1742693395.309221
1742693395.337459
1742693395.378119
1742693395.401000
1742693395.438895
1742693395.475722
1742693395.508740
1742693395.543479
1742693395.566392
1742693395.609119
1742693395.636624
1742693395.677527
1742693395.705193
1742693395.739954
1742693395.771023
1742693395.811850
1742693395.836156
1742693395.874341
1742693395.904677
1742693395.944563
1742693395.971610
1742693396.006704
1742693396.035142
1742693396.075773
1742693396.105161
1742693396.137812
1742693396.177209
1742693396.200827
1742693396.238838
1742693396.269354
1742693396.305928
1742693396.338772
1742693396.372524
1742693396.402521
1742693396.439696
1742693396.471570
1742693396.505892
1742693396.533510
1742693396.571919
1742693396.608441
1742693396.640661
1742693396.668569
1742693396.706333
1742693396.740327
1742693396.772124
1742693396.804802
1742693396.840292
1742693396.874586
1742693396.908261
1742693396.937838
1742693396.977419
1742693397.007247
1742693397.035530
1742693397.076153
1742693397.105313
1742693397.144451
1742693397.174174
1742693397.206764
1742693397.241958
1742693397.276865
1742693397.307339
1742693397.341215
1742693397.371676
1742693397.409990
1742693397.439788
1742693397.471867
1742693397.507978
1742693397.541937
1742693397.571914
1742693397.607286
1742693397.635946
1742693397.676592
1742693397.706707
1742693397.737900
1742693397.778586
1742693397.805731
1742693397.840442
1742693397.871493
1742693397.909438
1742693397.939848
1742693397.973163
1742693398.007983
1742693398.036752
1742693398.077403
1742693398.107861
1742693398.139031
1742693398.174756
1742693398.209607
1742693398.244100
1742693398.270828
1742693398.311368
1742693398.339082
1742693398.379208
1742693398.401819
1742693398.441723
1742693398.475166
1742693398.509758
1742693398.535685
1742693398.576941
1742693398.606181
1742693398.645078
1742693398.667765
1742693398.707624
1742693398.742947
1742693398.777830
1742693398.802498
1742693398.842514
1742693398.876044
1742693398.910999
1742693398.935078
1742693398.975391
1742693399.008946
1742693399.038340
1742693399.072408
1742693399.111591
1742693399.139835
1742693399.178433
1742693399.201638
1742693399.243341
1742693399.273120
1742693399.305893
1742693399.341334
1742693399.372398
1742693399.410622
1742693399.442120
1742693399.472723
1742693399.511885
1742693399.541411
1742693399.576516
1742693399.601576
1742693399.642771
1742693399.675982
1742693399.710369
1742693399.735276
1742693399.775601
1742693399.809877
1742693399.842677
1742693399.869063
1742693399.909439
1742693399.941138
1742693399.975794
1742693400.002611
1742693400.038816
1742693400.080131
1742693400.106131
1742693400.139459
1742693400.178409
1742693400.206420
1742693400.246902
1742693400.268373
1742693400.309480
1742693400.343132
1742693400.376807
1742693400.406196
1742693400.445555
1742693400.473876
1742693400.508917
1742693400.539685
1742693400.578711
1742693400.608267
1742693400.643302
1742693400.672001
1742693400.710890
1742693400.739796
1742693400.779200
1742693400.802369
1742693400.843004
1742693400.878140
1742693400.908718
1742693400.940143
1742693400.977316
1742693401.008719
1742693401.039529
1742693401.073139
1742693401.110591
1742693401.143215
1742693401.179390
1742693401.202294
1742693401.243136
1742693401.279060
1742693401.307873
1742693401.340343
1742693401.379702
1742693401.408857
1742693401.445485
1742693401.471782
1742693401.512805
1742693401.542051
1742693401.578814
1742693401.605097
1742693401.645835
1742693401.675833
1742693401.712447
1742693401.736232
1742693401.778820
1742693401.808804
1742693401.845089
1742693401.869599
1742693401.911330
1742693401.941239
1742693401.977464
1742693402.002833
1742693402.039961
1742693402.077316
1742693402.111313
1742693402.136240
1742693402.178499
1742693402.209422
1742693402.242614
1742693402.273875
1742693402.312200
1742693402.341934
1742693402.377506
1742693402.407998
1742693402.443704
1742693402.475432
1742693402.511768
1742693402.539951
1742693402.580271
1742693402.606648
1742693402.644186
1742693402.674171
1742693402.712653
1742693402.742063
1742693402.778874
1742693402.806677
1742693402.847524
1742693402.873237
1742693402.914393
1742693402.936667
1742693402.979104
1742693403.011036
1742693403.043330
1742693403.074723
1742693403.114361
1742693403.139909
1742693403.181865
1742693403.203372
1742693403.247440
1742693403.273206
1742693403.311082
1742693403.341267
1742693403.379559
1742693403.411920
1742693403.447584
1742693403.470124
1742693403.513868
1742693403.540759
1742693403.578312
1742693403.606562
1742693403.647712
1742693403.673663
1742693403.714725
1742693403.736846
1742693403.779896
1742693403.807866
1742693403.848317
1742693403.879325
1742693403.903662
1742693403.946981
1742693403.974800
1742693404.016629
1742693404.037524
1742693404.080914
1742693404.106674
1742693404.148315
1742693404.173340
1742693404.215080
1742693404.239859
1742693404.281368
1742693404.307923
1742693404.348899
1742693404.372448
1742693404.414814
1742693404.441439
1742693404.483249
1742693404.505260
1742693404.544939
1742693404.580343
1742693404.607232
1742693404.644718
1742693404.680961
1742693404.708001
1742693404.744315
1742693404.777256
1742693404.813455
1742693404.841455
1742693404.875619
1742693404.912609
1742693404.945468
1742693404.979426
1742693405.007800
1742693405.044930
1742693405.080591
1742693405.107645
1742693405.143398
1742693405.176681
1742693405.213306
1742693405.241060
1742693405.280872
1742693405.307263
1742693405.345424
1742693405.382410
1742693405.405119
1742693405.446701
1742693405.474118
1742693405.509939
1742693405.542537
1742693405.579586
1742693405.613302
1742693405.643130
1742693405.675902
1742693405.715033
1742693405.741893
1742693405.784432
1742693405.804654
1742693405.847675
1742693405.874500
1742693405.915767
1742693405.938953
1742693405.980826
1742693406.008223
1742693406.047021
1742693406.073712
1742693406.112899
1742693406.145112
1742693406.181495
1742693406.206564
1742693406.249147
1742693406.274736
1742693406.316062
1742693406.340924
1742693406.379569
1742693406.415772
1742693406.441998
1742693406.481437
1742693406.507459
1742693406.546170
1742693406.582177
1742693406.607499
1742693406.643826
1742693406.680046
1742693406.710280
1742693406.739385
1742693406.776048
1742693406.810663
1742693406.847399
1742693406.872839
1742693406.917022
1742693406.941000
1742693406.977529
1742693407.009263
1742693407.044895
1742693407.080688
1742693407.108636
1742693407.144236
1742693407.178866
1742693407.214222
1742693407.242607
1742693407.277643
1742693407.312955
1742693407.345248
1742693407.381075
1742693407.406834
1742693407.448594
1742693407.474351
1742693407.517111
1742693407.539050
1742693407.585219
1742693407.607816
1742693407.647074
1742693407.674320
1742693407.716659
1742693407.741021
1742693407.785805
1742693407.805633
1742693407.850956
1742693407.874500
1742693407.913830
1742693407.940987
1742693407.979863
1742693408.008713
1742693408.046967
1742693408.074338
1742693408.113500
1742693408.142595
1742693408.184685
1742693408.206060
1742693408.251669
1742693408.274465
1742693408.314126
1742693408.341283
1742693408.379966
1742693408.408961
1742693408.453331
1742693408.472807
1742693408.518994
1742693408.541052
1742693408.585150
1742693408.606787
1742693408.653901
1742693408.674408
1742693408.719641
1742693408.739679
1742693408.787006
1742693408.807902
1742693408.847635
1742693408.873357
1742693408.920658
1742693408.940845
1742693408.987147
1742693409.006451
1742693409.052461
1742693409.074397
1742693409.119736
1742693409.139791
1742693409.187537
1742693409.207570
1742693409.251858
1742693409.273240
1742693409.320318
1742693409.341297
1742693409.387207
1742693409.406679
1742693409.453613
1742693409.474684
1742693409.520076
1742693409.540098
1742693409.587332
1742693409.607622
1742693409.650451
1742693409.673459
1742693409.720158
1742693409.741314
1742693409.786880
1742693409.807391
1742693409.854076
1742693409.874670
1742693409.920330
1742693409.940432
1742693409.987762
1742693410.007853
1742693410.047174
1742693410.074974
1742693410.120718
1742693410.141235
1742693410.187017
1742693410.207442
1742693410.252958
1742693410.274986
1742693410.319825
1742693410.340927
1742693410.386238
1742693410.408554
1742693410.454763
1742693410.474271
1742693410.520690
1742693410.541862
1742693410.586979
1742693410.607645
1742693410.653722
1742693410.675266
1742693410.722156
1742693410.740776
1742693410.787247
1742693410.808468
1742693410.853007
1742693410.874129
1742693410.918466
1742693410.941744
1742693410.988453
1742693411.007387
1742693411.051451
1742693411.074687
1742693411.118063
1742693411.140672
1742693411.185808
1742693411.208343
1742693411.254491
1742693411.274103
1742693411.319850
1742693411.341769
1742693411.388126
1742693411.407628
1742693411.454678
1742693411.474868
1742693411.521543
1742693411.541102
1742693411.583923
1742693411.609871
1742693411.650805
1742693411.674334
1742693411.721264
1742693411.741191
1742693411.787550
1742693411.807782
1742693411.854967
1742693411.874626
1742693411.920494
1742693411.940991
1742693411.987719
1742693412.008531
1742693412.050179
1742693412.074717
1742693412.121474
1742693412.141551
1742693412.188562
1742693412.217675
1742693412.241327
1742693412.284217
1742693412.311839
1742693412.354314
1742693412.375787
1742693412.422108
1742693412.441826
1742693412.489069
1742693412.508520
1742693412.555632
1742693412.574926
1742693412.621754
1742693412.642292
1742693412.682711
1742693412.708820
1742693412.752012
1742693412.775706
1742693412.817688
1742693412.841596
1742693412.885028
1742693412.908706
1742693412.948427
1742693412.975634
1742693413.020150
1742693413.042025
1742693413.079034
1742693413.117451
1742693413.142680
1742693413.188963
1742693413.208333
1742693413.255555
1742693413.275458
1742693413.319586
1742693413.342051
1742693413.388288
1742693413.408876
1742693413.453625
1742693413.475280
1742693413.520820
1742693413.542278
1742693413.585893
1742693413.608940
1742693413.652484
1742693413.675804
1742693413.722452
1742693413.741964
1742693413.788331
1742693413.808941
1742693413.851950
1742693413.875537
1742693413.919153
1742693413.942680
1742693413.985944
1742693414.008827
1742693414.049482
1742693414.080845
1742693414.121191
1742693414.142178
1742693414.185155
1742693414.212549
1742693414.256498
1742693414.275780
1742693414.322415
1742693414.342965
1742693414.385549
1742693414.409638
1742693414.453504
1742693414.476725
1742693414.522278
1742693414.542960
1742693414.586019
1742693414.609850
1742693414.652179
1742693414.676599
1742693414.723953
1742693414.743500
1742693414.787049
1742693414.809786
1742693414.856314
1742693414.876373
1742693414.923011
1742693414.942673
1742693414.985885
1742693415.011119
1742693415.053541
1742693415.075884
1742693415.123302
1742693415.143308
1742693415.186080
1742693415.209334
1742693415.255919
1742693415.276404
1742693415.323287
1742693415.342747
1742693415.389498
1742693415.410365
1742693415.456912
1742693415.476230
1742693415.523235
1742693415.543831
1742693415.587802
1742693415.610317
1742693415.654562
1742693415.677332
1742693415.721234
1742693415.742985
1742693415.789040
1742693415.810456
1742693415.856870
1742693415.876489
1742693415.920024
1742693415.944542
1742693415.989566
1742693416.009809
1742693416.049908
1742693416.087698
1742693416.112007
1742693416.151129
1742693416.177951
1742693416.222674
1742693416.244454
1742693416.286267
1742693416.310806
1742693416.357189
1742693416.378173
1742693416.420339
1742693416.444271
1742693416.489356
1742693416.511519
1742693416.554387
1742693416.578008
1742693416.621112
1742693416.645517
1742693416.682326
1742693416.713750
1742693416.752521
1742693416.785303
1742693416.811750
1742693416.857008
1742693416.878854
1742693416.922241
1742693416.943756
1742693416.987076
1742693417.012975
1742693417.054252
1742693417.077423
1742693417.121370
1742693417.145205
1742693417.189141
1742693417.210238
1742693417.258035
1742693417.278638
1742693417.325313
1742693417.343884
1742693417.390512
1742693417.412374
1742693417.458578
1742693417.477315
1742693417.523767
1742693417.545413
1742693417.591526
1742693417.610625
1742693417.653039
1742693417.684824
1742693417.721004
1742693417.746225
1742693417.785799
1742693417.815934
1742693417.856818
1742693417.877417
1742693417.924786
1742693417.946239
1742693417.988629
1742693418.010984
1742693418.052716
1742693418.082809
1742693418.124195
1742693418.144175
1742693418.191163
1742693418.213035
1742693418.252391
1742693418.279989
1742693418.322855
1742693418.346833
1742693418.388950
1742693418.411192
1742693418.458220
1742693418.479758
1742693418.525594
1742693418.544589
1742693418.588484
1742693418.616258
1742693418.656919
1742693418.677819
1742693418.721371
1742693418.750511
1742693418.790923
1742693418.811298
1742693418.857331
1742693418.880502
1742693418.923308
1742693418.944506
1742693418.987690
1742693419.012184
1742693419.050021
1742693419.083675
1742693419.117475
1742693419.154311
1742693419.184642
1742693419.214446
1742693419.256305
1742693419.280983
1742693419.325020
1742693419.344875
1742693419.391764
1742693419.414848
1742693419.457594
1742693419.478363
1742693419.525329
1742693419.547719
1742693419.590736
1742693419.611688
1742693419.655031
1742693419.683835
1742693419.725044
1742693419.745170
1742693419.788175
1742693419.817196
1742693419.857324
1742693419.878435
1742693419.925388
1742693419.948373
1742693419.990376
1742693420.012026
1742693420.053029
1742693420.088150
1742693420.117944
1742693420.146952
1742693420.189383
1742693420.215771
1742693420.257828
1742693420.278508
1742693420.321331
1742693420.351226
1742693420.388683
1742693420.412142
1742693420.459009
1742693420.481575
1742693420.523519
1742693420.559050
1742693420.578935
1742693420.624655
1742693420.648889
1742693420.690395
1742693420.716585
1742693420.749095
1742693420.788395
1742693420.817368
1742693420.858419
1742693420.878971
1742693420.922167
1742693420.952034
1742693420.988272
1742693421.015995
1742693421.057033
1742693421.082813
1742693421.124865
1742693421.145714
1742693421.192391
1742693421.216026
1742693421.258328
1742693421.279131
1742693421.322730
1742693421.352451
1742693421.388987
1742693421.412515
1742693421.458677
1742693421.483554
1742693421.525290
1742693421.545773
1742693421.592633
1742693421.616385
1742693421.658370
1742693421.679144
1742693421.726400
1742693421.749663
1742693421.791710
1742693421.812776
1742693421.859753
1742693421.883407
1742693421.924871
1742693421.946303
1742693421.992972
1742693422.017059
1742693422.055759
1742693422.081833
1742693422.123819
1742693422.153098
1742693422.189151
1742693422.217235
1742693422.258552
1742693422.283901
1742693422.324984
1742693422.346675
1742693422.390432
1742693422.418699
1742693422.458415
1742693422.480047
1742693422.524208
1742693422.551215
1742693422.587180
1742693422.617159
1742693422.657215
1742693422.686258
1742693422.724543
1742693422.750104
1742693422.790804
1742693422.818233
1742693422.855543
1742693422.881717
1742693422.923859
1742693422.952497
1742693422.991960
1742693423.013205
1742693423.055228
1742693423.086334
1742693423.122673
1742693423.146436
1742693423.193141
1742693423.216098
1742693423.257793
1742693423.279959
1742693423.325533
1742693423.351254
1742693423.388958
1742693423.416450
1742693423.458536
1742693423.485121
1742693423.523843
1742693423.547467
1742693423.591786
1742693423.617368
1742693423.658830
1742693423.680372
1742693423.725557
1742693423.751595
1742693423.791820
1742693423.813733
1742693423.858940
1742693423.884995
1742693423.922840
1742693423.947028
1742693423.992183
1742693424.017497
1742693424.054305
1742693424.084393
1742693424.124692
1742693424.153654
1742693424.191392
1742693424.214422
1742693424.259935
1742693424.285258
1742693424.323971
1742693424.348322
1742693424.391077
1742693424.419290
1742693424.459078
1742693424.481595
1742693424.526266
1742693424.552018
1742693424.593197
1742693424.614210
1742693424.659847
1742693424.683740
1742693424.723903
1742693424.749248
1742693424.791631
1742693424.818874
1742693424.857841
1742693424.881838
1742693424.924424
1742693424.954273
1742693424.990734
1742693425.014858
1742693425.056713
1742693425.086168
1742693425.126035
1742693425.147588
1742693425.193258
1742693425.217975
1742693425.258918
1742693425.281074
1742693425.327546
1742693425.352367
1742693425.391289
1742693425.414668
1742693425.460304
1742693425.485537
1742693425.526194
1742693425.547753
1742693425.593725
1742693425.617810
1742693425.656367
1742693425.684041
1742693425.725743
1742693425.752814
1742693425.792892
1742693425.815365
1742693425.857512
1742693425.887554
1742693425.924038
1742693425.950839
1742693425.988481
1742693426.023793
1742693426.054754
1742693426.085457
1742693426.123220
1742693426.154283
1742693426.190405
1742693426.215589
1742693426.258630
1742693426.288048
1742693426.323699
1742693426.348506
1742693426.391363
1742693426.419929
1742693426.460153
1742693426.481598
1742693426.527441
1742693426.552229
1742693426.592729
1742693426.615188
1742693426.657529
1742693426.689283
1742693426.725359
1742693426.750246
1742693426.792251
1742693426.819874
1742693426.859744
1742693426.883680
1742693426.925621
1742693426.955285
1742693426.989235
1742693427.017288
1742693427.057415
1742693427.088561
1742693427.124910
1742693427.149959
1742693427.191519
1742693427.221003
1742693427.258694
1742693427.282143
1742693427.325242
1742693427.355168
1742693427.391929
1742693427.415550
1742693427.457664
1742693427.489655
1742693427.522262
1742693427.553366
1742693427.591987
1742693427.620940
1742693427.658893
1742693427.684270
1742693427.725596
1742693427.755379
1742693427.790847
1742693427.818663
1742693427.857043
1742693427.890461
1742693427.922526
1742693427.954441
1742693427.989886
1742693428.020614
1742693428.058402
1742693428.083539
1742693428.125830
1742693428.154929
1742693428.191344
1742693428.216559
1742693428.259919
1742693428.288384
1742693428.324480
1742693428.350248
1742693428.393795
1742693428.419026
1742693428.459541
1742693428.482763
1742693428.525262
1742693428.555718
1742693428.590587
1742693428.618712
1742693428.657650
1742693428.692096
1742693428.723973
1742693428.751771
1742693428.791069
1742693428.819227
1742693428.859547
1742693428.893491
1742693428.916206
1742693428.960123
1742693428.989377
1742693429.025650
1742693429.056761
1742693429.088216
1742693429.124494
1742693429.158914
1742693429.191411
1742693429.218350
1742693429.259827
1742693429.289038
1742693429.324966
1742693429.350906
1742693429.389051
1742693429.425550
1742693429.456157
1742693429.487146
1742693429.527249
1742693429.555604
1742693429.592847
1742693429.616493
1742693429.658796
1742693429.689419
1742693429.721563
1742693429.753392
1742693429.791629
1742693429.825766
1742693429.858406
1742693429.885671
1742693429.926364
1742693429.956448
1742693429.989064
1742693430.020517
1742693430.058120
1742693430.093645
1742693430.123929
1742693430.154631
1742693430.194067
1742693430.220916
1742693430.258336
1742693430.288657
1742693430.324296
1742693430.359257
1742693430.392445
1742693430.421275
1742693430.458191
1742693430.493063
1742693430.525625
1742693430.555522
1742693430.591999
1742693430.626410
1742693430.658239
1742693430.688662
1742693430.724291
1742693430.760242
1742693430.791594
1742693430.821979
1742693430.858604
1742693430.892526
1742693430.926895
1742693430.951263
1742693430.989940
1742693431.021629
1742693431.060652
1742693431.084337
1742693431.126290
1742693431.154324
1742693431.187517
1742693431.217616
1742693431.257689
1742693431.291368
1742693431.326500
1742693431.350910
1742693431.391381
1742693431.425996
1742693431.456737
1742693431.486035
1742693431.526618
1742693431.556242
1742693431.594618
1742693431.617501
1742693431.657176
1742693431.690956
1742693431.725672
1742693431.755537
1742693431.794995
1742693431.823084
1742693431.856756
1742693431.889074
1742693431.925051
1742693431.960235
1742693431.990351
1742693432.019675
1742693432.059427
1742693432.089116
1742693432.129122
1742693432.151028
1742693432.192111
1742693432.226658
1742693432.257669
1742693432.284483
1742693432.325670
1742693432.359191
1742693432.390275
1742693432.419470
1742693432.460139
1742693432.490403
1742693432.524568
1742693432.554624
1742693432.595606
1742693432.623055
1742693432.658548
1742693432.688893
1742693432.728564
1742693432.756426
1742693432.793105
1742693432.822281
1742693432.860364
1742693432.891464
1742693432.926970
1742693432.956122
1742693432.994458
1742693433.024921
1742693433.060332
1742693433.085638
1742693433.126723
1742693433.158114
1742693433.193182
1742693433.218160
1742693433.258819
1742693433.292597
1742693433.326164
1742693433.351418
1742693433.393173
1742693433.422673
1742693433.463076
1742693433.484717
1742693433.526286
1742693433.558098
1742693433.593445
1742693433.618174
1742693433.659886
1742693433.691981
1742693433.727942
1742693433.751544
1742693433.794387
1742693433.823161
1742693433.858545
1742693433.885139
1742693433.926602
1742693433.959250
1742693433.994900
1742693434.018462
1742693434.060140
1742693434.090830
1742693434.126502
1742693434.151943
1742693434.191136
1742693434.228649
1742693434.257140
1742693434.288391
1742693434.325812
1742693434.360760
1742693434.391033
1742693434.422829
1742693434.462175
1742693434.489722
1742693434.527395
1742693434.554177
1742693434.594618
1742693434.625275
1742693434.660588
1742693434.689151
1742693434.728910
1742693434.758262
1742693434.796030
1742693434.822334
1742693434.863776
1742693434.889267
1742693434.926453
1742693434.956924
1742693434.996224
1742693435.023922
1742693435.063065
1742693435.085702
1742693435.131532
1742693435.156024
1742693435.197464
1742693435.219027
1742693435.262118
1742693435.291612
1742693435.330383
1742693435.352389
1742693435.394724
1742693435.425077
1742693435.464960
1742693435.485849
1742693435.531508
1742693435.556018
1742693435.594163
1742693435.621780
1742693435.662745
1742693435.691496
1742693435.731506
1742693435.752722
1742693435.797469
1742693435.823156
1742693435.864276
1742693435.886141
1742693435.929436
1742693435.959102
1742693435.995098
1742693436.019795
1742693436.061354
1742693436.092121
1742693436.128754
1742693436.153035
1742693436.195213
1742693436.224588
1742693436.262931
1742693436.286375
1742693436.332265
1742693436.356406
1742693436.396790
1742693436.420160
1742693436.465784
1742693436.489475
1742693436.528124
1742693436.555372
1742693436.597296
1742693436.623047
1742693436.665555
1742693436.686619
1742693436.729760
1742693436.757585
1742693436.797724
1742693436.821173
1742693436.863189
1742693436.890463
1742693436.931794
1742693436.954697
1742693436.991963
1742693437.029440
1742693437.057783
1742693437.093038
1742693437.126684
1742693437.164161
1742693437.191015
1742693437.229975
1742693437.253442
1742693437.299077
1742693437.323366
1742693437.365579
1742693437.389773
1742693437.424649
1742693437.462057
1742693437.495107
1742693437.528078
1742693437.555174
1742693437.593603
1742693437.629532
1742693437.656832
1742693437.692528
1742693437.726965
1742693437.765032
1742693437.790351
1742693437.827138
1742693437.860463
1742693437.896249
1742693437.924113
1742693437.958033
1742693437.994825
1742693438.030034
1742693438.057269
1742693438.089380
1742693438.131458
1742693438.156856
1742693438.192615
1742693438.220941
1742693438.266739
1742693438.290073
1742693438.333161
1742693438.353908
1742693438.397127
1742693438.424109
1742693438.462673
1742693438.487364
1742693438.530810
1742693438.557141
1742693438.595967
1742693438.622370
1742693438.667119
1742693438.690181
1742693438.732671
1742693438.754940
1742693438.799712
1742693438.823769
1742693438.866558
1742693438.887922
1742693438.933413
1742693438.956879
1742693438.995054
1742693439.025563
1742693439.064988
1742693439.091390
1742693439.132625
1742693439.154501
1742693439.198918
1742693439.224499
1742693439.263769
1742693439.287802
1742693439.333463
1742693439.356943
1742693439.399504
1742693439.421192
1742693439.466632
1742693439.490398
1742693439.529297
1742693439.555556
1742693439.600923
1742693439.623627
1742693439.662687
1742693439.690034
1742693439.729167
1742693439.760868
1742693439.796567
1742693439.823946
1742693439.865997
1742693439.890733
1742693439.929373
1742693439.955185
1742693440.000766
1742693440.023716
1742693440.061892
1742693440.088739
1742693440.135102
1742693440.157139
1742693440.203272
1742693440.221759
1742693440.268592
1742693440.289845
1742693440.336379
1742693440.355087
1742693440.399809
1742693440.423948
1742693440.466254
1742693440.488607
1742693440.535343
1742693440.556932
1742693440.596530
1742693440.623941
1742693440.662209
1742693440.699419
1742693440.724667
1742693440.765215
1742693440.790701
1742693440.834682
1742693440.857353
1742693440.901331
1742693440.922246
1742693440.969302
1742693440.990782
1742693441.030757
1742693441.057676
1742693441.097174
1742693441.130407
1742693441.155694
1742693441.202781
1742693441.223821
1742693441.268823
1742693441.288982
1742693441.331928
1742693441.355587
1742693441.397314
1742693441.422440
1742693441.469445
1742693441.490390
1742693441.536183
1742693441.555679
1742693441.602761
1742693441.623318
1742693441.669385
1742693441.689369
1742693441.736428
1742693441.756637
1742693441.803908
1742693441.822785
1742693441.869823
1742693441.890361
1742693441.936144
1742693441.956101
1742693442.002750
1742693442.023778
1742693442.070047
1742693442.089618
1742693442.136884
1742693442.156921
1742693442.203647
1742693442.222954
1742693442.269653
1742693442.290454
1742693442.335249
1742693442.356223
1742693442.403825
1742693442.423795
1742693442.470139
1742693442.489795
1742693442.536774
1742693442.557389
1742693442.603629
1742693442.623190
1742693442.670478
1742693442.690313
1742693442.731505
1742693442.756698
1742693442.803143
1742693442.823965
1742693442.866238
1742693442.890834
1742693442.934503
1742693442.957678
1742693443.002927
1742693443.023659
1742693443.067179
1742693443.090846
1742693443.134815
1742693443.156711
1742693443.203310
1742693443.224197
1742693443.270841
1742693443.290119
1742693443.337454
1742693443.356851
1742693443.403891
1742693443.423458
1742693443.470739
1742693443.490471
1742693443.536640
1742693443.556998
1742693443.604193
1742693443.623828
1742693443.670650
1742693443.690310
1742693443.737196
1742693443.757870
1742693443.803770
1742693443.823701
1742693443.866389
1742693443.891182
1742693443.934747
1742693443.956947
1742693444.000932
1742693444.025200
1742693444.066166
1742693444.090490
1742693444.137282
1742693444.157876
1742693444.202786
1742693444.224018
1742693444.269675
1742693444.291569
1742693444.338222
1742693444.357270
1742693444.404321
1742693444.424697
1742693444.471067
1742693444.490707
1742693444.537080
1742693444.558230
1742693444.603886
1742693444.624135
1742693444.667521
1742693444.694293
1742693444.736080
1742693444.757487
1742693444.802237
1742693444.824989
1742693444.869378
1742693444.891199
1742693444.934022
1742693444.961530
1742693445.003919
1742693445.024573
1742693445.069378
1742693445.091986
1742693445.137850
1742693445.157873
1742693445.200803
1742693445.225402
1742693445.271280
1742693445.291059
1742693445.334376
1742693445.358230
1742693445.401957
1742693445.424389
1742693445.465842
1742693445.493820
1742693445.535508
1742693445.558980
1742693445.591423
1742693445.636928
1742693445.658196
1742693445.704793
1742693445.724840
1742693445.765108
1742693445.791741
1742693445.839264
1742693445.858336
1742693445.897100
1742693445.925300
1742693445.969657
1742693445.991816
1742693446.028975
1742693446.065373
1742693446.093546
1742693446.136820
1742693446.158000
1742693446.204203
1742693446.225182
1742693446.267997
1742693446.291332
1742693446.334649
1742693446.358548
1742693446.402302
1742693446.425152
1742693446.469384
1742693446.492071
1742693446.532036
1742693446.558522
1742693446.603253
1742693446.625521
1742693446.662406
1742693446.692950
1742693446.728614
1742693446.770782
1742693446.792398
1742693446.837964
1742693446.858893
1742693446.901731
1742693446.927416
1742693446.969532
1742693446.992680
1742693447.034277
1742693447.065883
1742693447.094235
1742693447.136723
1742693447.159319
1742693447.202972
1742693447.225963
1742693447.272387
1742693447.292711
1742693447.338181
1742693447.359004
1742693447.403167
1742693447.426411
1742693447.469398
1742693447.492107
1742693447.539150
1742693447.559406
1742693447.602146
1742693447.625502
1742693447.671301
1742693447.692510
1742693447.739524
1742693447.758910
1742693447.801289
1742693447.826810
1742693447.872456
1742693447.892479
1742693447.938899
1742693447.959343
1742693448.004978
1742693448.025563
1742693448.066365
1742693448.097738
1742693448.138640
1742693448.159010
1742693448.204643
1742693448.226418
1742693448.272701
1742693448.292522
1742693448.338894
1742693448.360112
1742693448.405191
1742693448.425842
1742693448.472769
1742693448.493666
1742693448.538902
1742693448.559403
1742693448.601519
1742693448.630634
1742693448.672093
1742693448.693203
1742693448.732382
1742693448.771160
1742693448.795900
1742693448.837252
1742693448.861072
1742693448.906017
1742693448.927673
1742693448.971601
1742693448.994009
1742693449.038803
1742693449.060865
1742693449.103809
1742693449.127574
1742693449.173469
1742693449.194689
1742693449.237128
1742693449.261308
1742693449.304281
1742693449.328155
1742693449.365185
1742693449.400956
1742693449.434815
1742693449.464004
1742693449.493860
1742693449.537202
1742693449.561427
1742693449.603541
1742693449.626463
1742693449.670162
1742693449.694557
1742693449.737737
1742693449.759815
1742693449.802571
1742693449.829007
1742693449.871530
1742693449.893207
1742693449.939832
1742693449.961543
1742693450.005460
1742693450.026607
1742693450.068768
1742693450.098129
1742693450.139269
1742693450.160066
1742693450.205433
1742693450.228100
1742693450.270949
1742693450.293438
1742693450.337537
1742693450.363419
1742693450.406223
1742693450.426904
1742693450.474155
1742693450.495954
1742693450.537652
1742693450.560571
1742693450.606397
1742693450.628529
1742693450.674336
1742693450.693659
1742693450.736512
1742693450.765351
1742693450.805907
1742693450.827974
1742693450.871268
1742693450.900462
1742693450.937551
1742693450.962574
1742693451.004627
1742693451.030732
1742693451.073437
1742693451.094806
1742693451.139612
1742693451.163239
1742693451.204948
1742693451.227740
1742693451.273871
1742693451.296611
1742693451.340482
1742693451.360653
1742693451.405937
1742693451.429489
1742693451.472604
1742693451.494023
1742693451.537786
1742693451.563229
1742693451.607055
1742693451.627414
1742693451.674556
1742693451.696363
1742693451.738171
1742693451.760796
1742693451.806934
1742693451.830435
1742693451.875317
1742693451.894302
1742693451.942038
1742693451.963452
1742693452.006277
1742693452.027647
1742693452.069709
1742693452.100589
1742693452.140437
1742693452.161098
1742693452.205325
1742693452.230315
1742693452.272466
1742693452.294379
1742693452.340904
1742693452.364920
1742693452.405566
1742693452.428171
1742693452.471610
1742693452.499464
1742693452.540963
1742693452.561212
1742693452.607119
1742693452.630540
1742693452.674612
1742693452.694918
1742693452.738335
1742693452.767394
1742693452.806797
1742693452.828553
1742693452.872517
1742693452.895438
1742693452.938858
1742693452.964969
1742693453.004332
1742693453.032259
1742693453.073433
1742693453.098261
1742693453.139660
1742693453.165746
1742693453.205305
1742693453.228943
1742693453.272001
1742693453.300540
1742693453.337745
1742693453.362314
1742693453.404166
1742693453.433960
1742693453.474318
1742693453.494991
1742693453.540198
1742693453.565454
1742693453.605873
1742693453.628390
1742693453.672114
1742693453.699249
1742693453.740957
1742693453.761761
1742693453.804001
1742693453.833525
1742693453.871079
1742693453.906896
1742693453.928520
1742693453.975943
1742693453.998550
1742693454.037759
1742693454.066922
1742693454.100407
1742693454.135459
1742693454.172078
1742693454.199970
1742693454.228409
1742693454.272199
1742693454.300254
1742693454.341957
1742693454.362072
1742693454.404244
1742693454.433996
1742693454.474679
1742693454.495511
1742693454.538629
1742693454.568232
1742693454.603970
1742693454.630841
1742693454.674557
1742693454.699299
1742693454.741228
1742693454.762551
1742693454.809530
1742693454.833075
1742693454.874471
1742693454.896101
1742693454.941019
1742693454.966688
1742693455.006015
1742693455.031299
1742693455.073691
1742693455.101842
1742693455.139635
1742693455.166516
1742693455.207342
1742693455.233804
1742693455.273923
1742693455.298734
1742693455.339537
1742693455.368874
1742693455.407929
1742693455.429440
1742693455.474206
1742693455.500065
1742693455.537793
1742693455.562574
1742693455.604977
1742693455.633160
1742693455.674912
1742693455.695890
1742693455.739202
1742693455.766986
1742693455.807621
1742693455.829193
1742693455.872557
1742693455.900880
1742693455.941334
1742693455.962735
1742693456.004825
1742693456.031660
1742693456.072291
1742693456.095961
1742693456.139329
1742693456.167446
1742693456.204055
1742693456.229304
1742693456.274514
1742693456.299031
1742693456.341087
1742693456.362933
1742693456.404429
1742693456.434451
1742693456.475179
1742693456.496219
1742693456.539510
1742693456.564872
1742693456.608285
1742693456.629812
1742693456.673354
1742693456.700413
1742693456.738381
1742693456.763357
1742693456.809421
1742693456.833888
1742693456.874763
1742693456.896420
1742693456.939005
1742693456.968313
1742693457.003839
1742693457.029863
1742693457.071221
1742693457.100922
1742693457.137481
1742693457.163253
1742693457.200781
1742693457.237429
1742693457.268379
1742693457.296679
1742693457.334045
1742693457.371037
1742693457.398571
1742693457.430011
1742693457.468453
1742693457.503493
1742693457.536720
1742693457.563436
1742693457.604813
1742693457.634498
1742693457.671876
1742693457.696785
1742693457.741802
1742693457.765584
1742693457.809076
1742693457.830307
1742693457.872371
1742693457.900953
1742693457.941751
1742693457.963633
1742693458.008541
1742693458.033412
1742693458.075724
1742693458.097132
1742693458.139267
1742693458.168637
1742693458.206520
1742693458.230475
1742693458.274593
1742693458.302020
1742693458.340956
1742693458.363795
1742693458.409224
1742693458.434674
1742693458.471958
1742693458.497257
1742693458.541148
1742693458.568336
1742693458.606420
1742693458.630637
1742693458.674763
1742693458.701135
1742693458.738593
1742693458.763989
1742693458.808559
1742693458.834658
1742693458.871358
1742693458.897425
1742693458.942012
1742693458.968161
1742693459.006094
1742693459.030760
1742693459.075617
1742693459.101316
1742693459.141343
1742693459.164182
1742693459.208401
1742693459.235445
1742693459.272888
1742693459.297604
1742693459.341203
1742693459.369192
1742693459.408954
1742693459.431038
1742693459.475464
1742693459.502487
1742693459.543024
1742693459.564474
1742693459.609471
1742693459.635097
1742693459.676622
1742693459.697929
1742693459.740584
1742693459.769449
1742693459.809591
1742693459.831329
1742693459.873191
1742693459.903814
1742693459.940837
1742693459.964675
1742693460.005127
1742693460.038268
1742693460.073238
1742693460.098002
1742693460.135053
1742693460.173129
1742693460.201557
1742693460.231443
1742693460.275409
1742693460.300405
1742693460.341301
1742693460.364796
1742693460.406515
1742693460.436047
1742693460.471459
1742693460.498336
1742693460.539741
1742693460.570247
1742693460.605605
1742693460.631603
1742693460.673338
1742693460.703370
1742693460.739651
1742693460.765066
1742693460.806195
1742693460.837621
1742693460.875733
1742693460.898294
1742693460.940371
1742693460.969957
1742693461.008368
1742693461.031815
1742693461.073888
1742693461.103419
1742693461.141925
1742693461.165236
1742693461.207234
1742693461.231834
1742693461.276838
1742693461.298750
1742693461.336777
1742693461.373259
1742693461.402703
1742693461.431986
1742693461.473297
1742693461.503676
1742693461.539744
1742693461.565439
1742693461.607523
1742693461.635856
1742693461.676389
1742693461.698789
1742693461.741117
1742693461.770839
1742693461.807680
1742693461.832154
1742693461.874024
1742693461.904109
1742693461.942211
1742693461.965727
1742693462.007866
1742693462.037168
1742693462.072393
1742693462.099006
1742693462.140350
1742693462.170593
1742693462.207638
1742693462.240011
1742693462.265812
1742693462.311044
1742693462.336451
1742693462.376536
1742693462.405082
1742693462.436872
1742693462.476142
1742693462.504324
1742693462.539738
1742693462.567569
1742693462.608230
1742693462.638562
1742693462.674215
1742693462.700587
1742693462.739013
1742693462.771585
1742693462.809706
1742693462.833032
1742693462.876617
1742693462.904737
1742693462.941889
1742693462.967316
1742693463.008659
1742693463.039172
1742693463.072071
1742693463.104032
1742693463.142747
1742693463.171409
