1742694321.077032
1742694321.176940
1742694321.210791
1742694321.243847
1742694321.277650
1742694321.310258
1742694321.343361
1742694321.376672
1742694321.409876
1742694321.443383
1742694321.478898
1742694321.510353
1742694321.543731
1742694321.587834
1742694321.622784
1742694321.653817
1742694321.689364
1742694321.720145
1742694321.752220
1742694321.789517
1742694321.821121
1742694321.854947
1742694321.890231
1742694321.923773
1742694321.959275
1742694321.992003
1742694322.025556
1742694322.058981
1742694322.091575
1742694322.126172
1742694322.158302
1742694322.192467
1742694322.225959
1742694322.257014
1742694322.293091
1742694322.324881
1742694322.357684
1742694322.390322
1742694322.419377
1742694322.458650
1742694322.492393
1742694322.523275
1742694322.546222
1742694322.577560
1742694322.619594
1742694322.656336
1742694322.677669
1742694322.710429
1742694322.753060
1742694322.777810
1742694322.821332
1742694322.843770
1742694322.884844
1742694322.911319
1742694322.958825
1742694322.977382
1742694323.018983
1742694323.044484
1742694323.090961
1742694323.110783
1742694323.152643
1742694323.178411
1742694323.222607
1742694323.244068
1742694323.288718
1742694323.311339
1742694323.354548
1742694323.377515
1742694323.420741
1742694323.445024
1742694323.490240
1742694323.510960
1742694323.553135
1742694323.578358
1742694323.624349
1742694323.644435
1742694323.686384
1742694323.713502
1742694323.757533
1742694323.777801
1742694323.823689
1742694323.845198
1742694323.891124
1742694323.911210
1742694323.955424
1742694323.978888
1742694324.024344
1742694324.044669
1742694324.085251
1742694324.117325
1742694324.149705
1742694324.177994
1742694324.222621
1742694324.245935
1742694324.291255
1742694324.311352
1742694324.355080
1742694324.379565
1742694324.425711
1742694324.444879
1742694324.487340
1742694324.512553
1742694324.557210
1742694324.578288
1742694324.622003
1742694324.646011
1742694324.691493
1742694324.711663
1742694324.752840
1742694324.781359
1742694324.822421
1742694324.844924
1742694324.884123
1742694324.918593
1742694324.947656
1742694324.978264
1742694325.017088
1742694325.051888
1742694325.081615
1742694325.111573
1742694325.149709
1742694325.183500
1742694325.217785
1742694325.245091
1742694325.283575
1742694325.315805
1742694325.349672
1742694325.378508
1742694325.417159
1742694325.450850
1742694325.484118
1742694325.511821
1742694325.554020
1742694325.580496
1742694325.623759
1742694325.645369
1742694325.685890
1742694325.718497
1742694325.753510
1742694325.778676
1742694325.816933
1742694325.854364
1742694325.880555
1742694325.912218
1742694325.950126
1742694325.986950
1742694326.014368
1742694326.045474
1742694326.085189
1742694326.118427
1742694326.150700
1742694326.178945
1742694326.219579
1742694326.247815
1742694326.289365
1742694326.312213
1742694326.352588
1742694326.382923
1742694326.423739
1742694326.445851
1742694326.489513
1742694326.514654
1742694326.556021
1742694326.579063
1742694326.620861
1742694326.646033
1742694326.682611
1742694326.712509
1742694326.747733
1742694326.784576
1742694326.815440
1742694326.845787
1742694326.882767
1742694326.917857
1742694326.949914
1742694326.979413
1742694327.017908
1742694327.053378
1742694327.085994
1742694327.112735
1742694327.157500
1742694327.182094
1742694327.223423
1742694327.246081
1742694327.292435
1742694327.314162
1742694327.357412
1742694327.379492
1742694327.424357
1742694327.449443
1742694327.491230
1742694327.512761
1742694327.558702
1742694327.581987
1742694327.621230
1742694327.646262
1742694327.690990
1742694327.716255
1742694327.760082
1742694327.779740
1742694327.823587
1742694327.849403
1742694327.891341
1742694327.913165
1742694327.958956
1742694327.983551
1742694328.025884
1742694328.046718
1742694328.094478
1742694328.114717
1742694328.158500
1742694328.179907
1742694328.219148
1742694328.258572
1742694328.283968
1742694328.316814
1742694328.358152
1742694328.383440
1742694328.425334
1742694328.446835
1742694328.494083
1742694328.516088
1742694328.558921
1742694328.580486
1742694328.624576
1742694328.650167
1742694328.691799
1742694328.713623
1742694328.756789
1742694328.785220
1742694328.826836
1742694328.847032
1742694328.890447
1742694328.918737
1742694328.960160
1742694328.980466
1742694329.027771
1742694329.050657
1742694329.092121
1742694329.114070
1742694329.160132
1742694329.184488
1742694329.225254
1742694329.247428
1742694329.291638
1742694329.318290
1742694329.359757
1742694329.380664
1742694329.427679
1742694329.451147
1742694329.493427
1742694329.514293
1742694329.561334
1742694329.584013
1742694329.627114
1742694329.647586
1742694329.690380
1742694329.721419
1742694329.757621
1742694329.781326
1742694329.825111
1742694329.852318
1742694329.890317
1742694329.916039
1742694329.959442
1742694329.985333
1742694330.027264
1742694330.048117
1742694330.094774
1742694330.117219
1742694330.159186
1742694330.181116
1742694330.223676
1742694330.253646
1742694330.294156
1742694330.314610
1742694330.358654
1742694330.386360
1742694330.425560
1742694330.451752
1742694330.491667
1742694330.520395
1742694330.558887
1742694330.583050
1742694330.626359
1742694330.652194
1742694330.690035
1742694330.715663
1742694330.757824
1742694330.787512
1742694330.824887
1742694330.848106
1742694330.892574
1742694330.918862
1742694330.959035
1742694330.992394
1742694331.014820
1742694331.056909
1742694331.085771
1742694331.126030
1742694331.152630
1742694331.181519
1742694331.225239
1742694331.252386
1742694331.290562
1742694331.314795
1742694331.358871
1742694331.385001
1742694331.426896
1742694331.448338
1742694331.493036
1742694331.519700
1742694331.556774
1742694331.581853
1742694331.627471
1742694331.652352
1742694331.690084
1742694331.715174
1742694331.759262
1742694331.785829
1742694331.824017
1742694331.848757
1742694331.893359
1742694331.920255
1742694331.957878
1742694331.982069
1742694332.026122
1742694332.054008
1742694332.092482
1742694332.115387
1742694332.160536
1742694332.186355
1742694332.224014
1742694332.250225
1742694332.293786
1742694332.320298
1742694332.357935
1742694332.382362
1742694332.427219
1742694332.448403
1742694332.485253
1742694332.518437
1742694332.558471
1742694332.587956
1742694332.627208
1742694332.649093
1742694332.694511
1742694332.720135
1742694332.757120
1742694332.783498
1742694332.826495
1742694332.855913
1742694332.892581
1742694332.916030
1742694332.959324
1742694332.989144
1742694333.027660
1742694333.049402
1742694333.093169
1742694333.122395
1742694333.159088
1742694333.183293
1742694333.227819
1742694333.254305
1742694333.294621
1742694333.316087
1742694333.361916
1742694333.387336
1742694333.426188
1742694333.449549
1742694333.495736
1742694333.520650
1742694333.562579
1742694333.582842
1742694333.628975
1742694333.654068
1742694333.695257
1742694333.716185
1742694333.762675
1742694333.786809
1742694333.825456
1742694333.849922
1742694333.894872
1742694333.920852
1742694333.961270
1742694333.982903
1742694334.028754
1742694334.054598
1742694334.093499
1742694334.116763
1742694334.162084
1742694334.187583
1742694334.226869
1742694334.250486
1742694334.296111
1742694334.320727
1742694334.360287
1742694334.383627
1742694334.429669
1742694334.450735
1742694334.492916
1742694334.517337
1742694334.559759
1742694334.588439
1742694334.628889
1742694334.650523
1742694334.695391
1742694334.722041
1742694334.761620
1742694334.785287
1742694334.825968
1742694334.855896
1742694334.894783
1742694334.917569
1742694334.959530
1742694334.989357
1742694335.028275
1742694335.053793
1742694335.090894
1742694335.127012
1742694335.158067
1742694335.188320
1742694335.223774
1742694335.259743
1742694335.290348
1742694335.321781
1742694335.360380
1742694335.389399
1742694335.428081
1742694335.450599
1742694335.493781
1742694335.523175
1742694335.560715
1742694335.583983
1742694335.626787
1742694335.656627
1742694335.694117
1742694335.719291
1742694335.757155
1742694335.792159
1742694335.824215
1742694335.855245
1742694335.892827
1742694335.919769
1742694335.961164
1742694335.985285
1742694336.027054
1742694336.057446
1742694336.092209
1742694336.122150
1742694336.161248
1742694336.188400
1742694336.228493
1742694336.251166
1742694336.293339
1742694336.320683
1742694336.361075
1742694336.386293
1742694336.424344
1742694336.460250
1742694336.490493
1742694336.522329
1742694336.561761
1742694336.587476
1742694336.628616
1742694336.651233
1742694336.693700
1742694336.724516
1742694336.760149
1742694336.786890
1742694336.826014
1742694336.859625
1742694336.892728
1742694336.922110
1742694336.962019
1742694336.988519
1742694337.029975
1742694337.051489
1742694337.094094
1742694337.125987
1742694337.159289
1742694337.186541
1742694337.221706
1742694337.261999
1742694337.289574
1742694337.322249
1742694337.358755
1742694337.391752
1742694337.424906
1742694337.453718
1742694337.493899
1742694337.525082
1742694337.557556
1742694337.587843
1742694337.627728
1742694337.658898
1742694337.691949
1742694337.723068
1742694337.759734
1742694337.792092
1742694337.826938
1742694337.856199
1742694337.895171
1742694337.925000
1742694337.957700
1742694337.988109
1742694338.028514
1742694338.056693
1742694338.093235
1742694338.121259
1742694338.161281
1742694338.190851
1742694338.226823
1742694338.254902
1742694338.295295
1742694338.324341
1742694338.357552
1742694338.388803
1742694338.429966
1742694338.456984
1742694338.495989
1742694338.520989
1742694338.562486
1742694338.589226
1742694338.626330
1742694338.656172
1742694338.696762
1742694338.723854
1742694338.760058
1742694338.785738
1742694338.825751
1742694338.859720
1742694338.895045
1742694338.923623
1742694338.961579
1742694338.990103
1742694339.027362
1742694339.056924
1742694339.094227
1742694339.128118
1742694339.158440
1742694339.191979
1742694339.223588
1742694339.263109
1742694339.290453
1742694339.330644
1742694339.352513
1742694339.396101
1742694339.424138
1742694339.458271
1742694339.494778
1742694339.521545
1742694339.562369
1742694339.591762
1742694339.625657
1742694339.656909
1742694339.695242
1742694339.725745
1742694339.761473
1742694339.789598
1742694339.826983
1742694339.862312
1742694339.892547
1742694339.924413
1742694339.959504
1742694339.994470
1742694340.023918
1742694340.059363
1742694340.090957
1742694340.130072
1742694340.157324
1742694340.189737
1742694340.225898
1742694340.261964
1742694340.294006
1742694340.324492
1742694340.361642
1742694340.392090
1742694340.426843
1742694340.457791
1742694340.491674
1742694340.528337
1742694340.559253
1742694340.590316
1742694340.628450
1742694340.662784
1742694340.691366
1742694340.726688
1742694340.760294
1742694340.796160
1742694340.825226
1742694340.860461
1742694340.893498
1742694340.929109
1742694340.959989
1742694340.986856
1742694341.028531
1742694341.061492
1742694341.095709
1742694341.124601
1742694341.162178
1742694341.191176
1742694341.228859
1742694341.258325
1742694341.294454
1742694341.330641
1742694341.357996
1742694341.393226
1742694341.425988
1742694341.461738
1742694341.496940
1742694341.520596
1742694341.561691
1742694341.593032
1742694341.628069
1742694341.657176
1742694341.695152
1742694341.725399
1742694341.764520
1742694341.788387
1742694341.829873
1742694341.859884
1742694341.894987
1742694341.923034
1742694341.964061
1742694341.993692
1742694342.029349
1742694342.056026
1742694342.097617
1742694342.125099
1742694342.164558
1742694342.187580
1742694342.230652
1742694342.259352
1742694342.295414
1742694342.324545
1742694342.361144
1742694342.397177
1742694342.427733
1742694342.458676
1742694342.497407
1742694342.527177
1742694342.563875
1742694342.589885
1742694342.630464
1742694342.660462
1742694342.697249
1742694342.723623
1742694342.763442
1742694342.796520
1742694342.825525
1742694342.860816
1742694342.894665
1742694342.930548
1742694342.960262
1742694342.993303
1742694343.029499
1742694343.063158
1742694343.094741
1742694343.125471
1742694343.164299
1742694343.194116
1742694343.227495
1742694343.259380
1742694343.294788
1742694343.331521
1742694343.358784
1742694343.393149
1742694343.428872
1742694343.461259
1742694343.494705
1742694343.524790
1742694343.565959
1742694343.591235
1742694343.631603
1742694343.654882
1742694343.699543
1742694343.724525
1742694343.762131
1742694343.793021
1742694343.829229
1742694343.862314
1742694343.898721
1742694343.922695
1742694343.963636
1742694343.995601
1742694344.030511
1742694344.059223
1742694344.092266
1742694344.131755
1742694344.159181
1742694344.194821
1742694344.228941
1742694344.261390
1742694344.297401
1742694344.324849
1742694344.364910
1742694344.392380
1742694344.430097
1742694344.457850
1742694344.499055
1742694344.525938
1742694344.566255
1742694344.589005
1742694344.628553
1742694344.663315
1742694344.698284
1742694344.722567
1742694344.761905
1742694344.794550
1742694344.828663
1742694344.859551
1742694344.896730
1742694344.929605
1742694344.965324
1742694344.989411
1742694345.028769
1742694345.065104
1742694345.091632
1742694345.132971
1742694345.157753
1742694345.195934
1742694345.230890
1742694345.257870
1742694345.298866
1742694345.325926
1742694345.367889
1742694345.389303
1742694345.435051
1742694345.458040
1742694345.500654
1742694345.522409
1742694345.568337
1742694345.591580
1742694345.633677
1742694345.655557
1742694345.701470
1742694345.725102
1742694345.765717
1742694345.789076
1742694345.835034
1742694345.858764
1742694345.900761
1742694345.922458
1742694345.965467
1742694345.992462
1742694346.032775
1742694346.056176
1742694346.101802
1742694346.125204
1742694346.164061
1742694346.190605
1742694346.228587
1742694346.264969
1742694346.291873
1742694346.330800
1742694346.360747
1742694346.397808
1742694346.429970
1742694346.459750
1742694346.501188
1742694346.525160
1742694346.568480
1742694346.589598
1742694346.630374
1742694346.658018
1742694346.694635
1742694346.722925
1742694346.762424
1742694346.795630
1742694346.832026
1742694346.857739
1742694346.902707
1742694346.925503
1742694346.967613
1742694346.991590
1742694347.033360
1742694347.059892
1742694347.103208
1742694347.123303
1742694347.168991
1742694347.192211
1742694347.234953
1742694347.256404
1742694347.302048
1742694347.325297
1742694347.367830
1742694347.390429
1742694347.436599
1742694347.458745
1742694347.497895
1742694347.525490
1742694347.568151
1742694347.592273
1742694347.632672
1742694347.670305
1742694347.689945
1742694347.737047
1742694347.758882
1742694347.798036
1742694347.826037
1742694347.864602
1742694347.892326
1742694347.936629
1742694347.958853
1742694347.999508
1742694348.025357
1742694348.061520
1742694348.100095
1742694348.123586
1742694348.169812
1742694348.191863
1742694348.238229
1742694348.256931
1742694348.303798
1742694348.325205
1742694348.369932
1742694348.390411
1742694348.436228
1742694348.459002
1742694348.496484
1742694348.528299
1742694348.564666
1742694348.596915
1742694348.632388
1742694348.658893
1742694348.700484
1742694348.726711
1742694348.768392
1742694348.791405
1742694348.837657
1742694348.858663
1742694348.904896
1742694348.924081
1742694348.970882
1742694348.992318
1742694349.031194
1742694349.059723
1742694349.103473
1742694349.125810
1742694349.165587
1742694349.192693
1742694349.234680
1742694349.260341
1742694349.303711
1742694349.324429
1742694349.371469
1742694349.392280
1742694349.438683
1742694349.457597
1742694349.504368
1742694349.525497
1742694349.571748
1742694349.591239
1742694349.637492
1742694349.658933
1742694349.702079
1742694349.724455
1742694349.771555
1742694349.792447
1742694349.837293
1742694349.858080
1742694349.904993
1742694349.925674
1742694349.970097
1742694349.991425
1742694350.034489
1742694350.059946
1742694350.100612
1742694350.124961
1742694350.170262
1742694350.192741
1742694350.239247
1742694350.258224
1742694350.304839
1742694350.326068
1742694350.371796
1742694350.391670
1742694350.435468
1742694350.460210
1742694350.502134
1742694350.525004
1742694350.572446
1742694350.592023
1742694350.638304
1742694350.658488
1742694350.703320
1742694350.726254
1742694350.771672
1742694350.791928
1742694350.837306
1742694350.859263
1742694350.905251
1742694350.925253
1742694350.971995
1742694350.992812
1742694351.034548
1742694351.059555
1742694351.104905
1742694351.126279
1742694351.172502
1742694351.192086
1742694351.234311
1742694351.259885
1742694351.306095
1742694351.325208
1742694351.371934
1742694351.392939
1742694351.439546
1742694351.458605
1742694351.505478
1742694351.526329
1742694351.572547
1742694351.592086
1742694351.637503
1742694351.659820
1742694351.706298
1742694351.725332
1742694351.772439
1742694351.792453
1742694351.838864
1742694351.858606
1742694351.903897
1742694351.926536
1742694351.972816
1742694351.992196
1742694352.034883
1742694352.061457
1742694352.106093
1742694352.125617
1742694352.172970
1742694352.192700
1742694352.236147
1742694352.259189
1742694352.305316
1742694352.326579
1742694352.373432
1742694352.392457
1742694352.437369
1742694352.459707
1742694352.504075
1742694352.525866
1742694352.572783
1742694352.592768
1742694352.634939
1742694352.659501
1742694352.706346
1742694352.726099
1742694352.772310
1742694352.792651
1742694352.836056
1742694352.860091
1742694352.906083
1742694352.926098
1742694352.971036
1742694352.993310
1742694353.035362
1742694353.059899
1742694353.106166
1742694353.126513
1742694353.171266
1742694353.193065
1742694353.237952
1742694353.260382
1742694353.306532
1742694353.326483
1742694353.370197
1742694353.396673
1742694353.439150
1742694353.459540
1742694353.506718
1742694353.526358
1742694353.573438
1742694353.592942
1742694353.639968
1742694353.659985
1742694353.703383
1742694353.726533
1742694353.773136
1742694353.793448
1742694353.839544
1742694353.859961
1742694353.906990
1742694353.926534
1742694353.972884
1742694353.993628
1742694354.033764
1742694354.069995
1742694354.095943
1742694354.135959
1742694354.159938
1742694354.202310
1742694354.228573
1742694354.270610
1742694354.293546
1742694354.340659
1742694354.360232
1742694354.406645
1742694354.426888
1742694354.470573
1742694354.493796
1742694354.537956
1742694354.560364
1742694354.606374
1742694354.627447
1742694354.670839
1742694354.693481
1742694354.737237
1742694354.765045
1742694354.798198
1742694354.834767
1742694354.869904
1742694354.894318
1742694354.935589
1742694354.960948
1742694355.004143
1742694355.027654
1742694355.069039
1742694355.094234
1742694355.136886
1742694355.165198
1742694355.196694
1742694355.238277
1742694355.260795
1742694355.304300
1742694355.327377
1742694355.373471
1742694355.394194
1742694355.441140
1742694355.460438
1742694355.507368
1742694355.527879
1742694355.571292
1742694355.594008
1742694355.640948
1742694355.660888
1742694355.704846
1742694355.727536
1742694355.773364
1742694355.794446
1742694355.837483
1742694355.860787
1742694355.907625
1742694355.928388
1742694355.973066
1742694356.005133
1742694356.027573
1742694356.074042
1742694356.095175
1742694356.138072
1742694356.163863
1742694356.205572
1742694356.228676
1742694356.275086
1742694356.295398
1742694356.336947
1742694356.361793
1742694356.408941
1742694356.429239
1742694356.471563
1742694356.495394
1742694356.541039
1742694356.562802
1742694356.604835
1742694356.628535
1742694356.672479
1742694356.698120
1742694356.736603
1742694356.762636
1742694356.806430
1742694356.830358
1742694356.872171
1742694356.896430
1742694356.939682
1742694356.964975
1742694357.003699
1742694357.029160
1742694357.075231
1742694357.096744
1742694357.139863
1742694357.162708
1742694357.207298
1742694357.229328
1742694357.271986
1742694357.296506
1742694357.339633
1742694357.365614
1742694357.400279
1742694357.431787
1742694357.473765
1742694357.496680
1742694357.538901
1742694357.563063
1742694357.605975
1742694357.632083
1742694357.664021
1742694357.705123
1742694357.733332
1742694357.773330
1742694357.795394
1742694357.841606
1742694357.863333
1742694357.909123
1742694357.928595
1742694357.974742
1742694357.996794
1742694358.034908
1742694358.067008
1742694358.103020
1742694358.136262
1742694358.169692
1742694358.197276
1742694358.239733
1742694358.264475
1742694358.307128
1742694358.328592
1742694358.370461
1742694358.402287
1742694358.436172
1742694358.461812
1742694358.506134
1742694358.530004
1742694358.572197
1742694358.595185
1742694358.641342
1742694358.664459
1742694358.706538
1742694358.728711
1742694358.773714
1742694358.797304
1742694358.842019
1742694358.861999
1742694358.908387
1742694358.930888
1742694358.971718
1742694358.995477
1742694359.037513
1742694359.070909
1742694359.099467
1742694359.131247
1742694359.167791
1742694359.208365
1742694359.231687
1742694359.264439
1742694359.302955
1742694359.338960
1742694359.368432
1742694359.397527
1742694359.441641
1742694359.464994
1742694359.509319
1742694359.529008
1742694359.571388
1742694359.602213
1742694359.639969
1742694359.662303
1742694359.709410
1742694359.731765
1742694359.772726
1742694359.795988
1742694359.842596
1742694359.865986
1742694359.908841
1742694359.929400
1742694359.975152
1742694359.998760
1742694360.036132
1742694360.065437
1742694360.106901
1742694360.136298
1742694360.171104
1742694360.196764
1742694360.243047
1742694360.265609
1742694360.305306
1742694360.329335
1742694360.371431
1742694360.401869
1742694360.442171
1742694360.462859
1742694360.508821
1742694360.533037
1742694360.576652
1742694360.596218
1742694360.640233
1742694360.666242
1742694360.708449
1742694360.729512
1742694360.773652
1742694360.801799
1742694360.843675
1742694360.863049
1742694360.908746
1742694360.933552
1742694360.972391
1742694360.996435
1742694361.035248
1742694361.076048
1742694361.100531
1742694361.133605
1742694361.172909
1742694361.202345
1742694361.242830
1742694361.263423
1742694361.306507
1742694361.336327
1742694361.372359
1742694361.398221
1742694361.440770
1742694361.467461
1742694361.506429
1742694361.530249
1742694361.577280
1742694361.599509
1742694361.641523
1742694361.663485
1742694361.706912
1742694361.734715
1742694361.775729
1742694361.796736
1742694361.843096
1742694361.867367
1742694361.909545
1742694361.930304
1742694361.976932
1742694362.000918
1742694362.037828
1742694362.066631
1742694362.108951
1742694362.134865
1742694362.176989
1742694362.197100
1742694362.240345
1742694362.270325
1742694362.308770
1742694362.330354
1742694362.377191
1742694362.401093
1742694362.442046
1742694362.463886
1742694362.510368
1742694362.534673
1742694362.576549
1742694362.597167
1742694362.643155
1742694362.668198
1742694362.710422
1742694362.730729
1742694362.772026
1742694362.807139
1742694362.837539
1742694362.868115
1742694362.909397
1742694362.934990
1742694362.976438
1742694362.997341
1742694363.039284
1742694363.073498
1742694363.103808
1742694363.134994
1742694363.176043
1742694363.201623
1742694363.238946
1742694363.267558
1742694363.308607
1742694363.336509
1742694363.371659
1742694363.400832
1742694363.441999
1742694363.470757
1742694363.507357
1742694363.531179
1742694363.578130
1742694363.601867
1742694363.640752
1742694363.665691
1742694363.709115
1742694363.736433
1742694363.774636
1742694363.798082
1742694363.842444
1742694363.868648
1742694363.906909
1742694363.931862
1742694363.977671
1742694364.002446
1742694364.036129
1742694364.069968
1742694364.105938
1742694364.141339
1742694364.170226
1742694364.201245
1742694364.243009
1742694364.268901
1742694364.306424
1742694364.342279
1742694364.364805
1742694364.409207
1742694364.436251
1742694364.476388
1742694364.501786
1742694364.539527
1742694364.566425
1742694364.608907
1742694364.638087
1742694364.669747
1742694364.707166
1742694364.740625
1742694364.773309
1742694364.803026
1742694364.839807
1742694364.875423
1742694364.905530
1742694364.936453
1742694364.971709
1742694365.009441
1742694365.034219
1742694365.074675
1742694365.101983
1742694365.143580
1742694365.168415
1742694365.204917
1742694365.238407
1742694365.277072
1742694365.302402
1742694365.339070
1742694365.371423
1742694365.408909
1742694365.438896
1742694365.469619
1742694365.509954
1742694365.536700
1742694365.577743
1742694365.598925
1742694365.643945
1742694365.670174
1742694365.708972
1742694365.735136
1742694365.773371
1742694365.807261
1742694365.842493
1742694365.870389
1742694365.907438
1742694365.938429
1742694365.975664
1742694366.003647
1742694366.035757
1742694366.074239
1742694366.105867
1742694366.137011
1742694366.174822
1742694366.205698
1742694366.242263
1742694366.267334
1742694366.309349
1742694366.339271
1742694366.376695
1742694366.400565
1742694366.439224
1742694366.475838
1742694366.506470
1742694366.536243
1742694366.577018
1742694366.604933
1742694366.644106
1742694366.666329
1742694366.710190
1742694366.738667
1742694366.777149
1742694366.799886
1742694366.840491
1742694366.875484
1742694366.905868
1742694366.939006
1742694366.971749
1742694367.008579
1742694367.034508
1742694367.076914
1742694367.103283
1742694367.139867
1742694367.175528
1742694367.204935
1742694367.242308
1742694367.271695
1742694367.309927
1742694367.333397
1742694367.376942
1742694367.406069
1742694367.442344
1742694367.466345
1742694367.509346
1742694367.539670
1742694367.576263
1742694367.599562
1742694367.642458
1742694367.674153
1742694367.708532
1742694367.733098
1742694367.775010
1742694367.804487
1742694367.844181
1742694367.866476
1742694367.911309
1742694367.937389
1742694367.976868
1742694367.999781
1742694368.041785
1742694368.074372
1742694368.105826
1742694368.133776
1742694368.177083
1742694368.205999
1742694368.242576
1742694368.266537
1742694368.312606
1742694368.337442
1742694368.377905
1742694368.399983
1742694368.443006
1742694368.472453
1742694368.508676
1742694368.533517
1742694368.576289
1742694368.605973
1742694368.642906
1742694368.666780
1742694368.709699
1742694368.739013
1742694368.777167
1742694368.800326
1742694368.842492
1742694368.873160
1742694368.908609
1742694368.934610
1742694368.979028
1742694369.004742
1742694369.041064
1742694369.070252
1742694369.109136
1742694369.142517
1742694369.176598
1742694369.200863
1742694369.241862
1742694369.276176
1742694369.308689
1742694369.335288
1742694369.374781
1742694369.406555
1742694369.442627
1742694369.467347
1742694369.508967
1742694369.538596
1742694369.574841
1742694369.600506
1742694369.643991
1742694369.672094
1742694369.711989
1742694369.733923
1742694369.775429
1742694369.805381
1742694369.842940
1742694369.867175
1742694369.910685
1742694369.938837
1742694369.979047
1742694370.000883
1742694370.040753
1742694370.075133
1742694370.109405
1742694370.134204
1742694370.176976
1742694370.207112
1742694370.242497
1742694370.268139
1742694370.309656
1742694370.342741
1742694370.376587
1742694370.401152
1742694370.443839
1742694370.473690
1742694370.509275
1742694370.534454
1742694370.577178
1742694370.605834
1742694370.645801
1742694370.667754
1742694370.711573
1742694370.738961
1742694370.779185
1742694370.801141
1742694370.843338
1742694370.871660
1742694370.911352
1742694370.934499
1742694370.979756
1742694371.005996
1742694371.040485
1742694371.067904
1742694371.110515
1742694371.139038
1742694371.176653
1742694371.201516
1742694371.246002
1742694371.272413
1742694371.309319
1742694371.336484
1742694371.377330
1742694371.406014
1742694371.446958
1742694371.468499
1742694371.508392
1742694371.544184
1742694371.573421
1742694371.605217
1742694371.641832
1742694371.677693
1742694371.706956
1742694371.735078
1742694371.777995
1742694371.807201
1742694371.843673
1742694371.868689
1742694371.909194
1742694371.942662
1742694371.979178
1742694372.002338
1742694372.038431
1742694372.079408
1742694372.106880
1742694372.139536
1742694372.179235
1742694372.206508
1742694372.243746
1742694372.268811
1742694372.308641
1742694372.342531
1742694372.378006
1742694372.402287
1742694372.443011
1742694372.477392
1742694372.506601
1742694372.540015
1742694372.577145
1742694372.610587
1742694372.641323
1742694372.677060
1742694372.702279
1742694372.743995
1742694372.777518
1742694372.809321
1742694372.844251
1742694372.873832
1742694372.908663
1742694372.944027
1742694372.977051
1742694373.007424
1742694373.039785
1742694373.079975
1742694373.108090
1742694373.141553
1742694373.176743
1742694373.212837
1742694373.242966
1742694373.274786
1742694373.307567
1742694373.342977
1742694373.379584
1742694373.405237
1742694373.442886
1742694373.478619
1742694373.509662
1742694373.540046
1742694373.580634
1742694373.606960
1742694373.647685
1742694373.670851
1742694373.712813
1742694373.743329
1742694373.778844
1742694373.806943
1742694373.844672
1742694373.874028
1742694373.910530
1742694373.940127
1742694373.979780
1742694374.009249
1742694374.040405
1742694374.074305
1742694374.110160
1742694374.146313
1742694374.174494
1742694374.207112
1742694374.244364
1742694374.278434
1742694374.309986
1742694374.340474
1742694374.378138
1742694374.412537
1742694374.440260
1742694374.478312
1742694374.507421
1742694374.546676
1742694374.574632
1742694374.610996
1742694374.641451
1742694374.678515
1742694374.710180
1742694374.741399
1742694374.780038
1742694374.809628
1742694374.845391
1742694374.872368
1742694374.912700
1742694374.941621
1742694374.979630
1742694375.006377
1742694375.046834
1742694375.076200
1742694375.112030
1742694375.140734
1742694375.181952
1742694375.207125
1742694375.245048
1742694375.274540
1742694375.313967
1742694375.341437
1742694375.380169
1742694375.407189
1742694375.445319
1742694375.479941
1742694375.509798
1742694375.545744
1742694375.574974
1742694375.615373
1742694375.640611
1742694375.678004
1742694375.708746
1742694375.749125
1742694375.773674
1742694375.809833
1742694375.841600
1742694375.878605
1742694375.911999
1742694375.937252
1742694375.982229
1742694376.006798
1742694376.046820
1742694376.071563
1742694376.113816
1742694376.144817
1742694376.180212
1742694376.206122
1742694376.247405
1742694376.273886
1742694376.313236
1742694376.338664
1742694376.380195
1742694376.410505
1742694376.447801
1742694376.470776
1742694376.511139
1742694376.545659
1742694376.580864
1742694376.604602
1742694376.642104
1742694376.673435
1742694376.709500
1742694376.737907
1742694376.780170
1742694376.811478
1742694376.847169
1742694376.872991
1742694376.911523
1742694376.948546
1742694376.973991
1742694377.013361
1742694377.037619
1742694377.076983
1742694377.114711
1742694377.139366
1742694377.177890
1742694377.210340
1742694377.247929
1742694377.273606
1742694377.312548
1742694377.346412
1742694377.376672
1742694377.413391
1742694377.440838
1742694377.482074
1742694377.507944
1742694377.543221
1742694377.580273
1742694377.607737
1742694377.650163
1742694377.671315
1742694377.713680
1742694377.746938
1742694377.775579
1742694377.810861
1742694377.842529
1742694377.881646
1742694377.908483
1742694377.944604
1742694377.976716
1742694378.016746
1742694378.038160
1742694378.079389
1742694378.109762
1742694378.151445
1742694378.174584
1742694378.216111
1742694378.240197
1742694378.285688
1742694378.307547
1742694378.350307
1742694378.372066
1742694378.417947
1742694378.441347
1742694378.478902
1742694378.509570
1742694378.550779
1742694378.574743
1742694378.610042
1742694378.647127
1742694378.681541
1742694378.708529
1742694378.745511
1742694378.776351
1742694378.817074
1742694378.841519
1742694378.879554
1742694378.909223
1742694378.951640
1742694378.974878
1742694379.010843
1742694379.043415
1742694379.084311
1742694379.108085
1742694379.149672
1742694379.173195
1742694379.217938
1742694379.241599
1742694379.283172
1742694379.307670
1742694379.350429
1742694379.375627
1742694379.416691
1742694379.440764
1742694379.483897
1742694379.508836
1742694379.545550
1742694379.577670
1742694379.616950
1742694379.641536
1742694379.677567
1742694379.713615
1742694379.745874
1742694379.779327
1742694379.810393
1742694379.849539
1742694379.876039
1742694379.917027
1742694379.939318
1742694379.984001
1742694380.008275
1742694380.050261
1742694380.073116
1742694380.118733
1742694380.141745
1742694380.181079
1742694380.207982
1742694380.246561
1742694380.284123
1742694380.308503
1742694380.344248
1742694380.375721
1742694380.415642
1742694380.442529
1742694380.477819
1742694380.511302
1742694380.549948
1742694380.576293
1742694380.613892
1742694380.644096
1742694380.684751
1742694380.708214
1742694380.746804
1742694380.775337
1742694380.817276
1742694380.841763
1742694380.879258
1742694380.911143
1742694380.950438
1742694380.976148
1742694381.015148
1742694381.039727
1742694381.084153
1742694381.108543
1742694381.148370
1742694381.176744
1742694381.217483
1742694381.240884
1742694381.287794
1742694381.308220
1742694381.352499
1742694381.373473
1742694381.417401
1742694381.441905
1742694381.480724
1742694381.508597
1742694381.547696
1742694381.576425
1742694381.610995
1742694381.647013
1742694381.676122
1742694381.718473
1742694381.740248
1742694381.786823
1742694381.808247
1742694381.849677
1742694381.873576
1742694381.920923
1742694381.941021
1742694381.987491
1742694382.007048
1742694382.052886
1742694382.075162
1742694382.121092
1742694382.140359
1742694382.186842
1742694382.208494
1742694382.253438
1742694382.274088
1742694382.319304
1742694382.342008
1742694382.387190
1742694382.407615
1742694382.454479
1742694382.474975
1742694382.520904
1742694382.540674
1742694382.587598
1742694382.608038
1742694382.647484
1742694382.674066
1742694382.721175
1742694382.741632
1742694382.787151
1742694382.807325
1742694382.854610
1742694382.874811
1742694382.921650
1742694382.941004
1742694382.986480
1742694383.008713
1742694383.051475
1742694383.074382
1742694383.121539
1742694383.141479
1742694383.184386
1742694383.207869
1742694383.254760
1742694383.275288
1742694383.321322
1742694383.341262
1742694383.385761
1742694383.408938
1742694383.454594
1742694383.474631
1742694383.517980
1742694383.542523
1742694383.587886
1742694383.608107
1742694383.653728
1742694383.675620
1742694383.720170
1742694383.741211
1742694383.787983
1742694383.808637
1742694383.853484
1742694383.874398
1742694383.921285
1742694383.941813
1742694383.985103
1742694384.007935
1742694384.050201
1742694384.076195
1742694384.121621
1742694384.141605
1742694384.186511
1742694384.208938
1742694384.255252
1742694384.274788
1742694384.321867
1742694384.342086
1742694384.385856
1742694384.408343
1742694384.454137
1742694384.475725
1742694384.520569
1742694384.541595
1742694384.588680
1742694384.608400
1742694384.655020
1742694384.674912
1742694384.721961
1742694384.742192
1742694384.788826
1742694384.808273
1742694384.855341
1742694384.875545
1742694384.921284
1742694384.941673
1742694384.987789
1742694385.009250
1742694385.049959
1742694385.075215
1742694385.118831
1742694385.142758
1742694385.189028
1742694385.208547
1742694385.251487
1742694385.277783
1742694385.319722
1742694385.342411
1742694385.386431
1742694385.410296
1742694385.451558
1742694385.475575
1742694385.522568
1742694385.542463
1742694385.589862
1742694385.608983
1742694385.654039
1742694385.676136
1742694385.718909
1742694385.742471
1742694385.789255
1742694385.809328
1742694385.852740
1742694385.876019
1742694385.922592
1742694385.942637
1742694385.988933
1742694386.009049
1742694386.051937
1742694386.077489
1742694386.120017
1742694386.142915
1742694386.189845
1742694386.209493
1742694386.256403
1742694386.276333
1742694386.320152
1742694386.343110
1742694386.387184
1742694386.409686
1742694386.449030
1742694386.485807
1742694386.515850
1742694386.543741
1742694386.589762
1742694386.609700
1742694386.655508
1742694386.676596
1742694386.719788
1742694386.743405
1742694386.787379
1742694386.809909
1742694386.856092
1742694386.876468
1742694386.920276
1742694386.943180
1742694386.988234
1742694387.010071
1742694387.053426
1742694387.076679
1742694387.120139
1742694387.146532
1742694387.188880
1742694387.210134
1742694387.256462
1742694387.277015
1742694387.322863
1742694387.343685
1742694387.385691
1742694387.410903
1742694387.455199
1742694387.477232
1742694387.523358
1742694387.543305
1742694387.590225
1742694387.609891
1742694387.650881
1742694387.685605
1742694387.712727
1742694387.752992
1742694387.776925
1742694387.823646
1742694387.843709
1742694387.886015
1742694387.910350
1742694387.955568
1742694387.977235
1742694388.018709
1742694388.043756
1742694388.090868
1742694388.110567
1742694388.155560
1742694388.177370
1742694388.223514
1742694388.244180
1742694388.290302
1742694388.310222
1742694388.357698
1742694388.377958
1742694388.424462
1742694388.443920
1742694388.490231
1742694388.511781
1742694388.554300
1742694388.577861
1742694388.621606
1742694388.644264
1742694388.684108
1742694388.711214
1742694388.758251
1742694388.778292
1742694388.816741
1742694388.851321
1742694388.885994
1742694388.914401
1742694388.948000
1742694388.988168
1742694389.011625
1742694389.053624
1742694389.078471
1742694389.122166
1742694389.145219
1742694389.190656
1742694389.211235
1742694389.254538
1742694389.279664
1742694389.324837
1742694389.354141
1742694389.377458
1742694389.422424
1742694389.445855
1742694389.489542
1742694389.513009
1742694389.555480
1742694389.578698
1742694389.622408
1742694389.645861
1742694389.686269
1742694389.711942
1742694389.753702
1742694389.780596
1742694389.817232
1742694389.845649
1742694389.888987
1742694389.912603
1742694389.953137
1742694389.979355
1742694390.022062
1742694390.046082
1742694390.082791
1742694390.116800
1742694390.155672
1742694390.179777
1742694390.216170
1742694390.253446
1742694390.279981
1742694390.324715
1742694390.344475
1742694390.391249
1742694390.412252
1742694390.455090
1742694390.478562
1742694390.523760
1742694390.545868
1742694390.591920
1742694390.611329
1742694390.654578
1742694390.681959
1742694390.723699
1742694390.744522
1742694390.788507
1742694390.813271
1742694390.856461
1742694390.878030
1742694390.922066
1742694390.948272
1742694390.990793
1742694391.011310
1742694391.051348
1742694391.088663
1742694391.117740
1742694391.145442
1742694391.192183
1742694391.213304
1742694391.258555
1742694391.278197
1742694391.325651
1742694391.347762
1742694391.390487
1742694391.411677
1742694391.457519
1742694391.481122
1742694391.524613
1742694391.545064
1742694391.592426
1742694391.614493
1742694391.656746
1742694391.678407
1742694391.725423
1742694391.747774
1742694391.790651
1742694391.811958
1742694391.855493
1742694391.884208
1742694391.924496
1742694391.945305
1742694391.992248
1742694392.014599
1742694392.055594
1742694392.079840
1742694392.122506
1742694392.150813
1742694392.191169
1742694392.212675
1742694392.256404
1742694392.282989
1742694392.324781
1742694392.345822
1742694392.391650
1742694392.414761
1742694392.459942
1742694392.479044
1742694392.520726
1742694392.547880
1742694392.579583
1742694392.619126
1742694392.648506
1742694392.690860
1742694392.715887
1742694392.754497
1742694392.782300
1742694392.825124
1742694392.849785
1742694392.884643
1742694392.920463
1742694392.955715
1742694392.985768
1742694393.015604
1742694393.055850
1742694393.085510
1742694393.123307
1742694393.146672
1742694393.189206
1742694393.219322
1742694393.255920
1742694393.281912
1742694393.324414
1742694393.348778
1742694393.392122
1742694393.414393
1742694393.456740
1742694393.485952
1742694393.522806
1742694393.549563
1742694393.588144
1742694393.620992
1742694393.656185
1742694393.682501
1742694393.724696
1742694393.749817
1742694393.791570
1742694393.813050
1742694393.859728
1742694393.882851
1742694393.925323
1742694393.946259
1742694393.991830
1742694394.017049
1742694394.057131
1742694394.079938
1742694394.123341
1742694394.153068
1742694394.189063
1742694394.215818
1742694394.258522
1742694394.283853
1742694394.325650
1742694394.346554
1742694394.393558
1742694394.416895
1742694394.458710
1742694394.479991
1742694394.523106
1742694394.552672
1742694394.590161
1742694394.613809
1742694394.657826
1742694394.684224
1742694394.725666
1742694394.746590
1742694394.790203
1742694394.818570
1742694394.859367
1742694394.880204
1742694394.927281
1742694394.950658
1742694394.993183
1742694395.013757
1742694395.055761
1742694395.088865
1742694395.118566
1742694395.152899
1742694395.188950
1742694395.219492
1742694395.258174
1742694395.281149
1742694395.324979
1742694395.353018
1742694395.391103
1742694395.415974
1742694395.458633
1742694395.484406
1742694395.527164
1742694395.547316
1742694395.590792
1742694395.619696
1742694395.657628
1742694395.682679
1742694395.725012
1742694395.753476
1742694395.790211
1742694395.814431
1742694395.859432
1742694395.884464
1742694395.925092
1742694395.947331
1742694395.994071
1742694396.018084
1742694396.056615
1742694396.081229
1742694396.126568
1742694396.151924
1742694396.193775
1742694396.213863
1742694396.258276
1742694396.286831
1742694396.324209
1742694396.347600
1742694396.391767
1742694396.420329
1742694396.456577
1742694396.482026
1742694396.524653
1742694396.554299
1742694396.588379
1742694396.618399
1742694396.659200
1742694396.685489
1742694396.723581
1742694396.747943
1742694396.792584
1742694396.818892
1742694396.856856
1742694396.884403
1742694396.921998
1742694396.957373
1742694396.987856
1742694397.021179
1742694397.054511
1742694397.092330
1742694397.120966
1742694397.150611
1742694397.191901
1742694397.221360
1742694397.259081
1742694397.282511
1742694397.326813
1742694397.352823
1742694397.393796
1742694397.415891
1742694397.457884
1742694397.488112
1742694397.525384
1742694397.552706
1742694397.589240
1742694397.624666
1742694397.654876
1742694397.691128
1742694397.714823
1742694397.760285
1742694397.786333
1742694397.825336
1742694397.852852
1742694397.887819
1742694397.919524
1742694397.958553
1742694397.988014
1742694398.018869
1742694398.055276
1742694398.091400
1742694398.121672
1742694398.150978
1742694398.192230
1742694398.219476
1742694398.258793
1742694398.282495
1742694398.325073
1742694398.355397
1742694398.388079
1742694398.420840
1742694398.456586
1742694398.492710
1742694398.520101
1742694398.553504
1742694398.589641
1742694398.625814
1742694398.654221
1742694398.686801
1742694398.722680
1742694398.758459
1742694398.788577
1742694398.817216
1742694398.858532
1742694398.888126
1742694398.924397
1742694398.950571
1742694398.992969
1742694399.019549
1742694399.057305
1742694399.085754
1742694399.123121
1742694399.158700
1742694399.189743
1742694399.219385
1742694399.255740
1742694399.291824
1742694399.322102
1742694399.354005
1742694399.390480
1742694399.425643
1742694399.456871
1742694399.485991
1742694399.523206
1742694399.558255
1742694399.588362
1742694399.622146
1742694399.655887
1742694399.690060
1742694399.725818
1742694399.751129
1742694399.792410
1742694399.823510
1742694399.855607
1742694399.886710
1742694399.923802
1742694399.955219
1742694399.991745
1742694400.017396
1742694400.059523
1742694400.087739
1742694400.128055
1742694400.149648
1742694400.193747
1742694400.220417
1742694400.260400
1742694400.283023
1742694400.325402
1742694400.358474
1742694400.392312
1742694400.419622
1742694400.459314
1742694400.489040
1742694400.523993
1742694400.554480
1742694400.590688
1742694400.624380
1742694400.656124
1742694400.687456
1742694400.724752
1742694400.755882
1742694400.792111
1742694400.817235
1742694400.859222
1742694400.889119
1742694400.924908
1742694400.950498
1742694400.994258
1742694401.021128
1742694401.060127
1742694401.084533
1742694401.121070
1742694401.162150
1742694401.187767
1742694401.224745
1742694401.254436
1742694401.291040
1742694401.324280
1742694401.354867
1742694401.391567
1742694401.425605
1742694401.458461
1742694401.487958
1742694401.527228
1742694401.555007
1742694401.590047
1742694401.624609
1742694401.654891
1742694401.691357
1742694401.720937
1742694401.755141
1742694401.787650
1742694401.822769
1742694401.854085
1742694401.883724
1742694401.920653
1742694401.960587
1742694401.988318
1742694402.024725
1742694402.055411
1742694402.092312
1742694402.124601
1742694402.152111
1742694402.189958
1742694402.225425
1742694402.258175
1742694402.284091
1742694402.322211
1742694402.359218
1742694402.391091
1742694402.421819
1742694402.458048
1742694402.494079
1742694402.522066
1742694402.554922
1742694402.593997
1742694402.621662
1742694402.661875
1742694402.684594
1742694402.723013
1742694402.758698
1742694402.792395
1742694402.819558
1742694402.858591
1742694402.894101
1742694402.923515
1742694402.953966
1742694402.994330
1742694403.021989
1742694403.061112
1742694403.085854
1742694403.127318
1742694403.155891
1742694403.191812
1742694403.219496
1742694403.260157
1742694403.289465
1742694403.325993
1742694403.354755
1742694403.392237
1742694403.426043
1742694403.459795
1742694403.488123
1742694403.527703
1742694403.556123
1742694403.594404
1742694403.620325
1742694403.660982
1742694403.689813
1742694403.727525
1742694403.754172
1742694403.794819
1742694403.823112
1742694403.862320
1742694403.885305
1742694403.926382
1742694403.960517
1742694403.991055
1742694404.022969
1742694404.060535
1742694404.090286
1742694404.124318
1742694404.155324
1742694404.196579
1742694404.221896
1742694404.260962
1742694404.285745
1742694404.326188
1742694404.361174
1742694404.388410
1742694404.423543
1742694404.459598
1742694404.494851
1742694404.524267
1742694404.555605
1742694404.592692
1742694404.627145
1742694404.656222
1742694404.693066
1742694404.722847
1742694404.762421
1742694404.789320
1742694404.826688
1742694404.856606
1742694404.894181
1742694404.924192
1742694404.956222
1742694404.992208
1742694405.027713
1742694405.058491
1742694405.087800
1742694405.128012
1742694405.158527
1742694405.193313
1742694405.219531
1742694405.261242
1742694405.290056
1742694405.327937
1742694405.352888
1742694405.393501
1742694405.426612
1742694405.459818
1742694405.488438
1742694405.527427
1742694405.557487
1742694405.592085
1742694405.624206
1742694405.660822
1742694405.692646
1742694405.727564
1742694405.753310
1742694405.794626
1742694405.825041
1742694405.860672
1742694405.890105
1742694405.928102
1742694405.958425
1742694405.994075
1742694406.029259
1742694406.052444
1742694406.094146
1742694406.127943
1742694406.159995
1742694406.195385
1742694406.223166
1742694406.262798
1742694406.292324
1742694406.327847
1742694406.358213
1742694406.393632
1742694406.427003
1742694406.461014
1742694406.490810
1742694406.525920
1742694406.562761
1742694406.591908
1742694406.625024
1742694406.655936
1742694406.691664
1742694406.722388
1742694406.760007
1742694406.790148
1742694406.827777
1742694406.858298
1742694406.892673
1742694406.926041
1742694406.961825
1742694406.992747
1742694407.023651
1742694407.061703
1742694407.090547
1742694407.125799
1742694407.157576
1742694407.196043
1742694407.224760
1742694407.263783
1742694407.286789
1742694407.328206
1742694407.359147
1742694407.396053
1742694407.423723
1742694407.456768
1742694407.489003
1742694407.523930
1742694407.559910
1742694407.591410
1742694407.630681
1742694407.658023
1742694407.693797
1742694407.724383
1742694407.761245
1742694407.795921
1742694407.823372
1742694407.864234
1742694407.890793
1742694407.930114
1742694407.953128
1742694407.995652
1742694408.026347
1742694408.062613
1742694408.086462
1742694408.127072
1742694408.159354
1742694408.196157
1742694408.220194
1742694408.261678
1742694408.292491
1742694408.327793
1742694408.356221
1742694408.398053
1742694408.423469
1742694408.463392
1742694408.487865
1742694408.530168
1742694408.557904
1742694408.597482
1742694408.622186
1742694408.664021
1742694408.690275
1742694408.729655
1742694408.753759
1742694408.795937
1742694408.827647
1742694408.861759
1742694408.887196
1742694408.928916
1742694408.960799
1742694408.997171
1742694409.020305
1742694409.065759
1742694409.090159
1742694409.131035
1742694409.153803
1742694409.196456
1742694409.226563
1742694409.262803
1742694409.289669
1742694409.330282
1742694409.358422
1742694409.399069
1742694409.420871
1742694409.465466
1742694409.490020
1742694409.527384
1742694409.558584
1742694409.597674
1742694409.623909
1742694409.666269
1742694409.687849
1742694409.728179
1742694409.763503
1742694409.792746
1742694409.826566
1742694409.862704
1742694409.892025
1742694409.932720
1742694409.954133
1742694410.000059
1742694410.023660
1742694410.065106
1742694410.087732
1742694410.134113
1742694410.157230
1742694410.200320
1742694410.220917
1742694410.264918
1742694410.291648
1742694410.333426
1742694410.354375
1742694410.400435
1742694410.423797
1742694410.462617
1742694410.491122
1742694410.531206
1742694410.558421
1742694410.596413
1742694410.624086
1742694410.665323
1742694410.691226
1742694410.732557
1742694410.755361
1742694410.799188
1742694410.824215
1742694410.865646
1742694410.888101
1742694410.931142
1742694410.958490
1742694410.996728
1742694411.022383
1742694411.065204
1742694411.090913
1742694411.134043
1742694411.154613
1742694411.199649
1742694411.224020
1742694411.267298
1742694411.288178
1742694411.331845
1742694411.358388
1742694411.396105
1742694411.424090
1742694411.462692
1742694411.494679
1742694411.530793
1742694411.557388
1742694411.597186
1742694411.627454
1742694411.667747
1742694411.688392
1742694411.732820
1742694411.757667
1742694411.800609
1742694411.822153
1742694411.868115
1742694411.890846
1742694411.932019
1742694411.956549
1742694411.998960
1742694412.025360
1742694412.066915
1742694412.088990
1742694412.134776
1742694412.157661
1742694412.196696
1742694412.223975
1742694412.267106
1742694412.290910
1742694412.329283
1742694412.357842
1742694412.400350
1742694412.424427
1742694412.465314
1742694412.490196
1742694412.532419
1742694412.558399
1742694412.600789
1742694412.622097
1742694412.667423
1742694412.690921
1742694412.732870
1742694412.755432
1742694412.802024
1742694412.824428
1742694412.866188
1742694412.889535
1742694412.935587
1742694412.957533
1742694412.996072
1742694413.027386
1742694413.062841
1742694413.098351
1742694413.128013
1742694413.160648
1742694413.195975
1742694413.228489
1742694413.267680
1742694413.289125
1742694413.336405
1742694413.357270
1742694413.401179
1742694413.422647
1742694413.470042
1742694413.490904
1742694413.535246
1742694413.555825
1742694413.601771
1742694413.624730
1742694413.670884
1742694413.689338
1742694413.735795
1742694413.757894
1742694413.797915
1742694413.824684
1742694413.867518
1742694413.891361
1742694413.934906
1742694413.956317
1742694414.003418
1742694414.024726
1742694414.069833
1742694414.089755
1742694414.135959
1742694414.157896
1742694414.202382
1742694414.222572
1742694414.268797
1742694414.291468
1742694414.337472
1742694414.358326
1742694414.389354
1742694414.436690
1742694414.457741
1742694414.504627
1742694414.524038
1742694414.567972
1742694414.590209
1742694414.636236
1742694414.658153
1742694414.697090
1742694414.724752
1742694414.770973
1742694414.791050
1742694414.833112
1742694414.858048
1742694414.902524
1742694414.924935
1742694414.970258
1742694414.990266
1742694415.033471
1742694415.058754
1742694415.100118
1742694415.124283
1742694415.170769
1742694415.191122
1742694415.229199
1742694415.261869
1742694415.302212
1742694415.324900
1742694415.360598
1742694415.398064
1742694415.425504
1742694415.471205
1742694415.490597
1742694415.537753
1742694415.557981
1742694415.604045
1742694415.623899
1742694415.671052
1742694415.691366
1742694415.738395
1742694415.757356
1742694415.800665
1742694415.825291
1742694415.871194
1742694415.890550
1742694415.938197
1742694415.957878
1742694416.004206
1742694416.024106
1742694416.071337
1742694416.091096
1742694416.136666
1742694416.157249
1742694416.202111
1742694416.225206
1742694416.271782
1742694416.290820
1742694416.336120
1742694416.358796
1742694416.398202
1742694416.425328
1742694416.465717
1742694416.493428
1742694416.532949
1742694416.557808
1742694416.604913
1742694416.624932
1742694416.668274
1742694416.691220
1742694416.738178
1742694416.758465
1742694416.805439
1742694416.824394
1742694416.870749
1742694416.891884
1742694416.938172
1742694416.957752
1742694417.004135
1742694417.025412
1742694417.071546
1742694417.091154
1742694417.132882
1742694417.162236
1742694417.196003
1742694417.227312
1742694417.263034
1742694417.301663
1742694417.327807
1742694417.366803
1742694417.392292
1742694417.438717
1742694417.458586
1742694417.500215
1742694417.525539
1742694417.570925
1742694417.592446
1742694417.634131
1742694417.658802
1742694417.702182
1742694417.725640
1742694417.769928
1742694417.791587
1742694417.834805
1742694417.861987
1742694417.900882
1742694417.925664
1742694417.972252
1742694417.991712
1742694418.033694
1742694418.059001
1742694418.105074
1742694418.125631
1742694418.166459
1742694418.192287
1742694418.238299
1742694418.258858
1742694418.298925
1742694418.325859
1742694418.371809
1742694418.392230
1742694418.438830
1742694418.458679
1742694418.502309
1742694418.525953
1742694418.568231
1742694418.592022
1742694418.639121
1742694418.658859
1742694418.702470
1742694418.725569
1742694418.772138
1742694418.792304
1742694418.834060
1742694418.859146
1742694418.906211
1742694418.925538
1742694418.972913
1742694418.992276
1742694419.034426
1742694419.066690
1742694419.092611
1742694419.139428
1742694419.159122
1742694419.202639
1742694419.225457
1742694419.272432
1742694419.292473
1742694419.336201
1742694419.359097
1742694419.405607
1742694419.425805
1742694419.468932
1742694419.492607
1742694419.538161
1742694419.559397
1742694419.604396
1742694419.626061
1742694419.671270
1742694419.692877
1742694419.737563
1742694419.759395
1742694419.806003
1742694419.826303
1742694419.870052
1742694419.893006
1742694419.937149
1742694419.959435
1742694420.003872
1742694420.026392
1742694420.072053
1742694420.093088
1742694420.139278
1742694420.159372
1742694420.206022
1742694420.226129
1742694420.272345
1742694420.292700
1742694420.336334
1742694420.359731
1742694420.404345
1742694420.426124
1742694420.472685
1742694420.492928
1742694420.536072
1742694420.559438
1742694420.600916
1742694420.629212
1742694420.672104
1742694420.692792
1742694420.736335
1742694420.759956
1742694420.806217
1742694420.826221
1742694420.873359
1742694420.893614
1742694420.938601
1742694420.959900
1742694421.006394
1742694421.027278
1742694421.070710
1742694421.094048
1742694421.140784
1742694421.160686
1742694421.206785
1742694421.226625
1742694421.272554
1742694421.294029
1742694421.339983
1742694421.359898
1742694421.403850
1742694421.427373
1742694421.473290
1742694421.493295
1742694421.537335
1742694421.561564
1742694421.604339
1742694421.626807
1742694421.674001
1742694421.694767
1742694421.740992
1742694421.760161
1742694421.807449
1742694421.828112
1742694421.874654
1742694421.893582
1742694421.937231
1742694421.965194
1742694422.006104
1742694422.026837
1742694422.073399
1742694422.094806
1742694422.136436
1742694422.160524
1742694422.203821
1742694422.230495
1742694422.272981
1742694422.293578
1742694422.340851
1742694422.361495
1742694422.407479
1742694422.427034
1742694422.470517
1742694422.499295
1742694422.540259
1742694422.560509
1742694422.607901
1742694422.629286
1742694422.672308
1742694422.706424
1742694422.727516
1742694422.774657
1742694422.796543
1742694422.841334
1742694422.863692
1742694422.904549
1742694422.929810
1742694422.971731
1742694423.000015
1742694423.029574
1742694423.071706
1742694423.096223
1742694423.138966
1742694423.161193
1742694423.204879
1742694423.230556
1742694423.273850
1742694423.294998
1742694423.341273
1742694423.362895
1742694423.405666
1742694423.429758
1742694423.471797
1742694423.500356
1742694423.541040
1742694423.561203
1742694423.608352
1742694423.629153
1742694423.672633
1742694423.695138
1742694423.741490
1742694423.763157
1742694423.807657
1742694423.828463
1742694423.871560
1742694423.900946
1742694423.937803
1742694423.964300
1742694424.005984
1742694424.029949
1742694424.073415
1742694424.095712
1742694424.141710
1742694424.164450
1742694424.207612
1742694424.228435
1742694424.275463
1742694424.297404
1742694424.339930
1742694424.361449
1742694424.405158
1742694424.429958
1742694424.473828
1742694424.494892
1742694424.539975
1742694424.563765
1742694424.608435
1742694424.628271
1742694424.673965
1742694424.697244
1742694424.739168
1742694424.761373
1742694424.805434
1742694424.830978
1742694424.873570
1742694424.894787
1742694424.941728
1742694424.964669
1742694425.006988
1742694425.028191
1742694425.071667
1742694425.100659
1742694425.141385
1742694425.161642
1742694425.205321
1742694425.234835
1742694425.272835
1742694425.295251
1742694425.342079
1742694425.364692
1742694425.406289
1742694425.428344
1742694425.474077
1742694425.498379
1742694425.537988
1742694425.562092
1742694425.609239
1742694425.630275
1742694425.675348
1742694425.695193
1742694425.741334
1742694425.765174
1742694425.808679
1742694425.828541
1742694425.872409
1742694425.901515
1742694425.939680
1742694425.962792
1742694426.008788
1742694426.031259
1742694426.075312
1742694426.095520
1742694426.138672
1742694426.169852
1742694426.204831
1742694426.230354
1742694426.272286
1742694426.301362
1742694426.339263
1742694426.362504
1742694426.409394
1742694426.432668
1742694426.474517
1742694426.496065
1742694426.539730
1742694426.566562
1742694426.608245
1742694426.629466
1742694426.672944
1742694426.702349
1742694426.739177
1742694426.766229
1742694426.807629
1742694426.833787
1742694426.875611
1742694426.896116
1742694426.939394
1742694426.968711
1742694427.005484
1742694427.030721
1742694427.074498
1742694427.099458
1742694427.141377
1742694427.162665
1742694427.206794
1742694427.234617
1742694427.271919
1742694427.298303
1742694427.341653
1742694427.366294
1742694427.409262
1742694427.429601
1742694427.473683
1742694427.502719
1742694427.539870
1742694427.565512
1742694427.607586
1742694427.633381
1742694427.675069
1742694427.697724
1742694427.741095
1742694427.767475
1742694427.808586
1742694427.830239
1742694427.874032
1742694427.901823
1742694427.939714
1742694427.967956
1742694428.004966
1742694428.035167
1742694428.073922
1742694428.101480
1742694428.137502
1742694428.173048
1742694428.203645
1742694428.236481
1742694428.270329
1742694428.306183
1742694428.335662
1742694428.370694
1742694428.402742
1742694428.440404
1742694428.470242
1742694428.502918
1742694428.536519
1742694428.574256
1742694428.603026
1742694428.633288
1742694428.674295
1742694428.702956
1742694428.741018
1742694428.763390
1742694428.807987
1742694428.834776
1742694428.872519
1742694428.897093
1742694428.941527
1742694428.967850
1742694429.005705
1742694429.031504
1742694429.076175
1742694429.101714
1742694429.142521
1742694429.163906
1742694429.208241
1742694429.235320
1742694429.271322
1742694429.301661
1742694429.338525
1742694429.373977
1742694429.403471
1742694429.438079
1742694429.468306
1742694429.505735
1742694429.537600
1742694429.568983
1742694429.605805
1742694429.637475
1742694429.672884
1742694429.697189
1742694429.740503
1742694429.770273
1742694429.806746
1742694429.830381
1742694429.874924
1742694429.901108
1742694429.938959
1742694429.963780
1742694430.008153
1742694430.032302
1742694430.074611
1742694430.097312
1742694430.142897
1742694430.169102
1742694430.207732
1742694430.230658
1742694430.275857
1742694430.302048
1742694430.340134
1742694430.364548
1742694430.410055
1742694430.434070
1742694430.474488
1742694430.497728
1742694430.542816
1742694430.568965
1742694430.607365
1742694430.630916
1742694430.676398
1742694430.702034
1742694430.739185
1742694430.764155
1742694430.810055
1742694430.834441
1742694430.872669
1742694430.898224
1742694430.943638
1742694430.968689
1742694431.008517
1742694431.037488
1742694431.064481
1742694431.109527
1742694431.135816
1742694431.175654
1742694431.198463
1742694431.240331
1742694431.268097
1742694431.308759
1742694431.337252
1742694431.367606
1742694431.404570
1742694431.440690
1742694431.471115
1742694431.498710
1742694431.541280
1742694431.571686
1742694431.608676
1742694431.631580
1742694431.676946
1742694431.702324
1742694431.743399
1742694431.764890
1742694431.807927
1742694431.837963
1742694431.875317
1742694431.898372
1742694431.941561
1742694431.970891
1742694432.008442
1742694432.031856
1742694432.074958
1742694432.103764
1742694432.143133
1742694432.165153
1742694432.211124
1742694432.236539
1742694432.276880
1742694432.298685
1742694432.345477
1742694432.369028
1742694432.410225
1742694432.432166
1742694432.475617
1742694432.503430
1742694432.542504
1742694432.565914
1742694432.607594
1742694432.638654
1742694432.674460
1742694432.699177
1742694432.741623
1742694432.771210
1742694432.809836
1742694432.832047
1742694432.873841
1742694432.903122
1742694432.943546
1742694432.965614
1742694433.008562
1742694433.033850
1742694433.077190
1742694433.098969
1742694433.142486
1742694433.170416
1742694433.211221
1742694433.232371
1742694433.274732
1742694433.305688
1742694433.341905
1742694433.366275
1742694433.408372
1742694433.438647
1742694433.473637
1742694433.500972
1742694433.542893
1742694433.571131
1742694433.609313
1742694433.632734
1742694433.674710
1742694433.701995
1742694433.743229
1742694433.766054
1742694433.808247
1742694433.838520
1742694433.876261
1742694433.899627
1742694433.942166
1742694433.971501
1742694434.009099
1742694434.032843
1742694434.075463
1742694434.104399
1742694434.143120
1742694434.166629
1742694434.208555
1742694434.240727
1742694434.274199
1742694434.300961
1742694434.343340
1742694434.372516
1742694434.409214
1742694434.433040
1742694434.475982
1742694434.504252
1742694434.543760
1742694434.566474
1742694434.608812
1742694434.640733
1742694434.673315
1742694434.703166
1742694434.744307
1742694434.771011
1742694434.810395
1742694434.836585
1742694434.877305
1742694434.902927
1742694434.943241
1742694434.969885
1742694435.009675
1742694435.034962
1742694435.076212
1742694435.103139
1742694435.143222
1742694435.171859
1742694435.207246
1742694435.238515
1742694435.273300
1742694435.308338
1742694435.343518
1742694435.366558
1742694435.410878
1742694435.438311
1742694435.477732
1742694435.499996
1742694435.541436
1742694435.572458
1742694435.609036
1742694435.633297
1742694435.675715
1742694435.703662
1742694435.744396
1742694435.766680
1742694435.810189
1742694435.838326
1742694435.876500
1742694435.900058
1742694435.943637
1742694435.971791
1742694436.010549
1742694436.033623
1742694436.075644
1742694436.108630
1742694436.140102
1742694436.169231
1742694436.209937
1742694436.237108
1742694436.276190
1742694436.300630
1742694436.340186
1742694436.372528
1742694436.409310
1742694436.433890
1742694436.472310
1742694436.510561
1742694436.538296
1742694436.571954
1742694436.605327
1742694436.636473
1742694436.673019
1742694436.700833
1742694436.740714
1742694436.774140
1742694436.808608
1742694436.834987
1742694436.875066
1742694436.909009
1742694436.943132
1742694436.968676
1742694437.009891
1742694437.035375
1742694437.076749
1742694437.102012
1742694437.142703
1742694437.171716
1742694437.209410
1742694437.235148
1742694437.276817
1742694437.306871
1742694437.341305
1742694437.368298
1742694437.409283
1742694437.442008
1742694437.477274
1742694437.501038
1742694437.541050
1742694437.575427
1742694437.611473
1742694437.634592
1742694437.675124
1742694437.709791
1742694437.741940
1742694437.770268
1742694437.811359
1742694437.838904
1742694437.878978
1742694437.901452
1742694437.943659
1742694437.975117
1742694438.010376
1742694438.034808
1742694438.076141
1742694438.108931
1742694438.144680
1742694438.168610
1742694438.211428
1742694438.241359
1742694438.276663
1742694438.302490
1742694438.343598
1742694438.372124
1742694438.412125
1742694438.434848
1742694438.475768
1742694438.507265
1742694438.542229
1742694438.568853
1742694438.609709
1742694438.641308
1742694438.676632
1742694438.701904
1742694438.743046
1742694438.776070
1742694438.811329
1742694438.836761
1742694438.878545
1742694438.908659
1742694438.944196
1742694438.969631
1742694439.009887
1742694439.038816
1742694439.080374
1742694439.101884
1742694439.145275
1742694439.172705
1742694439.211314
1742694439.237098
1742694439.278562
1742694439.306967
1742694439.343421
1742694439.377087
1742694439.401962
1742694439.443241
1742694439.475042
1742694439.508165
1742694439.544465
1742694439.568694
1742694439.610941
1742694439.643113
1742694439.675056
1742694439.706003
1742694439.740611
1742694439.776502
1742694439.809470
1742694439.838647
1742694439.879661
1742694439.905749
1742694439.943847
1742694439.970611
1742694440.010745
1742694440.037258
1742694440.078680
1742694440.102882
1742694440.143621
1742694440.177802
1742694440.208133
1742694440.240146
1742694440.275853
1742694440.313750
1742694440.339135
1742694440.373989
1742694440.409779
1742694440.441979
1742694440.478024
1742694440.502554
1742694440.546391
1742694440.572842
1742694440.611241
1742694440.636232
1742694440.678708
1742694440.708515
1742694440.744981
1742694440.769448
1742694440.811292
1742694440.841869
1742694440.880071
1742694440.903207
1742694440.946500
1742694440.972672
1742694441.013255
1742694441.036340
1742694441.082487
1742694441.106146
1742694441.147194
1742694441.170189
1742694441.212119
1742694441.242104
1742694441.278932
1742694441.303036
1742694441.346090
1742694441.373754
1742694441.410621
1742694441.438721
1742694441.480659
1742694441.506324
1742694441.548434
1742694441.569627
1742694441.612607
1742694441.642474
1742694441.679638
1742694441.702936
1742694441.749742
1742694441.772507
1742694441.812742
1742694441.836755
1742694441.882201
1742694441.906233
1742694441.944784
1742694441.974094
1742694442.011788
1742694442.040925
1742694442.081542
1742694442.104501
1742694442.147166
1742694442.173550
1742694442.211261
1742694442.239292
1742694442.276990
1742694442.312639
1742694442.340878
1742694442.374919
1742694442.412217
1742694442.443483
1742694442.481413
1742694442.503550
1742694442.548157
1742694442.572933
1742694442.614447
1742694442.636771
1742694442.680260
1742694442.707535
1742694442.746027
1742694442.772058
1742694442.814143
1742694442.840585
1742694442.882699
1742694442.904801
1742694442.946621
1742694442.973836
1742694443.016879
1742694443.037694
1742694443.080877
1742694443.107748
1742694443.150959
1742694443.170724
1742694443.214191
1742694443.240626
1742694443.279376
1742694443.305737
1742694443.347415
1742694443.373780
1742694443.416128
1742694443.437338
1742694443.480524
1742694443.507575
1742694443.549261
1742694443.570729
1742694443.618185
1742694443.638760
1742694443.677587
1742694443.704468
1742694443.750360
1742694443.772698
1742694443.816649
1742694443.837404
1742694443.880584
1742694443.907685
1742694443.946109
1742694443.971720
1742694444.016738
1742694444.037594
1742694444.080734
1742694444.104906
1742694444.149820
1742694444.173884
1742694444.216236
1742694444.237754
1742694444.281910
1742694444.307770
1742694444.346140
1742694444.370992
1742694444.415873
1742694444.440361
1742694444.482254
1742694444.504410
1742694444.548238
1742694444.573986
1742694444.616075
1742694444.637968
1742694444.681891
1742694444.707529
1742694444.749712
1742694444.771304
1742694444.815193
1742694444.841295
1742694444.879558
1742694444.906893
1742694444.945179
1742694444.982741
1742694445.007245
1742694445.049106
1742694445.073335
1742694445.118905
1742694445.140598
1742694445.180170
1742694445.207145
1742694445.246082
1742694445.274867
1742694445.310226
1742694445.346099
1742694445.377690
1742694445.415457
1742694445.438936
1742694445.485811
1742694445.506663
1742694445.546083
1742694445.574099
1742694445.618037
1742694445.640781
1742694445.682051
1742694445.707328
1742694445.746331
1742694445.778146
1742694445.814350
1742694445.840916
1742694445.879642
1742694445.908554
1742694445.950849
1742694445.972646
1742694446.019847
1742694446.039105
1742694446.085625
1742694446.105969
1742694446.151683
1742694446.174098
1742694446.214427
1742694446.239675
1742694446.286259
1742694446.307367
1742694446.348442
1742694446.372156
1742694446.418295
1742694446.440463
1742694446.486533
1742694446.505860
1742694446.552098
1742694446.573986
1742694446.619976
1742694446.638998
1742694446.685887
1742694446.706838
1742694446.753231
1742694446.772456
1742694446.819767
1742694446.840245
1742694446.886118
1742694446.905880
1742694446.952832
1742694446.973743
1742694447.019757
1742694447.039591
1742694447.086945
1742694447.107121
1742694447.153146
1742694447.172794
1742694447.219544
1742694447.240804
1742694447.284437
1742694447.305960
1742694447.352814
1742694447.373482
1742694447.419085
1742694447.439589
1742694447.486409
1742694447.506907
1742694447.552106
1742694447.572781
1742694447.619531
1742694447.640296
1742694447.686003
1742694447.708928
1742694447.739288
1742694447.787103
1742694447.807610
1742694447.852248
1742694447.874392
1742694447.914266
1742694447.941109
1742694447.987539
1742694448.007400
1742694448.049762
1742694448.073987
1742694448.117439
1742694448.141898
1742694448.179880
1742694448.207800
1742694448.250944
1742694448.274434
1742694448.316875
1742694448.340242
1742694448.386903
1742694448.407543
1742694448.447181
1742694448.474544
1742694448.520161
1742694448.540818
1742694448.584235
1742694448.607060
1742694448.652616
1742694448.674518
1742694448.716147
1742694448.741302
1742694448.787672
1742694448.807951
1742694448.850611
1742694448.874285
1742694448.916864
1742694448.942065
1742694448.980770
1742694449.008939
1742694449.050813
1742694449.074620
1742694449.113462
1742694449.141436
1742694449.187822
1742694449.207634
1742694449.249998
1742694449.274220
1742694449.320571
1742694449.341358
1742694449.386548
1742694449.407313
1742694449.454533
1742694449.474690
1742694449.516696
1742694449.541458
1742694449.586625
1742694449.608122
1742694449.647528
1742694449.675059
1742694449.718921
1742694449.741191
1742694449.786480
1742694449.807408
1742694449.854718
1742694449.874687
1742694449.920314
1742694449.941324
1742694449.988083
1742694450.007891
1742694450.050848
1742694450.074600
1742694450.121408
1742694450.141385
1742694450.181127
1742694450.208379
1742694450.251861
1742694450.274890
1742694450.315936
1742694450.341385
1742694450.388445
1742694450.407789
1742694450.449260
1742694450.474868
1742694450.512312
1742694450.552930
1742694450.574428
1742694450.618353
1742694450.641793
1742694450.685766
1742694450.707708
1742694450.754550
1742694450.774441
1742694450.821334
1742694450.841160
1742694450.886155
1742694450.908630
1742694450.955154
1742694450.974638
1742694451.019664
1742694451.041520
1742694451.087416
1742694451.108439
1742694451.154742
1742694451.175260
1742694451.219272
1742694451.242025
1742694451.287490
1742694451.308584
1742694451.352282
1742694451.375413
1742694451.417710
1742694451.443430
1742694451.485335
1742694451.508216
1742694451.555683
1742694451.575300
1742694451.621668
1742694451.641514
1742694451.687382
1742694451.708649
1742694451.752095
1742694451.775308
1742694451.821989
1742694451.842003
1742694451.887426
1742694451.908438
1742694451.955184
1742694451.975217
1742694452.021963
1742694452.042142
1742694452.086883
1742694452.109097
1742694452.155153
1742694452.175188
1742694452.221853
1742694452.242516
1742694452.286852
1742694452.309147
1742694452.355094
1742694452.375859
1742694452.422120
1742694452.442076
1742694452.487527
1742694452.509260
1742694452.554279
1742694452.575439
1742694452.612265
1742694452.644608
1742694452.675827
1742694452.716904
1742694452.743811
1742694452.789291
1742694452.809530
1742694452.852831
1742694452.876115
1742694452.923159
1742694452.942917
1742694452.987379
1742694453.009751
1742694453.050643
1742694453.085321
1742694453.109991
1742694453.154294
1742694453.176960
1742694453.221256
1742694453.243136
1742694453.287260
1742694453.309760
1742694453.356286
1742694453.376276
1742694453.419629
1742694453.443120
1742694453.488855
1742694453.510652
1742694453.553743
1742694453.577148
1742694453.620201
1742694453.643777
1742694453.688417
1742694453.710303
1742694453.756622
1742694453.776665
1742694453.819538
1742694453.844665
1742694453.889446
1742694453.910833
1742694453.952602
1742694453.981190
1742694454.021707
1742694454.044660
1742694454.086367
1742694454.114427
1742694454.155524
1742694454.177804
1742694454.221782
1742694454.244128
1742694454.286168
1742694454.310936
1742694454.354168
1742694454.378115
1742694454.423115
1742694454.443171
1742694454.485555
1742694454.513399
1742694454.555254
1742694454.576683
1742694454.623126
1742694454.644706
1742694454.686610
1742694454.712152
1742694454.753186
1742694454.781657
1742694454.822880
1742694454.843479
1742694454.885848
1742694454.914684
1742694454.957065
1742694454.976901
1742694455.022679
1742694455.045123
1742694455.087106
1742694455.112013
1742694455.156080
1742694455.178443
1742694455.224504
1742694455.243665
1742694455.285654
1742694455.315114
1742694455.356228
1742694455.377152
1742694455.424114
1742694455.445086
1742694455.487680
1742694455.512712
1742694455.554592
1742694455.581077
1742694455.623821
1742694455.643863
1742694455.690416
1742694455.712094
1742694455.753863
1742694455.777873
1742694455.821269
1742694455.845910
1742694455.888442
1742694455.910271
1742694455.956954
1742694455.979462
1742694456.020273
1742694456.053938
1742694456.077087
1742694456.121289
1742694456.150787
1742694456.187870
1742694456.217188
1742694456.246502
1742694456.286583
1742694456.316843
1742694456.354384
1742694456.378520
1742694456.422002
1742694456.446172
1742694456.487572
1742694456.512947
1742694456.554659
1742694456.579915
1742694456.622328
1742694456.644311
1742694456.690327
1742694456.713359
1742694456.756619
1742694456.777614
1742694456.820653
1742694456.846866
1742694456.888737
1742694456.911605
1742694456.954653
1742694456.983852
1742694457.021195
1742694457.047565
1742694457.089039
1742694457.114296
1742694457.156485
1742694457.178623
1742694457.224243
1742694457.246918
1742694457.289900
1742694457.312431
1742694457.355281
1742694457.383762
1742694457.420624
1742694457.447659
1742694457.489002
1742694457.513803
1742694457.556498
1742694457.577871
1742694457.624835
1742694457.648345
1742694457.691281
1742694457.711117
1742694457.758213
1742694457.780741
1742694457.825342
1742694457.844764
1742694457.891162
1742694457.915350
1742694457.957245
1742694457.978052
1742694458.021562
1742694458.051434
1742694458.089562
1742694458.111903
1742694458.158524
1742694458.181916
1742694458.223580
1742694458.247259
1742694458.290031
1742694458.314698
1742694458.357102
1742694458.378432
1742694458.423547
1742694458.448622
1742694458.490444
1742694458.511822
1742694458.554303
1742694458.586664
1742694458.621269
1742694458.645665
1742694458.689755
1742694458.715748
1742694458.757960
1742694458.778458
1742694458.821818
1742694458.851412
1742694458.887890
1742694458.912133
1742694458.955767
1742694458.982930
1742694459.025158
1742694459.045519
1742694459.091697
1742694459.115826
1742694459.158072
1742694459.178653
1742694459.222262
1742694459.252066
1742694459.288912
1742694459.312894
1742694459.356848
1742694459.382851
1742694459.424679
1742694459.445739
1742694459.491637
1742694459.516144
1742694459.557737
1742694459.578771
1742694459.625595
1742694459.649377
1742694459.691065
1742694459.712096
1742694459.757995
1742694459.782871
1742694459.824491
1742694459.846177
1742694459.892732
1742694459.915694
1742694459.957600
1742694459.979766
1742694460.023867
1742694460.050668
1742694460.091516
1742694460.115118
1742694460.157979
1742694460.183315
1742694460.221221
1742694460.250386
1742694460.287126
1742694460.321924
1742694460.351997
1742694460.380908
1742694460.423194
1742694460.451085
1742694460.490219
1742694460.512432
1742694460.556735
1742694460.583357
1742694460.624987
1742694460.645814
1742694460.692592
1742694460.715268
1742694460.755067
1742694460.779282
1742694460.826347
1742694460.848326
1742694460.890407
1742694460.912621
1742694460.956242
1742694460.984760
1742694461.025046
1742694461.046220
1742694461.089234
1742694461.117263
1742694461.154022
1742694461.179499
1742694461.225984
1742694461.250319
1742694461.292068
1742694461.312887
1742694461.358357
1742694461.384178
1742694461.423932
1742694461.446235
1742694461.492123
1742694461.517386
1742694461.555054
1742694461.579989
1742694461.623485
1742694461.652106
1742694461.691042
1742694461.713311
1742694461.758422
1742694461.783882
1742694461.821452
1742694461.849434
1742694461.890793
1742694461.917734
1742694461.955795
1742694461.983006
1742694462.024849
1742694462.051394
1742694462.089581
1742694462.115411
1742694462.159697
1742694462.185056
1742694462.224867
1742694462.247142
1742694462.293107
1742694462.318104
1742694462.354680
1742694462.384463
1742694462.423268
1742694462.453918
1742694462.489575
1742694462.513519
1742694462.556930
1742694462.586756
1742694462.624119
1742694462.646761
1742694462.692092
1742694462.717817
1742694462.755365
1742694462.781359
1742694462.823593
1742694462.851985
1742694462.893266
1742694462.915036
1742694462.959003
1742694462.985169
1742694463.025010
1742694463.047472
1742694463.093511
1742694463.118206
1742694463.159153
1742694463.180584
1742694463.223117
1742694463.252847
1742694463.289596
1742694463.313809
1742694463.359606
1742694463.384378
1742694463.426570
1742694463.447294
1742694463.493672
1742694463.518491
1742694463.558578
1742694463.580897
1742694463.627769
1742694463.651810
1742694463.691643
1742694463.714471
1742694463.757410
1742694463.787487
1742694463.825434
1742694463.848492
1742694463.891250
1742694463.920739
1742694463.958681
1742694463.981349
1742694464.027715
1742694464.051708
1742694464.090014
1742694464.119148
1742694464.157277
1742694464.188422
1742694464.222670
1742694464.253067
1742694464.289702
1742694464.321273
1742694464.357480
1742694464.392281
1742694464.414872
1742694464.460842
1742694464.485192
1742694464.526949
1742694464.552967
1742694464.587878
1742694464.621666
1742694464.657697
1742694464.687877
1742694464.718800
1742694464.755956
1742694464.788953
1742694464.820807
1742694464.852549
1742694464.890239
1742694464.921577
1742694464.957624
1742694464.981625
1742694465.023676
1742694465.053865
1742694465.090121
1742694465.115065
1742694465.160039
1742694465.186380
1742694465.225985
1742694465.248172
1742694465.291477
1742694465.321220
1742694465.356763
1742694465.383723
1742694465.425786
1742694465.453534
1742694465.491121
1742694465.519307
1742694465.558723
1742694465.588139
1742694465.623844
1742694465.653104
1742694465.691770
1742694465.721799
1742694465.757405
1742694465.786031
1742694465.825019
1742694465.854905
1742694465.890122
1742694465.918116
1742694465.958507
1742694465.988710
1742694466.026004
1742694466.049004
1742694466.091236
1742694466.122046
1742694466.158108
1742694466.184439
1742694466.221319
1742694466.257205
1742694466.292872
1742694466.317318
1742694466.358248
1742694466.388496
1742694466.423510
1742694466.451161
1742694466.491362
1742694466.523066
1742694466.558904
1742694466.582149
1742694466.622571
1742694466.653333
1742694466.688252
1742694466.715859
1742694466.757555
1742694466.788693
1742694466.825205
1742694466.848855
1742694466.892661
1742694466.920437
1742694466.961400
1742694466.982416
1742694467.027541
1742694467.053666
1742694467.091135
1742694467.115750
1742694467.161476
1742694467.187130
1742694467.226268
1742694467.249036
1742694467.291647
1742694467.322282
1742694467.359939
1742694467.382717
1742694467.424283
1742694467.454439
1742694467.489419
1742694467.518479
1742694467.558679
1742694467.587877
1742694467.626872
1742694467.649607
1742694467.688636
1742694467.724793
1742694467.754731
1742694467.786641
1742694467.824981
1742694467.857141
1742694467.891670
1742694467.920359
1742694467.958002
1742694467.992189
1742694468.021470
1742694468.056079
1742694468.090526
1742694468.125656
1742694468.155694
1742694468.190570
1742694468.221249
1742694468.258988
1742694468.290450
1742694468.321495
1742694468.356699
1742694468.391111
1742694468.425831
1742694468.453019
1742694468.493606
1742694468.519982
1742694468.557597
1742694468.583407
1742694468.622884
1742694468.655293
1742694468.690177
1742694468.716958
1742694468.759266
1742694468.787964
1742694468.824410
1742694468.851149
1742694468.892845
1742694468.921156
1742694468.960633
1742694468.983432
1742694469.025466
1742694469.055175
1742694469.093811
1742694469.116825
1742694469.156073
1742694469.191116
1742694469.225535
1742694469.250101
1742694469.288914
1742694469.326167
1742694469.355692
1742694469.385545
1742694469.426210
1742694469.457513
1742694469.493045
1742694469.517158
1742694469.560396
1742694469.588446
1742694469.627191
1742694469.650518
1742694469.690376
1742694469.725765
1742694469.757896
1742694469.786220
1742694469.827207
1742694469.855163
1742694469.894544
1742694469.917864
1742694469.959932
1742694469.989902
1742694470.024208
1742694470.055399
1742694470.092066
1742694470.127323
1742694470.155466
1742694470.190885
1742694470.222053
1742694470.256111
1742694470.292571
1742694470.322903
1742694470.358864
1742694470.393972
1742694470.423430
1742694470.456093
1742694470.491509
1742694470.527047
1742694470.555575
1742694470.588355
1742694470.627627
1742694470.657113
1742694470.690640
1742694470.717618
1742694470.759216
1742694470.789647
1742694470.828429
1742694470.850952
1742694470.891588
1742694470.925730
1742694470.957739
1742694470.985573
1742694471.027185
1742694471.056974
1742694471.091922
1742694471.117924
1742694471.160731
1742694471.189865
1742694471.224725
1742694471.251293
1742694471.292741
1742694471.325496
1742694471.359597
1742694471.384509
1742694471.426682
1742694471.459074
1742694471.493281
1742694471.518251
1742694471.560062
1742694471.590364
1742694471.625443
1742694471.653412
1742694471.694512
1742694471.724166
1742694471.759697
1742694471.787229
1742694471.827285
1742694471.857895
1742694471.894223
1742694471.919344
1742694471.961000
1742694471.991805
1742694472.028092
1742694472.053831
1742694472.094929
1742694472.124843
1742694472.161201
1742694472.189701
1742694472.226176
1742694472.258112
1742694472.295963
1742694472.321648
1742694472.359764
1742694472.394736
1742694472.423582
1742694472.456113
1742694472.492899
1742694472.527153
1742694472.558344
1742694472.586226
1742694472.628521
1742694472.657803
1742694472.694383
1742694472.726599
1742694472.751857
1742694472.794443
1742694472.824126
1742694472.865052
1742694472.887932
1742694472.923533
1742694472.958136
1742694472.993446
1742694473.028236
1742694473.054007
1742694473.092789
1742694473.125649
1742694473.161168
1742694473.185390
1742694473.227750
1742694473.258036
1742694473.297088
1742694473.318678
1742694473.361893
1742694473.391374
1742694473.428846
1742694473.452114
1742694473.495939
1742694473.523177
1742694473.560291
1742694473.588916
1742694473.626303
1742694473.661541
1742694473.692310
1742694473.722731
1742694473.763006
1742694473.789091
1742694473.830091
1742694473.852620
1742694473.898164
1742694473.922226
1742694473.964095
1742694473.986036
1742694474.029870
1742694474.055699
1742694474.097087
1742694474.120420
1742694474.162498
1742694474.190485
1742694474.224753
1742694474.256790
1742694474.296922
1742694474.323485
1742694474.361772
1742694474.389032
1742694474.429068
1742694474.456840
1742694474.497609
1742694474.519548
1742694474.563017
1742694474.590368
1742694474.630431
1742694474.652938
1742694474.695603
1742694474.722690
1742694474.765633
1742694474.786193
1742694474.829169
1742694474.856227
1742694474.894389
1742694474.923803
1742694474.961431
1742694474.993637
1742694475.029318
1742694475.055000
1742694475.100029
1742694475.122471
1742694475.161288
1742694475.186860
1742694475.230032
1742694475.256314
1742694475.295187
1742694475.319939
1742694475.365453
1742694475.389478
1742694475.431018
1742694475.453283
1742694475.496259
1742694475.523465
1742694475.565292
1742694475.586621
1742694475.630559
1742694475.656976
1742694475.694293
1742694475.725153
1742694475.763500
1742694475.790401
1742694475.829356
1742694475.856182
1742694475.898060
1742694475.923649
1742694475.965230
1742694475.987649
1742694476.030279
1742694476.057144
1742694476.095509
1742694476.123061
1742694476.165049
1742694476.189661
1742694476.230731
1742694476.256241
1742694476.297250
1742694476.323854
1742694476.365783
1742694476.388411
1742694476.427324
1742694476.464403
1742694476.490566
1742694476.524899
1742694476.560575
1742694476.595217
1742694476.628666
1742694476.653631
1742694476.699029
1742694476.723050
1742694476.764873
1742694476.787188
1742694476.834078
1742694476.855442
1742694476.897162
1742694476.920298
1742694476.966354
1742694476.989777
1742694477.027776
1742694477.057306
1742694477.097119
1742694477.124042
1742694477.166483
1742694477.187261
1742694477.231567
1742694477.256921
1742694477.295881
1742694477.320677
1742694477.364908
1742694477.390025
1742694477.428027
1742694477.455175
1742694477.501220
1742694477.522930
1742694477.561844
1742694477.589484
1742694477.627983
1742694477.663390
1742694477.690985
1742694477.727523
1742694477.762536
1742694477.794168
1742694477.832911
1742694477.854567
1742694477.900441
1742694477.923342
1742694477.966324
1742694477.988114
1742694478.031170
1742694478.057680
1742694478.096639
1742694478.123336
1742694478.162126
1742694478.196633
1742694478.224633
1742694478.264066
1742694478.290220
1742694478.332783
1742694478.356804
1742694478.398836
1742694478.423149
1742694478.462042
1742694478.491168
1742694478.532836
1742694478.556029
1742694478.603278
1742694478.622378
1742694478.662864
1742694478.690038
1742694478.733420
1742694478.756766
1742694478.792923
1742694478.829186
1742694478.860783
1742694478.900816
1742694478.921676
1742694478.968217
1742694478.989895
1742694479.031444
1742694479.055061
1742694479.102910
1742694479.122557
1742694479.168775
1742694479.188636
1742694479.235714
1742694479.256574
1742694479.300827
1742694479.321887
1742694479.369065
1742694479.389475
1742694479.435730
1742694479.455478
1742694479.501917
1742694479.523296
1742694479.569169
1742694479.588845
1742694479.634912
1742694479.656692
1742694479.702499
1742694479.722136
1742694479.768823
1742694479.790141
1742694479.836018
1742694479.855605
1742694479.903227
1742694479.922873
1742694479.969761
1742694479.989212
1742694480.031890
1742694480.058113
1742694480.101563
1742694480.122624
1742694480.169188
1742694480.190330
1742694480.236584
1742694480.256103
1742694480.302562
1742694480.323858
1742694480.369165
1742694480.389443
1742694480.435844
1742694480.457178
1742694480.503141
1742694480.523465
1742694480.568186
1742694480.590656
1742694480.635234
1742694480.656034
1742694480.702977
1742694480.723649
1742694480.768656
1742694480.789352
1742694480.836587
1742694480.856312
1742694480.903788
1742694480.922865
1742694480.969348
1742694480.989955
1742694481.030755
1742694481.067840
1742694481.089464
1742694481.136456
1742694481.156814
1742694481.203498
1742694481.223655
1742694481.262501
1742694481.294277
1742694481.335412
1742694481.357249
1742694481.398493
1742694481.424106
1742694481.469789
1742694481.490109
1742694481.528336
1742694481.563016
1742694481.591848
1742694481.631401
1742694481.656490
1742694481.699633
1742694481.724299
1742694481.767785
1742694481.790174
1742694481.833918
1742694481.857303
1742694481.904340
1742694481.923362
1742694481.967268
1742694481.990802
1742694482.032522
1742694482.056909
1742694482.103866
1742694482.123898
1742694482.167477
1742694482.190249
1742694482.235669
1742694482.257586
1742694482.303681
1742694482.324211
1742694482.371224
1742694482.390523
1742694482.436121
1742694482.457720
1742694482.500767
1742694482.526655
1742694482.568579
1742694482.590753
1742694482.636933
1742694482.657808
1742694482.703255
1742694482.723696
1742694482.770728
1742694482.790685
1742694482.834449
1742694482.857028
1742694482.902315
1742694482.924493
1742694482.970632
1742694482.990487
1742694483.030536
1742694483.057761
1742694483.102502
1742694483.123875
1742694483.170082
1742694483.190491
1742694483.237152
1742694483.257164
1742694483.302989
1742694483.323998
1742694483.370447
1742694483.390617
1742694483.430961
1742694483.461899
1742694483.500854
1742694483.523770
1742694483.568806
1742694483.591195
1742694483.637497
1742694483.657350
1742694483.701647
1742694483.724401
1742694483.768162
1742694483.790664
1742694483.833327
1742694483.858101
1742694483.901786
1742694483.924120
1742694483.965631
1742694483.991630
1742694484.031931
1742694484.057460
1742694484.104057
1742694484.124451
1742694484.167842
1742694484.190754
1742694484.230116
1742694484.264632
1742694484.296102
1742694484.324380
1742694484.366805
1742694484.391804
1742694484.434682
1742694484.457617
1742694484.498893
1742694484.526028
1742694484.567402
1742694484.590943
1742694484.627928
1742694484.669097
1742694484.691225
1742694484.724304
1742694484.762584
1742694484.794898
1742694484.833042
1742694484.857701
1742694484.896192
1742694484.931593
1742694484.958370
1742694484.990966
1742694485.030764
1742694485.058502
1742694485.104928
1742694485.124517
1742694485.166580
1742694485.191860
1742694485.238670
1742694485.257970
1742694485.300017
1742694485.325402
1742694485.371811
1742694485.391329
1742694485.429978
1742694485.462995
1742694485.495789
1742694485.524801
1742694485.564261
1742694485.592615
1742694485.637096
1742694485.658161
1742694485.696885
1742694485.730422
1742694485.764135
1742694485.791510
1742694485.833445
1742694485.858917
1742694485.903150
1742694485.924912
1742694485.967745
1742694485.992515
1742694486.032614
1742694486.058565
1742694486.100119
1742694486.125779
1742694486.172765
1742694486.191767
1742694486.234782
1742694486.259606
1742694486.302710
1742694486.325130
1742694486.367306
1742694486.392552
1742694486.434957
1742694486.458541
1742694486.501521
1742694486.526346
1742694486.573118
1742694486.592066
1742694486.634140
1742694486.660084
1742694486.706203
1742694486.725422
1742694486.771018
1742694486.793406
1742694486.836170
1742694486.859109
1742694486.902666
1742694486.927295
1742694486.973168
1742694486.992467
1742694487.031932
1742694487.069221
1742694487.096556
1742694487.127289
1742694487.170220
1742694487.193492
1742694487.239311
1742694487.259155
1742694487.304220
1742694487.327152
1742694487.372818
1742694487.392794
1742694487.435939
1742694487.461786
1742694487.504087
1742694487.525891
1742694487.570352
1742694487.594016
1742694487.638881
1742694487.659403
1742694487.705230
1742694487.728256
1742694487.770829
1742694487.792700
1742694487.835954
1742694487.861031
1742694487.903867
1742694487.926156
1742694487.968966
1742694487.995183
1742694488.031513
1742694488.061225
1742694488.103104
1742694488.128550
1742694488.166977
1742694488.193091
1742694488.238189
1742694488.261447
1742694488.304422
1742694488.326223
1742694488.372647
1742694488.395273
1742694488.436059
1742694488.459631
1742694488.502550
1742694488.528597
1742694488.567530
1742694488.593133
1742694488.638851
1742694488.662039
1742694488.704870
1742694488.726379
1742694488.770876
1742694488.795237
1742694488.837942
1742694488.859843
1742694488.903366
1742694488.929337
1742694488.971542
1742694488.993268
1742694489.034329
1742694489.063721
1742694489.105395
1742694489.126757
1742694489.168921
1742694489.194733
1742694489.237729
1742694489.260130
1742694489.301802
1742694489.328264
1742694489.371230
1742694489.400311
1742694489.426686
1742694489.472409
1742694489.494930
1742694489.537621
1742694489.562852
1742694489.596675
1742694489.636592
1742694489.663657
1742694489.707359
1742694489.727101
1742694489.771264
1742694489.795451
1742694489.838743
1742694489.860696
1742694489.906906
1742694489.929787
1742694489.970691
1742694489.993840
1742694490.035915
1742694490.064847
1742694490.106692
1742694490.127196
1742694490.173926
1742694490.195460
1742694490.238198
1742694490.260650
1742694490.304457
1742694490.328966
1742694490.375117
1742694490.394161
1742694490.439982
1742694490.463154
1742694490.503841
1742694490.527377
