1742389841.110765
1742389841.209822
1742389841.243582
1742389841.277995
1742389841.311338
1742389841.344168
1742389841.377049
1742389841.410184
1742389841.443434
1742389841.477050
1742389841.509955
1742389841.543288
1742389841.578170
1742389841.610508
1742389841.655904
1742389841.691128
1742389841.715999
1742389841.749417
1742389841.791117
1742389841.819283
1742389841.855367
1742389841.889211
1742389841.923332
1742389841.956875
1742389841.992349
1742389842.024643
1742389842.059487
1742389842.090752
1742389842.125890
1742389842.156881
1742389842.193114
1742389842.225947
1742389842.258091
1742389842.292391
1742389842.324513
1742389842.359873
1742389842.391717
1742389842.424316
1742389842.459805
1742389842.491061
1742389842.526452
1742389842.558085
1742389842.580189
1742389842.611325
1742389842.645414
1742389842.691938
1742389842.711275
1742389842.744205
1742389842.787967
1742389842.812991
1742389842.853877
1742389842.877769
1742389842.922074
1742389842.947083
1742389842.988455
1742389843.010993
1742389843.052124
1742389843.079572
1742389843.122120
1742389843.144328
1742389843.186374
1742389843.211578
1742389843.247614
1742389843.277907
1742389843.322343
1742389843.347626
1742389843.389213
1742389843.411274
1742389843.452524
1742389843.483123
1742389843.522178
1742389843.544528
1742389843.585142
1742389843.617262
1742389843.651393
1742389843.678098
1742389843.722395
1742389843.747571
1742389843.788786
1742389843.811343
1742389843.852059
1742389843.885341
1742389843.918296
1742389843.944780
1742389843.986406
1742389844.014976
1742389844.055696
1742389844.078161
1742389844.120225
1742389844.148219
1742389844.189617
1742389844.211490
1742389844.252789
1742389844.284291
1742389844.320141
1742389844.345054
1742389844.386706
1742389844.415508
1742389844.455579
1742389844.478260
1742389844.520007
1742389844.548638
1742389844.589100
1742389844.611659
1742389844.653597
1742389844.682208
1742389844.722181
1742389844.745150
1742389844.787736
1742389844.814749
1742389844.856600
1742389844.878541
1742389844.922293
1742389844.948928
1742389844.990408
1742389845.011983
1742389845.056763
1742389845.082076
1742389845.124359
1742389845.145361
1742389845.191062
1742389845.215796
1742389845.256280
1742389845.278776
1742389845.326239
1742389845.347581
1742389845.389906
1742389845.412246
1742389845.453596
1742389845.484359
1742389845.525158
1742389845.545572
1742389845.590528
1742389845.616576
1742389845.656163
1742389845.678964
1742389845.722588
1742389845.748903
1742389845.790905
1742389845.812375
1742389845.854783
1742389845.884160
1742389845.921232
1742389845.945834
1742389845.991550
1742389846.016028
1742389846.056840
1742389846.079282
1742389846.126034
1742389846.149651
1742389846.190554
1742389846.212589
1742389846.257173
1742389846.283369
1742389846.323988
1742389846.346015
1742389846.389338
1742389846.417230
1742389846.456706
1742389846.479568
1742389846.522240
1742389846.551927
1742389846.588777
1742389846.612855
1742389846.654988
1742389846.682493
1742389846.724987
1742389846.746271
1742389846.789045
1742389846.819183
1742389846.856909
1742389846.879735
1742389846.923936
1742389846.952298
1742389846.988965
1742389847.012923
1742389847.058354
1742389847.081824
1742389847.123503
1742389847.146385
1742389847.190375
1742389847.218867
1742389847.255979
1742389847.279827
1742389847.323883
1742389847.349290
1742389847.391038
1742389847.413222
1742389847.458526
1742389847.483911
1742389847.521819
1742389847.547447
1742389847.592622
1742389847.617645
1742389847.658479
1742389847.680164
1742389847.724783
1742389847.750898
1742389847.788828
1742389847.813647
1742389847.858999
1742389847.884223
1742389847.926216
1742389847.946996
1742389847.990396
1742389848.019096
1742389848.056154
1742389848.080158
1742389848.125509
1742389848.151215
1742389848.192702
1742389848.213731
1742389848.258728
1742389848.284916
1742389848.322431
1742389848.347085
1742389848.392662
1742389848.417860
1742389848.455094
1742389848.480869
1742389848.526533
1742389848.551747
1742389848.592163
1742389848.613971
1742389848.658378
1742389848.684973
1742389848.723860
1742389848.747347
1742389848.792667
1742389848.818819
1742389848.858502
1742389848.880800
1742389848.926843
1742389848.952040
1742389848.991396
1742389849.014151
1742389849.058571
1742389849.082010
1742389849.123330
1742389849.147347
1742389849.193329
1742389849.218930
1742389849.259078
1742389849.280933
1742389849.322853
1742389849.354303
1742389849.390745
1742389849.414308
1742389849.458347
1742389849.485572
1742389849.524409
1742389849.547768
1742389849.593235
1742389849.618529
1742389849.657527
1742389849.681319
1742389849.726498
1742389849.752729
1742389849.792180
1742389849.814685
1742389849.857714
1742389849.885931
1742389849.924251
1742389849.947941
1742389849.993919
1742389850.019181
1742389850.058866
1742389850.081238
1742389850.127102
1742389850.152339
1742389850.191423
1742389850.214717
1742389850.260162
1742389850.285418
1742389850.325993
1742389850.348123
1742389850.393994
1742389850.419459
1742389850.458908
1742389850.481427
1742389850.527604
1742389850.552451
1742389850.593280
1742389850.614975
1742389850.657573
1742389850.688249
1742389850.725039
1742389850.748231
1742389850.790960
1742389850.823145
1742389850.857588
1742389850.881807
1742389850.924979
1742389850.954250
1742389850.992213
1742389851.026048
1742389851.048693
1742389851.092632
1742389851.121387
1742389851.157927
1742389851.190673
1742389851.215240
1742389851.259697
1742389851.287020
1742389851.327664
1742389851.348783
1742389851.391338
1742389851.421781
1742389851.457008
1742389851.483342
1742389851.524999
1742389851.554819
1742389851.591523
1742389851.615614
1742389851.657483
1742389851.689582
1742389851.722968
1742389851.751035
1742389851.788520
1742389851.824017
1742389851.857433
1742389851.882536
1742389851.925910
1742389851.955190
1742389851.990503
1742389852.015872
1742389852.059263
1742389852.086577
1742389852.127966
1742389852.149054
1742389852.194415
1742389852.220202
1742389852.259564
1742389852.282383
1742389852.324842
1742389852.354252
1742389852.392245
1742389852.416301
1742389852.458488
1742389852.488776
1742389852.524362
1742389852.551730
1742389852.590945
1742389852.622775
1742389852.657705
1742389852.685169
1742389852.723558
1742389852.755385
1742389852.790865
1742389852.819332
1742389852.858525
1742389852.889340
1742389852.925012
1742389852.951013
1742389852.991356
1742389853.026110
1742389853.056357
1742389853.084688
1742389853.125577
1742389853.155054
1742389853.193628
1742389853.216294
1742389853.258319
1742389853.292209
1742389853.323548
1742389853.350294
1742389853.391451
1742389853.425695
1742389853.455998
1742389853.483447
1742389853.527736
1742389853.554334
1742389853.592518
1742389853.616285
1742389853.657754
1742389853.691245
1742389853.726503
1742389853.749618
1742389853.791938
1742389853.822061
1742389853.858021
1742389853.883188
1742389853.927627
1742389853.953690
1742389853.994503
1742389854.016621
1742389854.059331
1742389854.090992
1742389854.126273
1742389854.149989
1742389854.194169
1742389854.220999
1742389854.258045
1742389854.283415
1742389854.327829
1742389854.354640
1742389854.393899
1742389854.416793
1742389854.460442
1742389854.488957
1742389854.524871
1742389854.551803
1742389854.591715
1742389854.624624
1742389854.658342
1742389854.684620
1742389854.725067
1742389854.756327
1742389854.791282
1742389854.819353
1742389854.859493
1742389854.888915
1742389854.928070
1742389854.950595
1742389854.990852
1742389855.025750
1742389855.058988
1742389855.084203
1742389855.126863
1742389855.155713
1742389855.194003
1742389855.217232
1742389855.256141
1742389855.291036
1742389855.324185
1742389855.351624
1742389855.391929
1742389855.422464
1742389855.459284
1742389855.484795
1742389855.525310
1742389855.556823
1742389855.590257
1742389855.619637
1742389855.660116
1742389855.689896
1742389855.721963
1742389855.755685
1742389855.791751
1742389855.825466
1742389855.859499
1742389855.884249
1742389855.923626
1742389855.957856
1742389855.992063
1742389856.017626
1742389856.057047
1742389856.090530
1742389856.123894
1742389856.151261
1742389856.192633
1742389856.224073
1742389856.259153
1742389856.284293
1742389856.326364
1742389856.356926
1742389856.392704
1742389856.417679
1742389856.458982
1742389856.492497
1742389856.527055
1742389856.551059
1742389856.591986
1742389856.626348
1742389856.657863
1742389856.685730
1742389856.725171
1742389856.759225
1742389856.794369
1742389856.817817
1742389856.858676
1742389856.894069
1742389856.923294
1742389856.953731
1742389856.996080
1742389857.023634
1742389857.058262
1742389857.085310
1742389857.125945
1742389857.160435
1742389857.190889
1742389857.218007
1742389857.261012
1742389857.289520
1742389857.326754
1742389857.351376
1742389857.392936
1742389857.422653
1742389857.460055
1742389857.485001
1742389857.525277
1742389857.560102
1742389857.595157
1742389857.618319
1742389857.660029
1742389857.690678
1742389857.728018
1742389857.751599
1742389857.793069
1742389857.824174
1742389857.859221
1742389857.885199
1742389857.926611
1742389857.957811
1742389857.993408
1742389858.018528
1742389858.059783
1742389858.091551
1742389858.125385
1742389858.152528
1742389858.193446
1742389858.225146
1742389858.260663
1742389858.285419
1742389858.326912
1742389858.358486
1742389858.397762
1742389858.418561
1742389858.458354
1742389858.494096
1742389858.523418
1742389858.555033
1742389858.595225
1742389858.625238
1742389858.662180
1742389858.685439
1742389858.727647
1742389858.758540
1742389858.794937
1742389858.818876
1742389858.860442
1742389858.893554
1742389858.929380
1742389858.952270
1742389858.997601
1742389859.021723
1742389859.060143
1742389859.085918
1742389859.128944
1742389859.157319
1742389859.197837
1742389859.219028
1742389859.263300
1742389859.290120
1742389859.331309
1742389859.358744
1742389859.385891
1742389859.429624
1742389859.458047
1742389859.497635
1742389859.522895
1742389859.557647
1742389859.595138
1742389859.625760
1742389859.662566
1742389859.686543
1742389859.728175
1742389859.758349
1742389859.797145
1742389859.819667
1742389859.862418
1742389859.892923
1742389859.929282
1742389859.955717
1742389859.993506
1742389860.025130
1742389860.062951
1742389860.086207
1742389860.130432
1742389860.156144
1742389860.197129
1742389860.219502
1742389860.262995
1742389860.290595
1742389860.331195
1742389860.352907
1742389860.397188
1742389860.422937
1742389860.463579
1742389860.486278
1742389860.532322
1742389860.555926
1742389860.594477
1742389860.619849
1742389860.663562
1742389860.691331
1742389860.731140
1742389860.753063
1742389860.798619
1742389860.823011
1742389860.863594
1742389860.886514
1742389860.929347
1742389860.957488
1742389860.998890
1742389861.019771
1742389861.062862
1742389861.091300
1742389861.128751
1742389861.153398
1742389861.198244
1742389861.222811
1742389861.261334
1742389861.286682
1742389861.332816
1742389861.355703
1742389861.399784
1742389861.419988
1742389861.465510
1742389861.489123
1742389861.530980
1742389861.553349
1742389861.599505
1742389861.622424
1742389861.663490
1742389861.686773
1742389861.725432
1742389861.762688
1742389861.791042
1742389861.820532
1742389861.862853
1742389861.891475
1742389861.931520
1742389861.953614
1742389862.000721
1742389862.022050
1742389862.065634
1742389862.087023
1742389862.133748
1742389862.155652
1742389862.199443
1742389862.220426
1742389862.264292
1742389862.290037
1742389862.328463
1742389862.353939
1742389862.397799
1742389862.423574
1742389862.464196
1742389862.487128
1742389862.531355
1742389862.556842
1742389862.594931
1742389862.620722
1742389862.666492
1742389862.688612
1742389862.734320
1742389862.754177
1742389862.798611
1742389862.823080
1742389862.861630
1742389862.887516
1742389862.933395
1742389862.956598
1742389862.998888
1742389863.020743
1742389863.066088
1742389863.087628
1742389863.132005
1742389863.154287
1742389863.196787
1742389863.224344
1742389863.264639
1742389863.287644
1742389863.334194
1742389863.356671
1742389863.399795
1742389863.421169
1742389863.464113
1742389863.490353
1742389863.532138
1742389863.554349
1742389863.600359
1742389863.623168
1742389863.661802
1742389863.687957
1742389863.734469
1742389863.756864
1742389863.799881
1742389863.821192
1742389863.866262
1742389863.890462
1742389863.932024
1742389863.954707
1742389864.002043
1742389864.022815
1742389864.067984
1742389864.088109
1742389864.132049
1742389864.157019
1742389864.199032
1742389864.221417
1742389864.265100
1742389864.290716
1742389864.333163
1742389864.354919
1742389864.401156
1742389864.422846
1742389864.468061
1742389864.488356
1742389864.531746
1742389864.557681
1742389864.600673
1742389864.621873
1742389864.667399
1742389864.690418
1742389864.734587
1742389864.755203
1742389864.802181
1742389864.823226
1742389864.868334
1742389864.888561
1742389864.934918
1742389864.957038
1742389865.002293
1742389865.022112
1742389865.067282
1742389865.090353
1742389865.129786
1742389865.155489
1742389865.202265
1742389865.223545
1742389865.268686
1742389865.288917
1742389865.335695
1742389865.356696
1742389865.400768
1742389865.422132
1742389865.467218
1742389865.490568
1742389865.535466
1742389865.555744
1742389865.601528
1742389865.623375
1742389865.668621
1742389865.689100
1742389865.736598
1742389865.756251
1742389865.803545
1742389865.822575
1742389865.867178
1742389865.890477
1742389865.935624
1742389865.956053
1742389866.003196
1742389866.023372
1742389866.066041
1742389866.089181
1742389866.136160
1742389866.156985
1742389866.202534
1742389866.222800
1742389866.269083
1742389866.290376
1742389866.333958
1742389866.356206
1742389866.403505
1742389866.423578
1742389866.467661
1742389866.489576
1742389866.536113
1742389866.557225
1742389866.602452
1742389866.623008
1742389866.668915
1742389866.690636
1742389866.736234
1742389866.756343
1742389866.803741
1742389866.823628
1742389866.867733
1742389866.889766
1742389866.936021
1742389866.957107
1742389867.002121
1742389867.023292
1742389867.068796
1742389867.090618
1742389867.128544
1742389867.157279
1742389867.190427
1742389867.234732
1742389867.258393
1742389867.294002
1742389867.330812
1742389867.364520
1742389867.394473
1742389867.424428
1742389867.466365
1742389867.491365
1742389867.534394
1742389867.556662
1742389867.601967
1742389867.624482
1742389867.668062
1742389867.700228
1742389867.723214
1742389867.758065
1742389867.790401
1742389867.823330
1742389867.859901
1742389867.894143
1742389867.930744
1742389867.965168
1742389867.995229
1742389868.025921
1742389868.064626
1742389868.098962
1742389868.125566
1742389868.158431
1742389868.202561
1742389868.224634
1742389868.270176
1742389868.290341
1742389868.337708
1742389868.357457
1742389868.404612
1742389868.423857
1742389868.469192
1742389868.491214
1742389868.535970
1742389868.557184
1742389868.604529
1742389868.624122
1742389868.670025
1742389868.690553
1742389868.737721
1742389868.757363
1742389868.801032
1742389868.823934
1742389868.869932
1742389868.891349
1742389868.932481
1742389868.957416
1742389869.000973
1742389869.025692
1742389869.066287
1742389869.090660
1742389869.131249
1742389869.165452
1742389869.199807
1742389869.224132
1742389869.267169
1742389869.291443
1742389869.328575
1742389869.357683
1742389869.404576
1742389869.424410
1742389869.469781
1742389869.491031
1742389869.538155
1742389869.557965
1742389869.605121
1742389869.624428
1742389869.670102
1742389869.691841
1742389869.738649
1742389869.757828
1742389869.801576
1742389869.824725
1742389869.870134
1742389869.891224
1742389869.937784
1742389869.958249
1742389870.004812
1742389870.024627
1742389870.070665
1742389870.091720
1742389870.133900
1742389870.157966
1742389870.195114
1742389870.232298
1742389870.263294
1742389870.291612
1742389870.335137
1742389870.358552
1742389870.406058
1742389870.424886
1742389870.470815
1742389870.491894
1742389870.536919
1742389870.558279
1742389870.597173
1742389870.636157
1742389870.659124
1742389870.698297
1742389870.725607
1742389870.772131
1742389870.792257
1742389870.834056
1742389870.858928
1742389870.903294
1742389870.925859
1742389870.965235
1742389870.992236
1742389871.038735
1742389871.059067
1742389871.100130
1742389871.125598
1742389871.171963
1742389871.192365
1742389871.230982
1742389871.265306
1742389871.300698
1742389871.333876
1742389871.358412
1742389871.402047
1742389871.425707
1742389871.470181
1742389871.492021
1742389871.534605
1742389871.562087
1742389871.606030
1742389871.625497
1742389871.670815
1742389871.692740
1742389871.737766
1742389871.758821
1742389871.805476
1742389871.826268
1742389871.870133
1742389871.892254
1742389871.936674
1742389871.959440
1742389872.005531
1742389872.025604
1742389872.071136
1742389872.092802
1742389872.138494
1742389872.159166
1742389872.204492
1742389872.226879
1742389872.270198
1742389872.292370
1742389872.335574
1742389872.360772
1742389872.406174
1742389872.425856
1742389872.469282
1742389872.493745
1742389872.537679
1742389872.559188
1742389872.606244
1742389872.626840
1742389872.671988
1742389872.692702
1742389872.737384
1742389872.760283
1742389872.803782
1742389872.825888
1742389872.868206
1742389872.894264
1742389872.937286
1742389872.959410
1742389873.006998
1742389873.027256
1742389873.069910
1742389873.092734
1742389873.136421
1742389873.163384
1742389873.206522
1742389873.226307
1742389873.269883
1742389873.297319
1742389873.339732
1742389873.359644
1742389873.406287
1742389873.428469
1742389873.470168
1742389873.492978
1742389873.537014
1742389873.561399
1742389873.607702
1742389873.626497
1742389873.672229
1742389873.695261
1742389873.738437
1742389873.759780
1742389873.803907
1742389873.830837
1742389873.872199
1742389873.893333
1742389873.934888
1742389873.962613
1742389874.003948
1742389874.026623
1742389874.071457
1742389874.095126
1742389874.138251
1742389874.159993
1742389874.203964
1742389874.229948
1742389874.271166
1742389874.293367
1742389874.336360
1742389874.363003
1742389874.401944
1742389874.426702
1742389874.472178
1742389874.494938
1742389874.541184
1742389874.560082
1742389874.604139
1742389874.631417
1742389874.671487
1742389874.693572
1742389874.741721
1742389874.762142
1742389874.805454
1742389874.826877
1742389874.869827
1742389874.898304
1742389874.939813
1742389874.960309
1742389875.007159
1742389875.029792
1742389875.072721
1742389875.093566
1742389875.139927
1742389875.162867
1742389875.205365
1742389875.227114
1742389875.272395
1742389875.295147
1742389875.338519
1742389875.360449
1742389875.406814
1742389875.429886
1742389875.470690
1742389875.493689
1742389875.538800
1742389875.563169
1742389875.606877
1742389875.627213
1742389875.669941
1742389875.698330
1742389875.740050
1742389875.760621
1742389875.806775
1742389875.829971
1742389875.871214
1742389875.894077
1742389875.940217
1742389875.963670
1742389876.007632
1742389876.036041
1742389876.060954
1742389876.107803
1742389876.130454
1742389876.173833
1742389876.198139
1742389876.230727
1742389876.271363
1742389876.298583
1742389876.340531
1742389876.361052
1742389876.404303
1742389876.432672
1742389876.470223
1742389876.494682
1742389876.537965
1742389876.564674
1742389876.607244
1742389876.627920
1742389876.673195
1742389876.698059
1742389876.741666
1742389876.761322
1742389876.805274
1742389876.831417
1742389876.872708
1742389876.894633
1742389876.941083
1742389876.965185
1742389877.007406
1742389877.028048
1742389877.071085
1742389877.099185
1742389877.140746
1742389877.161486
1742389877.205221
1742389877.233601
1742389877.270942
1742389877.294766
1742389877.338577
1742389877.364428
1742389877.406908
1742389877.428221
1742389877.471820
1742389877.498632
1742389877.539713
1742389877.561542
1742389877.605029
1742389877.631591
1742389877.672212
1742389877.695159
1742389877.739546
1742389877.765545
1742389877.807424
1742389877.828373
1742389877.871553
1742389877.900856
1742389877.941149
1742389877.961979
1742389878.005116
1742389878.033585
1742389878.073110
1742389878.095261
1742389878.141736
1742389878.165262
1742389878.207318
1742389878.228655
1742389878.274035
1742389878.299429
1742389878.341230
1742389878.362051
1742389878.406601
1742389878.432969
1742389878.473509
1742389878.495413
1742389878.539151
1742389878.567360
1742389878.608330
1742389878.628770
1742389878.675013
1742389878.699928
1742389878.737948
1742389878.762412
1742389878.809256
1742389878.832577
1742389878.873044
1742389878.895543
1742389878.939184
1742389878.967780
1742389879.005618
1742389879.029011
1742389879.075281
1742389879.099572
1742389879.141226
1742389879.162481
1742389879.209440
1742389879.233037
1742389879.273569
1742389879.295767
1742389879.339684
1742389879.368775
1742389879.405903
1742389879.429124
1742389879.473971
1742389879.499663
1742389879.541361
1742389879.562607
1742389879.607683
1742389879.633839
1742389879.673587
1742389879.696009
1742389879.743079
1742389879.765671
1742389879.807130
1742389879.829499
1742389879.873142
1742389879.901361
1742389879.938453
1742389879.962707
1742389880.007939
1742389880.033222
1742389880.071113
1742389880.096289
1742389880.143370
1742389880.166661
1742389880.209023
1742389880.229603
1742389880.273524
1742389880.301580
1742389880.339267
1742389880.362870
1742389880.408822
1742389880.434165
1742389880.472004
1742389880.496370
1742389880.542144
1742389880.567707
1742389880.608384
1742389880.629753
1742389880.675443
1742389880.700940
1742389880.738752
1742389880.763231
1742389880.809603
1742389880.834067
1742389880.871457
1742389880.896713
1742389880.943043
1742389880.967202
1742389881.004482
1742389881.030239
1742389881.074589
1742389881.100648
1742389881.138444
1742389881.163284
1742389881.210325
1742389881.233427
1742389881.273150
1742389881.296798
1742389881.339285
1742389881.368564
1742389881.407478
1742389881.430048
1742389881.475023
1742389881.500724
1742389881.538891
1742389881.563703
1742389881.608176
1742389881.634840
1742389881.674896
1742389881.696908
1742389881.741619
1742389881.768057
1742389881.807136
1742389881.830291
1742389881.874168
1742389881.900753
1742389881.939263
1742389881.963851
1742389882.007801
1742389882.032826
1742389882.073668
1742389882.097374
1742389882.143123
1742389882.166149
1742389882.207344
1742389882.230906
1742389882.276120
1742389882.301966
1742389882.342594
1742389882.364039
1742389882.410777
1742389882.434761
1742389882.473813
1742389882.497337
1742389882.542985
1742389882.568210
1742389882.608451
1742389882.630713
1742389882.675595
1742389882.702130
1742389882.741412
1742389882.764115
1742389882.810589
1742389882.834810
1742389882.874813
1742389882.897563
1742389882.941866
1742389882.968880
1742389883.009207
1742389883.030956
1742389883.071398
1742389883.107538
1742389883.135686
1742389883.164862
1742389883.207223
1742389883.236252
1742389883.274768
1742389883.297646
1742389883.340867
1742389883.370144
1742389883.407966
1742389883.431086
1742389883.473093
1742389883.503810
1742389883.539425
1742389883.564452
1742389883.608808
1742389883.635521
1742389883.674897
1742389883.697929
1742389883.740021
1742389883.771784
1742389883.807662
1742389883.831294
1742389883.874485
1742389883.903963
1742389883.941422
1742389883.964930
1742389884.007874
1742389884.037161
1742389884.074149
1742389884.098363
1742389884.143194
1742389884.169603
1742389884.209654
1742389884.231671
1742389884.275527
1742389884.302457
1742389884.342460
1742389884.372962
1742389884.398464
1742389884.440704
1742389884.471128
1742389884.505596
1742389884.537915
1742389884.565380
1742389884.607445
1742389884.638460
1742389884.674159
1742389884.698481
1742389884.741204
1742389884.770868
1742389884.809788
1742389884.831892
1742389884.874259
1742389884.905626
1742389884.938441
1742389884.966765
1742389885.006751
1742389885.039009
1742389885.072610
1742389885.099550
1742389885.142281
1742389885.171188
1742389885.207103
1742389885.233534
1742389885.271654
1742389885.307770
1742389885.340503
1742389885.368780
1742389885.409589
1742389885.436266
1742389885.476945
1742389885.499010
1742389885.542648
1742389885.571881
1742389885.607770
1742389885.632379
1742389885.674030
1742389885.704500
1742389885.741829
1742389885.765590
1742389885.807646
1742389885.837455
1742389885.876826
1742389885.899095
1742389885.940550
1742389885.973914
1742389886.005896
1742389886.032261
1742389886.074951
1742389886.104922
1742389886.142005
1742389886.165739
1742389886.209903
1742389886.236799
1742389886.274577
1742389886.299600
1742389886.341849
1742389886.372859
1742389886.405285
1742389886.434959
1742389886.474757
1742389886.504393
1742389886.542378
1742389886.566122
1742389886.610455
1742389886.637461
1742389886.677046
1742389886.699422
1742389886.742056
1742389886.770705
1742389886.809757
1742389886.832726
1742389886.875133
1742389886.906424
1742389886.938882
1742389886.966944
1742389887.006066
1742389887.040562
1742389887.073927
1742389887.100228
1742389887.139794
1742389887.174785
1742389887.206755
1742389887.233048
1742389887.271610
1742389887.310085
1742389887.338406
1742389887.366390
1742389887.407973
1742389887.440980
1742389887.475392
1742389887.499631
1742389887.543614
1742389887.570298
1742389887.607831
1742389887.633326
1742389887.672693
1742389887.705934
1742389887.741674
1742389887.767231
1742389887.807751
1742389887.840966
1742389887.876556
1742389887.900054
1742389887.941407
1742389887.974163
1742389888.008855
1742389888.033450
1742389888.073107
1742389888.105475
1742389888.143878
1742389888.166828
1742389888.206815
1742389888.242334
1742389888.271887
1742389888.300125
1742389888.343643
1742389888.371627
1742389888.411224
1742389888.433523
1742389888.472846
1742389888.508566
1742389888.542093
1742389888.566859
1742389888.608252
1742389888.639358
1742389888.671665
1742389888.701661
1742389888.743865
1742389888.772032
1742389888.807464
1742389888.834197
1742389888.875181
1742389888.907475
1742389888.939722
1742389888.966803
1742389889.003021
1742389889.039552
1742389889.075318
1742389889.100648
1742389889.141649
1742389889.174952
1742389889.209825
1742389889.233903
1742389889.275609
1742389889.307233
1742389889.342516
1742389889.367237
1742389889.408767
1742389889.440097
1742389889.474965
1742389889.500616
1742389889.542327
1742389889.572167
1742389889.611698
1742389889.633955
1742389889.675363
1742389889.707074
1742389889.741824
1742389889.767414
1742389889.808087
1742389889.840364
1742389889.875263
1742389889.900722
1742389889.941347
1742389889.975694
1742389890.004226
1742389890.034413
1742389890.076081
1742389890.105663
1742389890.142813
1742389890.167514
1742389890.209211
1742389890.240525
1742389890.276555
1742389890.301098
1742389890.342502
1742389890.372590
1742389890.412420
1742389890.434501
1742389890.471472
1742389890.512350
1742389890.539253
1742389890.567828
1742389890.609936
1742389890.640335
1742389890.675767
1742389890.701298
1742389890.742327
1742389890.774477
1742389890.811604
1742389890.834742
1742389890.878371
1742389890.907637
1742389890.943826
1742389890.968069
1742389891.010014
1742389891.039995
1742389891.078758
1742389891.101499
1742389891.147053
1742389891.171784
1742389891.210468
1742389891.235033
1742389891.276419
1742389891.307867
1742389891.344345
1742389891.368347
1742389891.410048
1742389891.440587
1742389891.477320
1742389891.501671
1742389891.543648
1742389891.573676
1742389891.613660
1742389891.635022
1742389891.677645
1742389891.707251
1742389891.745865
1742389891.768445
1742389891.809951
1742389891.842527
1742389891.875450
1742389891.902313
1742389891.943676
1742389891.975229
1742389892.012256
1742389892.035414
1742389892.079019
1742389892.108703
1742389892.145227
1742389892.168713
1742389892.214981
1742389892.238256
1742389892.279103
1742389892.302156
1742389892.345735
1742389892.373287
1742389892.414015
1742389892.435436
1742389892.480465
1742389892.505662
1742389892.543503
1742389892.569501
1742389892.611981
1742389892.641333
1742389892.680272
1742389892.710591
1742389892.735972
1742389892.781769
1742389892.805646
1742389892.846761
1742389892.872588
1742389892.907269
1742389892.942153
1742389892.979919
1742389893.005884
1742389893.040844
1742389893.078927
1742389893.107979
1742389893.148315
1742389893.169292
1742389893.213612
1742389893.239487
1742389893.280606
1742389893.302793
1742389893.349955
1742389893.372203
1742389893.411895
1742389893.437520
1742389893.479961
1742389893.505971
1742389893.542606
1742389893.570958
1742389893.614548
1742389893.638925
1742389893.681197
1742389893.702759
1742389893.748054
1742389893.772521
1742389893.811118
1742389893.839374
1742389893.880228
1742389893.906279
1742389893.948178
1742389893.969831
1742389894.013713
1742389894.039576
1742389894.081305
1742389894.103104
1742389894.146923
1742389894.173514
1742389894.213675
1742389894.236550
1742389894.280185
1742389894.306673
1742389894.348234
1742389894.369867
1742389894.412684
1742389894.439592
1742389894.481367
1742389894.503334
1742389894.545847
1742389894.574654
1742389894.615861
1742389894.636801
1742389894.682558
1742389894.705872
1742389894.747630
1742389894.770064
1742389894.813626
1742389894.840422
1742389894.877937
1742389894.904712
1742389894.948904
1742389894.972655
1742389895.015804
1742389895.036885
1742389895.081409
1742389895.106672
1742389895.150356
1742389895.170364
1742389895.215437
1742389895.239538
1742389895.281457
1742389895.303640
1742389895.350791
1742389895.372945
1742389895.411934
1742389895.437404
1742389895.481646
1742389895.506819
1742389895.549213
1742389895.570423
1742389895.615379
1742389895.639797
1742389895.682189
1742389895.704636
1742389895.751807
1742389895.772333
1742389895.814130
1742389895.837187
1742389895.882760
1742389895.905915
1742389895.946135
1742389895.970673
1742389896.015563
1742389896.039196
1742389896.082559
1742389896.104026
1742389896.148880
1742389896.172803
1742389896.211575
1742389896.237821
1742389896.283864
1742389896.306060
1742389896.351236
1742389896.370934
1742389896.417700
1742389896.439430
1742389896.481808
1742389896.504377
1742389896.550983
1742389896.573266
1742389896.617004
1742389896.637703
1742389896.683813
1742389896.706446
1742389896.745568
1742389896.770944
1742389896.816559
1742389896.839702
1742389896.882736
1742389896.904539
1742389896.951082
1742389896.973017
1742389897.017210
1742389897.037842
1742389897.082314
1742389897.106657
1742389897.145947
1742389897.172086
1742389897.217265
1742389897.239979
1742389897.283455
1742389897.304766
1742389897.352094
1742389897.372931
1742389897.412991
1742389897.438530
1742389897.484387
1742389897.506505
1742389897.552664
1742389897.571571
1742389897.618458
1742389897.639760
1742389897.683371
1742389897.704921
1742389897.751778
1742389897.772836
1742389897.819147
1742389897.838223
1742389897.884392
1742389897.906152
1742389897.952121
1742389897.971851
1742389898.019150
1742389898.039545
1742389898.084573
1742389898.105170
1742389898.151937
1742389898.173037
1742389898.218910
1742389898.238640
1742389898.284745
1742389898.306722
1742389898.352222
1742389898.372223
1742389898.419735
1742389898.439689
1742389898.484458
1742389898.505338
1742389898.552382
1742389898.573054
1742389898.618981
1742389898.638842
1742389898.684541
1742389898.706461
1742389898.750775
1742389898.772183
1742389898.819236
1742389898.839750
1742389898.884775
1742389898.905692
1742389898.952572
1742389898.972970
1742389899.019114
1742389899.039053
1742389899.085276
1742389899.106921
1742389899.152801
1742389899.172567
1742389899.217893
1742389899.240373
1742389899.282840
1742389899.305863
1742389899.352414
1742389899.373522
1742389899.417323
1742389899.439187
1742389899.485275
1742389899.506886
1742389899.553054
1742389899.572989
1742389899.611391
1742389899.652104
1742389899.673447
1742389899.710358
1742389899.744451
1742389899.785280
1742389899.806993
1742389899.842498
1742389899.880096
1742389899.907676
1742389899.954370
1742389899.972774
1742389900.019620
1742389900.039869
1742389900.085125
1742389900.106112
1742389900.139977
1742389900.176883
1742389900.213050
1742389900.239542
1742389900.282976
1742389900.307273
1742389900.353577
1742389900.372948
1742389900.418981
1742389900.440282
1742389900.483517
1742389900.506230
1742389900.549743
1742389900.574174
1742389900.616970
1742389900.639768
1742389900.685869
1742389900.707314
1742389900.753829
1742389900.773189
1742389900.819958
1742389900.840355
1742389900.886620
1742389900.906630
1742389900.950472
1742389900.973976
1742389901.020529
1742389901.041013
1742389901.074815
1742389901.120690
1742389901.140474
1742389901.186265
1742389901.207415
1742389901.244340
1742389901.282696
1742389901.307773
1742389901.353506
1742389901.373517
1742389901.417258
1742389901.440670
1742389901.478781
1742389901.508489
1742389901.548464
1742389901.574353
1742389901.617619
1742389901.640286
1742389901.686130
1742389901.707576
1742389901.753609
1742389901.773607
1742389901.816637
1742389901.841439
1742389901.886989
1742389901.907025
1742389901.953497
1742389901.974310
1742389902.021272
1742389902.040444
1742389902.086847
1742389902.107490
1742389902.154319
1742389902.174076
1742389902.221293
1742389902.240789
1742389902.283996
1742389902.307261
1742389902.350542
1742389902.375190
1742389902.421401
1742389902.440730
1742389902.486559
1742389902.507816
1742389902.554327
1742389902.574097
1742389902.621149
1742389902.640970
1742389902.684113
1742389902.707457
1742389902.750662
1742389902.774558
1742389902.821853
1742389902.840899
1742389902.884154
1742389902.908028
1742389902.952734
1742389902.974235
1742389903.020807
1742389903.041252
1742389903.087647
1742389903.107791
1742389903.151902
1742389903.174862
1742389903.221820
1742389903.241165
1742389903.284435
1742389903.308951
1742389903.352178
1742389903.374453
1742389903.421335
1742389903.441585
1742389903.487659
1742389903.507874
1742389903.555152
1742389903.574756
1742389903.621767
1742389903.641372
1742389903.683918
1742389903.708788
1742389903.754769
1742389903.774821
1742389903.820375
1742389903.841635
1742389903.887815
1742389903.908167
1742389903.953521
1742389903.975190
1742389904.021905
1742389904.041461
1742389904.087524
1742389904.108516
1742389904.154571
1742389904.174857
1742389904.222136
1742389904.242350
1742389904.288091
1742389904.308216
1742389904.355152
1742389904.375687
1742389904.422026
1742389904.441852
1742389904.487357
1742389904.508806
1742389904.555792
1742389904.575193
1742389904.620038
1742389904.642612
1742389904.686484
1742389904.708353
1742389904.753003
1742389904.775694
1742389904.821639
1742389904.841801
1742389904.884522
1742389904.911838
1742389904.953491
1742389904.975205
1742389905.020301
1742389905.042912
1742389905.087316
1742389905.108605
1742389905.155076
1742389905.176382
1742389905.222049
1742389905.242119
1742389905.284076
1742389905.311750
1742389905.353643
1742389905.375446
1742389905.423106
1742389905.443250
1742389905.487703
1742389905.508848
1742389905.556132
1742389905.576197
1742389905.620618
1742389905.642197
1742389905.686382
1742389905.710762
1742389905.754113
1742389905.775609
1742389905.821684
1742389905.843227
1742389905.888809
1742389905.909039
1742389905.952252
1742389905.977919
1742389906.020862
1742389906.042325
1742389906.088606
1742389906.110579
1742389906.154112
1742389906.175928
1742389906.219869
1742389906.246287
1742389906.288233
1742389906.309275
1742389906.355692
1742389906.378362
1742389906.420101
1742389906.442628
1742389906.488286
1742389906.510617
1742389906.557294
1742389906.576023
1742389906.623435
1742389906.644261
1742389906.688999
1742389906.709353
1742389906.752544
1742389906.779485
1742389906.821407
1742389906.842791
1742389906.888593
1742389906.911575
1742389906.953473
1742389906.976063
1742389907.023473
1742389907.045361
1742389907.087448
1742389907.109636
1742389907.153362
1742389907.180467
1742389907.223477
1742389907.243164
1742389907.288367
1742389907.311847
1742389907.353376
1742389907.376432
1742389907.422927
1742389907.445471
1742389907.484620
1742389907.510264
1742389907.557446
1742389907.577815
1742389907.621520
1742389907.643140
1742389907.687574
1742389907.712835
1742389907.754538
1742389907.776593
1742389907.819925
1742389907.847605
1742389907.889339
1742389907.909893
1742389907.954960
1742389907.978918
1742389908.021307
1742389908.043287
1742389908.089160
1742389908.112410
1742389908.154893
1742389908.176704
1742389908.220859
1742389908.246276
1742389908.289611
1742389908.310308
1742389908.356732
1742389908.379743
1742389908.423486
1742389908.443610
1742389908.489279
1742389908.512998
1742389908.555751
1742389908.576922
1742389908.620417
1742389908.647121
1742389908.689995
1742389908.710439
1742389908.756873
1742389908.779780
1742389908.821590
1742389908.843698
1742389908.886755
1742389908.915787
1742389908.956001
1742389908.977156
1742389909.020279
1742389909.049356
1742389909.090537
1742389909.110570
1742389909.154630
1742389909.182506
1742389909.223804
1742389909.244136
1742389909.290141
1742389909.313979
1742389909.356811
1742389909.386069
1742389909.410830
1742389909.456027
1742389909.481049
1742389909.523339
1742389909.547940
1742389909.579857
1742389909.621257
1742389909.649979
1742389909.687434
1742389909.710810
1742389909.753230
1742389909.783505
1742389909.822665
1742389909.844376
1742389909.889515
1742389909.914666
1742389909.956240
1742389909.977824
1742389910.023113
1742389910.047472
1742389910.090563
1742389910.111128
1742389910.154729
1742389910.182673
1742389910.224016
1742389910.244532
1742389910.288220
1742389910.315713
1742389910.357205
1742389910.378013
1742389910.422690
1742389910.449334
1742389910.490622
1742389910.511408
1742389910.558117
1742389910.580564
1742389910.623181
1742389910.644765
1742389910.685607
1742389910.720410
1742389910.749652
1742389910.780069
1742389910.822752
1742389910.849307
1742389910.890562
1742389910.911499
1742389910.958467
1742389910.982126
1742389911.023705
1742389911.044952
1742389911.091532
1742389911.114097
1742389911.156048
1742389911.178224
1742389911.221344
1742389911.251021
1742389911.290822
1742389911.311673
1742389911.356150
1742389911.382436
1742389911.424279
1742389911.445087
1742389911.491719
1742389911.515641
1742389911.557484
1742389911.578418
1742389911.620508
1742389911.650342
1742389911.688635
1742389911.712063
1742389911.756712
1742389911.782862
1742389911.823120
1742389911.845301
1742389911.892467
1742389911.914001
1742389911.955986
1742389911.978653
1742389912.023061
1742389912.049198
1742389912.090659
1742389912.112165
1742389912.159525
1742389912.181502
1742389912.222218
1742389912.245533
1742389912.287830
1742389912.320958
1742389912.351780
1742389912.380295
1742389912.423779
1742389912.449692
1742389912.487502
1742389912.512295
1742389912.559771
1742389912.581074
1742389912.623175
1742389912.645723
1742389912.691982
1742389912.716367
1742389912.754039
1742389912.778903
1742389912.824278
1742389912.849089
1742389912.891415
1742389912.912402
1742389912.957422
1742389912.983483
1742389913.023525
1742389913.045846
1742389913.092573
1742389913.116854
1742389913.156821
1742389913.179298
1742389913.225674
1742389913.250462
1742389913.291798
1742389913.312696
1742389913.360463
1742389913.382497
1742389913.424299
1742389913.446070
1742389913.489999
1742389913.518387
1742389913.555241
1742389913.579375
1742389913.626433
1742389913.650093
1742389913.690583
1742389913.712906
1742389913.755640
1742389913.784860
1742389913.824707
1742389913.846280
1742389913.891409
1742389913.917011
1742389913.955456
1742389913.979656
1742389914.024647
1742389914.050357
1742389914.089814
1742389914.113008
1742389914.157034
1742389914.184121
1742389914.223264
1742389914.246531
1742389914.288627
1742389914.319652
1742389914.355624
1742389914.379997
1742389914.426359
1742389914.450141
1742389914.491920
1742389914.513337
1742389914.558878
1742389914.584127
1742389914.621932
1742389914.646611
1742389914.691940
1742389914.718010
1742389914.756953
1742389914.780001
1742389914.825746
1742389914.851846
1742389914.891819
1742389914.913471
1742389914.959272
1742389914.984276
1742389915.023803
1742389915.046818
1742389915.092749
1742389915.118294
1742389915.158380
1742389915.180159
1742389915.226743
1742389915.251431
1742389915.292018
1742389915.313744
1742389915.356929
1742389915.386527
1742389915.425121
1742389915.447191
1742389915.490284
1742389915.520268
1742389915.556186
1742389915.581091
1742389915.623650
1742389915.653393
1742389915.689959
1742389915.714077
1742389915.756948
1742389915.785900
1742389915.825576
1742389915.847166
1742389915.892146
1742389915.918024
1742389915.957991
1742389915.980732
1742389916.023473
1742389916.053164
1742389916.088952
1742389916.113853
1742389916.156895
1742389916.185459
1742389916.225630
1742389916.247311
1742389916.291132
1742389916.318862
1742389916.359243
1742389916.380829
1742389916.423294
1742389916.453332
1742389916.489104
1742389916.514157
1742389916.558007
1742389916.587168
1742389916.623182
1742389916.647625
1742389916.689979
1742389916.720462
1742389916.756931
1742389916.780944
1742389916.827027
1742389916.852002
1742389916.892313
1742389916.914409
1742389916.956802
1742389916.986480
1742389917.025199
1742389917.047689
1742389917.091024
1742389917.120261
1742389917.155867
1742389917.181119
1742389917.223318
1742389917.252970
1742389917.289062
1742389917.314981
1742389917.356737
1742389917.386786
1742389917.423522
1742389917.448424
1742389917.490480
1742389917.520848
1742389917.556998
1742389917.581871
1742389917.624117
1742389917.654469
1742389917.690364
1742389917.723649
1742389917.748295
1742389917.790752
1742389917.820998
1742389917.857833
1742389917.890595
1742389917.915063
1742389917.955522
1742389917.988811
1742389918.023686
1742389918.048214
1742389918.093312
1742389918.118996
1742389918.159816
1742389918.181666
1742389918.224146
1742389918.254400
1742389918.290999
1742389918.315198
1742389918.356764
1742389918.390255
1742389918.421413
1742389918.448547
1742389918.491973
1742389918.520109
1742389918.557489
1742389918.581805
1742389918.624028
1742389918.653801
1742389918.692213
1742389918.715261
1742389918.759093
1742389918.787512
1742389918.824397
1742389918.848837
1742389918.893440
1742389918.920530
1742389918.958316
1742389918.982074
1742389919.024457
1742389919.054853
1742389919.090475
1742389919.115392
1742389919.157674
1742389919.188824
1742389919.224702
1742389919.248885
1742389919.293646
1742389919.320345
1742389919.360106
1742389919.382312
1742389919.427024
1742389919.453554
1742389919.491789
1742389919.515617
1742389919.553548
1742389919.592853
1742389919.621779
1742389919.650028
1742389919.690780
1742389919.723379
1742389919.755398
1742389919.783271
1742389919.821849
1742389919.853898
1742389919.893349
1742389919.915855
1742389919.957056
1742389919.990981
1742389920.022181
1742389920.049707
1742389920.092862
1742389920.121164
1742389920.157010
1742389920.182620
1742389920.222618
1742389920.255281
1742389920.291535
1742389920.316004
1742389920.355085
1742389920.390401
1742389920.425626
1742389920.449449
1742389920.488782
1742389920.523476
1742389920.557038
1742389920.582834
1742389920.621505
1742389920.656943
1742389920.690629
1742389920.716213
1742389920.756195
1742389920.790212
1742389920.823774
1742389920.849485
1742389920.889364
1742389920.925016
1742389920.954948
1742389920.982921
1742389921.022065
1742389921.060465
1742389921.088057
1742389921.116236
1742389921.156862
1742389921.190825
1742389921.222797
1742389921.249631
1742389921.289758
1742389921.324933
1742389921.358826
1742389921.383005
1742389921.423362
1742389921.458489
1742389921.490494
1742389921.517326
1742389921.558720
1742389921.590522
1742389921.625787
1742389921.650028
1742389921.691607
1742389921.722326
1742389921.758861
1742389921.783512
1742389921.824583
1742389921.858203
1742389921.892707
1742389921.916852
1742389921.958662
1742389921.989099
1742389922.023733
1742389922.051428
1742389922.093835
1742389922.123029
1742389922.158039
1742389922.184356
1742389922.225499
1742389922.256261
1742389922.292562
1742389922.317317
1742389922.358352
1742389922.391300
1742389922.427531
1742389922.450676
1742389922.491482
1742389922.526294
1742389922.557202
1742389922.584680
1742389922.626057
1742389922.655262
1742389922.695750
1742389922.717199
1742389922.758041
1742389922.793432
1742389922.820747
1742389922.855348
1742389922.895123
1742389922.922369
1742389922.960130
1742389922.984230
1742389923.028225
1742389923.057036
1742389923.092431
1742389923.119628
1742389923.160986
1742389923.190316
1742389923.226020
1742389923.253282
1742389923.294775
1742389923.323417
1742389923.359797
1742389923.386522
1742389923.426968
1742389923.458112
1742389923.494811
1742389923.518268
1742389923.560029
1742389923.590081
1742389923.627933
1742389923.652799
1742389923.694096
1742389923.723316
1742389923.758078
1742389923.786503
1742389923.828026
1742389923.857725
1742389923.894331
1742389923.917886
1742389923.959794
1742389923.989259
1742389924.028845
1742389924.051172
1742389924.093286
1742389924.123235
1742389924.163054
1742389924.184567
1742389924.226993
1742389924.257797
1742389924.294174
1742389924.318172
1742389924.359918
1742389924.394231
1742389924.423459
1742389924.452717
1742389924.491657
1742389924.528798
1742389924.556972
1742389924.589304
1742389924.625238
1742389924.656736
1742389924.697831
1742389924.718246
1742389924.761381
1742389924.789144
1742389924.829872
1742389924.851510
1742389924.894719
1742389924.924923
1742389924.958109
1742389924.989255
1742389925.029182
1742389925.054900
1742389925.096820
1742389925.118492
1742389925.164149
1742389925.188499
1742389925.229531
1742389925.251721
1742389925.295556
1742389925.323440
1742389925.362051
1742389925.385151
1742389925.429530
1742389925.455619
1742389925.493808
1742389925.519075
1742389925.561451
1742389925.592333
1742389925.627383
1742389925.652329
1742389925.698480
1742389925.721644
1742389925.758761
1742389925.786279
1742389925.827449
1742389925.858705
1742389925.897095
1742389925.918739
1742389925.962008
1742389925.990671
1742389926.030425
1742389926.056626
1742389926.085649
1742389926.129960
1742389926.155372
1742389926.195935
1742389926.223038
1742389926.255210
1742389926.297314
1742389926.322004
1742389926.363348
1742389926.385726
1742389926.428150
1742389926.457111
1742389926.497915
1742389926.519179
1742389926.564427
1742389926.588903
1742389926.630554
1742389926.652550
1742389926.695769
1742389926.724411
1742389926.763414
1742389926.785819
1742389926.829190
1742389926.855771
1742389926.893516
1742389926.919486
1742389926.962752
1742389926.989108
1742389927.030721
1742389927.052556
1742389927.095169
1742389927.125210
1742389927.163904
1742389927.186087
1742389927.222440
1742389927.255100
1742389927.294043
1742389927.319811
1742389927.362990
1742389927.389283
1742389927.431090
1742389927.452930
1742389927.499077
1742389927.522249
1742389927.560734
1742389927.588506
1742389927.627169
1742389927.662470
1742389927.689386
1742389927.722497
1742389927.763713
1742389927.789890
1742389927.831482
1742389927.853107
1742389927.900472
1742389927.921278
1742389927.967219
1742389927.986661
1742389928.030580
1742389928.055853
1742389928.094599
1742389928.119856
1742389928.163524
1742389928.189684
1742389928.228451
1742389928.253372
1742389928.300289
1742389928.322279
1742389928.364485
1742389928.386529
1742389928.432917
1742389928.455896
1742389928.497511
1742389928.520201
1742389928.565943
1742389928.589079
1742389928.632301
1742389928.653539
1742389928.697185
1742389928.722761
1742389928.761765
1742389928.786860
1742389928.832781
1742389928.855790
1742389928.895086
1742389928.920287
1742389928.965239
1742389928.989188
1742389929.030978
1742389929.053640
1742389929.096851
1742389929.123270
1742389929.162534
1742389929.187085
1742389929.233813
1742389929.255529
1742389929.296351
1742389929.320552
1742389929.367072
1742389929.389088
1742389929.431394
1742389929.454101
1742389929.500618
1742389929.522532
1742389929.561268
1742389929.589352
1742389929.630875
1742389929.656527
1742389929.699849
1742389929.720922
1742389929.767055
1742389929.789356
1742389929.832408
1742389929.854183
1742389929.900834
1742389929.922671
1742389929.967461
1742389929.987735
1742389930.034266
1742389930.055565
1742389930.100206
1742389930.121001
1742389930.157776
1742389930.191030
1742389930.225325
1742389930.257524
1742389930.298481
1742389930.322827
1742389930.368286
1742389930.387809
1742389930.435042
1742389930.455877
1742389930.499613
1742389930.521195
1742389930.567227
1742389930.589595
1742389930.628631
1742389930.654542
1742389930.701062
1742389930.722159
1742389930.766524
1742389930.788049
1742389930.834648
1742389930.855984
1742389930.892761
1742389930.925286
1742389930.965326
1742389930.989689
1742389931.036310
1742389931.055073
1742389931.101848
1742389931.122887
1742389931.168988
1742389931.188543
1742389931.235263
1742389931.256421
1742389931.301732
1742389931.321867
1742389931.369338
1742389931.389236
1742389931.433811
1742389931.455175
1742389931.502114
1742389931.522680
1742389931.565946
1742389931.588694
1742389931.636009
1742389931.655863
1742389931.702737
1742389931.722236
1742389931.768433
1742389931.789646
1742389931.832963
1742389931.855290
1742389931.902398
1742389931.922660
1742389931.968335
1742389931.988783
1742389932.035114
1742389932.056352
1742389932.101995
1742389932.122177
1742389932.165764
1742389932.190305
1742389932.233525
1742389932.255490
1742389932.301293
1742389932.323295
1742389932.369803
1742389932.389099
1742389932.432245
1742389932.456981
1742389932.502829
1742389932.522354
1742389932.566726
1742389932.589801
1742389932.634463
1742389932.655723
1742389932.699298
1742389932.722949
1742389932.766291
1742389932.789060
1742389932.832522
1742389932.857160
1742389932.903178
1742389932.922586
1742389932.969936
1742389932.989677
1742389933.032229
1742389933.055976
1742389933.103376
1742389933.123093
1742389933.170123
1742389933.189423
1742389933.232700
1742389933.257413
1742389933.303516
1742389933.322781
1742389933.366238
1742389933.390393
1742389933.437050
1742389933.456187
1742389933.500193
1742389933.523805
1742389933.570475
1742389933.589594
1742389933.633112
1742389933.657078
1742389933.701913
1742389933.723022
1742389933.769751
1742389933.790240
1742389933.835357
1742389933.856343
1742389933.902749
1742389933.923641
1742389933.970745
1742389933.989913
1742389934.035923
1742389934.056806
1742389934.103402
1742389934.123055
1742389934.170052
1742389934.189917
1742389934.236868
1742389934.256587
1742389934.300632
1742389934.323913
1742389934.369387
1742389934.400215
1742389934.423305
1742389934.470316
1742389934.490527
1742389934.537090
1742389934.557304
1742389934.595351
1742389934.626692
1742389934.669281
1742389934.690707
1742389934.723575
1742389934.770286
1742389934.790130
1742389934.834109
1742389934.856732
1742389934.900279
1742389934.924130
1742389934.970142
1742389934.990343
1742389935.037371
1742389935.057063
1742389935.103949
1742389935.123604
1742389935.171006
1742389935.190597
1742389935.234505
1742389935.256897
1742389935.300213
1742389935.324526
1742389935.365503
1742389935.390596
1742389935.433966
1742389935.457449
1742389935.504683
1742389935.523879
1742389935.571094
1742389935.591095
1742389935.636361
1742389935.657244
1742389935.703568
1742389935.724419
1742389935.771225
1742389935.790707
1742389935.834222
1742389935.858014
1742389935.903068
1742389935.923982
1742389935.967582
1742389935.991080
1742389936.036533
1742389936.057279
1742389936.101133
1742389936.124467
1742389936.169479
1742389936.190634
1742389936.237502
1742389936.257872
1742389936.304749
1742389936.324330
1742389936.371428
1742389936.391417
1742389936.437491
1742389936.457601
1742389936.501397
1742389936.524696
1742389936.569619
1742389936.590900
1742389936.637689
1742389936.658088
1742389936.704321
1742389936.724517
1742389936.768073
1742389936.794028
1742389936.836001
1742389936.857729
1742389936.902147
1742389936.925314
1742389936.970175
1742389936.991042
1742389937.038092
1742389937.058663
1742389937.105401
1742389937.124450
1742389937.170795
1742389937.192191
1742389937.234306
1742389937.257824
1742389937.301241
1742389937.325216
1742389937.368690
1742389937.391292
1742389937.434952
1742389937.460722
1742389937.502907
1742389937.524734
1742389937.569642
1742389937.592562
1742389937.635809
1742389937.658123
1742389937.701662
1742389937.726077
1742389937.769702
1742389937.791514
1742389937.837177
1742389937.859214
1742389937.905993
1742389937.924949
1742389937.966394
1742389937.994328
1742389938.039383
1742389938.058335
1742389938.104662
1742389938.126180
1742389938.168717
1742389938.191732
1742389938.234715
1742389938.263051
1742389938.305850
1742389938.325259
1742389938.368595
1742389938.395010
1742389938.433741
1742389938.458422
1742389938.504192
1742389938.526447
1742389938.569678
1742389938.591881
1742389938.639013
1742389938.660124
1742389938.706981
1742389938.725450
1742389938.772820
1742389938.793559
1742389938.836864
1742389938.858635
1742389938.901580
1742389938.926959
1742389938.973029
1742389938.992255
1742389939.039305
1742389939.060893
1742389939.104501
1742389939.125541
1742389939.171908
1742389939.193936
1742389939.238675
1742389939.258864
1742389939.302177
1742389939.329442
1742389939.371727
1742389939.392478
1742389939.436157
1742389939.462744
1742389939.504925
1742389939.525873
1742389939.572339
1742389939.595109
1742389939.634122
1742389939.659209
1742389939.704331
1742389939.727698
1742389939.770742
1742389939.792426
1742389939.836276
1742389939.863330
1742389939.905339
1742389939.925906
1742389939.973070
1742389939.994793
1742389940.035581
1742389940.059266
1742389940.106071
1742389940.128066
1742389940.175061
1742389940.192718
1742389940.240475
1742389940.261547
1742389940.304476
1742389940.326007
1742389940.369958
1742389940.395256
1742389940.434114
1742389940.459472
1742389940.501954
1742389940.530364
1742389940.572728
1742389940.592879
1742389940.634962
1742389940.662031
1742389940.703404
1742389940.726359
1742389940.769819
1742389940.797169
1742389940.840185
1742389940.859578
1742389940.903647
1742389940.929004
1742389940.971144
1742389940.993036
1742389941.040399
1742389941.062040
1742389941.104760
1742389941.126454
1742389941.172885
1742389941.195669
1742389941.237141
1742389941.259862
1742389941.305851
1742389941.328665
1742389941.369247
1742389941.393485
1742389941.436502
1742389941.465752
1742389941.506183
1742389941.526729
1742389941.571200
1742389941.596786
1742389941.640870
1742389941.660152
1742389941.707478
1742389941.729417
1742389941.773333
1742389941.793434
1742389941.840725
1742389941.863870
1742389941.906103
1742389941.926876
1742389941.973129
1742389941.996780
1742389942.035831
1742389942.059861
1742389942.106033
1742389942.130471
1742389942.172378
1742389942.193600
1742389942.240903
1742389942.263331
1742389942.305355
1742389942.327181
1742389942.369513
1742389942.401278
1742389942.436642
1742389942.460399
1742389942.504500
1742389942.533117
1742389942.571110
1742389942.593800
1742389942.639911
1742389942.663658
1742389942.705331
1742389942.736102
1742389942.760608
1742389942.804395
1742389942.831648
1742389942.871995
1742389942.898329
1742389942.928995
1742389942.972192
1742389942.997976
1742389943.038119
1742389943.060702
1742389943.104494
1742389943.132808
1742389943.171143
1742389943.194226
1742389943.237323
1742389943.263758
1742389943.306151
1742389943.327574
1742389943.372558
1742389943.397392
1742389943.439420
1742389943.460912
1742389943.507426
1742389943.528334
1742389943.574712
1742389943.594362
1742389943.641216
1742389943.665062
1742389943.706984
1742389943.727869
1742389943.771827
1742389943.800352
1742389943.838032
1742389943.860933
1742389943.905671
1742389943.932140
1742389943.973325
1742389943.994717
1742389944.041696
1742389944.065066
1742389944.106939
1742389944.128054
1742389944.175168
1742389944.198001
1742389944.239801
1742389944.261776
1742389944.308267
1742389944.332017
1742389944.373470
1742389944.394937
1742389944.441213
1742389944.465445
1742389944.506710
1742389944.528183
1742389944.573126
1742389944.599520
1742389944.640802
1742389944.661652
1742389944.708852
1742389944.731959
1742389944.773387
1742389944.794988
1742389944.841781
1742389944.865013
1742389944.906489
1742389944.928408
1742389944.973912
1742389944.999039
1742389945.039815
1742389945.061804
1742389945.109094
1742389945.132753
1742389945.170442
1742389945.198691
1742389945.240595
1742389945.266191
1742389945.305897
1742389945.329795
1742389945.374402
1742389945.399732
1742389945.438574
1742389945.463261
1742389945.505685
1742389945.534877
1742389945.570905
1742389945.599884
1742389945.636995
1742389945.672089
1742389945.702551
1742389945.729099
1742389945.774850
1742389945.799743
1742389945.841311
1742389945.862620
1742389945.907982
1742389945.933507
1742389945.972397
1742389945.995727
1742389946.040600
1742389946.067163
1742389946.105577
1742389946.129033
1742389946.173871
1742389946.199755
1742389946.237505
1742389946.262221
1742389946.307596
1742389946.333256
1742389946.374213
1742389946.395688
1742389946.441122
1742389946.467113
1742389946.506278
1742389946.529354
1742389946.574425
1742389946.600482
1742389946.640171
1742389946.662689
1742389946.706498
1742389946.735408
1742389946.772918
1742389946.795924
1742389946.840117
1742389946.866224
1742389946.904922
1742389946.929581
1742389946.975816
1742389947.000422
1742389947.039802
1742389947.062683
1742389947.108062
1742389947.133408
1742389947.174448
1742389947.196089
1742389947.241891
1742389947.266878
1742389947.306346
1742389947.329839
1742389947.372423
1742389947.402599
1742389947.438711
1742389947.463836
1742389947.505909
1742389947.536333
1742389947.573184
1742389947.596368
1742389947.643130
1742389947.667099
1742389947.708389
1742389947.729917
1742389947.772340
1742389947.802205
1742389947.839249
1742389947.863230
1742389947.909604
1742389947.933786
1742389947.974776
1742389947.996647
1742389948.042689
1742389948.067903
1742389948.108001
1742389948.129969
1742389948.173766
1742389948.202641
1742389948.239147
1742389948.263376
1742389948.307736
1742389948.335081
1742389948.375563
1742389948.396687
1742389948.442261
1742389948.467635
1742389948.508367
1742389948.530285
1742389948.574871
1742389948.601642
1742389948.642729
1742389948.663655
1742389948.707574
1742389948.736505
1742389948.772006
1742389948.797263
1742389948.840045
1742389948.869325
1742389948.906032
1742389948.930669
1742389948.972789
1742389949.003167
1742389949.039169
1742389949.063595
1742389949.106700
1742389949.135904
1742389949.172264
1742389949.197332
1742389949.240307
1742389949.269859
1742389949.305393
1742389949.331140
1742389949.373296
1742389949.404635
1742389949.436698
1742389949.467295
1742389949.505945
1742389949.538478
1742389949.573887
1742389949.597554
1742389949.640006
1742389949.672738
1742389949.704245
1742389949.732064
1742389949.770111
1742389949.805860
1742389949.838324
1742389949.865737
1742389949.904098
1742389949.940292
1742389949.970918
1742389950.001224
1742389950.041090
1742389950.067207
1742389950.109307
1742389950.131021
1742389950.173621
1742389950.204636
1742389950.236680
1742389950.265186
1742389950.307201
1742389950.336984
1742389950.372101
1742389950.397575
1742389950.439895
1742389950.470486
1742389950.507245
1742389950.531049
1742389950.574544
1742389950.602566
1742389950.643338
1742389950.664556
1742389950.704819
1742389950.736183
1742389950.773082
1742389950.798165
1742389950.840019
1742389950.869646
1742389950.906195
1742389950.931287
1742389950.973101
1742389951.003390
1742389951.039141
1742389951.073249
1742389951.098090
1742389951.140107
1742389951.172267
1742389951.204610
1742389951.240924
1742389951.265153
1742389951.308109
1742389951.337626
1742389951.373698
1742389951.398559
1742389951.441090
1742389951.469354
1742389951.510408
1742389951.531696
1742389951.574176
1742389951.603949
1742389951.640523
1742389951.665167
1742389951.708763
1742389951.734002
1742389951.774820
1742389951.798462
1742389951.844050
1742389951.869154
1742389951.909758
1742389951.931873
1742389951.973884
1742389952.002003
1742389952.043028
1742389952.065156
1742389952.108052
1742389952.137708
1742389952.173699
1742389952.198811
1742389952.237666
1742389952.269525
1742389952.306599
1742389952.332671
1742389952.372648
1742389952.404037
1742389952.441233
1742389952.466084
1742389952.506870
1742389952.538525
1742389952.572839
1742389952.598750
1742389952.638445
1742389952.674333
1742389952.703868
1742389952.732326
1742389952.771401
1742389952.807469
1742389952.837516
1742389952.865762
1742389952.905740
1742389952.937207
1742389952.973201
1742389952.999054
1742389953.038562
1742389953.072464
1742389953.107758
1742389953.132530
1742389953.172499
1742389953.204973
1742389953.238564
1742389953.266582
1742389953.306963
1742389953.340458
1742389953.372795
1742389953.399491
1742389953.441404
1742389953.471001
1742389953.505597
1742389953.535567
1742389953.574282
1742389953.604822
1742389953.639741
1742389953.669886
1742389953.709936
1742389953.738288
1742389953.773756
1742389953.802707
1742389953.844006
1742389953.870339
1742389953.907389
1742389953.933557
1742389953.974559
1742389954.006547
1742389954.040999
1742389954.067424
1742389954.108184
1742389954.137855
1742389954.173470
1742389954.199508
1742389954.240458
1742389954.272866
1742389954.307927
1742389954.332975
1742389954.373539
1742389954.407497
1742389954.440698
1742389954.466745
1742389954.508366
1742389954.538227
1742389954.574023
1742389954.600647
1742389954.642350
1742389954.671381
1742389954.707342
1742389954.733806
1742389954.775704
1742389954.805715
1742389954.841341
1742389954.866454
1742389954.908251
1742389954.938103
1742389954.978601
1742389954.999761
1742389955.041126
1742389955.072753
1742389955.107960
1742389955.133184
1742389955.174079
1742389955.207456
1742389955.242515
1742389955.266667
1742389955.308920
1742389955.338994
1742389955.375346
1742389955.399988
1742389955.441319
1742389955.473621
1742389955.508937
1742389955.533519
1742389955.574984
1742389955.607965
1742389955.643210
1742389955.666869
1742389955.705800
1742389955.740258
1742389955.772460
1742389955.803363
1742389955.842851
1742389955.871853
1742389955.911050
1742389955.933745
1742389955.975222
1742389956.007377
1742389956.042451
1742389956.067101
1742389956.108778
1742389956.141140
1742389956.175924
1742389956.200423
1742389956.243040
1742389956.271649
1742389956.308810
1742389956.333886
1742389956.373850
1742389956.408964
1742389956.438978
1742389956.470055
1742389956.511256
1742389956.540377
1742389956.576101
1742389956.601344
1742389956.644475
1742389956.672157
1742389956.710930
1742389956.734465
1742389956.778050
1742389956.801032
1742389956.843373
1742389956.867678
1742389956.909729
1742389956.939334
1742389956.979286
1742389957.000715
1742389957.044715
1742389957.071462
1742389957.112498
1742389957.134203
1742389957.180554
1742389957.204026
1742389957.241560
1742389957.267863
1742389957.310155
1742389957.338357
1742389957.379052
1742389957.400966
1742389957.447722
1742389957.470794
1742389957.512619
1742389957.534412
1742389957.580026
1742389957.604353
1742389957.645957
1742389957.667835
1742389957.713770
1742389957.737495
1742389957.778660
1742389957.801229
1742389957.847348
1742389957.870987
1742389957.911770
1742389957.934678
1742389957.977937
1742389958.006610
1742389958.044554
1742389958.068133
1742389958.113793
1742389958.137830
1742389958.179591
1742389958.201495
1742389958.245457
1742389958.271274
1742389958.311631
1742389958.334710
1742389958.379379
1742389958.404588
1742389958.444332
1742389958.468297
1742389958.515118
1742389958.537774
1742389958.577168
1742389958.601903
1742389958.648091
1742389958.670329
1742389958.710073
1742389958.735134
1742389958.778263
1742389958.807403
1742389958.845684
1742389958.868176
1742389958.911640
1742389958.938649
1742389958.979650
1742389959.001747
1742389959.048914
1742389959.070645
1742389959.109520
1742389959.135215
1742389959.181538
1742389959.204685
1742389959.247047
1742389959.268456
1742389959.311149
1742389959.340500
1742389959.379500
1742389959.407633
1742389959.435454
1742389959.480240
1742389959.505215
1742389959.542386
1742389959.577058
1742389959.602514
1742389959.645723
1742389959.672068
1742389959.710995
1742389959.735760
1742389959.778552
1742389959.805357
1742389959.846244
1742389959.869052
1742389959.915343
1742389959.937693
1742389959.980171
1742389960.002385
1742389960.048943
1742389960.071418
1742389960.110233
1742389960.136010
1742389960.169848
1742389960.203733
1742389960.242816
1742389960.269722
1742389960.314013
1742389960.338587
1742389960.380993
1742389960.402537
1742389960.449048
1742389960.471507
1742389960.514195
1742389960.535954
1742389960.581571
1742389960.605018
1742389960.645491
1742389960.669253
1742389960.714493
1742389960.737678
1742389960.783548
1742389960.802774
1742389960.849484
1742389960.871642
1742389960.914049
1742389960.936107
1742389960.983366
1742389961.004832
1742389961.047861
1742389961.069677
1742389961.117034
1742389961.138381
1742389961.180316
1742389961.203037
1742389961.250225
1742389961.271522
1742389961.310253
1742389961.338715
1742389961.380332
1742389961.406131
1742389961.447692
1742389961.469824
1742389961.515712
1742389961.538669
1742389961.580566
1742389961.603320
1742389961.649961
1742389961.671924
1742389961.711820
1742389961.737039
1742389961.784164
1742389961.804740
1742389961.850487
1742389961.870255
1742389961.916715
1742389961.938658
1742389961.975859
1742389962.002970
1742389962.046440
1742389962.072963
1742389962.116719
1742389962.137022
1742389962.183280
1742389962.205481
1742389962.245173
1742389962.270343
1742389962.316315
1742389962.338931
1742389962.382049
1742389962.403781
1742389962.450769
1742389962.472019
1742389962.518029
1742389962.537376
1742389962.582678
1742389962.605670
1742389962.650819
1742389962.670830
1742389962.717908
1742389962.739028
1742389962.785811
1742389962.803946
1742389962.851290
1742389962.872357
1742389962.917923
1742389962.937451
1742389962.984631
1742389963.005299
1742389963.049886
1742389963.070801
1742389963.118003
1742389963.138864
1742389963.185245
1742389963.204426
1742389963.251929
1742389963.272140
1742389963.317260
1742389963.337647
1742389963.384218
1742389963.405707
1742389963.451071
1742389963.471144
1742389963.518238
1742389963.538790
1742389963.583995
1742389963.604658
1742389963.651671
1742389963.672138
1742389963.717865
1742389963.738085
1742389963.784955
1742389963.805723
1742389963.849429
1742389963.871442
1742389963.917857
1742389963.938941
1742389963.984598
1742389964.004159
1742389964.049982
1742389964.072602
1742389964.119147
1742389964.138190
1742389964.182870
1742389964.206161
1742389964.249374
1742389964.271420
1742389964.319001
1742389964.338319
1742389964.383017
1742389964.404869
1742389964.451181
1742389964.472390
1742389964.515499
1742389964.538246
1742389964.583831
1742389964.605867
1742389964.652184
1742389964.671611
1742389964.718859
1742389964.739035
1742389964.785674
1742389964.805013
1742389964.849543
1742389964.872646
1742389964.917619
1742389964.938357
1742389964.982117
1742389965.005853
1742389965.051209
1742389965.071650
1742389965.117043
1742389965.139532
1742389965.185095
1742389965.205141
1742389965.249654
1742389965.272910
1742389965.319195
1742389965.338686
1742389965.384050
1742389965.406012
1742389965.450741
1742389965.471879
1742389965.518632
1742389965.539167
1742389965.585045
1742389965.605425
1742389965.652412
1742389965.672685
1742389965.719452
1742389965.738826
1742389965.785138
1742389965.806441
1742389965.852644
1742389965.872163
1742389965.917988
1742389965.939657
1742389965.984811
1742389966.005576
1742389966.052277
1742389966.072695
1742389966.119630
1742389966.138887
1742389966.184321
1742389966.206358
1742389966.253572
1742389966.272434
1742389966.319659
1742389966.339054
1742389966.382242
1742389966.405617
1742389966.449035
1742389966.473060
1742389966.516179
1742389966.539087
1742389966.581252
1742389966.607747
1742389966.651386
1742389966.672742
1742389966.719249
1742389966.739598
1742389966.786601
1742389966.806081
1742389966.850343
1742389966.873621
1742389966.917102
1742389966.939328
1742389966.985698
1742389967.006348
1742389967.049626
1742389967.072646
1742389967.117822
1742389967.140050
1742389967.187013
1742389967.206125
1742389967.252236
1742389967.273006
1742389967.320162
1742389967.339745
1742389967.387126
1742389967.406520
1742389967.452030
1742389967.473009
1742389967.520015
1742389967.539860
1742389967.582117
1742389967.606471
1742389967.654123
1742389967.673201
1742389967.719552
1742389967.747855
1742389967.773154
1742389967.820561
1742389967.840453
1742389967.887038
1742389967.906979
1742389967.948297
1742389967.973431
1742389968.020233
1742389968.040367
1742389968.080467
1742389968.107039
1742389968.151837
1742389968.173847
1742389968.210833
1742389968.249445
1742389968.274500
1742389968.318012
1742389968.340058
1742389968.386291
1742389968.407245
1742389968.452248
1742389968.473414
1742389968.517147
1742389968.540791
1742389968.587144
1742389968.606807
1742389968.648797
1742389968.673874
1742389968.720954
1742389968.740268
1742389968.786287
1742389968.807275
1742389968.854248
1742389968.873627
1742389968.917246
1742389968.940928
1742389968.985200
1742389969.007078
1742389969.050247
1742389969.075064
1742389969.121434
1742389969.140543
1742389969.187072
1742389969.207886
1742389969.253182
1742389969.273931
1742389969.320993
1742389969.341327
1742389969.387126
1742389969.407332
1742389969.453630
1742389969.474462
1742389969.521068
1742389969.540689
1742389969.583606
1742389969.609694
1742389969.653995
1742389969.674144
1742389969.717572
1742389969.742764
1742389969.785965
1742389969.807498
1742389969.851544
1742389969.876683
1742389969.917184
1742389969.941076
1742389969.984447
1742389970.012159
1742389970.053517
1742389970.074265
1742389970.117704
1742389970.141751
1742389970.186174
1742389970.207607
1742389970.254554
1742389970.275710
1742389970.322430
1742389970.341110
1742389970.385085
1742389970.409763
1742389970.454993
1742389970.474562
1742389970.518334
1742389970.543788
1742389970.588402
1742389970.607811
1742389970.651863
1742389970.677460
1742389970.719935
1742389970.741323
1742389970.785643
1742389970.809289
1742389970.852147
1742389970.874604
1742389970.918011
1742389970.944122
1742389970.983125
1742389971.007906
1742389971.054396
1742389971.075962
1742389971.120813
1742389971.141369
1742389971.187929
1742389971.209534
1742389971.250862
1742389971.275012
1742389971.320991
1742389971.342854
1742389971.389093
1742389971.408181
1742389971.451672
1742389971.478023
1742389971.520528
1742389971.541586
1742389971.585049
1742389971.610164
1742389971.652548
1742389971.675170
1742389971.719013
1742389971.745213
1742389971.787107
1742389971.808310
1742389971.855186
1742389971.877314
1742389971.919499
1742389971.941877
1742389971.985245
1742389972.012399
1742389972.055430
1742389972.075122
1742389972.122746
1742389972.144087
1742389972.184807
1742389972.208491
1742389972.252038
1742389972.279426
1742389972.320147
1742389972.342043
1742389972.387348
1742389972.410883
1742389972.450407
1742389972.475590
1742389972.521050
1742389972.544667
1742389972.586963
1742389972.608737
1742389972.651318
1742389972.678688
1742389972.720464
1742389972.742138
1742389972.787552
1742389972.811497
1742389972.853882
1742389972.875532
1742389972.919380
1742389972.946951
1742389972.988109
1742389973.009001
1742389973.055818
1742389973.077786
1742389973.121671
1742389973.142469
1742389973.188353
1742389973.212207
1742389973.255030
1742389973.275816
1742389973.322938
1742389973.343247
1742389973.390224
1742389973.409217
1742389973.456177
1742389973.479341
1742389973.523513
1742389973.542741
1742389973.589494
1742389973.612116
1742389973.653784
1742389973.676275
1742389973.722066
1742389973.745735
1742389973.789765
1742389973.809551
1742389973.855578
1742389973.879072
1742389973.922702
1742389973.942951
1742389973.989972
1742389974.012811
1742389974.056728
1742389974.076200
1742389974.119998
1742389974.147186
1742389974.188105
1742389974.209646
1742389974.253935
1742389974.279481
1742389974.321851
1742389974.343050
1742389974.389400
1742389974.412951
1742389974.456947
1742389974.476440
1742389974.520270
1742389974.546814
1742389974.587814
1742389974.609737
1742389974.656362
1742389974.678019
1742389974.722513
1742389974.743182
1742389974.789207
1742389974.813673
1742389974.854722
1742389974.876474
1742389974.920747
1742389974.946672
1742389974.990240
1742389975.010052
1742389975.057685
1742389975.079834
1742389975.121692
1742389975.143311
1742389975.188193
1742389975.213819
1742389975.257162
1742389975.276838
1742389975.323699
1742389975.346847
1742389975.388568
1742389975.410033
1742389975.453602
1742389975.481490
1742389975.522837
1742389975.543534
1742389975.590832
1742389975.614354
1742389975.655728
1742389975.676914
1742389975.721979
1742389975.747847
1742389975.789556
1742389975.810427
1742389975.857349
1742389975.880870
1742389975.921005
1742389975.943852
1742389975.991128
1742389976.013847
1742389976.055143
1742389976.086305
1742389976.110693
1742389976.158403
1742389976.180807
1742389976.222657
1742389976.249025
1742389976.281981
1742389976.318695
1742389976.353861
1742389976.383232
1742389976.414826
1742389976.455182
1742389976.482761
1742389976.520819
1742389976.544236
1742389976.590678
1742389976.614531
1742389976.655795
1742389976.677587
1742389976.721118
1742389976.749730
1742389976.787835
1742389976.811078
1742389976.856286
1742389976.881540
1742389976.919962
1742389976.945922
1742389976.989625
1742389977.015182
1742389977.053574
1742389977.078130
1742389977.120537
1742389977.151001
1742389977.188998
1742389977.211326
1742389977.257254
1742389977.282017
1742389977.320384
1742389977.345455
1742389977.390100
1742389977.414819
1742389977.456563
1742389977.478051
1742389977.523946
1742389977.548346
1742389977.588525
1742389977.611938
1742389977.657716
1742389977.682234
1742389977.720463
1742389977.747226
1742389977.788305
1742389977.817893
1742389977.855263
1742389977.879239
1742389977.923095
1742389977.950659
1742389977.988374
1742389978.014263
1742389978.055893
1742389978.084074
1742389978.121016
1742389978.145163
1742389978.189056
1742389978.216172
1742389978.254524
1742389978.278131
1742389978.324328
1742389978.349034
1742389978.387181
1742389978.411534
1742389978.457838
1742389978.482402
1742389978.520600
1742389978.544900
1742389978.591513
1742389978.615054
1742389978.653278
1742389978.678364
1742389978.720311
1742389978.750381
1742389978.791561
1742389978.811790
1742389978.857308
1742389978.882862
1742389978.920743
1742389978.945297
1742389978.990116
1742389979.015657
1742389979.053739
1742389979.078477
1742389979.124991
1742389979.149111
1742389979.187058
1742389979.211811
1742389979.259127
1742389979.281356
1742389979.323214
1742389979.345413
1742389979.390395
1742389979.415893
1742389979.455128
1742389979.478678
1742389979.524178
1742389979.549677
1742389979.589596
1742389979.612189
1742389979.658435
1742389979.683231
1742389979.723209
1742389979.745699
1742389979.792086
1742389979.813622
1742389979.855957
1742389979.879027
1742389979.925460
1742389979.950130
1742389979.987894
1742389980.012621
1742389980.054644
1742389980.083787
1742389980.123567
1742389980.146121
1742389980.189404
1742389980.218147
1742389980.254977
1742389980.279334
1742389980.322144
1742389980.351510
1742389980.390571
1742389980.412659
1742389980.456323
1742389980.485565
1742389980.521572
1742389980.546055
1742389980.589331
1742389980.617872
1742389980.657321
1742389980.679409
1742389980.721397
1742389980.751519
1742389980.791253
1742389980.812766
1742389980.857957
1742389980.883934
1742389980.924297
1742389980.946238
1742389980.990946
1742389981.017108
1742389981.057472
1742389981.079700
1742389981.124006
1742389981.151279
1742389981.191700
1742389981.212971
1742389981.256107
1742389981.285627
1742389981.323121
1742389981.346442
1742389981.389083
1742389981.418374
1742389981.457147
1742389981.479722
1742389981.522704
1742389981.552559
1742389981.588382
1742389981.613433
1742389981.655483
1742389981.686454
1742389981.721609
1742389981.746543
1742389981.789668
1742389981.818806
1742389981.856072
1742389981.879960
1742389981.922881
1742389981.952169
1742389981.990902
1742389982.013448
1742389982.055901
1742389982.085252
1742389982.124948
1742389982.146870
1742389982.191137
1742389982.217914
1742389982.258709
1742389982.280066
1742389982.322295
1742389982.351405
1742389982.390930
1742389982.413455
1742389982.455381
1742389982.483736
1742389982.523227
1742389982.546711
1742389982.591124
1742389982.617890
1742389982.659165
1742389982.680406
1742389982.721471
1742389982.752201
1742389982.791616
1742389982.813816
1742389982.855643
1742389982.886316
1742389982.922994
1742389982.947004
1742389982.989257
1742389983.018846
1742389983.055523
1742389983.080420
1742389983.124726
1742389983.151532
1742389983.192522
1742389983.213785
1742389983.254893
1742389983.284660
1742389983.325590
1742389983.347282
1742389983.389012
1742389983.416271
1742389983.456513
1742389983.480572
1742389983.523084
1742389983.551252
1742389983.592590
1742389983.614024
1742389983.658183
1742389983.685634
1742389983.721666
1742389983.747492
1742389983.789188
1742389983.820611
1742389983.852382
1742389983.881855
1742389983.922942
1742389983.953076
1742389983.990910
1742389984.014212
1742389984.057149
1742389984.087539
1742389984.119393
1742389984.149333
1742389984.188583
1742389984.219635
1742389984.259298
1742389984.281129
1742389984.323579
1742389984.352966
1742389984.388605
1742389984.420956
1742389984.447751
1742389984.490194
1742389984.520285
1742389984.556487
1742389984.587483
1742389984.614567
1742389984.656207
1742389984.687592
1742389984.720843
1742389984.748019
1742389984.791298
1742389984.819377
1742389984.858626
1742389984.881460
1742389984.919275
1742389984.958693
1742389984.986271
1742389985.014875
1742389985.057158
1742389985.087030
1742389985.119216
1742389985.148655
1742389985.188214
1742389985.220055
1742389985.257216
1742389985.281435
1742389985.325409
1742389985.353644
1742389985.392476
1742389985.414940
1742389985.454091
1742389985.487111
1742389985.524585
1742389985.548322
1742389985.587949
1742389985.622682
1742389985.657434
1742389985.681714
1742389985.720201
1742389985.756864
1742389985.790565
1742389985.815432
1742389985.855655
1742389985.888882
1742389985.923185
1742389985.949383
1742389985.990424
1742389986.024067
1742389986.056074
1742389986.082222
1742389986.123389
1742389986.157124
1742389986.189636
1742389986.215279
1742389986.255633
1742389986.290644
1742389986.321648
1742389986.349145
1742389986.390406
1742389986.421234
1742389986.456835
1742389986.482048
1742389986.524851
1742389986.554607
1742389986.588568
1742389986.617257
1742389986.658101
1742389986.688719
1742389986.721584
1742389986.751341
1742389986.793481
1742389986.820619
1742389986.855480
1742389986.882389
1742389986.924077
1742389986.954991
1742389986.990311
1742389987.015683
1742389987.056418
1742389987.091189
1742389987.121044
1742389987.149541
1742389987.190702
1742389987.221166
1742389987.256116
1742389987.282442
1742389987.318267
1742389987.350358
1742389987.391175
1742389987.416122
1742389987.456742
1742389987.492040
1742389987.522096
1742389987.551843
1742389987.591941
1742389987.622424
1742389987.657491
1742389987.682831
1742389987.721521
1742389987.759161
1742389987.789150
1742389987.819263
1742389987.856792
1742389987.892490
1742389987.922529
1742389987.950749
1742389987.992602
1742389988.021042
1742389988.057867
1742389988.082905
1742389988.124160
1742389988.158669
1742389988.188526
1742389988.217241
1742389988.258564
1742389988.289580
1742389988.320918
1742389988.349825
1742389988.392446
1742389988.421671
1742389988.459220
1742389988.483121
1742389988.524506
1742389988.557866
1742389988.590813
1742389988.616493
1742389988.657074
1742389988.691143
1742389988.721339
1742389988.752266
1742389988.791400
1742389988.823015
1742389988.859133
1742389988.883259
1742389988.926402
1742389988.955162
1742389988.991988
1742389989.016802
1742389989.058992
1742389989.087621
1742389989.126636
1742389989.150071
1742389989.192507
1742389989.222812
1742389989.259348
1742389989.283397
1742389989.325609
1742389989.356146
1742389989.392235
1742389989.416784
1742389989.459679
1742389989.489110
1742389989.529579
1742389989.550260
1742389989.596110
1742389989.620275
1742389989.658603
1742389989.683924
1742389989.722936
1742389989.762096
1742389989.786596
1742389989.821429
1742389989.857270
1742389989.894684
1742389989.921214
1742389989.953578
1742389989.993847
1742389990.021285
1742389990.062376
1742389990.083877
1742389990.128228
1742389990.150949
1742389990.188925
1742389990.217692
1742389990.259908
1742389990.290009
1742389990.326570
1742389990.350825
1742389990.394198
1742389990.421712
1742389990.462534
1742389990.483981
1742389990.530865
1742389990.553855
1742389990.595007
1742389990.617385
1742389990.664114
1742389990.687135
1742389990.727111
1742389990.751071
1742389990.793724
1742389990.822509
1742389990.862765
1742389990.884231
1742389990.930577
1742389990.953807
1742389990.991962
1742389991.017639
1742389991.060808
1742389991.089250
1742389991.128913
1742389991.150887
1742389991.197967
1742389991.219939
1742389991.258129
1742389991.284549
1742389991.329298
1742389991.354175
1742389991.392356
1742389991.417808
1742389991.461064
1742389991.489876
1742389991.530499
1742389991.551197
1742389991.596230
1742389991.620282
1742389991.662097
1742389991.684544
1742389991.726981
1742389991.755888
1742389991.793473
1742389991.818113
1742389991.863506
1742389991.887120
1742389991.929834
1742389991.951551
1742389991.996899
1742389992.020850
1742389992.059268
1742389992.084819
1742389992.128171
1742389992.154974
1742389992.195961
1742389992.218274
1742389992.258004
1742389992.293392
1742389992.324023
1742389992.351653
1742389992.398691
1742389992.420519
1742389992.462754
1742389992.484884
1742389992.526659
1742389992.558284
1742389992.594272
1742389992.618571
1742389992.660232
1742389992.690682
1742389992.729403
1742389992.757025
1742389992.785569
1742389992.829549
1742389992.854515
1742389992.892669
1742389992.924747
1742389992.952140
1742389992.998253
1742389993.021098
1742389993.063945
1742389993.085393
1742389993.128932
1742389993.154728
1742389993.195666
1742389993.218729
1742389993.262701
1742389993.288605
1742389993.330064
1742389993.352353
1742389993.390988
1742389993.422449
1742389993.457694
1742389993.485904
1742389993.522327
1742389993.557567
1742389993.589110
1742389993.618856
1742389993.652632
1742389993.692781
1742389993.727357
1742389993.752359
1742389993.799227
1742389993.821797
1742389993.862520
1742389993.885998
1742389993.930738
1742389993.954598
1742389993.996145
1742389994.019334
1742389994.062707
1742389994.088711
1742389994.127706
1742389994.152637
1742389994.196492
1742389994.221877
1742389994.262588
1742389994.285997
1742389994.332076
1742389994.354780
1742389994.394117
1742389994.419409
1742389994.465601
1742389994.487997
1742389994.533074
1742389994.552861
1742389994.597170
1742389994.621538
1742389994.666102
1742389994.686358
1742389994.733790
1742389994.753599
1742389994.796789
1742389994.819759
1742389994.867050
1742389994.887310
1742389994.934057
1742389994.953236
1742389994.999123
1742389995.021587
1742389995.061060
1742389995.086373
1742389995.132796
1742389995.154762
1742389995.200968
1742389995.219825
1742389995.265739
1742389995.288215
1742389995.331542
1742389995.353406
1742389995.398383
1742389995.421753
1742389995.467466
1742389995.486795
1742389995.534399
1742389995.553912
1742389995.600483
1742389995.620383
1742389995.666957
1742389995.687953
1742389995.732735
1742389995.753722
1742389995.800558
1742389995.821380
1742389995.866042
1742389995.887008
1742389995.932622
1742389995.955198
1742389996.001227
1742389996.020640
1742389996.067649
1742389996.087834
1742389996.132778
1742389996.153754
1742389996.200820
1742389996.221254
1742389996.266542
1742389996.287207
1742389996.333636
1742389996.354820
1742389996.400639
1742389996.420701
1742389996.467798
1742389996.487642
1742389996.534568
1742389996.554113
1742389996.600133
1742389996.621379
1742389996.666912
1742389996.687579
1742389996.734547
1742389996.754589
1742389996.798086
1742389996.821072
1742389996.868283
1742389996.887899
1742389996.934683
1742389996.954309
1742389996.997875
1742389997.022152
1742389997.065486
1742389997.087575
1742389997.134840
1742389997.154986
1742389997.201567
1742389997.221083
1742389997.268113
1742389997.288092
1742389997.335345
1742389997.354519
1742389997.399851
1742389997.422363
1742389997.467477
1742389997.487994
1742389997.533951
1742389997.555696
1742389997.601482
1742389997.621225
1742389997.667536
1742389997.688514
1742389997.734917
1742389997.754812
1742389997.798557
1742389997.822126
1742389997.867625
1742389997.888110
1742389997.933878
1742389997.955687
1742389998.000309
1742389998.021428
1742389998.064565
1742389998.088768
1742389998.134917
1742389998.155060
1742389998.201242
1742389998.221706
1742389998.267547
1742389998.288230
1742389998.334702
1742389998.354909
1742389998.398816
1742389998.421483
1742389998.467809
1742389998.488695
1742389998.535878
1742389998.555004
1742389998.600790
1742389998.621981
1742389998.666749
1742389998.688399
1742389998.734846
1742389998.755269
1742389998.796799
1742389998.821574
1742389998.867944
1742389998.889154
1742389998.934234
1742389998.955107
1742389999.002181
1742389999.022260
1742389999.065150
1742389999.088510
1742389999.133140
1742389999.156005
1742389999.201641
1742389999.222476
1742389999.263894
1742389999.290037
1742389999.334801
1742389999.355455
1742389999.401293
1742389999.422345
1742389999.465611
1742389999.488721
1742389999.531916
1742389999.556673
1742389999.602648
1742389999.622228
1742389999.668566
1742389999.689225
1742389999.735651
1742389999.755652
1742389999.803121
1742389999.822540
1742389999.868988
1742389999.889187
1742389999.935099
1742389999.956497
1742390000.001105
1742390000.022410
1742390000.065583
1742390000.092519
1742390000.134870
1742390000.156023
1742390000.203098
1742390000.222704
1742390000.269882
1742390000.289271
1742390000.333553
1742390000.356315
1742390000.402545
1742390000.422705
1742390000.468627
1742390000.489544
1742390000.534660
1742390000.555998
1742390000.600042
1742390000.623027
1742390000.666036
1742390000.689332
1742390000.735122
1742390000.756102
1742390000.801813
1742390000.822713
1742390000.868540
1742390000.889661
1742390000.933481
1742390000.956158
1742390001.003653
1742390001.023473
1742390001.066924
1742390001.099689
1742390001.123083
1742390001.166213
1742390001.190438
1742390001.233886
1742390001.257396
1742390001.291399
1742390001.331371
1742390001.357798
1742390001.401524
1742390001.422751
1742390001.465840
1742390001.490042
1742390001.537321
1742390001.556609
1742390001.600092
1742390001.623840
1742390001.670274
1742390001.690048
1742390001.733168
1742390001.758113
1742390001.804428
1742390001.823469
1742390001.866605
1742390001.891255
1742390001.934257
1742390001.956665
1742390002.000359
1742390002.023735
1742390002.063587
1742390002.090668
1742390002.137004
1742390002.157865
1742390002.204509
1742390002.223633
1742390002.269354
1742390002.290895
1742390002.336291
1742390002.357275
1742390002.404377
1742390002.424669
1742390002.467873
1742390002.490299
1742390002.532808
1742390002.557447
1742390002.600384
1742390002.623542
1742390002.663504
1742390002.697535
1742390002.724997
1742390002.756973
1742390002.797159
1742390002.824712
1742390002.870566
1742390002.890324
1742390002.930101
1742390002.958341
1742390002.998728
1742390003.023714
1742390003.064617
1742390003.091178
1742390003.138419
1742390003.157293
1742390003.199730
1742390003.225339
1742390003.268350
1742390003.290554
1742390003.332345
1742390003.358255
1742390003.404174
1742390003.423888
1742390003.464664
1742390003.496419
1742390003.532496
1742390003.557183
1742390003.596496
1742390003.625438
1742390003.669170
1742390003.690729
1742390003.727248
1742390003.768693
1742390003.791878
1742390003.823962
1742390003.859842
1742390003.895516
1742390003.925863
1742390003.957356
1742390003.990743
1742390004.024007
1742390004.057340
1742390004.090793
1742390004.124070
1742390004.157446
1742390004.190750
1742390004.224182
1742390004.258314
1742390004.293089
1742390004.327339
1742390004.357092
1742390004.392461
1742390004.428602
1742390004.463505
1742390004.490361
1742390004.527990
1742390004.563009
1742390004.595913
1742390004.624399
1742390004.661127
1742390004.701210
1742390004.725921
1742390004.757755
1742390004.797119
1742390004.828186
1742390004.863151
1742390004.891022
1742390004.927772
1742390004.967986
1742390004.993153
1742390005.024575
1742390005.065530
1742390005.098614
1742390005.131536
1742390005.158017
1742390005.204318
1742390005.226466
1742390005.269895
1742390005.291417
1742390005.333924
1742390005.359893
1742390005.401696
1742390005.424817
1742390005.467307
1742390005.492988
1742390005.534622
1742390005.558314
1742390005.599285
1742390005.629455
1742390005.670376
1742390005.691602
1742390005.724725
1742390005.772128
1742390005.792815
1742390005.824911
1742390005.866705
1742390005.892666
1742390005.930529
1742390005.958423
1742390005.999128
1742390006.028320
1742390006.070027
1742390006.091801
1742390006.129811
1742390006.170528
1742390006.194768
1742390006.225109
1742390006.272055
1742390006.294126
1742390006.333020
1742390006.358631
1742390006.403751
1742390006.428494
1742390006.469764
1742390006.491999
1742390006.534791
1742390006.561770
1742390006.604155
1742390006.625331
1742390006.668186
1742390006.694914
1742390006.736346
1742390006.758839
1742390006.802197
1742390006.828324
1742390006.869995
1742390006.892189
1742390006.932837
1742390006.966327
1742390006.995024
1742390007.025036
1742390007.058378
1742390007.094871
1742390007.130537
1742390007.158264
1742390007.193824
1742390007.230396
1742390007.258989
1742390007.292452
1742390007.334240
1742390007.362249
1742390007.404150
1742390007.425602
1742390007.462313
1742390007.494418
1742390007.529985
1742390007.564443
1742390007.592467
1742390007.631305
1742390007.663410
1742390007.692173
1742390007.728962
1742390007.764425
1742390007.794491
1742390007.825265
1742390007.864212
1742390007.897575
1742390007.928129
1742390007.958961
1742390007.998822
1742390008.034813
1742390008.061153
1742390008.092808
1742390008.136647
1742390008.163041
1742390008.203727
1742390008.226289
1742390008.270020
1742390008.297312
1742390008.338326
1742390008.359714
1742390008.402609
1742390008.429671
1742390008.471601
1742390008.492808
1742390008.534244
1742390008.564629
1742390008.604682
1742390008.626657
1742390008.672791
1742390008.695325
1742390008.734529
1742390008.759835
1742390008.803084
1742390008.829996
1742390008.871363
1742390008.893263
1742390008.934924
1742390008.962205
1742390009.006674
1742390009.026592
1742390009.069607
1742390009.097554
1742390009.138530
1742390009.160049
1742390009.202111
1742390009.229461
1742390009.273250
1742390009.293371
1742390009.337049
1742390009.364443
1742390009.405389
1742390009.435522
1742390009.460193
1742390009.506776
1742390009.528839
1742390009.571900
1742390009.597913
1742390009.627209
1742390009.673688
1742390009.697748
1742390009.739706
1742390009.760478
1742390009.802008
1742390009.835728
1742390009.868371
1742390009.893885
1742390009.936762
1742390009.965603
1742390010.002097
1742390010.027318
1742390010.072164
1742390010.098151
1742390010.136286
1742390010.160625
