1742704732.115319
1742704732.215343
1742704732.248800
1742704732.282603
1742704732.316039
1742704732.348955
1742704732.381896
1742704732.415218
1742704732.448553
1742704732.482036
1742704732.515966
1742704732.550332
1742704732.582180
1742704732.626851
1742704732.659220
1742704732.692799
1742704732.727996
1742704732.755264
1742704732.793528
1742704732.825043
1742704732.861329
1742704732.891141
1742704732.929407
1742704732.963497
1742704732.995386
1742704733.029724
1742704733.063402
1742704733.096502
1742704733.129166
1742704733.164983
1742704733.196964
1742704733.231254
1742704733.261915
1742704733.296509
1742704733.329729
1742704733.364365
1742704733.394812
1742704733.428833
1742704733.463509
1742704733.496389
1742704733.530754
1742704733.559399
1742704733.584135
1742704733.616428
1742704733.658842
1742704733.691771
1742704733.716387
1742704733.749501
1742704733.791789
1742704733.820071
1742704733.860976
1742704733.882640
1742704733.920891
1742704733.956505
1742704733.990322
1742704734.016124
1742704734.055934
1742704734.089848
1742704734.121025
1742704734.149429
1742704734.186778
1742704734.227285
1742704734.251668
1742704734.282928
1742704734.324674
1742704734.354492
1742704734.390572
1742704734.416277
1742704734.455631
1742704734.484365
1742704734.520983
1742704734.549799
1742704734.588919
1742704734.622413
1742704734.653592
1742704734.683313
1742704734.721032
1742704734.754606
1742704734.787711
1742704734.816756
1742704734.853122
1742704734.888562
1742704734.919938
1742704734.950130
1742704734.987512
1742704735.020235
1742704735.054704
1742704735.083503
1742704735.120721
1742704735.161454
1742704735.184861
1742704735.217026
1742704735.253545
1742704735.292493
1742704735.318927
1742704735.350504
1742704735.387859
1742704735.427008
1742704735.452118
1742704735.483485
1742704735.524976
1742704735.555206
1742704735.593453
1742704735.616921
1742704735.654977
1742704735.690270
1742704735.724910
1742704735.750261
1742704735.787141
1742704735.823750
1742704735.854969
1742704735.883744
1742704735.921411
1742704735.957653
1742704735.988220
1742704736.017140
1742704736.054395
1742704736.090845
1742704736.121745
1742704736.150502
1742704736.191595
1742704736.222150
1742704736.260381
1742704736.283870
1742704736.326009
1742704736.352513
1742704736.397617
1742704736.417373
1742704736.460134
1742704736.485945
1742704736.531091
1742704736.551806
1742704736.595976
1742704736.618881
1742704736.664696
1742704736.684454
1742704736.731126
1742704736.751443
1742704736.798461
1742704736.817831
1742704736.862779
1742704736.885909
1742704736.930953
1742704736.951224
1742704736.998400
1742704737.018407
1742704737.061948
1742704737.084552
1742704737.131610
1742704737.151873
1742704737.192718
1742704737.217971
1742704737.263006
1742704737.285915
1742704737.330321
1742704737.351549
1742704737.396056
1742704737.419291
1742704737.461487
1742704737.484765
1742704737.531058
1742704737.552117
1742704737.599039
1742704737.618177
1742704737.663458
1742704737.685897
1742704737.724190
1742704737.751310
1742704737.799086
1742704737.818555
1742704737.864403
1742704737.885061
1742704737.930868
1742704737.952332
1742704737.997207
1742704738.018282
1742704738.062108
1742704738.086121
1742704738.129285
1742704738.151678
1742704738.193759
1742704738.219770
1742704738.265421
1742704738.285136
1742704738.328337
1742704738.353085
1742704738.399988
1742704738.418579
1742704738.463237
1742704738.486190
1742704738.530195
1742704738.551926
1742704738.598151
1742704738.619427
1742704738.666510
1742704738.685327
1742704738.732967
1742704738.752172
1742704738.799348
1742704738.818844
1742704738.864699
1742704738.885962
1742704738.928246
1742704738.952060
1742704738.998666
1742704739.019138
1742704739.066679
1742704739.085556
1742704739.131132
1742704739.152593
1742704739.199707
1742704739.219182
1742704739.266029
1742704739.286226
1742704739.329381
1742704739.352323
1742704739.400052
1742704739.419124
1742704739.461504
1742704739.485771
1742704739.531946
1742704739.553228
1742704739.596024
1742704739.619052
1742704739.665397
1742704739.686113
1742704739.733240
1742704739.752598
1742704739.798412
1742704739.820130
1742704739.865857
1742704739.886065
1742704739.933358
1742704739.952806
1742704739.999472
1742704740.019720
1742704740.066086
1742704740.086248
1742704740.126890
1742704740.153080
1742704740.199578
1742704740.220065
1742704740.264646
1742704740.286203
1742704740.333192
1742704740.353574
1742704740.396242
1742704740.419732
1742704740.464320
1742704740.486849
1742704740.532010
1742704740.553089
1742704740.596410
1742704740.620609
1742704740.667246
1742704740.686497
1742704740.733756
1742704740.753519
1742704740.800926
1742704740.820022
1742704740.867208
1742704740.886906
1742704740.934122
1742704740.953304
1742704740.994607
1742704741.022459
1742704741.063627
1742704741.086617
1742704741.133056
1742704741.153620
1742704741.195896
1742704741.220293
1742704741.267126
1742704741.287015
1742704741.333334
1742704741.353453
1742704741.400784
1742704741.420742
1742704741.468017
1742704741.486990
1742704741.533737
1742704741.554332
1742704741.599355
1742704741.620423
1742704741.663760
1742704741.690787
1742704741.733586
1742704741.753764
1742704741.798997
1742704741.820961
1742704741.865752
1742704741.887102
1742704741.933652
1742704741.954425
1742704741.996976
1742704742.033197
1742704742.054332
1742704742.101183
1742704742.121408
1742704742.166334
1742704742.187541
1742704742.232586
1742704742.254873
1742704742.301478
1742704742.321805
1742704742.363785
1742704742.388390
1742704742.431154
1742704742.455882
1742704742.497596
1742704742.521687
1742704742.566750
1742704742.587673
1742704742.629078
1742704742.654639
1742704742.700927
1742704742.721961
1742704742.764111
1742704742.788690
1742704742.834533
1742704742.855516
1742704742.894677
1742704742.926709
1742704742.962003
1742704742.997757
1742704743.021270
1742704743.065377
1742704743.090037
1742704743.133548
1742704743.154422
1742704743.200216
1742704743.221908
1742704743.266406
1742704743.287722
1742704743.334092
1742704743.355974
1742704743.400432
1742704743.421268
1742704743.467477
1742704743.489249
1742704743.532972
1742704743.554788
1742704743.598193
1742704743.624790
1742704743.666477
1742704743.688292
1742704743.734511
1742704743.756436
1742704743.802445
1742704743.821603
1742704743.865884
1742704743.892357
1742704743.934942
1742704743.954837
1742704744.001960
1742704744.022649
1742704744.066342
1742704744.088291
1742704744.136086
1742704744.156765
1742704744.199924
1742704744.221752
1742704744.267457
1742704744.290193
1742704744.336366
1742704744.355198
1742704744.391952
1742704744.427139
1742704744.459096
1742704744.490452
1742704744.532480
1742704744.558321
1742704744.600875
1742704744.621761
1742704744.669158
1742704744.690643
1742704744.733755
1742704744.755064
1742704744.798884
1742704744.825931
1742704744.867108
1742704744.888470
1742704744.936667
1742704744.957325
1742704745.003808
1742704745.022104
1742704745.067212
1742704745.090540
1742704745.133207
1742704745.155339
1742704745.200071
1742704745.223895
1742704745.267237
1742704745.288763
1742704745.335229
1742704745.358264
1742704745.400923
1742704745.422166
1742704745.464902
1742704745.495557
1742704745.534025
1742704745.555663
1742704745.600954
1742704745.624819
1742704745.667711
1742704745.689039
1742704745.734278
1742704745.758705
1742704745.802217
1742704745.822343
1742704745.868871
1742704745.891898
1742704745.934569
1742704745.955729
1742704746.003059
1742704746.025031
1742704746.065758
1742704746.089114
1742704746.135828
1742704746.158926
1742704746.200424
1742704746.222361
1742704746.268119
1742704746.292016
1742704746.335232
1742704746.355801
1742704746.401340
1742704746.425120
1742704746.467583
1742704746.489163
1742704746.533578
1742704746.557118
1742704746.599660
1742704746.622506
1742704746.666004
1742704746.692171
1742704746.734272
1742704746.756097
1742704746.802544
1742704746.825684
1742704746.870500
1742704746.889433
1742704746.934909
1742704746.958400
1742704747.000795
1742704747.022798
1742704747.066201
1742704747.092444
1742704747.136038
1742704747.156200
1742704747.203019
1742704747.224501
1742704747.267394
1742704747.289755
1742704747.333078
1742704747.359890
1742704747.403631
1742704747.423112
1742704747.466810
1742704747.493455
1742704747.534969
1742704747.556391
1742704747.599515
1742704747.629053
1742704747.668986
1742704747.689884
1742704747.736325
1742704747.760236
1742704747.802412
1742704747.823437
1742704747.870859
1742704747.893048
1742704747.936695
1742704747.957076
1742704748.000746
1742704748.028221
1742704748.069668
1742704748.090168
1742704748.133966
1742704748.161866
1742704748.201915
1742704748.222994
1742704748.258884
1742704748.290374
1742704748.323110
1742704748.356584
1742704748.389972
1742704748.433237
1742704748.461112
1742704748.490449
1742704748.535093
1742704748.560710
1742704748.602910
1742704748.623526
1742704748.667262
1742704748.694813
1742704748.736301
1742704748.757028
1742704748.800586
1742704748.827734
1742704748.869661
1742704748.890388
1742704748.938037
1742704748.959071
1742704749.003489
1742704749.023797
1742704749.070912
1742704749.093000
1742704749.136650
1742704749.157197
1742704749.204754
1742704749.226472
1742704749.269671
1742704749.290655
1742704749.334045
1742704749.363065
1742704749.400933
1742704749.423995
1742704749.471277
1742704749.493761
1742704749.535849
1742704749.557287
1742704749.600557
1742704749.630347
1742704749.670811
1742704749.690876
1742704749.735402
1742704749.761913
1742704749.801540
1742704749.824124
1742704749.869582
1742704749.895517
1742704749.926547
1742704749.967479
1742704749.996753
1742704750.033718
1742704750.057823
1742704750.103103
1742704750.128521
1742704750.166407
1742704750.191068
1742704750.237158
1742704750.262467
1742704750.303536
1742704750.332357
1742704750.367082
1742704750.391155
1742704750.435222
1742704750.464718
1742704750.502495
1742704750.530069
1742704750.562642
1742704750.597650
1742704750.633363
1742704750.663946
1742704750.694437
1742704750.730701
1742704750.768914
1742704750.798523
1742704750.827782
1742704750.869468
1742704750.897029
1742704750.937553
1742704750.958371
1742704751.002340
1742704751.030986
1742704751.068436
1742704751.092173
1742704751.137789
1742704751.163151
1742704751.201422
1742704751.225313
1742704751.270335
1742704751.296988
1742704751.336873
1742704751.358550
1742704751.404295
1742704751.429274
1742704751.467953
1742704751.492251
1742704751.535884
1742704751.565323
1742704751.603128
1742704751.625329
1742704751.671090
1742704751.696604
1742704751.736830
1742704751.758806
1742704751.805756
1742704751.826962
1742704751.869506
1742704751.892328
1742704751.937705
1742704751.963328
1742704752.003214
1742704752.025693
1742704752.071454
1742704752.096959
1742704752.137150
1742704752.159131
1742704752.204436
1742704752.230110
1742704752.269962
1742704752.292466
1742704752.333872
1742704752.368894
1742704752.399022
1742704752.429650
1742704752.466314
1742704752.501799
1742704752.533761
1742704752.560012
1742704752.601685
1742704752.632768
1742704752.668849
1742704752.692501
1742704752.738966
1742704752.763395
1742704752.802934
1742704752.825760
1742704752.872681
1742704752.896556
1742704752.937038
1742704752.959875
1742704753.002157
1742704753.031274
1742704753.072063
1742704753.092972
1742704753.136257
1742704753.166868
1742704753.202624
1742704753.226651
1742704753.269215
1742704753.299530
1742704753.334476
1742704753.359713
1742704753.404482
1742704753.429347
1742704753.470139
1742704753.492668
1742704753.535308
1742704753.567810
1742704753.601473
1742704753.626239
1742704753.672069
1742704753.697389
1742704753.737005
1742704753.759540
1742704753.802521
1742704753.831112
1742704753.871790
1742704753.893248
1742704753.936063
1742704753.968244
1742704753.998361
1742704754.029415
1742704754.070127
1742704754.100298
1742704754.136588
1742704754.160405
1742704754.202094
1742704754.232677
1742704754.269776
1742704754.293555
1742704754.336147
1742704754.367091
1742704754.401024
1742704754.429652
1742704754.467037
1742704754.499202
1742704754.535733
1742704754.560261
1742704754.602737
1742704754.632126
1742704754.670298
1742704754.693284
1742704754.735866
1742704754.768113
1742704754.801612
1742704754.827009
1742704754.870641
1742704754.898178
1742704754.938878
1742704754.960086
1742704755.002266
1742704755.034859
1742704755.065602
1742704755.098176
1742704755.138130
1742704755.165550
1742704755.201010
1742704755.230058
1742704755.270779
1742704755.299723
1742704755.335731
1742704755.361767
1742704755.404250
1742704755.433545
1742704755.470468
1742704755.493987
1742704755.537131
1742704755.567265
1742704755.599974
1742704755.630891
1742704755.669948
1742704755.700320
1742704755.736349
1742704755.763181
1742704755.802444
1742704755.836848
1742704755.868347
1742704755.898650
1742704755.937280
1742704755.967192
1742704756.002401
1742704756.032043
1742704756.070660
1742704756.100961
1742704756.136171
1742704756.165543
1742704756.204636
1742704756.234037
1742704756.266417
1742704756.300070
1742704756.335496
1742704756.370582
1742704756.401479
1742704756.428632
1742704756.472811
1742704756.498543
1742704756.535413
1742704756.560652
1742704756.596093
1742704756.628030
1742704756.660990
1742704756.695436
1742704756.734284
1742704756.770486
1742704756.800490
1742704756.832300
1742704756.870760
1742704756.900698
1742704756.933817
1742704756.965167
1742704757.006159
1742704757.029462
1742704757.070738
1742704757.095190
1742704757.135743
1742704757.170716
1742704757.202774
1742704757.230037
1742704757.270910
1742704757.300726
1742704757.333430
1742704757.364843
1742704757.405146
1742704757.433992
1742704757.470161
1742704757.495528
1742704757.535331
1742704757.568826
1742704757.605306
1742704757.629017
1742704757.671525
1742704757.701324
1742704757.736215
1742704757.766062
1742704757.802830
1742704757.836716
1742704757.871822
1742704757.898170
1742704757.939416
1742704757.966241
1742704758.006350
1742704758.029096
1742704758.070333
1742704758.105096
1742704758.134647
1742704758.167896
1742704758.203577
1742704758.238972
1742704758.268635
1742704758.299660
1742704758.337727
1742704758.368661
1742704758.405328
1742704758.428717
1742704758.469286
1742704758.504589
1742704758.536064
1742704758.562395
1742704758.602632
1742704758.637781
1742704758.668040
1742704758.700760
1742704758.728768
1742704758.769708
1742704758.804962
1742704758.835600
1742704758.871240
1742704758.899952
1742704758.937254
1742704758.969036
1742704759.004663
1742704759.031244
1742704759.073225
1742704759.101756
1742704759.137027
1742704759.165572
1742704759.206195
1742704759.234066
1742704759.269000
1742704759.300391
1742704759.339107
1742704759.369618
1742704759.405103
1742704759.430274
1742704759.471547
1742704759.500888
1742704759.538233
1742704759.566424
1742704759.603443
1742704759.639005
1742704759.669359
1742704759.700623
1742704759.736317
1742704759.772527
1742704759.804784
1742704759.832703
1742704759.871607
1742704759.901367
1742704759.937538
1742704759.963354
1742704760.004156
1742704760.037998
1742704760.069535
1742704760.100273
1742704760.139013
1742704760.169401
1742704760.203918
1742704760.233434
1742704760.272475
1742704760.301219
1742704760.337198
1742704760.363908
1742704760.404425
1742704760.439494
1742704760.468985
1742704760.497163
1742704760.534389
1742704760.573493
1742704760.602759
1742704760.633235
1742704760.671276
1742704760.704072
1742704760.738728
1742704760.763848
1742704760.806496
1742704760.836402
1742704760.872046
1742704760.897391
1742704760.939315
1742704760.967632
1742704761.005940
1742704761.032975
1742704761.072112
1742704761.103402
1742704761.139764
1742704761.163477
1742704761.204960
1742704761.236247
1742704761.272384
1742704761.298277
1742704761.336773
1742704761.372739
1742704761.405120
1742704761.432544
1742704761.475417
1742704761.500027
1742704761.540979
1742704761.563524
1742704761.605605
1742704761.639188
1742704761.673666
1742704761.698876
1742704761.740399
1742704761.768320
1742704761.808333
1742704761.831096
1742704761.874081
1742704761.901475
1742704761.941720
1742704761.963723
1742704762.007800
1742704762.033878
1742704762.071745
1742704762.101769
1742704762.141052
1742704762.168207
1742704762.207866
1742704762.232098
1742704762.271339
1742704762.302391
1742704762.343640
1742704762.363823
1742704762.409545
1742704762.434034
1742704762.475658
1742704762.497109
1742704762.543222
1742704762.567043
1742704762.608293
1742704762.630850
1742704762.673994
1742704762.700789
1742704762.741305
1742704762.764427
1742704762.807213
1742704762.834325
1742704762.875533
1742704762.897440
1742704762.942859
1742704762.967278
1742704763.008235
1742704763.031163
1742704763.075931
1742704763.100661
1742704763.142860
1742704763.164196
1742704763.208699
1742704763.233744
1742704763.275059
1742704763.298064
1742704763.339755
1742704763.374514
1742704763.401131
1742704763.435361
1742704763.474340
1742704763.501589
1742704763.542971
1742704763.564352
1742704763.609998
1742704763.633998
1742704763.674175
1742704763.697595
1742704763.743419
1742704763.767420
1742704763.805634
1742704763.833220
1742704763.875316
1742704763.901114
1742704763.939526
1742704763.967366
1742704764.008157
1742704764.035437
1742704764.073109
1742704764.102215
1742704764.142628
1742704764.167677
1742704764.205673
1742704764.236561
1742704764.275214
1742704764.302016
1742704764.344597
1742704764.365010
1742704764.409674
1742704764.434702
1742704764.473008
1742704764.500979
1742704764.542554
1742704764.568452
1742704764.606768
1742704764.632108
1742704764.677215
1742704764.700783
1742704764.739197
1742704764.765738
1742704764.809291
1742704764.834952
1742704764.873311
1742704764.898767
1742704764.941357
1742704764.969522
1742704765.008438
1742704765.032609
1742704765.078674
1742704765.101264
1742704765.143148
1742704765.165394
1742704765.210371
1742704765.233359
1742704765.278383
1742704765.298823
1742704765.346065
1742704765.367364
1742704765.410754
1742704765.432103
1742704765.475009
1742704765.502396
1742704765.542850
1742704765.565689
1742704765.611226
1742704765.634633
1742704765.677482
1742704765.698804
1742704765.745607
1742704765.767897
1742704765.805921
1742704765.835302
1742704765.876269
1742704765.902452
1742704765.940543
1742704765.966686
1742704766.011244
1742704766.034422
1742704766.073213
1742704766.102876
1742704766.143942
1742704766.168267
1742704766.205939
1742704766.235724
1742704766.276984
1742704766.301533
1742704766.343021
1742704766.365839
1742704766.409501
1742704766.435899
1742704766.479111
1742704766.499324
1742704766.545148
1742704766.568406
1742704766.606123
1742704766.634213
1742704766.673013
1742704766.709567
1742704766.735095
1742704766.770676
1742704766.805632
1742704766.841129
1742704766.869111
1742704766.903538
1742704766.940827
1742704766.972198
1742704767.011548
1742704767.044647
1742704767.066366
1742704767.113358
1742704767.135047
1742704767.177228
1742704767.202443
1742704767.243865
1742704767.267492
1742704767.313921
1742704767.334769
1742704767.375245
1742704767.401784
1742704767.441235
1742704767.471361
1742704767.503937
1742704767.542273
1742704767.569038
1742704767.606810
1742704767.633196
1742704767.679157
1742704767.701535
1742704767.746470
1742704767.766661
1742704767.812594
1742704767.835271
1742704767.874719
1742704767.900622
1742704767.947009
1742704767.968574
1742704768.014143
1742704768.033469
1742704768.080650
1742704768.101545
1742704768.147774
1742704768.167023
1742704768.214175
1742704768.235086
1742704768.274856
1742704768.302082
1742704768.340704
1742704768.376064
1742704768.404668
1742704768.439232
1742704768.474714
1742704768.502962
1742704768.546221
1742704768.567035
1742704768.614092
1742704768.635055
1742704768.679292
1742704768.700429
1742704768.747824
1742704768.767899
1742704768.814506
1742704768.834002
1742704768.880064
1742704768.902010
1742704768.945399
1742704768.967320
1742704769.014755
1742704769.035219
1742704769.078615
1742704769.100983
1742704769.142806
1742704769.170961
1742704769.213502
1742704769.234123
1742704769.280971
1742704769.301946
1742704769.347993
1742704769.367526
1742704769.414314
1742704769.435154
1742704769.479640
1742704769.501037
1742704769.545809
1742704769.568803
1742704769.615044
1742704769.634406
1742704769.681766
1742704769.701722
1742704769.748263
1742704769.767787
1742704769.814267
1742704769.835617
1742704769.881560
1742704769.901076
1742704769.948087
1742704769.969040
1742704770.015737
1742704770.034565
1742704770.080531
1742704770.102368
1742704770.148874
1742704770.167985
1742704770.213174
1742704770.235738
1742704770.282580
1742704770.301390
1742704770.348360
1742704770.368954
1742704770.414745
1742704770.434663
1742704770.481646
1742704770.502168
1742704770.548348
1742704770.568102
1742704770.614523
1742704770.635769
1742704770.678831
1742704770.701498
1742704770.747807
1742704770.769162
1742704770.812585
1742704770.834943
1742704770.879299
1742704770.902561
1742704770.939528
1742704770.968293
1742704771.006378
1742704771.038834
1742704771.079430
1742704771.101408
1742704771.145474
1742704771.169123
1742704771.215153
1742704771.235337
1742704771.281686
1742704771.302586
1742704771.348556
1742704771.368557
1742704771.412082
1742704771.438182
1742704771.479602
1742704771.502035
1742704771.547476
1742704771.569485
1742704771.613947
1742704771.635199
1742704771.678373
1742704771.702910
1742704771.748419
1742704771.768670
1742704771.814600
1742704771.836191
1742704771.882483
1742704771.902061
1742704771.949232
1742704771.968743
1742704772.012333
1742704772.035566
1742704772.082841
1742704772.102255
1742704772.149757
1742704772.169086
1742704772.213629
1742704772.236150
1742704772.281824
1742704772.302905
1742704772.347822
1742704772.369409
1742704772.415556
1742704772.435997
1742704772.482893
1742704772.502587
1742704772.548585
1742704772.569121
1742704772.614437
1742704772.636326
1742704772.683101
1742704772.702551
1742704772.746660
1742704772.769851
1742704772.815364
1742704772.835907
1742704772.882952
1742704772.903097
1742704772.946449
1742704772.969276
1742704773.015553
1742704773.036302
1742704773.083267
1742704773.102743
1742704773.149799
1742704773.169571
1742704773.216492
1742704773.236078
1742704773.283189
1742704773.303018
1742704773.349789
1742704773.369495
1742704773.415642
1742704773.436598
1742704773.479461
1742704773.503182
1742704773.549667
1742704773.570069
1742704773.616745
1742704773.636232
1742704773.682058
1742704773.703594
1742704773.750589
1742704773.769776
1742704773.813640
1742704773.840483
1742704773.882291
1742704773.903013
1742704773.950357
1742704773.970202
1742704774.017196
1742704774.036486
1742704774.082868
1742704774.103717
1742704774.150630
1742704774.169891
1742704774.213729
1742704774.237051
1742704774.282651
1742704774.303314
1742704774.349720
1742704774.370761
1742704774.417538
1742704774.436734
1742704774.483834
1742704774.504003
1742704774.550183
1742704774.570189
1742704774.614775
1742704774.637343
1742704774.683205
1742704774.703451
1742704774.750424
1742704774.770907
1742704774.814258
1742704774.836799
1742704774.880080
1742704774.904559
1742704774.947784
1742704774.970140
1742704775.016865
1742704775.037620
1742704775.082684
1742704775.103684
1742704775.146469
1742704775.175389
1742704775.216666
1742704775.237006
1742704775.283644
1742704775.304511
1742704775.347908
1742704775.382583
1742704775.404311
1742704775.448367
1742704775.477247
1742704775.514170
1742704775.543043
1742704775.571890
1742704775.615350
1742704775.638483
1742704775.683833
1742704775.704198
1742704775.751359
1742704775.772363
1742704775.818103
1742704775.837516
1742704775.881075
1742704775.907648
1742704775.949525
1742704775.970726
1742704776.017935
1742704776.038930
1742704776.081678
1742704776.104110
1742704776.148280
1742704776.174128
1742704776.214898
1742704776.237693
1742704776.281561
1742704776.308636
1742704776.350366
1742704776.370995
1742704776.417884
1742704776.439200
1742704776.485840
1742704776.504516
1742704776.547237
1742704776.576096
1742704776.617602
1742704776.637987
1742704776.684696
1742704776.706265
1742704776.752506
1742704776.771344
1742704776.814617
1742704776.843283
1742704776.884716
1742704776.904534
1742704776.951265
1742704776.972952
1742704777.016367
1742704777.037905
1742704777.084668
1742704777.106859
1742704777.148480
1742704777.171354
1742704777.214432
1742704777.243994
1742704777.283839
1742704777.304758
1742704777.351726
1742704777.374282
1742704777.416835
1742704777.438335
1742704777.485652
1742704777.506793
1742704777.550575
1742704777.571456
1742704777.618356
1742704777.641020
1742704777.682064
1742704777.705126
1742704777.748898
1742704777.777646
1742704777.816826
1742704777.838259
1742704777.882052
1742704777.910774
1742704777.951317
1742704777.971658
1742704778.018980
1742704778.041430
1742704778.085221
1742704778.105314
1742704778.148802
1742704778.176868
1742704778.217435
1742704778.239343
1742704778.285700
1742704778.308011
1742704778.351315
1742704778.372373
1742704778.417148
1742704778.441009
1742704778.485469
1742704778.506361
1742704778.550069
1742704778.576210
1742704778.617894
1742704778.638973
1742704778.682914
1742704778.709736
1742704778.751865
1742704778.772172
1742704778.815451
1742704778.844196
1742704778.879396
1742704778.908053
1742704778.950086
1742704778.976711
1742704779.019000
1742704779.038891
1742704779.082962
1742704779.110630
1742704779.151842
1742704779.172340
1742704779.217344
1742704779.242244
1742704779.286074
1742704779.305730
1742704779.352807
1742704779.375720
1742704779.418308
1742704779.439116
1742704779.485214
1742704779.509746
1742704779.551364
1742704779.572643
1742704779.615742
1742704779.646145
1742704779.682117
1742704779.706440
1742704779.749910
1742704779.775638
1742704779.816842
1742704779.839363
1742704779.880569
1742704779.915293
1742704779.945709
1742704779.976131
1742704780.016860
1742704780.046213
1742704780.082248
1742704780.106483
1742704780.153056
1742704780.176476
1742704780.218475
1742704780.239853
1742704780.282755
1742704780.309854
1742704780.351978
1742704780.373440
1742704780.417586
1742704780.444157
1742704780.484655
1742704780.507689
1742704780.550194
1742704780.578723
1742704780.618383
1742704780.640080
1742704780.683666
1742704780.713127
1742704780.751238
1742704780.773092
1742704780.819606
1742704780.844046
1742704780.885261
1742704780.906528
1742704780.953160
1742704780.976572
1742704781.018571
1742704781.039859
1742704781.083711
1742704781.111802
1742704781.153205
1742704781.173309
1742704781.217542
1742704781.245918
1742704781.286660
1742704781.306860
1742704781.354433
1742704781.375612
1742704781.419644
1742704781.440205
1742704781.487426
1742704781.511286
1742704781.549406
1742704781.573907
1742704781.617457
1742704781.646113
1742704781.683315
1742704781.706954
1742704781.754271
1742704781.775853
1742704781.817801
1742704781.840410
1742704781.885334
1742704781.910833
1742704781.952084
1742704781.973992
1742704782.020231
1742704782.044902
1742704782.084512
1742704782.107719
1742704782.153120
1742704782.176052
1742704782.218681
1742704782.240741
1742704782.283716
1742704782.313056
1742704782.351915
1742704782.374219
1742704782.419477
1742704782.445203
1742704782.478372
1742704782.513865
1742704782.549116
1742704782.582588
1742704782.615816
1742704782.641785
1742704782.686681
1742704782.711920
1742704782.752723
1742704782.774081
1742704782.820032
1742704782.845304
1742704782.884002
1742704782.907528
1742704782.950379
1742704782.980693
1742704783.019099
1742704783.040921
1742704783.086268
1742704783.112516
1742704783.153166
1742704783.174402
1742704783.218840
1742704783.247311
1742704783.285366
1742704783.308064
1742704783.353800
1742704783.377915
1742704783.418728
1742704783.441239
1742704783.487575
1742704783.511969
1742704783.552478
1742704783.574638
1742704783.620610
1742704783.645591
1742704783.684853
1742704783.719971
1742704783.741287
1742704783.786641
1742704783.812556
1742704783.851602
1742704783.881573
1742704783.912893
1742704783.949969
1742704783.985405
1742704784.015250
1742704784.045841
1742704784.085670
1742704784.114767
1742704784.152749
1742704784.175702
1742704784.218132
1742704784.249005
1742704784.284377
1742704784.311481
1742704784.349672
1742704784.379386
1742704784.418872
1742704784.443148
1742704784.485504
1742704784.513924
1742704784.553659
1742704784.575819
1742704784.619954
1742704784.646191
1742704784.685494
1742704784.711120
1742704784.749587
1742704784.784528
1742704784.815237
1742704784.846346
1742704784.882323
1742704784.917797
1742704784.949116
1742704784.980124
1742704785.017362
1742704785.049026
1742704785.085079
1742704785.113157
1742704785.151821
1742704785.182955
1742704785.218613
1742704785.245502
1742704785.284384
1742704785.314903
1742704785.352357
1742704785.376058
1742704785.421364
1742704785.446429
1742704785.486960
1742704785.508910
1742704785.554402
1742704785.579418
1742704785.618785
1742704785.643917
1742704785.685901
1742704785.715420
1742704785.750910
1742704785.778771
1742704785.819060
1742704785.849619
1742704785.885593
1742704785.910217
1742704785.952364
1742704785.982524
1742704786.018671
1742704786.045134
1742704786.084697
1742704786.118336
1742704786.148197
1742704786.182559
1742704786.215790
1742704786.252012
1742704786.284943
1742704786.311850
1742704786.350304
1742704786.383988
1742704786.419942
1742704786.446655
1742704786.486622
1742704786.516116
1742704786.552329
1742704786.576938
1742704786.614069
1742704786.647346
1742704786.681456
1742704786.715778
1742704786.750868
1742704786.786018
1742704786.816103
1742704786.847851
1742704786.883696
1742704786.916002
1742704786.952342
1742704786.976314
1742704787.018350
1742704787.051482
1742704787.082917
1742704787.111869
1742704787.151743
1742704787.184377
1742704787.216282
1742704787.244968
1742704787.286654
1742704787.314458
1742704787.352345
1742704787.379714
1742704787.420418
1742704787.448905
1742704787.484967
1742704787.511255
1742704787.553431
1742704787.581926
1742704787.618254
1742704787.643900
1742704787.687040
1742704787.716500
1742704787.748870
1742704787.781179
1742704787.820528
1742704787.847970
1742704787.885465
1742704787.911011
1742704787.952722
1742704787.982745
1742704788.019961
1742704788.044826
1742704788.083041
1742704788.119661
1742704788.150888
1742704788.178084
1742704788.219398
1742704788.249034
1742704788.286759
1742704788.314187
1742704788.355294
1742704788.381712
1742704788.422433
1742704788.444940
1742704788.485284
1742704788.520723
1742704788.545055
1742704788.577624
1742704788.613172
1742704788.651216
1742704788.684656
1742704788.711197
1742704788.749881
1742704788.787716
1742704788.814942
1742704788.844573
1742704788.883428
1742704788.918015
1742704788.950860
1742704788.977109
1742704789.019710
1742704789.050084
1742704789.082989
1742704789.113193
1742704789.151756
1742704789.183495
1742704789.219789
1742704789.244564
1742704789.282920
1742704789.319387
1742704789.352629
1742704789.377445
1742704789.419796
1742704789.452255
1742704789.484807
1742704789.513001
1742704789.551529
1742704789.585069
1742704789.619317
1742704789.644857
1742704789.683938
1742704789.719131
1742704789.753928
1742704789.777423
1742704789.821875
1742704789.849947
1742704789.887567
1742704789.910789
1742704789.953088
1742704789.985941
1742704790.020095
1742704790.044061
1742704790.083029
1742704790.120348
1742704790.150169
1742704790.180823
1742704790.221481
1742704790.250928
1742704790.286795
1742704790.314477
1742704790.355472
1742704790.380531
1742704790.421773
1742704790.446241
1742704790.486582
1742704790.516311
1742704790.555452
1742704790.578317
1742704790.618978
1742704790.653501
1742704790.685399
1742704790.714531
1742704790.751706
1742704790.786644
1742704790.818228
1742704790.847116
1742704790.888601
1742704790.916377
1742704790.955257
1742704790.978003
1742704791.020191
1742704791.051787
1742704791.086030
1742704791.113518
1742704791.154261
1742704791.183785
1742704791.216795
1742704791.249904
1742704791.283894
1742704791.319135
1742704791.353323
1742704791.378531
1742704791.419099
1742704791.450730
1742704791.485452
1742704791.513475
1742704791.553313
1742704791.583361
1742704791.617827
1742704791.646374
1742704791.687603
1742704791.717533
1742704791.752329
1742704791.779298
1742704791.819715
1742704791.854881
1742704791.884554
1742704791.913927
1742704791.955105
1742704791.983272
1742704792.018754
1742704792.055511
1742704792.078582
1742704792.121301
1742704792.151142
1742704792.187787
1742704792.217730
1742704792.251399
1742704792.285837
1742704792.322483
1742704792.351828
1742704792.383407
1742704792.422826
1742704792.451508
1742704792.484127
1742704792.517103
1742704792.552683
1742704792.588464
1742704792.619976
1742704792.649478
1742704792.690208
1742704792.716254
1742704792.755809
1742704792.779146
1742704792.820398
1742704792.852435
1742704792.888709
1742704792.912845
1742704792.954128
1742704792.985926
1742704793.021804
1742704793.045760
1742704793.086715
1742704793.122580
1742704793.151260
1742704793.183838
1742704793.223037
1742704793.251982
1742704793.287465
1742704793.316569
1742704793.356591
1742704793.384020
1742704793.421249
1742704793.446605
1742704793.487402
1742704793.520741
1742704793.552882
1742704793.581209
1742704793.622050
1742704793.651894
1742704793.690716
1742704793.712734
1742704793.753301
1742704793.789444
1742704793.819222
1742704793.850262
1742704793.890069
1742704793.917428
1742704793.955837
1742704793.981090
1742704794.022781
1742704794.052493
1742704794.090195
1742704794.113497
1742704794.157500
1742704794.179350
1742704794.222395
1742704794.248207
1742704794.289086
1742704794.320081
1742704794.354741
1742704794.383527
1742704794.422346
1742704794.455369
1742704794.485016
1742704794.518359
1742704794.554362
1742704794.586061
1742704794.621899
1742704794.648956
1742704794.691083
1742704794.717201
1742704794.757954
1742704794.779879
1742704794.822413
1742704794.852356
1742704794.889366
1742704794.913837
1742704794.957804
1742704794.983554
1742704795.024667
1742704795.046546
1742704795.089300
1742704795.119080
1742704795.154433
1742704795.181447
1742704795.222505
1742704795.254504
1742704795.286785
1742704795.315886
1742704795.358937
1742704795.383594
1742704795.421597
1742704795.448588
1742704795.488625
1742704795.521337
1742704795.554784
1742704795.581430
1742704795.622728
1742704795.651564
1742704795.692332
1742704795.713559
1742704795.759117
1742704795.782860
1742704795.823805
1742704795.847020
1742704795.890092
1742704795.916768
1742704795.958055
1742704795.980488
1742704796.023884
1742704796.049980
1742704796.093410
1742704796.114024
1742704796.160443
1742704796.183630
1742704796.225249
1742704796.247489
1742704796.290499
1742704796.317186
1742704796.360065
1742704796.380642
1742704796.426788
1742704796.450412
1742704796.488349
1742704796.517157
1742704796.558471
1742704796.583053
1742704796.624472
1742704796.648943
1742704796.687720
1742704796.724589
1742704796.751410
1742704796.786370
1742704796.822482
1742704796.854197
1742704796.886696
1742704796.918380
1742704796.957973
1742704796.984715
1742704797.022953
1742704797.047935
1742704797.094354
1742704797.116826
1742704797.158023
1742704797.180886
1742704797.228274
1742704797.250382
1742704797.291766
1742704797.314466
1742704797.358266
1742704797.384565
1742704797.426439
1742704797.447928
1742704797.495242
1742704797.516654
1742704797.558115
1742704797.581973
1742704797.627148
1742704797.650632
1742704797.692853
1742704797.714638
1742704797.758338
1742704797.784618
1742704797.822017
1742704797.850185
1742704797.888636
1742704797.925186
1742704797.951798
1742704797.985642
1742704798.022950
1742704798.058561
1742704798.085181
1742704798.119499
1742704798.156931
1742704798.186372
1742704798.224558
1742704798.248434
1742704798.291279
1742704798.318016
1742704798.359584
1742704798.381818
1742704798.428355
1742704798.450402
1742704798.492399
1742704798.516292
1742704798.558383
1742704798.585088
1742704798.622376
1742704798.653208
1742704798.691286
1742704798.718276
1742704798.757098
1742704798.782020
1742704798.828545
1742704798.850742
1742704798.887834
1742704798.919479
1742704798.956272
1742704798.991266
1742704799.019829
1742704799.052808
1742704799.089952
1742704799.123178
1742704799.155299
1742704799.186656
1742704799.222979
1742704799.260266
1742704799.284104
1742704799.320132
1742704799.357678
1742704799.384341
1742704799.423504
1742704799.450582
1742704799.496116
1742704799.517495
1742704799.556043
1742704799.586122
1742704799.626082
1742704799.652116
1742704799.694566
1742704799.715728
1742704799.761466
1742704799.784361
1742704799.825240
1742704799.849311
1742704799.895556
1742704799.917698
1742704799.960115
1742704799.982495
1742704800.021210
1742704800.061019
1742704800.084599
1742704800.121049
1742704800.159046
1742704800.185542
1742704800.228514
1742704800.249430
1742704800.296173
1742704800.317713
1742704800.359053
1742704800.395134
1742704800.416212
1742704800.462784
1742704800.484552
1742704800.528091
1742704800.551624
1742704800.595090
1742704800.616269
1742704800.663859
1742704800.684585
1742704800.723189
1742704800.751393
1742704800.796447
1742704800.817998
1742704800.858683
1742704800.884677
1742704800.930284
1742704800.951101
1742704800.993070
1742704801.017556
1742704801.064664
1742704801.084101
1742704801.121800
1742704801.156362
1742704801.187750
1742704801.228329
1742704801.249976
1742704801.297199
1742704801.317601
1742704801.360789
1742704801.383645
1742704801.430564
1742704801.450851
1742704801.497503
1742704801.516891
1742704801.563459
1742704801.584141
1742704801.630577
1742704801.650362
1742704801.696685
1742704801.716892
1742704801.754408
1742704801.782931
1742704801.829106
1742704801.851504
1742704801.891939
1742704801.917226
1742704801.953608
1742704801.988511
1742704802.019507
1742704802.050370
1742704802.088866
1742704802.126044
1742704802.153403
1742704802.188342
1742704802.227190
1742704802.252646
1742704802.293427
1742704802.317452
1742704802.364720
1742704802.384469
1742704802.427886
1742704802.450607
1742704802.497459
1742704802.518244
1742704802.564082
1742704802.584055
1742704802.630958
1742704802.651666
1742704802.697490
1742704802.717413
1742704802.764779
1742704802.784829
1742704802.828439
1742704802.851017
1742704802.898056
1742704802.918293
1742704802.965210
1742704802.984195
1742704803.030206
1742704803.051877
1742704803.097670
1742704803.117541
1742704803.160912
1742704803.185532
1742704803.228739
1742704803.250994
1742704803.297606
1742704803.318558
1742704803.360142
1742704803.384444
1742704803.431628
1742704803.451533
1742704803.498858
1742704803.517758
1742704803.565003
1742704803.585056
1742704803.628226
1742704803.651382
1742704803.697834
1742704803.718907
1742704803.764683
1742704803.784803
1742704803.827713
1742704803.854440
1742704803.896062
1742704803.918437
1742704803.964774
1742704803.985171
1742704804.031936
1742704804.051381
1742704804.097097
1742704804.118724
1742704804.165689
1742704804.184809
1742704804.227853
1742704804.253155
1742704804.295545
1742704804.318102
1742704804.364182
1742704804.385356
1742704804.432108
1742704804.451568
1742704804.494455
1742704804.519458
1742704804.564224
1742704804.585059
1742704804.628447
1742704804.652161
1742704804.695690
1742704804.718344
1742704804.764736
1742704804.785452
1742704804.832156
1742704804.851658
1742704804.898519
1742704804.918548
1742704804.965787
1742704804.985120
1742704805.027690
1742704805.052934
1742704805.098936
1742704805.118530
1742704805.164116
1742704805.185561
1742704805.231808
1742704805.251865
1742704805.295358
1742704805.318983
1742704805.365870
1742704805.385286
1742704805.432089
1742704805.452375
1742704805.496079
1742704805.518518
1742704805.565280
1742704805.585351
1742704805.628988
1742704805.652029
1742704805.695723
1742704805.719017
1742704805.763076
1742704805.785422
1742704805.828966
1742704805.852527
1742704805.898413
1742704805.918811
1742704805.963294
1742704805.985972
1742704806.029331
1742704806.052268
1742704806.098920
1742704806.119224
1742704806.162457
1742704806.185768
1742704806.228763
1742704806.252887
1742704806.299329
1742704806.319150
1742704806.366369
1742704806.386464
1742704806.428023
1742704806.453103
1742704806.499548
1742704806.519609
1742704806.566746
1742704806.586102
1742704806.628840
1742704806.656206
1742704806.698904
1742704806.719607
1742704806.762861
1742704806.790232
1742704806.833158
1742704806.852857
1742704806.899754
1742704806.920147
1742704806.966275
1742704806.986165
1742704807.029710
1742704807.053356
1742704807.097913
1742704807.119513
1742704807.164762
1742704807.186720
1742704807.231584
1742704807.252857
1742704807.299501
1742704807.320393
1742704807.367028
1742704807.386339
1742704807.429927
1742704807.453549
1742704807.498335
1742704807.519751
1742704807.562794
1742704807.590055
1742704807.631004
1742704807.653152
1742704807.699683
1742704807.720550
1742704807.764504
1742704807.786544
1742704807.829929
1742704807.854044
1742704807.900895
1742704807.919981
1742704807.965833
1742704807.987622
1742704808.033869
1742704808.053348
1742704808.100010
1742704808.121135
1742704808.164023
1742704808.186758
1742704808.229942
1742704808.255995
1742704808.297683
1742704808.320059
1742704808.367445
1742704808.387943
1742704808.434129
1742704808.453547
1742704808.499685
1742704808.521311
1742704808.567202
1742704808.586818
1742704808.631669
1742704808.654713
1742704808.701754
1742704808.722093
1742704808.753311
1742704808.801320
1742704808.822112
1742704808.864759
1742704808.888865
1742704808.920586
1742704808.966675
1742704808.988782
1742704809.034142
1742704809.053649
1742704809.097315
1742704809.121058
1742704809.166058
1742704809.187208
1742704809.231082
1742704809.255620
1742704809.298312
1742704809.320406
1742704809.364525
1742704809.389123
1742704809.432219
1742704809.454085
1742704809.497857
1742704809.522592
1742704809.567372
1742704809.587346
1742704809.634981
1742704809.656356
1742704809.699602
1742704809.720680
1742704809.764155
1742704809.790160
1742704809.832244
1742704809.854069
1742704809.897432
1742704809.924025
1742704809.965781
1742704809.987399
1742704810.031421
1742704810.057701
1742704810.101777
1742704810.120993
1742704810.164078
1742704810.193196
1742704810.233486
1742704810.254327
1742704810.301578
1742704810.323499
1742704810.364483
1742704810.388165
1742704810.431732
1742704810.456718
1742704810.499247
1742704810.521292
1742704810.564745
1742704810.592841
1742704810.634116
1742704810.654656
1742704810.702209
1742704810.724055
1742704810.767742
1742704810.787889
1742704810.834388
1742704810.857223
1742704810.899760
1742704810.921354
1742704810.966641
1742704810.990242
1742704811.034087
1742704811.054802
1742704811.098643
1742704811.127848
1742704811.167221
1742704811.188213
1742704811.235574
1742704811.257926
1742704811.302052
1742704811.321625
1742704811.367572
1742704811.391265
1742704811.434742
1742704811.455165
1742704811.498739
1742704811.527822
1742704811.564736
1742704811.588966
1742704811.631562
1742704811.662487
1742704811.697954
1742704811.722129
1742704811.769436
1742704811.791567
1742704811.835644
1742704811.855162
1742704811.901285
1742704811.925943
1742704811.967672
1742704811.988543
1742704812.035727
1742704812.059319
1742704812.100723
1742704812.122011
1742704812.170455
1742704812.191127
1742704812.234602
1742704812.256034
1742704812.299870
1742704812.325959
1742704812.367958
1742704812.389183
1742704812.436164
1742704812.459388
1742704812.501074
1742704812.523627
1742704812.566628
1742704812.595031
1742704812.631894
1742704812.657637
1742704812.699456
1742704812.726462
1742704812.768012
1742704812.789061
1742704812.834284
1742704812.859487
1742704812.901351
1742704812.922472
1742704812.965293
1742704812.995358
1742704813.032382
1742704813.055644
1742704813.101855
1742704813.126135
1742704813.166388
1742704813.188959
1742704813.235404
1742704813.259935
1742704813.301074
1742704813.322468
1742704813.370008
1742704813.392533
1742704813.434522
1742704813.456133
1742704813.500231
1742704813.528136
1742704813.565822
1742704813.589477
1742704813.636456
1742704813.660045
1742704813.701138
1742704813.722689
1742704813.766853
1742704813.793106
1742704813.834520
1742704813.856131
1742704813.903011
1742704813.927162
1742704813.965151
1742704813.989654
1742704814.034326
1742704814.060475
1742704814.098732
1742704814.124178
1742704814.168112
1742704814.194089
1742704814.234364
1742704814.256429
1742704814.301956
1742704814.327622
1742704814.365623
1742704814.390265
1742704814.435474
1742704814.461021
1742704814.498407
1742704814.524480
1742704814.568707
1742704814.594268
1742704814.631757
1742704814.656913
1742704814.700258
1742704814.729451
1742704814.766362
1742704814.790963
1742704814.835134
1742704814.861187
1742704814.902004
1742704814.923359
1742704814.967920
1742704814.996641
1742704815.032710
1742704815.056827
1742704815.102594
1742704815.128097
1742704815.167292
1742704815.190166
1742704815.235083
1742704815.261472
1742704815.299835
1742704815.324035
1742704815.368048
1742704815.396323
1742704815.432840
1742704815.457059
1742704815.500982
1742704815.529862
1742704815.567833
1742704815.590735
1742704815.636177
1742704815.661153
1742704815.698948
1742704815.726387
1742704815.767505
1742704815.798012
1742704815.834705
1742704815.857098
1742704815.902884
1742704815.928719
1742704815.966413
1742704815.991145
1742704816.036368
1742704816.062217
1742704816.102372
1742704816.124236
1742704816.169895
1742704816.195618
1742704816.234795
1742704816.257522
1742704816.303455
1742704816.328804
1742704816.368076
1742704816.391100
1742704816.437334
1742704816.461612
1742704816.500920
1742704816.526240
1742704816.568455
1742704816.592098
1742704816.629050
1742704816.660901
1742704816.700151
1742704816.730102
1742704816.768417
1742704816.791325
1742704816.833583
1742704816.864128
1742704816.901268
1742704816.924520
1742704816.970694
1742704816.995215
1742704817.031298
1742704817.069897
1742704817.091091
1742704817.136891
1742704817.159540
1742704817.203586
1742704817.228752
1742704817.262896
1742704817.299409
1742704817.334167
1742704817.365186
1742704817.395830
1742704817.432792
1742704817.464071
1742704817.500710
1742704817.527376
1742704817.565471
1742704817.599317
1742704817.635168
1742704817.658502
1742704817.701092
1742704817.731328
1742704817.767876
1742704817.791448
1742704817.834662
1742704817.864278
1742704817.901197
1742704817.925545
1742704817.967342
1742704817.998485
1742704818.034634
1742704818.059030
1742704818.103202
1742704818.129237
1742704818.171062
1742704818.191843
1742704818.237782
1742704818.263262
1742704818.302525
1742704818.325231
1742704818.368325
1742704818.399223
1742704818.436301
1742704818.459307
1742704818.501456
1742704818.531880
1742704818.568572
1742704818.595528
1742704818.633626
1742704818.668680
1742704818.699037
1742704818.728830
1742704818.767715
1742704818.797986
1742704818.835168
1742704818.859151
1742704818.900888
1742704818.932071
1742704818.967323
1742704818.992143
1742704819.033967
1742704819.064205
1742704819.100906
1742704819.125363
1742704819.168014
1742704819.196011
1742704819.236267
1742704819.258693
1742704819.300883
1742704819.333673
1742704819.363032
1742704819.395958
1742704819.432852
1742704819.468012
1742704819.499967
1742704819.526146
1742704819.567856
1742704819.599380
1742704819.633725
1742704819.660108
1742704819.701153
1742704819.731613
1742704819.767767
1742704819.792677
1742704819.835001
1742704819.864617
1742704819.897273
1742704819.925819
1742704819.969417
1742704819.997348
1742704820.037712
1742704820.059164
1742704820.100574
1742704820.132480
1742704820.167559
1742704820.192515
1742704820.234621
1742704820.267729
1742704820.298348
1742704820.326654
1742704820.367196
1742704820.398974
1742704820.431639
1742704820.459478
1742704820.499044
1742704820.534911
1742704820.566220
1742704820.597343
1742704820.635474
1742704820.667572
1742704820.701756
1742704820.728386
1742704820.768210
1742704820.800659
1742704820.833910
1742704820.864148
1742704820.902251
1742704820.932524
1742704820.970305
1742704820.993330
1742704821.035953
1742704821.067886
1742704821.100880
1742704821.128342
1742704821.169453
1742704821.200111
1742704821.233252
1742704821.260596
1742704821.298569
1742704821.331809
1742704821.364522
1742704821.392789
1742704821.431570
1742704821.462985
1742704821.504118
1742704821.526596
1742704821.569261
1742704821.598657
1742704821.634528
1742704821.660339
1742704821.703180
1742704821.732437
1742704821.770080
1742704821.793622
1742704821.838519
1742704821.865625
1742704821.903156
1742704821.928027
1742704821.969763
1742704821.999239
1742704822.035616
1742704822.062646
1742704822.103101
1742704822.133250
1742704822.166827
1742704822.197363
1742704822.238538
1742704822.264884
1742704822.301149
1742704822.327773
1742704822.366210
1742704822.404399
1742704822.431332
1742704822.464600
1742704822.501503
1742704822.536852
1742704822.566734
1742704822.597675
1742704822.636891
1742704822.667086
1742704822.704084
1742704822.728719
1742704822.768928
1742704822.802861
1742704822.835835
1742704822.863930
1742704822.903024
1742704822.933308
1742704822.968224
1742704822.995500
1742704823.035723
1742704823.069929
1742704823.099554
1742704823.131259
1742704823.169257
1742704823.198849
1742704823.236143
1742704823.260967
1742704823.301218
1742704823.335603
1742704823.370446
1742704823.394206
1742704823.434128
1742704823.468296
1742704823.504222
1742704823.527686
1742704823.568648
1742704823.603008
1742704823.634841
1742704823.664372
1742704823.701210
1742704823.736184
1742704823.765813
1742704823.799200
1742704823.834833
1742704823.869801
1742704823.901522
1742704823.931184
1742704823.972577
1742704823.999517
1742704824.038254
1742704824.061398
1742704824.104340
1742704824.132736
1742704824.171667
1742704824.194474
1742704824.235820
1742704824.269864
1742704824.301843
1742704824.328991
1742704824.370803
1742704824.399826
1742704824.433755
1742704824.465867
1742704824.501084
1742704824.536144
1742704824.571668
1742704824.594884
1742704824.636032
1742704824.671948
1742704824.701274
1742704824.733014
1742704824.769874
1742704824.802427
1742704824.837740
1742704824.862320
1742704824.904689
1742704824.934864
1742704824.970365
1742704824.996111
1742704825.036992
1742704825.067327
1742704825.103374
1742704825.128253
1742704825.170596
1742704825.200941
1742704825.238372
1742704825.261573
1742704825.304618
1742704825.334036
1742704825.369839
1742704825.403769
1742704825.428504
1742704825.470237
1742704825.503582
1742704825.530147
1742704825.571997
1742704825.595857
1742704825.637972
1742704825.670289
1742704825.705215
1742704825.728974
1742704825.771293
1742704825.802092
1742704825.838060
1742704825.862355
1742704825.904240
1742704825.937050
1742704825.967771
1742704825.999570
1742704826.038761
1742704826.068013
1742704826.103917
1742704826.129087
1742704826.170693
1742704826.202988
1742704826.236857
1742704826.262165
1742704826.303277
1742704826.337951
1742704826.367160
1742704826.399954
1742704826.439741
1742704826.466819
1742704826.503910
1742704826.529694
1742704826.571019
1742704826.601606
1742704826.639797
1742704826.663265
1742704826.705556
1742704826.735800
1742704826.773755
1742704826.796532
1742704826.840977
1742704826.865850
1742704826.906913
1742704826.929071
1742704826.975420
1742704826.999205
1742704827.040539
1742704827.062503
1742704827.109122
1742704827.132357
1742704827.173842
1742704827.195792
1742704827.241345
1742704827.265940
1742704827.305308
1742704827.329285
1742704827.375485
1742704827.399324
1742704827.437670
1742704827.463089
1742704827.505656
1742704827.534381
1742704827.573860
1742704827.596109
1742704827.639861
1742704827.666417
1742704827.707685
1742704827.729527
1742704827.776040
1742704827.799195
1742704827.837718
1742704827.863778
1742704827.901601
1742704827.942838
1742704827.966009
1742704828.000703
1742704828.037907
1742704828.069299
1742704828.105540
1742704828.129714
1742704828.172273
1742704828.202565
1742704828.240932
1742704828.263074
1742704828.306673
1742704828.333957
1742704828.375137
1742704828.396533
1742704828.442374
1742704828.465502
1742704828.506043
1742704828.529874
1742704828.574025
1742704828.600337
1742704828.638218
1742704828.664942
1742704828.705081
1742704828.735272
1742704828.774148
1742704828.796909
1742704828.840717
1742704828.867326
1742704828.905156
1742704828.931338
1742704828.973297
1742704829.000567
1742704829.038402
1742704829.063844
1742704829.107796
1742704829.133265
1742704829.171859
1742704829.199072
1742704829.240763
1742704829.267418
1742704829.308641
1742704829.330295
1742704829.377202
1742704829.399908
1742704829.437540
1742704829.467171
1742704829.507359
1742704829.533443
1742704829.572174
1742704829.599265
1742704829.637342
1742704829.675745
1742704829.700075
1742704829.736196
1742704829.771852
1742704829.807888
1742704829.833973
1742704829.868477
1742704829.904521
1742704829.940017
1742704829.967246
1742704830.002144
1742704830.040983
1742704830.067871
1742704830.107136
1742704830.131068
1742704830.174013
1742704830.201477
1742704830.244469
1742704830.264270
1742704830.309945
1742704830.333606
1742704830.375195
1742704830.398018
1742704830.443643
1742704830.466916
1742704830.509302
1742704830.531097
1742704830.572650
1742704830.601801
1742704830.643293
1742704830.664358
1742704830.710682
1742704830.733820
1742704830.775766
1742704830.798752
1742704830.843695
1742704830.867132
1742704830.908559
1742704830.931443
1742704830.977606
1742704830.998860
1742704831.045959
1742704831.064677
1742704831.107902
1742704831.134380
1742704831.172494
1742704831.198384
1742704831.243760
1742704831.266788
1742704831.309070
1742704831.331248
1742704831.375580
1742704831.400347
1742704831.439825
1742704831.466002
1742704831.504895
1742704831.538033
1742704831.576381
1742704831.598495
1742704831.643606
1742704831.667009
1742704831.705676
1742704831.734590
1742704831.775031
1742704831.800380
1742704831.839762
1742704831.865063
1742704831.910514
1742704831.933919
1742704831.973238
1742704831.998604
1742704832.045269
1742704832.066943
1742704832.112369
1742704832.131921
1742704832.176609
1742704832.200544
1742704832.238953
1742704832.265878
1742704832.312691
1742704832.333252
1742704832.379120
1742704832.398704
1742704832.445745
1742704832.466930
1742704832.511420
1742704832.531912
1742704832.578161
1742704832.600478
1742704832.644895
1742704832.665448
1742704832.711948
1742704832.733618
1742704832.778161
1742704832.799073
1742704832.846492
1742704832.866933
1742704832.913378
1742704832.932243
1742704832.979069
1742704833.000493
1742704833.046897
1742704833.065912
1742704833.112935
1742704833.133501
1742704833.178577
1742704833.199082
1742704833.245542
1742704833.267299
1742704833.313491
1742704833.332618
1742704833.379267
1742704833.400403
1742704833.446458
1742704833.465832
1742704833.513373
1742704833.533689
1742704833.579889
1742704833.599373
1742704833.646645
1742704833.667010
1742704833.713880
1742704833.735451
1742704833.765914
1742704833.812186
1742704833.834274
1742704833.879609
1742704833.900524
1742704833.939924
1742704833.967650
1742704834.013629
1742704834.033896
1742704834.070641
1742704834.107555
1742704834.139120
1742704834.175216
1742704834.199726
1742704834.246707
1742704834.267408
1742704834.313875
1742704834.333274
1742704834.375281
1742704834.401487
1742704834.447459
1742704834.466699
1742704834.512188
1742704834.534420
1742704834.579859
1742704834.600171
1742704834.647085
1742704834.667569
1742704834.713585
1742704834.733348
1742704834.780591
1742704834.800932
1742704834.847273
1742704834.866905
1742704834.913167
1742704834.934458
1742704834.980623
1742704835.000226
1742704835.046899
1742704835.067840
1742704835.113451
1742704835.133652
1742704835.176705
1742704835.203080
1742704835.245189
1742704835.267133
1742704835.311282
1742704835.334805
1742704835.380288
1742704835.400533
1742704835.446945
1742704835.468043
1742704835.514245
1742704835.534051
1742704835.577125
1742704835.604373
1742704835.646626
1742704835.667446
1742704835.714032
1742704835.734793
1742704835.781039
1742704835.800758
1742704835.847684
1742704835.868077
1742704835.914452
1742704835.934074
1742704835.981104
1742704836.001234
1742704836.044882
1742704836.067559
1742704836.114183
1742704836.135109
1742704836.179031
1742704836.200867
1742704836.246967
1742704836.268402
1742704836.314866
1742704836.334413
1742704836.377642
1742704836.404539
1742704836.446636
1742704836.467750
1742704836.514717
1742704836.534679
1742704836.580586
1742704836.601360
1742704836.643549
1742704836.670848
1742704836.712601
1742704836.734551
1742704836.781659
1742704836.801551
1742704836.848645
1742704836.867916
1742704836.911313
1742704836.935256
1742704836.979946
1742704837.001136
1742704837.047252
1742704837.068485
1742704837.111789
1742704837.134604
1742704837.175479
1742704837.209367
1742704837.241679
1742704837.268096
1742704837.312648
1742704837.335424
1742704837.380909
1742704837.401326
1742704837.444711
1742704837.468418
1742704837.511824
1742704837.534949
1742704837.578112
1742704837.601912
1742704837.647133
1742704837.668178
1742704837.715025
1742704837.734994
1742704837.781810
1742704837.801456
1742704837.848804
1742704837.868469
1742704837.913384
1742704837.934835
1742704837.981982
1742704838.001760
1742704838.049761
1742704838.068375
1742704838.111534
1742704838.135585
1742704838.177922
1742704838.201701
1742704838.248854
1742704838.268799
1742704838.312841
1742704838.334989
1742704838.378431
1742704838.402466
1742704838.446023
1742704838.468548
1742704838.515960
1742704838.535402
1742704838.580165
1742704838.602246
1742704838.647813
1742704838.669090
1742704838.712114
1742704838.735626
1742704838.778907
1742704838.802735
1742704838.846463
1742704838.869030
1742704838.915854
1742704838.935736
1742704838.982875
1742704839.002120
1742704839.047009
1742704839.069603
1742704839.115357
1742704839.135501
1742704839.182128
1742704839.202897
1742704839.246486
1742704839.268826
1742704839.316132
1742704839.336039
1742704839.379151
1742704839.402110
1742704839.448515
1742704839.469388
1742704839.516238
1742704839.535695
1742704839.581175
1742704839.602878
1742704839.648167
1742704839.669140
1742704839.712203
1742704839.738409
1742704839.781324
1742704839.802460
1742704839.845615
1742704839.869848
1742704839.915632
1742704839.935850
1742704839.981301
1742704840.003234
1742704840.050531
1742704840.069403
1742704840.115477
1742704840.136932
1742704840.180683
1742704840.202604
1742704840.248764
1742704840.270566
1742704840.314929
1742704840.336034
1742704840.382332
1742704840.403718
1742704840.449133
1742704840.469533
1742704840.513063
1742704840.537488
1742704840.579088
1742704840.604335
1742704840.647652
1742704840.672009
1742704840.713945
1742704840.737970
1742704840.779196
1742704840.807455
1742704840.850518
1742704840.869771
1742704840.912400
1742704840.940836
1742704840.983187
1742704841.003079
1742704841.050737
1742704841.071575
1742704841.115047
1742704841.136400
1742704841.181361
1742704841.204385
1742704841.248027
1742704841.269683
1742704841.316508
1742704841.338200
1742704841.380567
1742704841.403070
1742704841.449414
1742704841.471749
1742704841.518346
1742704841.536905
1742704841.578966
1742704841.609091
1742704841.649443
1742704841.670041
1742704841.716808
1742704841.738575
1742704841.781098
1742704841.803507
1742704841.847078
1742704841.875109
1742704841.916160
1742704841.936911
1742704841.980721
1742704842.005676
1742704842.048570
1742704842.079322
1742704842.103369
1742704842.147499
1742704842.172161
1742704842.214305
1742704842.239633
1742704842.273233
1742704842.314042
1742704842.342987
1742704842.382097
1742704842.403604
1742704842.451082
1742704842.472877
1742704842.512646
1742704842.538395
1742704842.582619
1742704842.605589
1742704842.647483
1742704842.670525
1742704842.718092
1742704842.739847
1742704842.782085
1742704842.803869
1742704842.850742
1742704842.873535
1742704842.915242
1742704842.937152
1742704842.983643
1742704843.006267
1742704843.048799
1742704843.070569
1742704843.113933
1742704843.143388
1742704843.182454
1742704843.203965
1742704843.247597
1742704843.277278
1742704843.316502
1742704843.337421
1742704843.381131
1742704843.410036
1742704843.451207
1742704843.470912
1742704843.514274
1742704843.543415
1742704843.580858
1742704843.605945
1742704843.651288
1742704843.674001
1742704843.716527
1742704843.738088
1742704843.781971
1742704843.809549
1742704843.849349
1742704843.871296
1742704843.917976
1742704843.941225
1742704843.983157
1742704844.004379
1742704844.050611
1742704844.074464
1742704844.118131
1742704844.137872
1742704844.181056
1742704844.210023
1742704844.250431
1742704844.271194
1742704844.319034
1742704844.340928
1742704844.384555
1742704844.404758
1742704844.450563
1742704844.474301
1742704844.515957
1742704844.539034
1742704844.580586
1742704844.613249
1742704844.643681
1742704844.677693
1742704844.712820
1742704844.747318
1742704844.779825
1742704844.807218
1742704844.848595
1742704844.878083
1742704844.914821
1742704844.938707
1742704844.980860
1742704845.013340
1742704845.047493
1742704845.071898
1742704845.118410
1742704845.141889
1742704845.184148
1742704845.205027
1742704845.250528
1742704845.275896
1742704845.317847
1742704845.338454
1742704845.384731
1742704845.409416
1742704845.449122
1742704845.471941
1742704845.517244
1742704845.542842
1742704845.582703
1742704845.605434
1742704845.648151
1742704845.678544
1742704845.716404
1742704845.739018
1742704845.781514
1742704845.811455
1742704845.847658
1742704845.873842
1742704845.917020
1742704845.942746
1742704845.984442
1742704846.005767
1742704846.051808
1742704846.076763
1742704846.118102
1742704846.138865
1742704846.186221
1742704846.208770
1742704846.249487
1742704846.272287
1742704846.316127
1742704846.345375
1742704846.382097
1742704846.405634
1742704846.448361
1742704846.478685
1742704846.517755
1742704846.538942
1742704846.581258
1742704846.606642
1742704846.643296
1742704846.672576
1742704846.720118
1742704846.742693
1742704846.784443
1742704846.806000
1742704846.848254
1742704846.878585
1742704846.916391
1742704846.939757
1742704846.984281
1742704847.011189
1742704847.049910
1742704847.073181
1742704847.118023
1742704847.143534
1742704847.182697
1742704847.208554
1742704847.248899
1742704847.278560
1742704847.316933
1742704847.339905
1742704847.380069
1742704847.417556
1742704847.445372
1742704847.477527
1742704847.514152
1742704847.549685
1742704847.579365
1742704847.612397
1742704847.646509
1742704847.684522
1742704847.712283
1742704847.748127
1742704847.778023
1742704847.816332
1742704847.846846
1742704847.877715
1742704847.916516
1742704847.946914
1742704847.983401
1742704848.008179
1742704848.048915
1742704848.080278
1742704848.117471
1742704848.140046
1742704848.186455
1742704848.210933
1742704848.252511
1742704848.273301
1742704848.319007
1742704848.344280
1742704848.382072
1742704848.409561
1742704848.450443
1742704848.480050
1742704848.518776
1742704848.540133
1742704848.584684
1742704848.609560
1742704848.644404
1742704848.674461
1742704848.717581
1742704848.746934
1742704848.783601
1742704848.810958
1742704848.848231
1742704848.883747
1742704848.913335
1742704848.947889
1742704848.978256
1742704849.017321
1742704849.046551
1742704849.075299
1742704849.116671
1742704849.147518
1742704849.183140
1742704849.207219
1742704849.253625
1742704849.277989
1742704849.319775
1742704849.340446
1742704849.386068
1742704849.411648
1742704849.450601
1742704849.474068
1742704849.519813
1742704849.544810
1742704849.583405
1742704849.607321
1742704849.653655
1742704849.678630
1742704849.718214
1742704849.741018
1742704849.787537
1742704849.811836
1742704849.851996
1742704849.874364
1742704849.919662
1742704849.945169
1742704849.985133
1742704850.007420
1742704850.054287
1742704850.077622
1742704850.118790
1742704850.140757
1742704850.187677
1742704850.211225
1742704850.253188
1742704850.274490
1742704850.320735
1742704850.345645
1742704850.385882
1742704850.418372
1742704850.441172
1742704850.485160
1742704850.515185
1742704850.551136
1742704850.581347
1742704850.612613
1742704850.649703
1742704850.681758
1742704850.718181
1742704850.745802
1742704850.782984
1742704850.814177
1742704850.850542
1742704850.879240
1742704850.917894
1742704850.947408
1742704850.984881
1742704851.010304
1742704851.051998
1742704851.080772
1742704851.117181
1742704851.142344
1742704851.184157
1742704851.215145
1742704851.251044
1742704851.274968
1742704851.317520
1742704851.348786
1742704851.384343
1742704851.408288
1742704851.450965
1742704851.482708
1742704851.514391
1742704851.542849
1742704851.583769
1742704851.614486
1742704851.650243
1742704851.677514
1742704851.714805
1742704851.750460
1742704851.785316
1742704851.808250
1742704851.851533
1742704851.881087
1742704851.919616
1742704851.941623
1742704851.986259
1742704852.013633
1742704852.050879
1742704852.075357
1742704852.117375
1742704852.146891
1742704852.187502
1742704852.208613
1742704852.251209
1742704852.283672
1742704852.318790
1742704852.342038
1742704852.383787
1742704852.417279
1742704852.450225
1742704852.475706
1742704852.518459
1742704852.548120
1742704852.582973
1742704852.612764
1742704852.650330
1742704852.684402
1742704852.716733
1742704852.744291
1742704852.782904
1742704852.817687
1742704852.850051
1742704852.878735
1742704852.918305
1742704852.948692
1742704852.985323
1742704853.011222
1742704853.051058
1742704853.080966
1742704853.118038
1742704853.143195
1742704853.185130
1742704853.215795
1742704853.248284
1742704853.279824
1742704853.319087
1742704853.349208
1742704853.381619
1742704853.413406
1742704853.450655
1742704853.485931
1742704853.514051
1742704853.546156
1742704853.585532
1742704853.614632
1742704853.653413
1742704853.675888
1742704853.719356
1742704853.747767
1742704853.785027
1742704853.810807
1742704853.850691
1742704853.882843
1742704853.917928
1742704853.945727
1742704853.985580
1742704854.015328
1742704854.048905
1742704854.080451
1742704854.120706
1742704854.148554
1742704854.180484
1742704854.214029
1742704854.252924
1742704854.282462
1742704854.318820
1742704854.343222
1742704854.381279
1742704854.418190
1742704854.452720
1742704854.476542
1742704854.520474
1742704854.548533
1742704854.585449
1742704854.610344
1742704854.648337
1742704854.685228
1742704854.719284
1742704854.743987
1742704854.784559
1742704854.819161
1742704854.848851
1742704854.882025
1742704854.918107
1742704854.951322
1742704854.986249
1742704855.010659
1742704855.050720
1742704855.085232
1742704855.119380
1742704855.144570
1742704855.184673
1742704855.218095
1742704855.252382
1742704855.277275
1742704855.316788
1742704855.350235
1742704855.383406
1742704855.411271
1742704855.452676
1742704855.481716
1742704855.520944
1742704855.543408
1742704855.583976
1742704855.618298
1742704855.652282
1742704855.678167
1742704855.718782
1742704855.748093
1742704855.787415
1742704855.811079
1742704855.852019
1742704855.886372
1742704855.917035
1742704855.947756
1742704855.985653
1742704856.015438
1742704856.054103
1742704856.077281
1742704856.117832
1742704856.152771
1742704856.182912
1742704856.214360
1742704856.255438
1742704856.281872
1742704856.319087
1742704856.343827
1742704856.384050
1742704856.418977
1742704856.449785
1742704856.480495
1742704856.515274
1742704856.552400
1742704856.583508
1742704856.615399
1742704856.652337
1742704856.683684
1742704856.719387
1742704856.747818
1742704856.785679
1742704856.815640
1742704856.850669
1742704856.885583
1742704856.916488
1742704856.953118
1742704856.982480
1742704857.015288
1742704857.052557
1742704857.086075
1742704857.119243
1742704857.146400
1742704857.187987
1742704857.215845
1742704857.251223
1742704857.277429
1742704857.318474
1742704857.353535
1742704857.383383
1742704857.410753
1742704857.451470
1742704857.486464
1742704857.517161
1742704857.547033
1742704857.583441
1742704857.618905
1742704857.653108
1742704857.677821
1742704857.719591
1742704857.751161
1742704857.786888
1742704857.811085
1742704857.853754
1742704857.883698
1742704857.918423
1742704857.948058
1742704857.987050
1742704858.017394
1742704858.053375
1742704858.077966
1742704858.118738
1742704858.154102
1742704858.183982
1742704858.212138
1742704858.254097
1742704858.282884
1742704858.323349
1742704858.344604
1742704858.388806
1742704858.416074
1742704858.456860
1742704858.478081
1742704858.520804
1742704858.551001
1742704858.585887
1742704858.611912
1742704858.653914
1742704858.684601
1742704858.720581
1742704858.756309
1742704858.778508
1742704858.823397
1742704858.848438
1742704858.889850
1742704858.916329
1742704858.953428
1742704858.983187
1742704859.023541
1742704859.048471
1742704859.083919
1742704859.119519
1742704859.151977
1742704859.189108
1742704859.212007
1742704859.254180
1742704859.284385
1742704859.321832
1742704859.345284
1742704859.387496
1742704859.417606
1742704859.457609
1742704859.478765
1742704859.521128
1742704859.551439
1742704859.587736
1742704859.613505
1742704859.655381
1742704859.684695
1742704859.723936
1742704859.745434
1742704859.788757
1742704859.818432
1742704859.855800
1742704859.879039
1742704859.922119
1742704859.949802
1742704859.990362
1742704860.012858
1742704860.056504
1742704860.082340
1742704860.123703
1742704860.145650
1742704860.185334
1742704860.221389
1742704860.253914
1742704860.279861
1742704860.324849
1742704860.347416
1742704860.389145
1742704860.412535
1742704860.455975
1742704860.482241
1742704860.522174
1742704860.545733
1742704860.589498
1742704860.616462
1742704860.658116
1742704860.679260
1742704860.722809
1742704860.749453
1742704860.787088
1742704860.815402
1742704860.852927
1742704860.885243
1742704860.925813
1742704860.946040
1742704860.989687
1742704861.016110
1742704861.057225
1742704861.079380
1742704861.126201
1742704861.149331
1742704861.191298
1742704861.212918
1742704861.257632
1742704861.283015
1742704861.324710
1742704861.346173
1742704861.393031
1742704861.415486
1742704861.456984
1742704861.479575
1742704861.525686
1742704861.548044
1742704861.589858
1742704861.613652
1742704861.657518
1742704861.683152
1742704861.724637
1742704861.746534
1742704861.793315
1742704861.816026
1742704861.858959
1742704861.880032
1742704861.925546
1742704861.949715
1742704861.991434
1742704862.013462
1742704862.057279
1742704862.084000
1742704862.125434
1742704862.146716
1742704862.189449
1742704862.216676
1742704862.259236
1742704862.280024
1742704862.326576
1742704862.349483
1742704862.387685
1742704862.413713
1742704862.459001
1742704862.482464
1742704862.520883
1742704862.548179
1742704862.586553
1742704862.623100
1742704862.649913
1742704862.685023
1742704862.724409
1742704862.750279
1742704862.788649
1742704862.814397
1742704862.860607
1742704862.882935
1742704862.923471
1742704862.949426
1742704862.987921
1742704863.023192
1742704863.050227
1742704863.085071
1742704863.121525
1742704863.158219
1742704863.184133
1742704863.217823
1742704863.256177
1742704863.283597
1742704863.324742
1742704863.347198
1742704863.393424
1742704863.416329
1742704863.454881
1742704863.480957
1742704863.527156
1742704863.549844
1742704863.589156
1742704863.615431
1742704863.661705
1742704863.682577
1742704863.728180
1742704863.747620
1742704863.794954
1742704863.816220
1742704863.857970
1742704863.881241
1742704863.926125
1742704863.949795
1742704863.989016
1742704864.015158
1742704864.061648
1742704864.083225
1742704864.122247
1742704864.147817
1742704864.194608
1742704864.216211
1742704864.253454
1742704864.285412
1742704864.326555
1742704864.349971
1742704864.393684
1742704864.414608
1742704864.459002
1742704864.483879
1742704864.528560
1742704864.548122
1742704864.594650
1742704864.616394
1742704864.655491
1742704864.681330
1742704864.727679
1742704864.749813
1742704864.795611
1742704864.814782
1742704864.861177
1742704864.883218
1742704864.925679
1742704864.948633
1742704864.994342
1742704865.016389
1742704865.063040
1742704865.082155
1742704865.125494
1742704865.148528
1742704865.195168
1742704865.216209
1742704865.260462
1742704865.281873
1742704865.328793
1742704865.350102
1742704865.393418
1742704865.415225
1742704865.461385
1742704865.483465
1742704865.525154
1742704865.548636
1742704865.595429
1742704865.616125
1742704865.662526
1742704865.682103
1742704865.728853
1742704865.749661
1742704865.796215
1742704865.815577
1742704865.862199
1742704865.883382
1742704865.927813
1742704865.948721
1742704865.996075
1742704866.016593
1742704866.062586
1742704866.082325
1742704866.128903
1742704866.150222
1742704866.195694
1742704866.215633
1742704866.263268
1742704866.283317
1742704866.328529
1742704866.349100
1742704866.396152
1742704866.416795
1742704866.460347
1742704866.482399
1742704866.529540
1742704866.550102
1742704866.595975
1742704866.616105
1742704866.662862
1742704866.683355
1742704866.729363
1742704866.749200
1742704866.796741
1742704866.816662
1742704866.863291
1742704866.882682
1742704866.930010
1742704866.950035
1742704866.991896
1742704867.029239
1742704867.049884
1742704867.097485
1742704867.116186
1742704867.160215
1742704867.184894
1742704867.228620
1742704867.250916
1742704867.289773
1742704867.319163
1742704867.361328
1742704867.384181
1742704867.428591
1742704867.449562
1742704867.496835
1742704867.517250
1742704867.561774
1742704867.583200
1742704867.629597
1742704867.650887
1742704867.693216
1742704867.717150
1742704867.762051
1742704867.783798
1742704867.829289
1742704867.849959
1742704867.897056
1742704867.917253
1742704867.959951
1742704867.983602
1742704868.026429
1742704868.051714
1742704868.090424
1742704868.119244
1742704868.160544
1742704868.185327
1742704868.224605
1742704868.251105
1742704868.293309
1742704868.321230
1742704868.355937
1742704868.389088
1742704868.421690
1742704868.463655
1742704868.483601
1742704868.530096
1742704868.551082
1742704868.597362
1742704868.617133
1742704868.661426
1742704868.684693
1742704868.728151
1742704868.750429
1742704868.793495
1742704868.820144
1742704868.863109
1742704868.883995
1742704868.927603
1742704868.951235
1742704868.997260
1742704869.017595
1742704869.063593
1742704869.084459
1742704869.131361
1742704869.150652
1742704869.196943
1742704869.217990
1742704869.262437
1742704869.284023
1742704869.330810
1742704869.351017
1742704869.395675
1742704869.417337
1742704869.464150
1742704869.484031
1742704869.527489
1742704869.550719
1742704869.595430
1742704869.617918
1742704869.661992
1742704869.683896
1742704869.730556
1742704869.751032
1742704869.795029
1742704869.817371
1742704869.863686
1742704869.884314
1742704869.931150
1742704869.950704
1742704869.997849
1742704870.017833
1742704870.064442
1742704870.084152
1742704870.127654
1742704870.151315
1742704870.197747
1742704870.217615
1742704870.264777
1742704870.284549
1742704870.331103
1742704870.351169
1742704870.395143
1742704870.418409
1742704870.463401
1742704870.484499
1742704870.528398
1742704870.551927
1742704870.595225
1742704870.617770
1742704870.665182
1742704870.684958
1742704870.727927
1742704870.751118
1742704870.794495
1742704870.818089
1742704870.865045
1742704870.884576
1742704870.931786
1742704870.951714
1742704870.998324
1742704871.018020
1742704871.061418
1742704871.085618
1742704871.128827
1742704871.151276
1742704871.197640
1742704871.218452
1742704871.265195
1742704871.284732
1742704871.328135
1742704871.352022
1742704871.396845
1742704871.418136
1742704871.465338
1742704871.485576
1742704871.532056
1742704871.551620
1742704871.598286
1742704871.618976
1742704871.663071
1742704871.684879
1742704871.728149
1742704871.753310
1742704871.795090
1742704871.818270
1742704871.865577
1742704871.885603
1742704871.928939
1742704871.951608
1742704871.998391
1742704872.019498
1742704872.062713
1742704872.084965
1742704872.131193
1742704872.152454
1742704872.195901
1742704872.218467
1742704872.265545
1742704872.285737
1742704872.330051
1742704872.351859
1742704872.397296
1742704872.418974
1742704872.462057
1742704872.485350
1742704872.532813
1742704872.553157
1742704872.595250
1742704872.618722
1742704872.662176
1742704872.686105
1742704872.730966
1742704872.752010
1742704872.798489
1742704872.819728
1742704872.862160
1742704872.885591
1742704872.928020
1742704872.955374
1742704872.999742
1742704873.018929
1742704873.066466
1742704873.086796
1742704873.132991
1742704873.152784
1742704873.196719
1742704873.222108
1742704873.263862
1742704873.286463
1742704873.332769
1742704873.354576
1742704873.397236
1742704873.419430
1742704873.462010
1742704873.488525
1742704873.530931
1742704873.552511
1742704873.595283
1742704873.621973
1742704873.665871
1742704873.685771
1742704873.727995
1742704873.754353
1742704873.798597
1742704873.819141
1742704873.862787
1742704873.886923
1742704873.933298
1742704873.952613
1742704873.998601
1742704874.021489
1742704874.066187
1742704874.086047
1742704874.131677
1742704874.154739
1742704874.199280
1742704874.219364
1742704874.265210
1742704874.287924
1742704874.331528
1742704874.353007
1742704874.398891
1742704874.421568
1742704874.467776
1742704874.486437
1742704874.531078
1742704874.554913
1742704874.598806
1742704874.619578
1742704874.665932
1742704874.687804
1742704874.730951
1742704874.752911
1742704874.798004
1742704874.821967
1742704874.863955
1742704874.886249
1742704874.933152
1742704874.955696
1742704874.997339
1742704875.019676
1742704875.066765
1742704875.088895
1742704875.132246
1742704875.153184
1742704875.196464
1742704875.225546
1742704875.266579
1742704875.286709
1742704875.332213
1742704875.356164
1742704875.397796
1742704875.431692
1742704875.453523
1742704875.500243
1742704875.522700
1742704875.564930
1742704875.590502
1742704875.622785
1742704875.664023
1742704875.692160
1742704875.733183
1742704875.753525
1742704875.796571
1742704875.822661
1742704875.865302
1742704875.886840
1742704875.930012
1742704875.956489
1742704875.997022
1742704876.020060
1742704876.063382
1742704876.089973
1742704876.132107
1742704876.153564
1742704876.198787
1742704876.222619
1742704876.265678
1742704876.286962
1742704876.334050
1742704876.355779
1742704876.398224
1742704876.420451
1742704876.463433
1742704876.490083
1742704876.533477
1742704876.553836
1742704876.589616
1742704876.626390
1742704876.657593
1742704876.687705
1742704876.733307
1742704876.757403
1742704876.798239
1742704876.820618
1742704876.867596
1742704876.890321
1742704876.933620
1742704876.953992
1742704876.996172
1742704877.025135
1742704877.066867
1742704877.087507
1742704877.131317
1742704877.157748
1742704877.198958
1742704877.220908
1742704877.267124
1742704877.291404
1742704877.333992
1742704877.354236
1742704877.397810
1742704877.427318
1742704877.466069
1742704877.487744
1742704877.531610
1742704877.560423
1742704877.595629
1742704877.621137
1742704877.668312
1742704877.690432
1742704877.734557
1742704877.754621
1742704877.800677
1742704877.824218
1742704877.866690
1742704877.887876
1742704877.930599
1742704877.958125
1742704877.998430
1742704878.021196
1742704878.064064
1742704878.092643
1742704878.132469
1742704878.154599
1742704878.201677
1742704878.224811
1742704878.266743
1742704878.288132
1742704878.334865
1742704878.358954
1742704878.398613
1742704878.421449
1742704878.468566
1742704878.491851
1742704878.533408
1742704878.554802
1742704878.597716
1742704878.626480
1742704878.667510
1742704878.688321
1742704878.731911
1742704878.759068
1742704878.800045
1742704878.821686
1742704878.866476
1742704878.892760
1742704878.930368
1742704878.955117
1742704879.002145
1742704879.024847
1742704879.066076
1742704879.088587
1742704879.134920
1742704879.158838
1742704879.200542
1742704879.222214
1742704879.269827
1742704879.291478
1742704879.333207
1742704879.355381
1742704879.398127
1742704879.429564
1742704879.466393
1742704879.488821
1742704879.535734
1742704879.558995
1742704879.600382
1742704879.622085
1742704879.667613
1742704879.692423
1742704879.734187
1742704879.755349
1742704879.797163
1742704879.828256
1742704879.866543
1742704879.888685
1742704879.932327
1742704879.959908
1742704880.000809
1742704880.022103
1742704880.069218
1742704880.092458
1742704880.133818
1742704880.155730
1742704880.198900
1742704880.228703
1742704880.265677
1742704880.289237
1742704880.334078
1742704880.360397
1742704880.401316
1742704880.422516
1742704880.467027
1742704880.494223
1742704880.531209
1742704880.555784
1742704880.601750
1742704880.626693
1742704880.664145
1742704880.689168
1742704880.736226
1742704880.758498
1742704880.799358
1742704880.822550
1742704880.867267
1742704880.893470
1742704880.931774
1742704880.956209
1742704881.003236
1742704881.026919
1742704881.065291
1742704881.090279
1742704881.134714
1742704881.160978
1742704881.201244
1742704881.222914
1742704881.266748
1742704881.295931
1742704881.333916
1742704881.356650
1742704881.399598
1742704881.429670
1742704881.467267
1742704881.489963
1742704881.536150
1742704881.560397
1742704881.600023
1742704881.623063
1742704881.668865
1742704881.693935
1742704881.735182
1742704881.756364
1742704881.802286
1742704881.826426
1742704881.864500
1742704881.889706
1742704881.935974
1742704881.960719
1742704882.001847
1742704882.023159
1742704882.069022
1742704882.094473
1742704882.132900
1742704882.156888
1742704882.202680
1742704882.228254
1742704882.267511
1742704882.290210
1742704882.335982
1742704882.361884
1742704882.402889
1742704882.423487
1742704882.470008
1742704882.493867
1742704882.529288
1742704882.558928
1742704882.600635
1742704882.628285
1742704882.667784
1742704882.690203
1742704882.736906
1742704882.760237
1742704882.798807
1742704882.823534
1742704882.869753
1742704882.894684
1742704882.934192
1742704882.956994
1742704883.003466
1742704883.027958
1742704883.069290
1742704883.090487
1742704883.133698
1742704883.163803
1742704883.199294
1742704883.225456
1742704883.267162
1742704883.295411
1742704883.336115
1742704883.357384
1742704883.400708
1742704883.430165
1742704883.466164
1742704883.490824
1742704883.537417
1742704883.561312
1742704883.602307
1742704883.624119
1742704883.668281
1742704883.695896
1742704883.735608
1742704883.766780
1742704883.790848
1742704883.836902
1742704883.861772
1742704883.902664
1742704883.929520
1742704883.959133
1742704884.000983
1742704884.030620
1742704884.066782
1742704884.090904
1742704884.133531
1742704884.163643
1742704884.199988
1742704884.225562
1742704884.267342
1742704884.297135
1742704884.333096
1742704884.357731
1742704884.403484
1742704884.429177
1742704884.469551
1742704884.491160
1742704884.533388
1742704884.563578
1742704884.600114
1742704884.624475
1742704884.667405
1742704884.696971
1742704884.734374
1742704884.758099
1742704884.801607
1742704884.830981
1742704884.868167
1742704884.891486
1742704884.934467
1742704884.963809
1742704885.003234
1742704885.025293
1742704885.067221
1742704885.097591
1742704885.134057
1742704885.161965
1742704885.202053
1742704885.230531
1742704885.268392
1742704885.292346
1742704885.334227
1742704885.364674
1742704885.400757
1742704885.425300
1742704885.468469
1742704885.497712
1742704885.534117
1742704885.558416
1742704885.600389
1742704885.632094
1742704885.667857
1742704885.691541
1742704885.733300
1742704885.764487
1742704885.800307
1742704885.824932
1742704885.866607
1742704885.896796
1742704885.936297
1742704885.958418
1742704886.000241
1742704886.029799
1742704886.070597
1742704886.091856
1742704886.134278
1742704886.163921
1742704886.200458
1742704886.225554
1742704886.269169
1742704886.296891
1742704886.334557
1742704886.358707
1742704886.401207
1742704886.433465
1742704886.466003
1742704886.492127
1742704886.533854
1742704886.563464
1742704886.602099
1742704886.625524
1742704886.669030
1742704886.697443
1742704886.735539
1742704886.758947
1742704886.801384
1742704886.831980
1742704886.868188
1742704886.892158
1742704886.936402
1742704886.963599
1742704887.003467
1742704887.025671
1742704887.068049
1742704887.097665
1742704887.134363
1742704887.161023
1742704887.200857
1742704887.234083
1742704887.268346
1742704887.294507
1742704887.335286
1742704887.364903
1742704887.402308
1742704887.428007
1742704887.468609
1742704887.499713
1742704887.534705
1742704887.560048
1742704887.599048
1742704887.634787
1742704887.665252
1742704887.692795
1742704887.737427
1742704887.763800
1742704887.800489
1742704887.825928
1742704887.864928
1742704887.903365
1742704887.930353
1742704887.959408
1742704888.002868
1742704888.030731
1742704888.067334
1742704888.092746
1742704888.130849
1742704888.169999
1742704888.197784
1742704888.229870
1742704888.266014
1742704888.299363
1742704888.334378
1742704888.359570
1742704888.399815
1742704888.435297
1742704888.460081
1742704888.497752
1742704888.533740
1742704888.568677
1742704888.598562
1742704888.626759
1742704888.668797
1742704888.698402
1742704888.736481
1742704888.759804
1742704888.800347
1742704888.834667
1742704888.867523
1742704888.893692
1742704888.934240
1742704888.969145
1742704888.999742
1742704889.029559
1742704889.070451
1742704889.098055
1742704889.135631
1742704889.161335
1742704889.202435
1742704889.236101
1742704889.267107
1742704889.296115
1742704889.337130
1742704889.365575
1742704889.401099
1742704889.430648
1742704889.470901
1742704889.498837
1742704889.539689
1742704889.560309
1742704889.601254
1742704889.636909
1742704889.666802
1742704889.693836
1742704889.734208
1742704889.766772
1742704889.802522
1742704889.827078
1742704889.869129
1742704889.897757
1742704889.935508
1742704889.960311
1742704890.000996
1742704890.036177
1742704890.069152
1742704890.093840
1742704890.135472
1742704890.167743
1742704890.199277
1742704890.231596
1742704890.271415
1742704890.300617
1742704890.336284
1742704890.360614
1742704890.402278
1742704890.432115
1742704890.472353
1742704890.494057
1742704890.534568
1742704890.568200
1742704890.602906
1742704890.627368
1742704890.667971
1742704890.703576
1742704890.732276
1742704890.762303
1742704890.804104
1742704890.833483
1742704890.869229
1742704890.894540
1742704890.935927
1742704890.967129
1742704891.004011
1742704891.027977
1742704891.070042
1742704891.100208
1742704891.133639
1742704891.161075
1742704891.201786
1742704891.238218
1742704891.267491
1742704891.299534
1742704891.335033
1742704891.365634
1742704891.405671
1742704891.428091
1742704891.466373
1742704891.498509
1742704891.538955
1742704891.561287
1742704891.604700
1742704891.634166
1742704891.670328
1742704891.694682
1742704891.736793
1742704891.766055
1742704891.806329
1742704891.827908
1742704891.870830
1742704891.899108
1742704891.939394
1742704891.961239
1742704892.005705
1742704892.031476
1742704892.073476
1742704892.101124
1742704892.128296
1742704892.170957
1742704892.200886
1742704892.237332
1742704892.266545
1742704892.302132
1742704892.333578
1742704892.372594
1742704892.398504
1742704892.433579
1742704892.469434
1742704892.501276
1742704892.540378
1742704892.561646
1742704892.605037
1742704892.633626
1742704892.674635
1742704892.695199
1742704892.738227
1742704892.766378
1742704892.807177
1742704892.828359
1742704892.871656
1742704892.899412
1742704892.939379
1742704892.961727
1742704893.005539
1742704893.031981
1742704893.070245
1742704893.095868
1742704893.139171
1742704893.168268
1742704893.207199
1742704893.228696
1742704893.272755
1742704893.299390
1742704893.340515
1742704893.362175
1742704893.405566
1742704893.433634
1742704893.474570
1742704893.495705
1742704893.539114
1742704893.565887
1742704893.608246
1742704893.629133
1742704893.673768
1742704893.698771
1742704893.741296
1742704893.762484
1742704893.806460
1742704893.832521
1742704893.875711
1742704893.895833
1742704893.939191
1742704893.965714
1742704894.006646
1742704894.030158
1742704894.070021
1742704894.103847
1742704894.140023
1742704894.162663
1742704894.206951
1742704894.232568
1742704894.274632
1742704894.296818
1742704894.339454
1742704894.366165
1742704894.404635
1742704894.429571
1742704894.472495
1742704894.501203
1742704894.541258
1742704894.562635
1742704894.606032
1742704894.632311
1742704894.674156
1742704894.695922
1742704894.739095
1742704894.766485
1742704894.808807
1742704894.829377
1742704894.872741
1742704894.899195
1742704894.940333
1742704894.962936
1742704895.005648
1742704895.034470
1742704895.076009
1742704895.096141
1742704895.143160
1742704895.164841
1742704895.207760
1742704895.229860
1742704895.275122
1742704895.298729
1742704895.337010
1742704895.363039
1742704895.408945
1742704895.432274
1742704895.476891
1742704895.496446
1742704895.536990
1742704895.569347
1742704895.600645
1742704895.629831
1742704895.667621
1742704895.704456
1742704895.733654
1742704895.763271
1742704895.801296
1742704895.834892
1742704895.870237
1742704895.896563
1742704895.937291
1742704895.966563
1742704896.006634
1742704896.029861
1742704896.070534
1742704896.101709
1742704896.137528
1742704896.163452
1742704896.202694
1742704896.236046
1742704896.269461
1742704896.296876
1742704896.337912
1742704896.367641
1742704896.408386
1742704896.430164
1742704896.468921
1742704896.503732
1742704896.534689
1742704896.563784
1742704896.602209
1742704896.637648
1742704896.669068
1742704896.696998
1742704896.738131
1742704896.767413
1742704896.808264
1742704896.830328
1742704896.871540
1742704896.902234
1742704896.938349
1742704896.963828
1742704897.008144
1742704897.032437
1742704897.063845
1742704897.102252
1742704897.138063
1742704897.167502
1742704897.197216
1742704897.235161
1742704897.270991
1742704897.300349
1742704897.330599
1742704897.367707
1742704897.402069
1742704897.438417
1742704897.463945
1742704897.501620
1742704897.537729
1742704897.567214
1742704897.597332
1742704897.635520
1742704897.668581
1742704897.703254
1742704897.730750
1742704897.767157
1742704897.802139
1742704897.836976
1742704897.864164
1742704897.900845
1742704897.937993
1742704897.968676
1742704897.997677
1742704898.034953
1742704898.070367
1742704898.101645
1742704898.130902
1742704898.167982
1742704898.207126
1742704898.232615
1742704898.264380
1742704898.304481
1742704898.336468
1742704898.371190
1742704898.397814
1742704898.438809
1742704898.469192
1742704898.506859
1742704898.531143
1742704898.573049
1742704898.599826
1742704898.643377
1742704898.664565
1742704898.709923
1742704898.732256
1742704898.779368
1742704898.798253
1742704898.839827
1742704898.866365
1742704898.912019
1742704898.931574
1742704898.971361
1742704899.003159
1742704899.039804
1742704899.064875
1742704899.106199
1742704899.133234
1742704899.171868
1742704899.198130
1742704899.238681
1742704899.269480
1742704899.306251
1742704899.331640
1742704899.371187
1742704899.403585
1742704899.438870
1742704899.465124
1742704899.503397
1742704899.539632
1742704899.566905
1742704899.598367
1742704899.636761
1742704899.672733
1742704899.702878
1742704899.731928
1742704899.771820
1742704899.802780
1742704899.841238
1742704899.865261
1742704899.907809
1742704899.933348
1742704899.972434
1742704899.998592
1742704900.042979
1742704900.066209
1742704900.113359
1742704900.132094
1742704900.173731
1742704900.200115
1742704900.243805
1742704900.265410
1742704900.308671
1742704900.333032
1742704900.375410
1742704900.398909
1742704900.440596
1742704900.465636
1742704900.503415
1742704900.543484
1742704900.566533
1742704900.611747
1742704900.632558
1742704900.673370
1742704900.700684
1742704900.740389
1742704900.765729
1742704900.811357
1742704900.832894
1742704900.879615
1742704900.899385
1742704900.942648
1742704900.966920
1742704901.012470
1742704901.032709
1742704901.075760
1742704901.100353
1742704901.146009
1742704901.166138
1742704901.205567
1742704901.240095
1742704901.267033
