1742357244.009034
1742357244.075258
1742357244.108416
1742357244.143198
1742357244.175947
1742357244.208544
1742357244.242252
1742357244.275234
1742357244.308900
1742357244.342301
1742357244.375281
1742357244.414291
1742357244.443066
1742357244.475531
1742357244.520969
1742357244.554532
1742357244.583383
1742357244.610679
1742357244.656351
1742357244.684256
1742357244.723572
1742357244.754260
1742357244.789335
1742357244.822365
1742357244.853252
1742357244.889201
1742357244.924839
1742357244.957002
1742357244.989397
1742357245.025262
1742357245.055043
1742357245.091182
1742357245.123083
1742357245.158043
1742357245.189483
1742357245.225103
1742357245.256399
1742357245.291292
1742357245.322021
1742357245.357736
1742357245.391294
1742357245.424058
1742357245.446294
1742357245.476810
1742357245.519042
1742357245.553610
1742357245.576938
1742357245.609511
1742357245.653114
1742357245.678493
1742357245.723215
1742357245.742858
1742357245.784905
1742357245.812536
1742357245.854758
1742357245.876219
1742357245.923197
1742357245.944150
1742357245.988230
1742357246.009699
1742357246.056988
1742357246.077496
1742357246.120768
1742357246.143039
1742357246.187867
1742357246.213333
1742357246.254625
1742357246.276625
1742357246.319156
1742357246.345658
1742357246.388186
1742357246.409790
1742357246.452748
1742357246.479514
1742357246.520944
1742357246.543350
1742357246.588283
1742357246.612034
1742357246.654473
1742357246.676762
1742357246.719302
1742357246.747388
1742357246.787685
1742357246.809994
1742357246.852410
1742357246.881714
1742357246.921139
1742357246.943481
1742357246.985993
1742357247.013557
1742357247.054865
1742357247.076803
1742357247.120015
1742357247.146308
1742357247.187515
1742357247.210245
1742357247.252965
1742357247.280762
1742357247.321280
1742357247.343577
1742357247.389377
1742357247.412859
1742357247.456650
1742357247.477107
1742357247.519953
1742357247.547753
1742357247.589153
1742357247.610451
1742357247.652548
1742357247.677963
1742357247.722525
1742357247.743968
1742357247.789932
1742357247.814129
1742357247.855850
1742357247.877294
1742357247.924141
1742357247.946438
1742357247.991049
1742357248.010691
1742357248.058016
1742357248.078874
1742357248.121931
1742357248.144074
1742357248.187194
1742357248.215762
1742357248.252606
1742357248.277418
1742357248.323768
1742357248.347737
1742357248.389892
1742357248.410816
1742357248.454303
1742357248.481303
1742357248.523397
1742357248.544428
1742357248.586700
1742357248.615559
1742357248.655023
1742357248.677964
1742357248.717490
1742357248.755042
1742357248.783092
1742357248.811085
1742357248.858588
1742357248.880060
1742357248.921894
1742357248.944539
1742357248.991900
1742357249.013844
1742357249.055495
1742357249.077916
1742357249.122188
1742357249.148852
1742357249.189910
1742357249.211360
1742357249.256783
1742357249.278323
1742357249.325468
1742357249.344760
1742357249.392294
1742357249.414590
1742357249.455988
1742357249.478342
1742357249.521914
1742357249.549694
1742357249.583806
1742357249.611826
1742357249.648201
1742357249.684446
1742357249.715686
1742357249.744980
1742357249.781758
1742357249.817798
1742357249.849085
1742357249.878532
1742357249.916119
1742357249.950979
1742357249.989367
1742357250.011759
1742357250.058292
1742357250.080853
1742357250.124150
1742357250.145456
1742357250.189798
1742357250.214303
1742357250.257885
1742357250.278617
1742357250.324621
1742357250.348568
1742357250.390554
1742357250.412040
1742357250.456676
1742357250.480621
1742357250.523020
1742357250.545356
1742357250.586896
1742357250.621209
1742357250.653371
1742357250.681827
1742357250.723295
1742357250.750381
1742357250.791480
1742357250.812265
1742357250.858221
1742357250.883678
1742357250.922777
1742357250.946789
1742357250.988770
1742357251.018696
1742357251.057259
1742357251.079115
1742357251.124101
1742357251.148989
1742357251.188245
1742357251.213549
1742357251.256079
1742357251.285366
1742357251.323840
1742357251.346242
1742357251.392443
1742357251.416078
1742357251.457685
1742357251.479594
1742357251.525924
1742357251.548920
1742357251.591559
1742357251.612685
1742357251.658369
1742357251.680765
1742357251.725401
1742357251.746095
1742357251.791824
1742357251.817363
1742357251.858703
1742357251.879494
1742357251.925593
1742357251.949187
1742357251.990964
1742357252.012741
1742357252.058908
1742357252.083789
1742357252.124253
1742357252.146159
1742357252.182654
1742357252.215777
1742357252.250552
1742357252.283723
1742357252.321585
1742357252.349708
1742357252.388811
1742357252.414553
1742357252.455628
1742357252.486169
1742357252.520669
1742357252.548792
1742357252.590506
1742357252.619301
1742357252.656672
1742357252.680031
1742357252.725741
1742357252.749716
1742357252.788839
1742357252.814264
1742357252.855431
1742357252.887666
1742357252.923134
1742357252.946737
1742357252.990375
1742357253.018877
1742357253.055189
1742357253.080036
1742357253.117206
1742357253.151626
1742357253.190633
1742357253.213643
1742357253.257392
1742357253.285956
1742357253.324875
1742357253.346830
1742357253.390207
1742357253.419194
1742357253.456428
1742357253.481186
1742357253.523557
1742357253.550758
1742357253.591035
1742357253.613865
1742357253.657515
1742357253.686695
1742357253.723997
1742357253.747337
1742357253.790537
1742357253.819813
1742357253.856228
1742357253.892060
1742357253.913881
1742357253.959032
1742357253.985614
1742357254.025126
1742357254.052595
1742357254.087280
1742357254.121398
1742357254.154315
1742357254.186778
1742357254.218556
1742357254.256837
1742357254.287000
1742357254.323263
1742357254.347569
1742357254.390084
1742357254.419595
1742357254.457472
1742357254.480688
1742357254.526140
1742357254.551207
1742357254.591595
1742357254.614102
1742357254.659438
1742357254.685154
1742357254.725481
1742357254.747714
1742357254.789566
1742357254.818997
1742357254.859685
1742357254.880912
1742357254.923621
1742357254.955500
1742357254.991139
1742357255.014841
1742357255.057210
1742357255.087201
1742357255.124040
1742357255.149695
1742357255.192005
1742357255.219199
1742357255.259418
1742357255.281575
1742357255.324475
1742357255.353946
1742357255.390943
1742357255.417408
1742357255.458401
1742357255.487549
1742357255.522861
1742357255.552169
1742357255.591019
1742357255.621560
1742357255.657798
1742357255.686036
1742357255.722846
1742357255.757669
1742357255.786914
1742357255.819288
1742357255.856938
1742357255.887887
1742357255.920057
1742357255.955647
1742357255.986817
1742357256.022974
1742357256.057323
1742357256.086029
1742357256.125095
1742357256.155513
1742357256.190787
1742357256.218693
1742357256.259887
1742357256.286184
1742357256.324962
1742357256.348452
1742357256.392302
1742357256.419455
1742357256.457649
1742357256.481807
1742357256.525672
1742357256.553838
1742357256.589895
1742357256.616638
1742357256.657199
1742357256.690054
1742357256.724966
1742357256.748881
1742357256.787885
1742357256.823819
1742357256.858288
1742357256.882102
1742357256.924724
1742357256.953457
1742357256.992775
1742357257.015227
1742357257.059287
1742357257.086589
1742357257.127828
1742357257.148544
1742357257.190347
1742357257.223807
1742357257.257689
1742357257.282534
1742357257.323357
1742357257.358796
1742357257.388496
1742357257.419958
1742357257.456041
1742357257.490770
1742357257.524482
1742357257.550677
1742357257.590973
1742357257.621885
1742357257.655704
1742357257.686850
1742357257.724693
1742357257.753951
1742357257.792977
1742357257.817977
1742357257.859188
1742357257.888179
1742357257.922508
1742357257.953828
1742357257.990288
1742357258.024677
1742357258.054152
1742357258.087017
1742357258.125587
1742357258.155971
1742357258.190579
1742357258.216411
1742357258.257090
1742357258.290960
1742357258.326112
1742357258.349202
1742357258.392318
1742357258.422144
1742357258.458889
1742357258.482731
1742357258.522487
1742357258.558345
1742357258.588936
1742357258.618495
1742357258.659300
1742357258.687309
1742357258.723771
1742357258.752497
1742357258.790957
1742357258.826182
1742357258.854484
1742357258.887172
1742357258.923074
1742357258.958977
1742357258.988928
1742357259.017269
1742357259.057786
1742357259.091867
1742357259.121504
1742357259.153513
1742357259.193508
1742357259.221545
1742357259.257922
1742357259.284084
1742357259.325022
1742357259.356225
1742357259.390361
1742357259.417365
1742357259.456644
1742357259.490515
1742357259.525571
1742357259.550635
1742357259.590696
1742357259.624824
1742357259.656741
1742357259.687422
1742357259.723198
1742357259.757601
1742357259.792039
1742357259.819005
1742357259.858181
1742357259.888222
1742357259.922512
1742357259.955823
1742357259.989341
1742357260.023908
1742357260.058876
1742357260.087763
1742357260.125864
1742357260.155853
1742357260.190506
1742357260.220945
1742357260.257193
1742357260.291798
1742357260.324102
1742357260.351008
1742357260.391354
1742357260.425281
1742357260.456802
1742357260.485118
1742357260.524965
1742357260.555559
1742357260.589449
1742357260.619593
1742357260.655295
1742357260.691414
1742357260.722501
1742357260.750799
1742357260.791383
1742357260.821847
1742357260.861816
1742357260.883668
1742357260.923350
1742357260.957885
1742357260.989813
1742357261.017884
1742357261.058484
1742357261.091618
1742357261.125754
1742357261.150682
1742357261.190722
1742357261.227257
1742357261.255630
1742357261.287117
1742357261.325974
1742357261.355535
1742357261.391505
1742357261.419206
1742357261.456383
1742357261.491408
1742357261.522626
1742357261.554556
1742357261.595143
1742357261.622282
1742357261.659441
1742357261.683965
1742357261.724858
1742357261.758562
1742357261.791351
1742357261.819911
1742357261.860255
1742357261.889499
1742357261.928609
1742357261.950920
1742357261.991599
1742357262.028072
1742357262.055729
1742357262.088337
1742357262.127454
1742357262.154603
1742357262.190178
1742357262.225692
1742357262.251511
1742357262.292579
1742357262.323139
1742357262.360658
1742357262.388829
1742357262.424668
1742357262.456686
1742357262.491172
1742357262.525628
1742357262.554824
1742357262.595947
1742357262.621347
1742357262.657539
1742357262.687611
1742357262.724369
1742357262.759336
1742357262.794261
1742357262.821054
1742357262.857354
1742357262.891767
1742357262.927150
1742357262.952863
1742357262.989054
1742357263.022014
1742357263.058180
1742357263.086928
1742357263.125033
1742357263.160274
1742357263.189989
1742357263.221669
1742357263.262297
1742357263.289148
1742357263.325380
1742357263.354702
1742357263.391385
1742357263.425591
1742357263.457204
1742357263.490829
1742357263.525706
1742357263.560115
1742357263.593596
1742357263.621872
1742357263.661627
1742357263.689263
1742357263.730355
1742357263.752072
1742357263.799181
1742357263.820766
1742357263.861320
1742357263.886500
1742357263.923963
1742357263.961645
1742357263.989304
1742357264.022441
1742357264.062941
1742357264.089332
1742357264.130978
1742357264.152353
1742357264.196875
1742357264.222173
1742357264.263229
1742357264.285737
1742357264.332083
1742357264.354462
1742357264.397350
1742357264.418870
1742357264.461657
1742357264.491857
1742357264.530945
1742357264.552260
1742357264.593620
1742357264.625900
1742357264.659641
1742357264.687833
1742357264.730123
1742357264.755621
1742357264.797537
1742357264.819124
1742357264.865966
1742357264.888181
1742357264.925602
1742357264.955234
1742357264.991666
1742357265.029548
1742357265.056046
1742357265.090722
1742357265.129704
1742357265.156136
1742357265.192718
1742357265.220956
1742357265.264534
1742357265.287922
1742357265.330340
1742357265.352708
1742357265.395706
1742357265.422293
1742357265.465349
1742357265.486328
1742357265.529303
1742357265.555832
1742357265.598241
1742357265.619620
1742357265.663923
1742357265.688346
1742357265.724290
1742357265.755225
1742357265.795373
1742357265.823693
1742357265.866067
1742357265.886431
1742357265.932548
1742357265.955090
1742357265.999358
1742357266.020100
1742357266.064386
1742357266.088830
1742357266.133281
1742357266.153275
1742357266.200550
1742357266.221165
1742357266.266045
1742357266.286614
1742357266.332068
1742357266.355286
1742357266.401056
1742357266.420056
1742357266.465476
1742357266.488687
1742357266.526258
1742357266.553806
1742357266.599639
1742357266.621798
1742357266.663426
1742357266.686632
1742357266.733314
1742357266.755392
1742357266.801082
1742357266.820317
1742357266.864568
1742357266.888877
1742357266.927230
1742357266.953419
1742357266.997980
1742357267.022128
1742357267.068146
1742357267.086946
1742357267.133183
1742357267.155113
1742357267.200662
1742357267.220345
1742357267.266972
1742357267.288359
1742357267.335148
1742357267.353908
1742357267.399545
1742357267.421550
1742357267.468435
1742357267.487377
1742357267.532090
1742357267.555474
1742357267.601818
1742357267.620856
1742357267.667088
1742357267.688799
1742357267.735325
1742357267.754123
1742357267.801172
1742357267.821559
1742357267.868386
1742357267.887669
1742357267.934262
1742357267.955564
1742357268.001936
1742357268.021042
1742357268.067776
1742357268.088617
1742357268.133629
1742357268.154302
1742357268.201611
1742357268.221473
1742357268.268126
1742357268.287891
1742357268.335322
1742357268.354704
1742357268.401235
1742357268.421189
1742357268.468701
1742357268.488260
1742357268.535301
1742357268.554659
1742357268.602165
1742357268.621526
1742357268.667993
1742357268.688089
1742357268.735162
1742357268.755280
1742357268.801331
1742357268.821361
1742357268.867808
1742357268.888736
1742357268.935157
1742357268.954789
1742357269.001362
1742357269.022131
1742357269.068207
1742357269.088162
1742357269.134933
1742357269.155719
1742357269.192878
1742357269.225520
1742357269.265859
1742357269.289081
1742357269.331722
1742357269.355025
1742357269.401997
1742357269.421898
1742357269.468079
1742357269.488431
1742357269.535205
1742357269.555753
1742357269.602169
1742357269.621888
1742357269.659784
1742357269.700325
1742357269.722593
1742357269.763894
1742357269.789481
1742357269.835566
1742357269.855840
1742357269.898295
1742357269.922676
1742357269.966655
1742357269.990334
1742357270.027644
1742357270.058819
1742357270.099895
1742357270.123481
1742357270.160760
1742357270.196685
1742357270.230532
1742357270.261119
1742357270.288974
1742357270.334648
1742357270.356192
1742357270.402679
1742357270.422008
1742357270.468977
1742357270.488850
1742357270.534195
1742357270.560754
1742357270.588564
1742357270.634648
1742357270.656508
1742357270.703574
1742357270.722571
1742357270.768312
1742357270.789211
1742357270.836305
1742357270.856387
1742357270.896314
1742357270.923289
1742357270.969345
1742357270.989699
1742357271.033693
1742357271.055800
1742357271.102089
1742357271.123137
1742357271.163978
1742357271.190022
1742357271.233339
1742357271.256638
1742357271.295249
1742357271.326303
1742357271.368409
1742357271.389849
1742357271.432120
1742357271.456637
1742357271.503530
1742357271.522873
1742357271.562382
1742357271.593298
1742357271.635928
1742357271.656788
1742357271.698316
1742357271.723524
1742357271.766510
1742357271.790906
1742357271.831116
1742357271.856922
1742357271.899901
1742357271.926363
1742357271.965539
1742357271.990031
1742357272.034609
1742357272.056822
1742357272.100348
1742357272.123353
1742357272.169833
1742357272.190382
1742357272.231062
1742357272.256853
1742357272.300149
1742357272.327076
1742357272.362043
1742357272.392967
1742357272.434688
1742357272.456998
1742357272.499205
1742357272.523449
1742357272.564872
1742357272.599136
1742357272.623451
1742357272.667824
1742357272.690222
1742357272.733814
1742357272.756884
1742357272.801751
1742357272.823844
1742357272.870449
1742357272.889901
1742357272.935245
1742357272.956994
1742357273.003822
1742357273.023336
1742357273.066334
1742357273.090596
1742357273.135523
1742357273.156803
1742357273.204402
1742357273.223866
1742357273.266793
1742357273.290153
1742357273.333752
1742357273.358421
1742357273.402942
1742357273.423504
1742357273.469413
1742357273.490621
1742357273.536161
1742357273.556954
1742357273.600856
1742357273.624542
1742357273.670340
1742357273.690231
1742357273.732729
1742357273.761125
1742357273.796432
1742357273.823754
1742357273.862253
1742357273.903439
1742357273.924689
1742357273.970012
1742357273.991399
1742357274.036177
1742357274.058066
1742357274.103593
1742357274.124753
1742357274.169795
1742357274.191468
1742357274.235252
1742357274.258503
1742357274.301553
1742357274.324810
1742357274.366230
1742357274.391624
1742357274.437655
1742357274.458561
1742357274.500716
1742357274.524817
1742357274.570238
1742357274.591421
1742357274.634476
1742357274.658292
1742357274.701608
1742357274.725785
1742357274.765578
1742357274.791487
1742357274.836374
1742357274.858990
1742357274.897265
1742357274.930455
1742357274.966092
1742357274.997224
1742357275.025509
1742357275.070831
1742357275.091912
1742357275.137115
1742357275.157800
1742357275.204210
1742357275.225350
1742357275.270504
1742357275.291155
1742357275.333374
1742357275.365151
1742357275.400789
1742357275.425466
1742357275.469775
1742357275.492330
1742357275.537254
1742357275.558109
1742357275.604817
1742357275.626567
1742357275.669618
1742357275.691673
1742357275.738268
1742357275.759519
1742357275.802992
1742357275.825893
1742357275.869650
1742357275.893322
1742357275.936308
1742357275.960116
1742357276.005172
1742357276.026802
1742357276.072496
1742357276.091829
1742357276.133595
1742357276.164531
1742357276.201135
1742357276.227031
1742357276.269710
1742357276.294645
1742357276.339318
1742357276.358495
1742357276.402954
1742357276.428489
1742357276.470818
1742357276.491770
1742357276.534535
1742357276.562337
1742357276.603764
1742357276.625285
1742357276.672472
1742357276.693729
1742357276.735555
1742357276.760115
1742357276.802398
1742357276.830805
1742357276.870355
1742357276.891939
1742357276.937946
1742357276.960687
1742357277.003231
1742357277.025516
1742357277.069118
1742357277.097761
1742357277.136895
1742357277.158845
1742357277.202410
1742357277.231510
1742357277.270960
1742357277.292190
1742357277.334554
1742357277.365212
1742357277.401808
1742357277.428159
1742357277.470232
1742357277.496072
1742357277.539209
1742357277.558916
1742357277.602432
1742357277.632100
1742357277.670935
1742357277.692694
1742357277.735449
1742357277.762859
1742357277.805436
1742357277.825786
1742357277.872774
1742357277.895223
1742357277.935871
1742357277.959978
1742357278.002868
1742357278.028282
1742357278.073127
1742357278.092623
1742357278.134901
1742357278.165583
1742357278.203492
1742357278.226770
1742357278.269755
1742357278.298985
1742357278.337277
1742357278.359460
1742357278.405478
1742357278.428556
1742357278.472020
1742357278.492704
1742357278.540141
1742357278.562063
1742357278.605652
1742357278.626152
1742357278.671974
1742357278.695441
1742357278.738133
1742357278.759458
1742357278.804869
1742357278.829749
1742357278.871939
1742357278.903250
1742357278.926431
1742357278.967601
1742357279.003343
1742357279.032412
1742357279.071160
1742357279.093665
1742357279.137768
1742357279.163830
1742357279.205505
1742357279.226499
1742357279.272177
1742357279.296704
1742357279.338643
1742357279.359733
1742357279.407112
1742357279.430024
1742357279.471855
1742357279.493237
1742357279.537510
1742357279.565974
1742357279.603703
1742357279.627832
1742357279.671467
1742357279.697806
1742357279.739349
1742357279.760162
1742357279.807324
1742357279.830900
1742357279.873412
1742357279.893503
1742357279.940271
1742357279.963838
1742357280.004898
1742357280.029242
1742357280.071486
1742357280.098110
1742357280.137807
1742357280.163716
1742357280.205401
1742357280.231145
1742357280.272948
1742357280.293750
1742357280.340230
1742357280.364291
1742357280.406263
1742357280.427162
1742357280.471354
1742357280.498028
1742357280.539401
1742357280.560426
1742357280.607323
1742357280.631135
1742357280.672973
1742357280.694068
1742357280.741306
1742357280.763906
1742357280.805603
1742357280.827276
1742357280.870321
1742357280.900161
1742357280.939093
1742357280.960685
1742357281.003412
1742357281.033480
1742357281.069432
1742357281.094300
1742357281.141140
1742357281.164488
1742357281.206408
1742357281.227503
1742357281.273363
1742357281.298658
1742357281.340525
1742357281.360831
1742357281.406455
1742357281.431520
1742357281.473371
1742357281.494164
1742357281.541094
1742357281.564427
1742357281.605041
1742357281.627869
1742357281.671238
1742357281.698202
1742357281.739865
1742357281.761212
1742357281.804417
1742357281.833227
1742357281.871229
1742357281.898235
1742357281.938410
1742357281.967491
1742357282.004325
1742357282.031961
1742357282.071454
1742357282.100426
1742357282.137786
1742357282.164633
1742357282.206246
1742357282.232513
1742357282.272873
1742357282.294651
1742357282.338767
1742357282.368133
1742357282.404714
1742357282.428090
1742357282.472123
1742357282.498675
1742357282.541188
1742357282.561512
1742357282.606292
1742357282.632486
1742357282.670691
1742357282.694958
1742357282.737840
1742357282.768236
1742357282.805410
1742357282.828436
1742357282.873080
1742357282.899236
1742357282.934653
1742357282.963296
1742357283.005536
1742357283.034957
1742357283.071734
1742357283.094866
1742357283.139688
1742357283.166219
1742357283.205580
1742357283.228487
1742357283.274040
1742357283.299498
1742357283.337820
1742357283.363102
1742357283.408248
1742357283.430146
1742357283.471976
1742357283.495438
1742357283.540817
1742357283.563838
1742357283.606587
1742357283.628784
1742357283.673982
1742357283.699502
1742357283.739175
1742357283.764297
1742357283.806056
1742357283.835673
1742357283.872214
1742357283.898653
1742357283.939426
1742357283.968731
1742357284.006653
1742357284.031490
1742357284.073654
1742357284.100825
1742357284.138025
1742357284.166168
1742357284.203626
1742357284.238288
1742357284.271319
1742357284.298800
1742357284.339872
1742357284.369139
1742357284.406627
1742357284.429042
1742357284.475347
1742357284.498841
1742357284.540516
1742357284.562004
1742357284.607832
1742357284.633762
1742357284.673672
1742357284.695689
1742357284.742175
1742357284.766388
1742357284.807339
1742357284.829232
1742357284.875016
1742357284.899861
1742357284.939962
1742357284.962443
1742357285.008717
1742357285.034069
1742357285.073846
1742357285.096189
1742357285.139252
1742357285.168811
1742357285.206484
1742357285.229811
1742357285.275345
1742357285.300518
1742357285.340803
1742357285.362982
1742357285.408927
1742357285.433779
1742357285.473452
1742357285.496703
1742357285.540010
1742357285.568498
1742357285.605395
1742357285.632376
1742357285.670565
1742357285.703741
1742357285.736217
1742357285.767318
1742357285.804080
1742357285.835750
1742357285.873106
1742357285.901013
1742357285.939426
1742357285.969930
1742357286.006646
1742357286.034392
1742357286.073118
1742357286.102197
1742357286.137945
1742357286.167596
1742357286.206436
1742357286.235991
1742357286.273826
1742357286.297295
1742357286.339652
1742357286.370076
1742357286.406024
1742357286.430292
1742357286.473073
1742357286.502512
1742357286.540135
1742357286.563897
1742357286.607398
1742357286.634113
1742357286.674613
1742357286.697057
1742357286.739545
1742357286.769778
1742357286.805693
1742357286.830494
1742357286.872817
1742357286.905498
1742357286.938669
1742357286.965179
1742357287.006841
1742357287.034818
1742357287.075039
1742357287.097122
1742357287.136680
1742357287.172896
1742357287.204556
1742357287.237465
1742357287.263723
1742357287.306648
1742357287.337285
1742357287.370115
1742357287.407057
1742357287.433731
1742357287.474212
1742357287.503041
1742357287.541037
1742357287.564105
1742357287.606699
1742357287.638298
1742357287.672446
1742357287.701512
1742357287.742110
1742357287.768708
1742357287.809883
1742357287.830821
1742357287.873081
1742357287.906043
1742357287.939726
1742357287.968141
1742357288.008845
1742357288.035735
1742357288.074895
1742357288.099109
1742357288.138131
1742357288.171020
1742357288.206068
1742357288.234435
1742357288.274691
1742357288.302485
1742357288.341673
1742357288.364406
1742357288.408114
1742357288.437222
1742357288.473798
1742357288.497656
1742357288.542620
1742357288.567510
1742357288.608778
1742357288.630889
1742357288.675816
1742357288.702693
1742357288.741495
1742357288.764273
1742357288.806482
1742357288.837477
1742357288.870517
1742357288.899944
1742357288.938719
1742357288.973366
1742357289.006411
1742357289.031288
1742357289.073399
1742357289.106007
1742357289.139624
1742357289.164756
1742357289.207313
1742357289.237056
1742357289.274936
1742357289.298423
1742357289.342445
1742357289.369695
1742357289.406162
1742357289.435429
1742357289.475276
1742357289.502268
1742357289.541591
1742357289.565129
1742357289.609248
1742357289.636121
1742357289.674575
1742357289.698352
1742357289.738131
1742357289.769830
1742357289.806515
1742357289.834442
1742357289.875452
1742357289.903325
1742357289.941851
1742357289.967964
1742357290.007882
1742357290.035068
1742357290.072871
1742357290.102597
1742357290.141969
1742357290.170815
1742357290.209503
1742357290.232027
1742357290.276237
1742357290.302954
1742357290.342953
1742357290.365555
1742357290.405777
1742357290.440472
1742357290.472191
1742357290.502711
1742357290.540840
1742357290.572122
1742357290.605647
1742357290.636213
1742357290.674331
1742357290.703293
1742357290.741589
1742357290.767252
1742357290.808407
1742357290.837900
1742357290.874428
1742357290.900811
1742357290.942395
1742357290.970387
1742357291.005589
1742357291.035705
1742357291.076420
1742357291.103693
1742357291.141944
1742357291.165635
1742357291.205199
1742357291.241492
1742357291.269995
1742357291.303242
1742357291.343251
1742357291.371191
1742357291.407271
1742357291.435853
1742357291.475888
1742357291.504052
1742357291.538787
1742357291.570403
1742357291.609459
1742357291.638984
1742357291.673803
1742357291.702241
1742357291.741849
1742357291.771705
1742357291.804815
1742357291.836684
1742357291.873955
1742357291.908248
1742357291.938943
1742357291.970650
1742357292.009756
1742357292.039636
1742357292.075593
1742357292.102285
1742357292.142309
1742357292.170957
1742357292.207136
1742357292.237314
1742357292.276751
1742357292.305373
1742357292.341713
1742357292.367275
1742357292.408894
1742357292.438727
1742357292.472214
1742357292.503189
1742357292.543037
1742357292.572384
1742357292.608269
1742357292.633596
1742357292.675594
1742357292.705335
1742357292.740870
1742357292.768692
1742357292.810375
1742357292.840161
1742357292.877359
1742357292.900136
1742357292.942270
1742357292.969742
1742357293.004246
1742357293.034638
1742357293.075307
1742357293.103678
1742357293.142521
1742357293.167019
1742357293.210822
1742357293.236549
1742357293.274622
1742357293.303632
1742357293.344355
1742357293.370142
1742357293.410655
1742357293.434075
1742357293.479037
1742357293.503899
1742357293.541601
1742357293.571583
1742357293.608034
1742357293.642342
1742357293.677171
1742357293.700853
1742357293.741963
1742357293.775970
1742357293.804930
1742357293.840111
1742357293.874628
1742357293.909303
1742357293.943147
1742357293.969639
1742357294.010151
1742357294.040460
1742357294.078579
1742357294.101798
1742357294.143139
1742357294.173306
1742357294.211259
1742357294.236429
1742357294.278256
1742357294.303837
1742357294.344896
1742357294.367259
1742357294.413506
1742357294.437125
1742357294.475494
1742357294.502774
1742357294.542024
1742357294.575829
1742357294.608240
1742357294.638390
1742357294.676786
1742357294.708397
1742357294.744526
1742357294.767899
1742357294.812571
1742357294.836184
1742357294.875420
1742357294.902331
1742357294.946759
1742357294.970404
1742357295.011849
1742357295.034081
1742357295.078389
1742357295.105025
1742357295.145679
1742357295.167622
1742357295.214248
1742357295.236998
1742357295.278183
1742357295.300929
1742357295.346403
1742357295.370747
1742357295.410906
1742357295.434675
1742357295.478340
1742357295.504772
1742357295.546455
1742357295.577446
1742357295.601114
1742357295.645699
1742357295.670899
1742357295.711970
1742357295.738295
1742357295.777177
1742357295.804303
1742357295.845768
1742357295.871146
1742357295.910314
1742357295.937350
1742357295.975149
1742357296.011739
1742357296.034977
1742357296.078815
1742357296.104305
1742357296.142741
1742357296.170913
1742357296.211883
1742357296.238902
1742357296.280657
1742357296.301623
1742357296.348057
1742357296.370509
1742357296.413026
1742357296.436015
1742357296.477530
1742357296.504556
1742357296.543515
1742357296.571358
1742357296.612976
1742357296.638508
1742357296.679996
1742357296.701800
1742357296.747755
1742357296.770587
1742357296.809659
1742357296.840192
1742357296.877856
1742357296.905014
1742357296.943516
1742357296.970516
1742357297.011380
1742357297.038374
1742357297.077110
1742357297.104371
1742357297.147095
1742357297.170475
1742357297.213466
1742357297.235532
1742357297.280244
1742357297.304831
1742357297.347732
1742357297.368629
1742357297.412556
1742357297.439037
1742357297.480763
1742357297.501994
1742357297.546119
1742357297.572348
1742357297.613877
1742357297.635340
1742357297.680822
1742357297.704304
1742357297.744133
1742357297.769369
1742357297.813613
1742357297.838185
1742357297.880540
1742357297.902117
1742357297.946504
1742357297.971204
1742357298.008788
1742357298.039735
1742357298.078201
1742357298.104903
1742357298.144048
1742357298.170130
1742357298.213656
1742357298.238237
1742357298.277093
1742357298.302305
1742357298.349392
1742357298.371111
1742357298.414737
1742357298.435820
1742357298.481202
1742357298.504907
1742357298.543765
1742357298.569595
1742357298.616631
1742357298.637687
1742357298.677014
1742357298.702598
1742357298.747462
1742357298.771475
1742357298.809972
1742357298.835434
1742357298.872003
1742357298.909189
1742357298.948306
1742357298.969510
1742357299.015518
1742357299.038160
1742357299.076553
1742357299.106404
1742357299.146298
1742357299.172509
1742357299.210565
1742357299.236843
1742357299.282997
1742357299.304787
1742357299.348646
1742357299.369546
1742357299.415432
1742357299.438504
1742357299.481638
1742357299.502944
1742357299.548975
1742357299.571694
1742357299.610836
1742357299.636797
1742357299.681980
1742357299.704600
1742357299.750591
1742357299.769847
1742357299.815609
1742357299.838385
1742357299.884425
1742357299.903444
1742357299.950142
1742357299.971465
1742357300.017085
1742357300.036806
1742357300.079562
1742357300.105982
1742357300.147891
1742357300.170405
1742357300.217032
1742357300.238531
1742357300.283779
1742357300.303555
1742357300.350291
1742357300.371710
1742357300.415577
1742357300.436954
1742357300.483707
1742357300.505072
1742357300.550677
1742357300.570631
1742357300.617445
1742357300.637284
1742357300.684340
1742357300.703887
1742357300.750640
1742357300.771877
1742357300.818374
1742357300.837343
1742357300.884604
1742357300.904807
1742357300.950472
1742357300.970673
1742357301.018558
1742357301.038069
1742357301.083906
1742357301.104207
1742357301.150602
1742357301.171956
1742357301.217313
1742357301.237468
1742357301.284721
1742357301.305185
1742357301.345049
1742357301.371778
1742357301.416262
1742357301.438889
1742357301.484756
1742357301.504540
1742357301.551936
1742357301.571714
1742357301.615526
1742357301.637837
1742357301.684999
1742357301.705324
1742357301.749328
1742357301.771416
1742357301.816786
1742357301.838680
1742357301.885029
1742357301.904555
1742357301.951393
1742357301.971921
1742357302.014283
1742357302.037953
1742357302.084811
1742357302.105510
1742357302.149661
1742357302.171433
1742357302.215306
1742357302.239037
1742357302.282694
1742357302.305131
1742357302.352072
1742357302.371900
1742357302.417571
1742357302.438008
1742357302.484359
1742357302.505717
1742357302.548769
1742357302.571282
1742357302.615889
1742357302.639036
1742357302.681877
1742357302.704822
1742357302.752006
1742357302.771950
1742357302.818415
1742357302.838004
1742357302.884637
1742357302.905531
1742357302.951355
1742357302.971526
1742357303.014921
1742357303.040199
1742357303.082720
1742357303.105072
1742357303.150934
1742357303.172315
1742357303.217479
1742357303.238202
1742357303.281636
1742357303.306064
1742357303.349640
1742357303.371648
1742357303.416881
1742357303.439219
1742357303.484578
1742357303.505118
1742357303.548553
1742357303.572794
1742357303.615477
1742357303.638694
1742357303.681816
1742357303.706063
1742357303.753404
1742357303.772091
1742357303.819217
1742357303.838751
1742357303.885742
1742357303.915861
1742357303.938899
1742357303.985869
1742357304.006268
1742357304.053120
1742357304.072675
1742357304.117261
1742357304.139403
1742357304.185872
1742357304.206292
1742357304.250393
1742357304.272747
1742357304.317932
1742357304.339800
1742357304.383951
1742357304.406095
1742357304.444447
1742357304.485699
1742357304.505892
1742357304.552715
1742357304.572972
1742357304.620164
1742357304.639065
1742357304.684981
1742357304.706192
1742357304.753639
1742357304.772603
1742357304.816387
1742357304.839586
1742357304.886367
1742357304.905948
1742357304.953558
1742357304.972916
1742357305.019883
1742357305.039623
1742357305.086638
1742357305.106462
1742357305.149747
1742357305.173197
1742357305.219961
1742357305.239637
1742357305.286743
1742357305.306114
1742357305.352294
1742357305.372955
1742357305.419819
1742357305.439489
1742357305.486099
1742357305.506453
1742357305.553660
1742357305.572853
1742357305.619748
1742357305.639649
1742357305.686672
1742357305.706320
1742357305.753473
1742357305.773187
1742357305.820260
1742357305.839677
1742357305.884699
1742357305.906857
1742357305.949829
1742357305.973787
1742357306.020137
1742357306.040121
1742357306.083990
1742357306.107396
1742357306.153390
1742357306.173967
1742357306.220381
1742357306.240117
1742357306.287265
1742357306.307289
1742357306.353467
1742357306.373598
1742357306.420465
1742357306.440754
1742357306.484548
1742357306.507135
1742357306.550997
1742357306.574007
1742357306.620669
1742357306.640187
1742357306.686928
1742357306.707820
1742357306.751777
1742357306.774636
1742357306.820928
1742357306.841140
1742357306.884763
1742357306.908165
1742357306.954205
1742357306.974498
1742357307.020628
1742357307.040734
1742357307.086618
1742357307.108017
1742357307.154815
1742357307.174077
1742357307.220436
1742357307.241834
1742357307.287341
1742357307.307402
1742357307.354310
1742357307.375362
1742357307.420063
1742357307.441111
1742357307.486116
1742357307.508794
1742357307.552544
1742357307.574383
1742357307.621429
1742357307.642160
1742357307.688243
1742357307.707454
1742357307.754541
1742357307.775492
1742357307.822007
1742357307.840742
1742357307.884427
1742357307.910514
1742357307.952674
1742357307.974353
1742357308.021667
1742357308.042550
1742357308.088744
1742357308.107678
1742357308.154884
1742357308.175699
1742357308.222528
1742357308.241372
1742357308.284825
1742357308.312743
1742357308.354031
1742357308.375324
1742357308.419145
1742357308.443542
1742357308.486925
1742357308.508097
1742357308.555214
1742357308.575286
1742357308.619589
1742357308.641072
1742357308.684840
1742357308.710049
1742357308.752753
1742357308.774379
1742357308.818619
1742357308.843118
1742357308.885267
1742357308.907935
1742357308.952828
1742357308.975163
1742357309.018795
1742357309.041624
1742357309.088776
1742357309.110473
1742357309.152271
1742357309.174868
1742357309.218078
1742357309.244843
1742357309.287910
1742357309.308050
1742357309.351680
1742357309.378697
1742357309.420719
1742357309.441408
1742357309.488906
1742357309.510302
1742357309.552702
1742357309.575179
1742357309.621290
1742357309.643852
1742357309.688280
1742357309.708196
1742357309.755622
1742357309.775181
1742357309.822041
1742357309.841751
1742357309.886927
1742357309.910952
1742357309.955387
1742357309.975021
1742357310.021870
1742357310.044638
1742357310.086593
1742357310.108660
1742357310.152076
1742357310.180814
1742357310.219279
1742357310.244130
1742357310.286085
1742357310.311324
1742357310.354770
1742357310.375318
1742357310.421527
1742357310.444728
1742357310.488436
1742357310.508705
1742357310.552514
1742357310.578204
1742357310.620092
1742357310.641961
1742357310.681725
1742357310.719503
1742357310.746392
1742357310.779386
1742357310.820122
1742357310.845238
1742357310.889216
1742357310.908818
1742357310.956491
1742357310.978508
1742357311.022646
1742357311.042342
1742357311.085497
1742357311.113097
1742357311.154985
1742357311.175522
1742357311.219294
1742357311.248749
1742357311.285739
1742357311.308987
1742357311.352492
1742357311.380248
1742357311.421747
1742357311.442245
1742357311.490059
1742357311.512467
1742357311.554098
1742357311.576126
1742357311.619993
1742357311.647228
1742357311.687948
1742357311.709257
1742357311.756498
1742357311.779540
1742357311.821417
1742357311.842769
1742357311.886031
1742357311.913054
1742357311.954712
1742357311.976053
1742357312.023739
1742357312.045354
1742357312.089708
1742357312.109798
1742357312.155396
1742357312.179718
1742357312.221988
1742357312.249964
1742357312.275980
1742357312.311006
1742357312.353595
1742357312.383068
1742357312.420049
1742357312.446898
1742357312.488583
1742357312.513716
1742357312.555454
1742357312.576980
1742357312.622272
1742357312.646825
1742357312.688773
1742357312.709819
1742357312.753230
1742357312.781377
1742357312.822640
1742357312.843080
1742357312.889962
1742357312.913888
1742357312.955720
1742357312.976513
1742357313.023986
1742357313.045982
1742357313.087968
1742357313.109818
1742357313.153266
1742357313.183065
1742357313.219994
1742357313.243355
1742357313.284908
1742357313.318426
1742357313.347731
1742357313.381597
1742357313.418281
1742357313.452718
1742357313.481642
1742357313.513739
1742357313.552916
1742357313.583395
1742357313.619764
1742357313.643445
1742357313.690512
1742357313.713644
1742357313.755300
1742357313.776824
1742357313.821865
1742357313.847592
1742357313.889723
1742357313.910358
1742357313.957695
1742357313.979511
1742357314.020322
1742357314.043668
1742357314.090544
1742357314.113700
1742357314.155472
1742357314.177131
1742357314.222249
1742357314.248468
1742357314.286332
1742357314.314296
1742357314.356122
1742357314.380686
1742357314.423169
1742357314.443929
1742357314.489698
1742357314.514735
1742357314.552964
1742357314.578196
1742357314.620213
1742357314.649786
1742357314.689315
1742357314.710657
1742357314.755679
1742357314.781913
1742357314.819892
1742357314.845127
1742357314.890135
1742357314.915725
1742357314.956604
1742357314.977717
1742357315.022307
1742357315.048871
1742357315.086770
1742357315.110790
1742357315.155449
1742357315.181282
1742357315.219276
1742357315.244496
1742357315.289385
1742357315.314937
1742357315.355625
1742357315.377532
1742357315.422172
1742357315.449216
1742357315.489606
1742357315.511034
1742357315.557125
1742357315.582320
1742357315.620844
1742357315.644401
1742357315.689912
1742357315.715250
1742357315.753743
1742357315.778164
1742357315.823817
1742357315.849243
1742357315.888156
1742357315.911397
1742357315.957241
1742357315.981978
1742357316.020483
1742357316.045623
1742357316.090765
1742357316.116269
1742357316.155353
1742357316.178117
1742357316.224023
1742357316.249086
1742357316.289425
1742357316.313266
1742357316.355526
1742357316.385176
1742357316.421844
1742357316.446549
1742357316.489288
1742357316.518111
1742357316.556381
1742357316.578366
1742357316.623058
1742357316.649585
1742357316.690155
1742357316.711531
1742357316.757646
1742357316.782067
1742357316.821211
1742357316.844887
1742357316.890523
1742357316.916268
1742357316.955674
1742357316.978301
1742357317.023534
1742357317.049580
1742357317.088524
1742357317.111678
1742357317.157471
1742357317.183032
1742357317.222454
1742357317.245090
1742357317.290592
1742357317.316740
1742357317.355846
1742357317.378512
1742357317.424712
1742357317.449613
1742357317.488567
1742357317.511970
1742357317.558081
1742357317.583192
1742357317.624525
1742357317.645361
1742357317.688822
1742357317.718405
1742357317.756771
1742357317.778783
1742357317.821797
1742357317.851872
1742357317.888409
1742357317.912296
1742357317.956408
1742357317.984985
1742357318.021063
1742357318.046198
1742357318.088419
1742357318.119678
1742357318.156209
1742357318.179046
1742357318.222652
1742357318.251552
1742357318.288372
1742357318.314778
1742357318.352946
1742357318.387745
1742357318.420243
1742357318.449310
1742357318.489064
1742357318.519832
1742357318.555743
1742357318.579449
1742357318.622058
1742357318.653673
1742357318.685514
1742357318.713848
1742357318.753399
1742357318.789257
1742357318.816783
1742357318.849868
1742357318.888173
1742357318.920865
1742357318.953567
1742357318.979419
1742357319.021738
1742357319.053493
1742357319.089070
1742357319.112942
1742357319.154430
1742357319.187637
1742357319.221292
1742357319.246283
1742357319.288151
1742357319.318272
1742357319.356004
1742357319.379763
1742357319.425129
1742357319.450415
1742357319.489961
1742357319.512976
1742357319.555745
1742357319.586413
1742357319.621797
1742357319.646980
1742357319.688629
1742357319.718997
1742357319.755045
1742357319.779885
1742357319.825413
1742357319.851158
1742357319.890462
1742357319.913187
1742357319.955077
1742357319.988167
1742357320.023707
1742357320.046649
1742357320.088545
1742357320.118228
1742357320.158622
1742357320.180105
1742357320.223299
1742357320.251538
1742357320.288288
1742357320.314858
1742357320.355429
1742357320.386327
1742357320.421296
1742357320.450000
1742357320.489076
1742357320.520843
1742357320.554003
1742357320.589575
1742357320.613806
1742357320.656467
1742357320.688062
1742357320.722920
1742357320.750882
1742357320.786268
1742357320.815731
1742357320.851713
1742357320.888417
1742357320.918922
1742357320.956375
1742357320.985052
1742357321.026011
1742357321.050164
1742357321.085790
1742357321.123445
1742357321.155988
1742357321.184962
1742357321.222086
1742357321.256279
1742357321.286270
1742357321.322850
1742357321.351594
1742357321.391228
1742357321.419474
1742357321.453056
1742357321.489198
1742357321.523202
1742357321.557875
1742357321.584376
1742357321.622166
1742357321.657155
1742357321.685797
1742357321.721647
1742357321.753846
1742357321.787269
1742357321.819193
1742357321.855135
1742357321.882211
1742357321.923442
1742357321.954254
1742357321.985534
1742357322.021234
1742357322.056815
1742357322.086848
1742357322.119410
1742357322.157355
1742357322.186935
1742357322.222245
1742357322.252893
1742357322.288422
1742357322.323893
1742357322.355554
1742357322.386045
1742357322.422181
1742357322.457358
1742357322.486875
1742357322.521581
1742357322.552679
1742357322.590264
1742357322.619796
1742357322.652761
1742357322.687037
1742357322.720433
1742357322.755033
1742357322.782054
1742357322.821292
1742357322.856320
1742357322.887662
1742357322.918246
1742357322.957495
1742357322.982562
1742357323.018476
1742357323.048434
1742357323.088221
1742357323.123656
1742357323.153952
1742357323.187129
1742357323.222334
1742357323.257421
1742357323.286418
1742357323.319494
1742357323.357695
1742357323.387091
1742357323.422654
1742357323.449740
1742357323.489746
1742357323.523411
1742357323.555267
1742357323.582383
1742357323.622994
1742357323.657046
1742357323.686608
1742357323.718932
1742357323.758909
1742357323.787005
1742357323.823228
1742357323.850750
1742357323.891359
1742357323.918256
1742357323.955848
1742357323.985099
1742357324.022180
1742357324.057018
1742357324.089201
1742357324.118651
1742357324.158669
1742357324.187246
1742357324.223449
1742357324.250282
1742357324.291018
1742357324.321666
1742357324.357569
1742357324.385456
1742357324.425116
1742357324.455521
1742357324.490238
1742357324.519855
1742357324.558886
1742357324.588742
1742357324.624402
1742357324.652262
1742357324.693348
1742357324.719650
1742357324.759051
1742357324.784903
1742357324.822135
1742357324.857538
1742357324.891640
1742357324.915993
1742357324.957415
1742357324.992720
1742357325.022496
1742357325.051894
1742357325.090482
1742357325.123166
1742357325.159224
1742357325.182655
1742357325.224686
1742357325.253997
1742357325.293326
1742357325.316975
1742357325.358992
1742357325.390974
1742357325.424756
1742357325.450858
1742357325.493040
1742357325.522668
1742357325.558819
1742357325.584325
1742357325.625509
1742357325.653824
1742357325.691495
1742357325.717279
1742357325.760297
1742357325.785960
1742357325.827281
1742357325.849570
1742357325.893624
1742357325.921148
1742357325.960418
1742357325.982822
1742357326.026110
1742357326.054254
1742357326.092035
1742357326.116590
1742357326.159647
1742357326.189741
1742357326.226243
1742357326.249935
1742357326.296104
1742357326.319738
1742357326.360648
1742357326.383990
1742357326.427796
1742357326.453581
1742357326.494033
1742357326.518473
1742357326.560847
1742357326.586900
1742357326.628108
1742357326.650032
1742357326.694522
1742357326.720124
1742357326.761533
1742357326.783272
1742357326.826081
1742357326.854794
1742357326.895765
1742357326.916483
1742357326.959680
1742357326.989537
1742357327.026789
1742357327.049958
1742357327.095874
1742357327.119684
1742357327.157928
1742357327.186136
1742357327.226122
1742357327.256964
1742357327.291878
1742357327.320308
1742357327.361314
1742357327.386990
1742357327.425357
1742357327.452884
1742357327.492691
1742357327.523345
1742357327.561168
1742357327.583739
1742357327.630554
1742357327.653255
1742357327.694114
1742357327.716874
1742357327.759737
1742357327.790257
1742357327.828470
1742357327.850345
1742357327.893452
1742357327.920593
1742357327.963296
1742357327.983893
1742357328.029865
1742357328.053539
1742357328.096242
1742357328.117307
1742357328.164357
1742357328.186592
1742357328.228947
1742357328.250801
1742357328.296566
1742357328.320273
1742357328.361723
1742357328.386619
1742357328.427837
1742357328.453855
1742357328.496487
1742357328.518116
1742357328.561741
1742357328.586976
1742357328.627216
1742357328.653807
1742357328.696542
1742357328.720350
1742357328.759279
1742357328.786743
1742357328.827396
1742357328.854448
1742357328.896409
1742357328.922344
1742357328.950895
1742357328.996743
1742357329.020554
1742357329.063685
1742357329.087377
1742357329.123948
1742357329.157570
1742357329.193796
1742357329.221401
1742357329.255251
1742357329.292144
1742357329.327275
1742357329.354850
1742357329.389008
1742357329.426994
1742357329.454087
1742357329.496878
1742357329.517979
1742357329.560210
1742357329.587607
1742357329.629588
1742357329.651371
1742357329.697891
1742357329.720357
1742357329.758037
1742357329.787674
1742357329.825548
1742357329.860453
1742357329.888846
1742357329.923337
1742357329.961974
1742357329.988072
1742357330.025564
1742357330.055731
1742357330.097012
1742357330.120727
1742357330.162930
1742357330.185687
1742357330.229992
1742357330.254460
1742357330.292705
1742357330.323158
1742357330.362859
1742357330.387639
1742357330.431131
1742357330.452059
1742357330.494499
1742357330.521279
1742357330.564492
1742357330.585525
1742357330.630308
1742357330.654081
1742357330.692394
1742357330.719861
1742357330.760240
1742357330.792425
1742357330.827592
1742357330.852201
1742357330.895784
1742357330.920846
1742357330.962050
1742357330.985414
1742357331.032115
1742357331.053816
1742357331.092666
1742357331.119181
1742357331.164227
1742357331.187823
1742357331.230275
1742357331.252348
1742357331.297501
1742357331.320969
1742357331.363872
1742357331.385548
1742357331.432478
1742357331.453671
1742357331.497061
1742357331.519024
1742357331.563562
1742357331.587831
1742357331.630671
1742357331.652326
1742357331.698098
1742357331.720960
1742357331.765198
1742357331.785814
1742357331.832882
1742357331.854066
1742357331.897071
1742357331.919097
1742357331.965624
1742357331.987152
1742357332.032729
1742357332.052605
1742357332.097189
1742357332.120873
1742357332.166583
1742357332.186207
1742357332.232727
1742357332.254159
1742357332.300615
1742357332.319485
1742357332.366869
1742357332.387211
1742357332.433200
1742357332.452834
1742357332.498146
1742357332.521164
1742357332.563126
1742357332.586602
1742357332.625915
1742357332.664306
1742357332.687951
1742357332.724749
1742357332.759795
1742357332.797713
1742357332.821514
1742357332.858251
1742357332.894197
1742357332.925736
1742357332.960687
1742357332.986886
1742357333.033930
1742357333.053575
1742357333.100823
1742357333.119946
1742357333.166340
1742357333.187495
1742357333.234576
1742357333.253380
1742357333.298650
1742357333.321398
1742357333.364891
1742357333.386635
1742357333.433541
1742357333.454455
1742357333.499242
1742357333.520512
1742357333.566577
1742357333.587954
1742357333.633633
1742357333.653727
1742357333.700162
1742357333.720830
1742357333.767366
1742357333.786968
1742357333.833318
1742357333.854359
1742357333.900910
1742357333.920427
1742357333.967536
1742357333.986883
1742357334.034717
1742357334.053693
1742357334.101070
1742357334.120533
1742357334.166439
1742357334.187015
1742357334.232124
1742357334.254640
1742357334.300486
1742357334.320511
1742357334.366143
1742357334.387479
1742357334.432872
1742357334.453707
1742357334.498845
1742357334.520918
1742357334.567135
1742357334.587222
1742357334.633821
1742357334.654336
1742357334.700394
1742357334.720558
1742357334.765469
1742357334.788374
1742357334.832878
1742357334.854018
1742357334.899679
1742357334.921331
1742357334.964325
1742357334.987145
1742357335.032545
1742357335.054294
1742357335.097622
1742357335.120558
1742357335.165700
1742357335.188201
1742357335.234710
1742357335.254029
1742357335.300691
1742357335.321277
1742357335.365573
1742357335.387581
1742357335.433884
1742357335.454830
1742357335.501995
1742357335.520914
1742357335.566126
1742357335.588500
1742357335.635147
1742357335.654272
1742357335.700325
1742357335.721251
1742357335.765204
1742357335.787839
1742357335.830987
1742357335.855361
1742357335.901736
1742357335.921278
1742357335.968597
1742357335.987901
1742357336.031690
1742357336.054548
1742357336.101684
1742357336.121226
1742357336.164309
1742357336.187953
1742357336.231486
1742357336.255390
1742357336.302249
1742357336.321610
1742357336.368216
1742357336.388382
1742357336.434973
1742357336.454869
1742357336.502185
1742357336.521690
1742357336.568601
1742357336.588546
1742357336.635755
1742357336.654968
1742357336.702655
1742357336.721818
1742357336.764442
1742357336.789472
1742357336.830786
1742357336.854877
1742357336.902185
1742357336.921782
1742357336.964966
1742357336.988190
1742357337.030680
1742357337.057394
1742357337.100699
1742357337.121733
1742357337.164522
1742357337.189840
1742357337.232789
1742357337.266542
1742357337.288698
1742357337.334586
1742357337.355882
1742357337.401138
1742357337.422585
1742357337.461500
1742357337.489298
1742357337.534294
1742357337.555723
1742357337.592866
1742357337.629882
1742357337.661494
1742357337.698860
1742357337.722021
1742357337.765758
1742357337.789160
1742357337.836174
1742357337.855476
1742357337.902801
1742357337.922502
1742357337.969438
1742357337.988863
1742357338.031878
1742357338.056482
1742357338.102631
1742357338.122398
1742357338.167867
1742357338.189369
1742357338.234667
1742357338.255810
1742357338.303224
1742357338.323044
1742357338.365983
1742357338.389559
1742357338.435233
1742357338.456240
1742357338.501333
1742357338.522858
1742357338.567554
1742357338.589557
1742357338.636955
1742357338.656086
1742357338.701968
1742357338.723237
1742357338.766050
1742357338.789611
1742357338.835301
1742357338.856745
1742357338.900664
1742357338.922622
1742357338.968117
1742357338.990063
1742357339.032690
1742357339.056227
1742357339.103398
1742357339.123307
1742357339.165716
1742357339.190298
1742357339.236290
1742357339.257310
1742357339.300208
1742357339.323725
1742357339.367440
1742357339.390572
1742357339.434236
1742357339.456315
1742357339.501530
1742357339.523779
1742357339.561398
1742357339.590029
1742357339.636500
1742357339.657241
1742357339.704214
1742357339.723070
1742357339.766012
1742357339.791865
1742357339.835161
1742357339.856476
1742357339.900015
1742357339.923914
1742357339.967127
1742357339.989768
1742357340.036080
1742357340.057483
1742357340.101361
1742357340.123322
1742357340.164296
1742357340.195172
1742357340.235560
1742357340.256640
1742357340.300443
1742357340.325265
1742357340.369195
1742357340.390170
1742357340.434161
1742357340.458365
1742357340.503955
1742357340.523749
1742357340.566754
1742357340.593733
1742357340.635841
1742357340.657064
1742357340.703501
1742357340.724658
1742357340.762600
1742357340.791664
1742357340.834503
1742357340.858305
1742357340.904134
1742357340.923688
1742357340.967141
1742357340.994782
1742357341.035766
1742357341.057013
1742357341.103631
1742357341.126002
1742357341.169373
1742357341.190412
1742357341.234659
1742357341.259471
1742357341.301554
1742357341.324007
1742357341.371232
1742357341.392595
1742357341.435253
1742357341.457196
1742357341.504943
1742357341.526498
1742357341.567777
1742357341.590630
1742357341.634211
1742357341.662498
1742357341.703763
1742357341.724029
1742357341.770314
1742357341.792667
1742357341.835450
1742357341.857600
1742357341.901319
1742357341.927785
1742357341.970139
1742357341.991023
1742357342.035162
1742357342.059832
1742357342.102045
1742357342.124164
1742357342.170515
1742357342.193510
1742357342.235949
1742357342.257540
1742357342.301328
1742357342.330142
1742357342.371113
1742357342.391153
1742357342.435013
1742357342.460220
1742357342.503712
1742357342.524522
1742357342.567916
1742357342.595784
1742357342.637752
1742357342.657807
1742357342.701431
1742357342.730504
1742357342.770268
1742357342.791288
1742357342.838672
1742357342.860801
1742357342.902666
1742357342.924493
1742357342.968046
1742357342.997169
1742357343.037040
1742357343.058103
1742357343.101766
1742357343.127610
1742357343.170785
1742357343.191416
1742357343.234884
1742357343.262671
1742357343.303451
1742357343.324723
1742357343.370897
1742357343.394092
1742357343.435466
1742357343.458910
1742357343.502376
1742357343.529711
1742357343.571739
1742357343.591645
1742357343.634957
1742357343.663448
1742357343.703138
1742357343.724959
1742357343.768220
1742357343.796432
1742357343.837966
1742357343.858558
1742357343.903997
1742357343.928396
1742357343.970274
1742357343.991740
1742357344.035302
1742357344.062534
1742357344.104320
1742357344.125175
1742357344.169731
1742357344.195153
1742357344.237314
1742357344.258725
1742357344.305350
1742357344.329304
1742357344.371245
1742357344.392032
1742357344.439266
1742357344.461391
1742357344.505979
1742357344.525493
1742357344.571399
1742357344.595767
1742357344.635917
1742357344.658879
1742357344.702249
1742357344.731242
1742357344.770876
1742357344.792195
1742357344.837099
1742357344.861881
1742357344.904549
1742357344.925574
1742357344.969419
1742357344.997848
1742357345.036125
1742357345.059104
1742357345.102876
1742357345.132471
1742357345.168165
1742357345.192616
1742357345.239868
1742357345.261711
1742357345.304072
1742357345.325883
1742357345.371251
1742357345.396276
1742357345.438532
1742357345.459560
1742357345.506617
1742357345.529183
1742357345.571307
1742357345.605192
1742357345.626384
1742357345.673152
1742357345.696980
1742357345.738885
1742357345.761168
1742357345.803705
1742357345.829286
1742357345.871004
1742357345.898833
1742357345.934403
1742357345.964077
1742357346.005241
1742357346.030408
1742357346.065355
1742357346.101076
1742357346.136138
1742357346.165799
1742357346.197021
1742357346.238305
1742357346.262437
1742357346.305328
1742357346.326636
1742357346.370994
1742357346.398978
1742357346.437290
1742357346.460837
1742357346.504249
1742357346.532084
1742357346.572830
1742357346.593277
1742357346.636551
1742357346.664725
1742357346.702433
1742357346.726955
1742357346.771435
1742357346.797373
1742357346.835519
1742357346.859920
1742357346.907098
1742357346.930052
1742357346.972144
1742357346.993239
1742357347.039455
1742357347.063677
1742357347.105607
1742357347.126745
1742357347.171222
1742357347.197767
1742357347.235729
1742357347.260597
1742357347.305283
1742357347.330548
1742357347.372026
1742357347.393609
1742357347.437356
1742357347.466933
1742357347.504329
1742357347.526838
1742357347.569996
1742357347.599347
1742357347.636803
1742357347.660540
1742357347.705341
1742357347.731323
1742357347.768521
1742357347.794062
1742357347.839529
1742357347.864501
1742357347.904422
1742357347.927103
1742357347.972591
1742357347.998414
1742357348.039870
1742357348.060552
1742357348.106324
1742357348.132264
1742357348.169945
1742357348.194068
1742357348.239720
1742357348.265248
1742357348.303806
1742357348.327853
1742357348.373433
1742357348.398234
1742357348.436758
1742357348.463276
1742357348.504833
1742357348.533351
1742357348.571327
1742357348.595125
1742357348.637078
1742357348.667253
1742357348.703001
1742357348.730996
1742357348.771468
1742357348.801182
1742357348.838320
1742357348.862071
1742357348.905522
1742357348.932655
1742357348.973219
1742357348.994697
1742357349.040839
1742357349.066179
1742357349.104352
1742357349.130139
1742357349.171339
1742357349.201354
1742357349.236380
1742357349.265296
1742357349.302974
1742357349.334871
1742357349.371091
1742357349.397359
1742357349.435751
1742357349.471831
1742357349.501993
1742357349.532284
1742357349.567394
1742357349.604416
1742357349.637751
1742357349.665380
1742357349.705385
1742357349.734012
1742357349.771977
1742357349.797094
1742357349.839107
1742357349.866151
1742357349.905884
1742357349.931826
1742357349.970946
1742357350.001398
1742357350.039348
1742357350.062906
1742357350.106064
1742357350.134887
1742357350.169617
1742357350.199244
1742357350.236904
1742357350.268408
1742357350.302573
1742357350.333499
1742357350.371401
1742357350.404140
1742357350.436061
1742357350.467212
1742357350.502780
1742357350.537066
1742357350.566390
1742357350.596682
1742357350.628735
1742357350.661656
1742357350.700472
1742357350.736804
1742357350.765817
1742357350.803632
1742357350.834738
1742357350.869218
1742357350.900025
1742357350.940303
1742357350.966684
1742357351.000384
1742357351.036330
1742357351.071620
1742357351.100949
1742357351.131821
1742357351.170495
1742357351.201118
1742357351.234989
1742357351.264680
1742357351.304831
1742357351.336574
1742357351.370984
1742357351.395632
1742357351.438251
1742357351.470046
1742357351.506020
1742357351.529125
1742357351.572532
1742357351.601991
1742357351.638959
1742357351.662457
1742357351.708024
1742357351.733036
1742357351.773213
1742357351.795618
1742357351.841303
1742357351.866832
1742357351.906914
1742357351.929069
1742357351.974006
1742357352.000195
1742357352.040964
1742357352.062665
1742357352.105267
1742357352.136324
1742357352.170213
1742357352.199353
1742357352.240495
1742357352.267676
1742357352.307756
1742357352.329624
1742357352.371856
1742357352.402196
1742357352.437978
1742357352.467075
1742357352.506331
1742357352.535543
1742357352.572735
1742357352.597180
1742357352.636465
1742357352.670853
1742357352.704143
1742357352.730488
1742357352.772131
1742357352.803236
1742357352.838388
1742357352.863163
1742357352.905088
1742357352.937143
1742357352.968106
1742357352.996512
1742357353.034100
1742357353.070700
1742357353.104425
1742357353.130006
1742357353.172964
1742357353.201101
1742357353.238147
1742357353.264326
1742357353.302979
1742357353.338275
1742357353.373343
1742357353.396660
1742357353.439856
1742357353.469131
1742357353.505959
1742357353.529961
1742357353.571468
1742357353.600837
1742357353.638499
1742357353.663343
1742357353.707656
1742357353.734839
1742357353.772139
1742357353.796597
1742357353.839119
1742357353.869467
1742357353.906986
1742357353.939555
1742357353.963506
1742357354.005885
1742357354.033757
1742357354.074584
1742357354.102102
1742357354.134205
1742357354.169754
1742357354.205049
1742357354.238005
1742357354.268293
1742357354.307021
1742357354.335012
1742357354.373384
1742357354.400921
1742357354.441253
1742357354.468760
1742357354.506364
1742357354.534772
1742357354.573527
1742357354.601121
1742357354.640831
1742357354.664120
1742357354.705223
1742357354.739217
1742357354.770070
1742357354.799969
1742357354.841643
1742357354.870155
1742357354.906540
1742357354.930554
1742357354.970142
1742357355.002865
1742357355.038297
1742357355.064652
1742357355.105251
1742357355.139206
1742357355.169104
1742357355.202170
1742357355.241265
1742357355.268388
1742357355.308256
1742357355.330675
1742357355.372863
1742357355.403305
1742357355.438057
1742357355.466652
1742357355.507499
1742357355.536224
1742357355.572006
1742357355.599880
1742357355.641513
1742357355.670099
1742357355.703981
1742357355.734665
1742357355.772222
1742357355.807250
1742357355.838367
1742357355.866395
1742357355.907632
1742357355.936386
1742357355.970152
1742357356.001886
1742357356.038207
1742357356.069858
1742357356.104575
1742357356.135104
1742357356.173607
1742357356.205987
1742357356.239789
1742357356.267811
1742357356.304530
1742357356.340484
1742357356.373483
1742357356.402472
1742357356.441196
1742357356.471128
1742357356.506684
1742357356.536017
1742357356.575627
1742357356.604085
1742357356.639889
1742357356.669215
1742357356.709617
1742357356.736611
1742357356.771898
1742357356.803276
1742357356.838775
1742357356.875238
1742357356.903449
1742357356.936138
1742357356.971686
1742357357.007059
1742357357.037442
1742357357.065939
1742357357.107335
1742357357.137405
1742357357.173896
1742357357.198304
1742357357.239644
1742357357.270663
1742357357.305977
1742357357.333527
1742357357.375159
1742357357.404061
1742357357.440613
1742357357.465601
1742357357.507130
1742357357.538907
1742357357.574920
1742357357.599275
1742357357.640790
1742357357.671348
1742357357.707132
1742357357.732143
1742357357.773152
1742357357.807852
1742357357.838454
1742357357.868848
1742357357.907482
1742357357.937244
1742357357.973763
1742357357.999572
1742357358.041269
1742357358.069916
1742357358.107773
1742357358.132105
1742357358.176963
1742357358.202543
1742357358.241353
1742357358.266739
1742357358.309421
1742357358.338794
1742357358.375218
1742357358.401119
1742357358.438992
1742357358.474503
1742357358.503952
1742357358.537119
1742357358.576155
1742357358.602606
1742357358.640054
1742357358.667723
1742357358.705567
1742357358.739102
1742357358.773619
1742357358.800783
1742357358.842689
1742357358.873044
1742357358.909887
1742357358.932389
1742357358.975203
1742357359.004105
1742357359.041885
1742357359.065865
1742357359.111062
1742357359.135910
1742357359.173426
1742357359.199622
1742357359.238763
1742357359.274042
1742357359.305970
1742357359.333642
1742357359.378027
1742357359.402920
1742357359.443392
1742357359.465993
1742357359.513168
1742357359.535801
1742357359.576641
1742357359.599369
1742357359.644813
1742357359.669398
1742357359.707049
1742357359.734907
1742357359.777140
1742357359.803718
1742357359.841817
1742357359.866588
1742357359.908928
1742357359.939711
1742357359.975521
1742357360.000384
1742357360.044548
1742357360.069323
1742357360.109852
1742357360.133088
1742357360.176141
1742357360.207853
1742357360.243299
1742357360.267284
1742357360.306884
1742357360.342106
1742357360.374369
1742357360.403515
1742357360.442939
1742357360.470756
1742357360.511086
1742357360.533308
1742357360.574202
1742357360.609806
1742357360.637673
1742357360.673021
1742357360.705034
1742357360.745391
1742357360.768589
1742357360.806883
1742357360.837632
1742357360.879289
1742357360.901628
1742357360.941253
1742357360.970787
1742357361.012137
1742357361.036087
1742357361.067348
1742357361.107998
1742357361.141180
1742357361.171055
1742357361.204386
1742357361.243462
1742357361.270352
1742357361.307689
1742357361.336215
1742357361.375032
1742357361.410048
1742357361.437013
1742357361.472189
1742357361.506781
1742357361.542635
1742357361.570296
1742357361.605168
1742357361.641696
1742357361.673372
1742357361.710853
1742357361.733650
1742357361.779605
1742357361.803195
1742357361.841323
1742357361.870940
1742357361.911836
1742357361.937025
1742357361.975578
1742357362.001697
1742357362.046632
1742357362.069637
1742357362.109040
1742357362.134843
1742357362.178016
1742357362.204178
1742357362.244674
1742357362.276631
1742357362.300888
1742357362.336949
1742357362.371241
1742357362.406219
1742357362.437909
1742357362.472767
1742357362.504304
1742357362.542814
1742357362.574218
1742357362.605385
1742357362.641730
1742357362.674766
1742357362.707555
1742357362.739477
1742357362.774715
1742357362.810139
1742357362.837582
1742357362.873977
1742357362.906736
1742357362.945873
1742357362.971057
1742357363.008157
1742357363.039307
1742357363.077387
1742357363.104162
1742357363.139222
1742357363.178168
1742357363.204320
1742357363.244665
1742357363.267979
1742357363.313747
1742357363.336991
1742357363.379917
1742357363.401480
1742357363.447220
1742357363.470574
1742357363.514583
1742357363.534930
1742357363.579071
1742357363.603864
1742357363.645216
1742357363.668294
1742357363.715021
1742357363.737123
1742357363.777966
1742357363.801894
1742357363.846732
1742357363.870394
1742357363.916007
1742357363.935161
1742357363.981191
1742357364.003907
1742357364.047925
1742357364.068406
1742357364.115498
1742357364.136985
1742357364.178640
1742357364.202046
1742357364.247733
1742357364.270636
1742357364.310089
1742357364.336887
1742357364.376571
1742357364.404854
1742357364.445985
1742357364.469645
1742357364.515855
1742357364.537339
1742357364.578632
1742357364.603665
1742357364.644650
1742357364.671907
1742357364.711390
1742357364.737676
1742357364.780823
1742357364.803952
1742357364.845189
1742357364.869284
1742357364.916393
1742357364.937012
1742357364.982331
1742357365.002269
1742357365.049657
1742357365.069654
1742357365.116927
1742357365.135824
1742357365.182716
1742357365.203386
1742357365.250245
1742357365.269255
1742357365.316449
1742357365.336867
1742357365.381967
1742357365.402627
1742357365.450028
1742357365.470050
1742357365.515184
1742357365.535913
1742357365.582498
1742357365.604074
1742357365.642324
1742357365.670618
1742357365.709509
1742357365.745230
1742357365.771846
1742357365.806846
1742357365.845804
1742357365.871707
1742357365.912279
1742357365.935915
1742357365.982638
1742357366.004064
1742357366.049484
1742357366.069415
1742357366.116522
1742357366.137357
1742357366.182664
1742357366.203100
1742357366.250236
1742357366.270415
1742357366.317161
1742357366.336426
1742357366.382834
1742357366.404405
1742357366.449827
1742357366.469802
1742357366.517329
1742357366.536973
1742357366.582441
1742357366.603457
1742357366.650874
1742357366.670427
1742357366.717657
1742357366.736676
1742357366.783877
1742357366.803996
1742357366.850492
1742357366.870093
1742357366.916975
1742357366.937569
1742357366.984375
1742357367.003548
1742357367.050194
1742357367.070605
1742357367.116766
1742357367.136840
1742357367.183836
1742357367.203733
1742357367.250991
1742357367.270345
1742357367.316636
1742357367.337812
1742357367.382269
1742357367.403539
1742357367.449954
1742357367.471150
1742357367.518081
1742357367.537017
1742357367.580647
1742357367.604447
1742357367.650874
1742357367.670476
1742357367.716209
1742357367.737815
1742357367.784233
1742357367.803701
1742357367.850571
1742357367.870938
1742357367.917537
1742357367.937196
1742357367.983808
1742357368.004532
1742357368.050874
1742357368.070697
1742357368.117370
1742357368.137814
1742357368.184750
1742357368.203965
1742357368.250848
1742357368.270969
1742357368.317703
1742357368.337313
1742357368.380750
1742357368.404945
1742357368.447899
1742357368.470973
1742357368.517608
1742357368.538267
1742357368.577910
1742357368.604705
1742357368.649776
1742357368.671847
1742357368.718554
1742357368.737872
1742357368.784835
1742357368.804473
1742357368.848382
1742357368.871326
1742357368.914804
1742357368.938444
1742357368.985354
1742357369.004515
1742357369.050918
1742357369.071120
1742357369.118641
1742357369.137792
1742357369.184003
1742357369.204594
1742357369.248189
1742357369.271080
1742357369.318447
1742357369.338089
1742357369.384570
1742357369.404746
1742357369.452192
1742357369.471373
1742357369.517128
1742357369.537978
1742357369.585241
1742357369.604667
1742357369.646454
1742357369.671481
1742357369.714355
1742357369.743726
1742357369.783813
1742357369.804716
1742357369.849996
1742357369.871771
1742357369.915788
1742357369.938211
1742357369.985555
1742357370.005029
1742357370.052522
1742357370.071570
1742357370.118727
1742357370.138513
1742357370.184494
1742357370.205068
1742357370.249818
1742357370.272096
1742357370.318807
1742357370.338366
1742357370.384898
1742357370.405278
1742357370.452510
1742357370.471768
1742357370.517895
1742357370.538859
1742357370.585086
1742357370.615501
1742357370.638662
1742357370.681681
1742357370.710042
1742357370.751611
1742357370.772803
1742357370.818331
1742357370.839200
1742357370.884257
1742357370.906172
1742357370.947755
1742357370.972497
1742357371.015844
1742357371.039057
1742357371.075035
1742357371.115893
1742357371.141131
1742357371.183397
1742357371.205433
1742357371.250122
1742357371.272625
1742357371.314921
1742357371.338747
1742357371.385957
1742357371.406115
1742357371.449107
1742357371.472379
1742357371.514846
1742357371.541515
1742357371.583347
1742357371.605521
1742357371.650192
1742357371.672668
1742357371.715429
1742357371.739034
1742357371.785789
1742357371.806384
1742357371.849147
1742357371.872482
1742357371.918028
1742357371.939550
1742357371.986562
1742357372.005934
1742357372.045645
1742357372.076588
1742357372.112005
1742357372.139360
1742357372.186102
1742357372.207046
1742357372.253431
1742357372.272625
1742357372.316533
1742357372.339980
1742357372.376007
1742357372.405943
1742357372.451491
1742357372.474674
1742357372.520145
1742357372.539465
1742357372.583433
1742357372.608664
1742357372.653268
1742357372.673005
1742357372.719568
1742357372.741074
1742357372.784564
1742357372.806456
1742357372.849743
1742357372.876099
1742357372.918071
1742357372.939675
1742357372.982209
1742357373.008304
1742357373.052613
1742357373.072831
1742357373.120059
1742357373.141394
1742357373.183063
1742357373.206228
1742357373.253688
1742357373.274692
1742357373.320497
1742357373.339690
1742357373.385037
1742357373.407652
1742357373.450235
1742357373.473055
1742357373.516434
1742357373.543178
1742357373.584702
1742357373.606599
1742357373.650035
1742357373.677763
1742357373.719181
1742357373.740002
1742357373.786915
1742357373.808967
1742357373.848192
1742357373.873407
1742357373.914027
1742357373.949079
1742357373.976036
1742357374.009564
1742357374.050793
1742357374.077082
1742357374.118907
1742357374.140100
1742357374.187345
1742357374.209537
1742357374.250960
1742357374.273438
1742357374.317427
1742357374.342665
1742357374.384373
1742357374.406839
1742357374.453474
1742357374.476612
1742357374.519142
1742357374.540434
1742357374.587292
1742357374.609819
1742357374.652690
1742357374.673779
1742357374.720839
1742357374.742461
1742357374.785402
1742357374.807635
1742357374.851911
1742357374.876541
1742357374.920662
1742357374.940573
1742357374.984563
1742357375.012973
1742357375.054273
1742357375.074038
1742357375.117940
1742357375.146288
1742357375.184867
1742357375.207309
1742357375.250216
1742357375.278826
1742357375.319729
1742357375.340743
1742357375.387756
1742357375.410169
1742357375.454246
1742357375.474230
1742357375.518208
1742357375.544533
1742357375.586124
1742357375.607752
1742357375.653556
1742357375.677163
1742357375.721753
1742357375.741043
1742357375.788094
1742357375.810924
1742357375.853248
1742357375.874461
1742357375.916456
1742357375.945668
1742357375.985844
1742357376.007939
1742357376.053253
1742357376.077719
1742357376.121688
1742357376.141081
1742357376.187237
1742357376.211547
1742357376.253913
1742357376.274534
1742357376.319547
1742357376.344725
1742357376.386338
1742357376.408146
1742357376.454948
1742357376.478302
1742357376.520462
1742357376.541625
1742357376.584293
1742357376.615966
1742357376.651009
1742357376.678380
1742357376.719615
1742357376.747225
1742357376.786757
1742357376.809197
1742357376.854639
1742357376.878712
1742357376.919845
1742357376.942382
1742357376.985610
1742357377.014868
1742357377.051973
1742357377.077761
1742357377.119873
1742357377.145461
1742357377.186944
1742357377.208424
1742357377.251435
1742357377.283078
1742357377.318634
1742357377.341784
1742357377.385376
1742357377.414833
1742357377.451360
1742357377.475009
1742357377.522547
1742357377.544917
1742357377.586543
1742357377.608521
1742357377.652367
1742357377.681574
1742357377.717973
1742357377.741954
1742357377.788740
1742357377.812819
1742357377.854219
1742357377.875331
1742357377.918954
1742357377.946852
1742357377.985290
1742357378.008914
1742357378.055518
1742357378.079785
1742357378.122111
1742357378.142152
1742357378.186214
1742357378.214674
1742357378.252524
1742357378.275575
1742357378.322546
1742357378.346229
1742357378.387954
1742357378.408888
1742357378.453778
1742357378.478726
1742357378.521664
1742357378.542554
1742357378.585727
1742357378.615231
1742357378.654878
1742357378.675740
1742357378.711692
1742357378.753630
1742357378.782289
1742357378.813742
1742357378.851128
1742357378.886599
1742357378.915537
1742357378.955666
1742357378.976279
1742357379.021157
1742357379.049882
1742357379.087345
1742357379.116728
1742357379.150401
1742357379.181646
1742357379.218798
1742357379.248810
1742357379.283755
1742357379.315237
1742357379.355431
1742357379.380463
1742357379.416414
1742357379.450592
1742357379.486849
1742357379.516504
1742357379.548016
1742357379.583918
1742357379.619447
1742357379.650428
1742357379.680776
1742357379.721408
1742357379.747667
1742357379.785342
1742357379.814643
1742357379.851143
1742357379.886585
1742357379.917396
1742357379.947421
1742357379.986061
1742357380.016326
1742357380.053618
1742357380.080515
1742357380.118321
1742357380.152378
1742357380.185462
1742357380.214738
1742357380.251002
1742357380.286690
1742357380.317555
1742357380.348192
1742357380.384660
1742357380.420073
1742357380.450695
1742357380.481044
1742357380.520313
1742357380.550128
1742357380.583717
1742357380.616782
1742357380.650707
1742357380.687982
1742357380.717543
1742357380.748497
1742357380.784725
1742357380.820874
1742357380.850924
1742357380.880825
1742357380.921135
1742357380.950008
1742357380.986695
1742357381.010484
1742357381.055658
1742357381.081458
1742357381.120300
1742357381.143586
1742357381.188887
1742357381.214936
1742357381.254565
1742357381.276958
1742357381.322754
1742357381.348609
1742357381.386785
1742357381.410309
1742357381.456475
1742357381.481201
1742357381.520225
1742357381.543725
1742357381.589552
1742357381.615239
1742357381.654906
1742357381.677326
1742357381.723532
1742357381.747931
1742357381.783373
1742357381.815076
1742357381.852086
1742357381.885597
1742357381.921239
1742357381.944021
1742357381.988763
1742357382.015761
1742357382.056981
1742357382.077363
1742357382.124304
1742357382.147113
1742357382.186239
1742357382.210680
1742357382.257632
1742357382.280498
1742357382.318156
1742357382.344526
1742357382.387347
1742357382.417215
1742357382.454867
1742357382.477586
1742357382.519255
1742357382.553094
1742357382.585140
1742357382.615779
1742357382.653673
1742357382.685840
1742357382.721175
1742357382.748231
1742357382.789830
1742357382.814874
1742357382.852671
1742357382.878068
1742357382.923568
1742357382.949022
1742357382.982754
1742357383.014849
1742357383.048085
1742357383.089077
1742357383.118270
1742357383.150122
1742357383.187221
1742357383.218203
1742357383.254117
1742357383.280516
1742357383.318885
1742357383.354155
1742357383.386381
1742357383.411615
1742357383.453695
1742357383.484713
1742357383.519946
1742357383.544965
1742357383.588322
1742357383.616869
1742357383.654928
1742357383.678064
1742357383.724359
1742357383.749336
1742357383.789217
1742357383.811622
1742357383.850974
1742357383.884895
1742357383.921441
1742357383.944924
1742357383.985911
1742357384.017609
1742357384.055882
1742357384.078432
1742357384.121028
1742357384.151215
1742357384.189089
1742357384.211959
1742357384.254232
1742357384.284176
1742357384.322462
1742357384.345150
1742357384.387418
1742357384.419719
1742357384.449790
1742357384.483289
1742357384.520051
1742357384.554191
1742357384.587043
1742357384.612305
1742357384.657169
1742357384.683179
1742357384.721662
1742357384.747289
1742357384.788659
1742357384.818109
1742357384.854097
1742357384.883744
1742357384.920477
1742357384.952562
1742357384.988569
1742357385.012604
1742357385.054578
1742357385.086009
1742357385.121218
1742357385.146407
1742357385.188539
1742357385.217191
1742357385.254493
1742357385.279144
1742357385.321358
1742357385.350895
1742357385.388853
1742357385.412291
1742357385.454634
1742357385.484108
1742357385.523200
1742357385.545704
1742357385.587862
1742357385.618670
1742357385.655636
1742357385.679416
1742357385.721773
1742357385.751045
1742357385.789047
1742357385.812682
1742357385.855054
1742357385.883876
1742357385.923256
1742357385.946122
1742357385.988604
1742357386.017552
1742357386.056994
1742357386.079390
1742357386.123171
1742357386.150694
1742357386.190786
1742357386.212957
1742357386.255342
1742357386.287616
1742357386.321888
1742357386.346181
1742357386.390790
1742357386.416844
1742357386.456175
1742357386.479525
1742357386.523624
1742357386.551674
1742357386.589330
1742357386.613170
1742357386.658010
1742357386.684234
1742357386.721657
1742357386.747955
1742357386.788512
1742357386.820786
1742357386.855633
1742357386.884509
1742357386.920438
1742357386.954606
1742357386.990172
1742357387.015988
1742357387.056870
1742357387.085948
1742357387.120931
1742357387.151043
1742357387.189687
1742357387.218742
1742357387.252682
1742357387.287558
1742357387.313428
1742357387.356772
1742357387.386920
1742357387.421579
1742357387.456352
1742357387.480246
1742357387.520432
1742357387.555168
1742357387.585176
1742357387.614612
1742357387.655077
1742357387.689077
1742357387.719573
1742357387.751076
1742357387.790510
1742357387.817317
1742357387.858462
1742357387.880379
1742357387.920039
1742357387.956159
1742357387.984535
1742357388.016840
1742357388.057340
1742357388.085269
1742357388.124408
1742357388.147011
1742357388.186938
1742357388.220083
1742357388.254783
1742357388.281308
1742357388.323252
1742357388.352931
1742357388.388230
1742357388.415103
1742357388.455810
1742357388.484809
1742357388.521578
1742357388.550880
1742357388.589457
1742357388.621310
1742357388.656533
1742357388.682950
1742357388.723663
1742357388.754086
1742357388.790352
1742357388.814716
1742357388.855125
1742357388.891143
1742357388.916912
1742357388.953768
1742357388.988344
1742357389.023653
1742357389.053396
1742357389.084025
1742357389.125175
1742357389.151866
1742357389.188593
1742357389.214169
1742357389.255141
1742357389.288209
1742357389.315891
1742357389.347466
1742357389.381681
1742357389.414105
1742357389.447421
1742357389.480733
1742357389.521709
1742357389.557179
1742357389.587425
1742357389.614848
1742357389.656426
1742357389.686467
1742357389.721975
1742357389.747890
1742357389.788344
1742357389.823801
1742357389.853434
1742357389.884129
1742357389.922231
1742357389.957306
1742357389.987053
1742357390.017799
1742357390.058447
1742357390.087612
1742357390.120951
1742357390.151075
1742357390.191079
1742357390.218933
1742357390.259256
1742357390.281294
1742357390.322997
1742357390.354918
1742357390.391205
1742357390.416086
1742357390.458612
1742357390.488279
1742357390.524278
1742357390.549593
1742357390.591971
1742357390.617762
1742357390.659700
1742357390.682176
1742357390.724694
1742357390.754513
1742357390.790671
1742357390.818297
1742357390.859034
1742357390.886351
1742357390.926253
1742357390.949501
1742357390.992394
1742357391.018344
1742357391.059266
1742357391.081794
1742357391.124376
1742357391.155080
1742357391.192731
1742357391.215184
1742357391.256424
1742357391.289566
1742357391.321581
1742357391.350208
1742357391.391874
1742357391.421701
1742357391.456890
1742357391.482054
1742357391.523941
1742357391.553308
1742357391.592011
1742357391.615354
1742357391.662369
1742357391.684999
1742357391.726597
1742357391.748767
1742357391.792110
1742357391.822582
1742357391.857672
1742357391.882304
1742357391.926227
1742357391.952731
1742357391.994713
1742357392.015568
1742357392.057955
1742357392.090628
1742357392.124301
1742357392.149346
1742357392.191999
1742357392.224166
1742357392.257942
1742357392.282624
1742357392.327915
1742357392.352276
1742357392.390212
1742357392.416982
1742357392.458629
1742357392.489434
1742357392.528086
1742357392.549027
1742357392.592570
1742357392.618964
1742357392.659808
1742357392.682589
1742357392.725434
1742357392.754649
1742357392.793476
1742357392.816825
1742357392.857083
1742357392.885543
1742357392.926570
1742357392.949713
1742357392.993478
1742357393.019025
1742357393.057480
1742357393.083568
1742357393.125908
1742357393.153079
1742357393.194687
1742357393.216255
1742357393.260513
1742357393.286221
1742357393.329088
1742357393.349402
1742357393.394965
1742357393.417698
1742357393.456850
1742357393.482913
1742357393.526144
1742357393.552556
1742357393.593547
1742357393.616209
1742357393.659553
1742357393.686254
1742357393.727444
1742357393.749609
1742357393.793145
1742357393.820008
1742357393.861557
1742357393.883010
1742357393.929881
1742357393.952502
1742357393.994107
1742357394.016471
1742357394.060523
1742357394.086229
1742357394.124502
1742357394.149915
1742357394.194417
1742357394.219636
1742357394.261797
1742357394.283408
1742357394.326770
1742357394.353272
1742357394.392195
1742357394.416606
1742357394.462846
1742357394.485795
1742357394.528453
1742357394.550155
1742357394.595291
1742357394.619604
1742357394.659480
1742357394.683629
1742357394.730254
1742357394.752635
1742357394.790941
1742357394.819392
1742357394.857352
1742357394.892572
1742357394.920688
1742357394.953930
1742357394.995528
1742357395.019892
1742357395.062457
1742357395.083795
1742357395.127435
1742357395.153856
1742357395.197005
1742357395.217289
1742357395.263102
1742357395.286429
1742357395.326752
1742357395.350343
1742357395.397494
1742357395.418850
1742357395.463179
1742357395.483802
1742357395.526532
1742357395.552921
1742357395.590050
1742357395.627988
1742357395.650857
1742357395.696445
1742357395.719944
1742357395.759658
1742357395.787609
1742357395.822923
1742357395.857627
1742357395.894217
1742357395.920910
1742357395.954678
1742357395.994898
1742357396.020777
1742357396.060100
1742357396.084203
1742357396.130503
1742357396.153222
1742357396.192458
1742357396.217626
1742357396.263121
1742357396.286455
1742357396.328341
1742357396.350999
1742357396.397270
1742357396.419550
1742357396.465408
1742357396.484504
1742357396.530913
1742357396.553214
1742357396.593066
1742357396.617865
1742357396.664892
1742357396.686639
1742357396.732149
1742357396.751535
1742357396.797489
1742357396.820059
1742357396.859621
1742357396.886141
1742357396.925649
1742357396.954069
1742357396.993018
1742357397.020414
1742357397.059503
1742357397.089124
1742357397.131451
1742357397.151745
1742357397.198396
1742357397.220077
1742357397.263504
1742357397.285150
1742357397.332100
1742357397.353539
1742357397.399628
1742357397.418599
1742357397.465588
1742357397.485973
1742357397.533024
1742357397.551879
1742357397.599132
1742357397.619140
1742357397.663573
1742357397.685223
1742357397.732622
1742357397.752151
1742357397.797863
1742357397.818522
1742357397.865902
1742357397.886121
1742357397.932209
1742357397.952050
1742357397.998965
1742357398.020147
1742357398.061835
1742357398.085223
1742357398.131795
1742357398.153489
1742357398.199661
1742357398.218853
1742357398.266052
1742357398.286447
1742357398.331651
1742357398.352277
1742357398.398835
1742357398.419847
1742357398.463365
1742357398.485816
1742357398.533063
1742357398.553243
1742357398.599442
1742357398.619180
1742357398.665268
1742357398.686985
1742357398.732680
1742357398.752560
1742357398.799046
1742357398.820324
1742357398.864496
1742357398.885876
1742357398.932424
1742357398.953694
1742357398.999725
1742357399.019380
1742357399.066862
1742357399.086726
1742357399.131433
1742357399.152673
1742357399.200217
1742357399.220267
1742357399.266486
1742357399.286034
1742357399.325379
1742357399.364578
1742357399.386502
1742357399.422433
1742357399.463411
1742357399.487349
1742357399.533468
1742357399.552696
1742357399.600338
1742357399.619654
1742357399.664941
1742357399.686060
1742357399.733319
1742357399.753096
1742357399.800192
1742357399.819629
1742357399.866821
1742357399.886803
1742357399.933510
1742357399.953102
1742357400.000442
1742357400.020173
1742357400.066048
1742357400.086408
1742357400.130753
1742357400.153909
1742357400.197150
1742357400.219839
1742357400.266598
1742357400.286784
1742357400.333988
1742357400.353203
1742357400.400449
1742357400.419901
1742357400.463324
1742357400.486503
1742357400.533613
1742357400.553846
1742357400.600839
1742357400.619993
1742357400.666394
1742357400.687443
1742357400.734685
1742357400.753588
1742357400.797105
1742357400.821221
1742357400.864988
1742357400.887168
1742357400.929986
1742357400.956365
1742357400.997203
1742357401.020456
1742357401.066488
1742357401.087397
1742357401.133711
1742357401.153739
1742357401.200251
1742357401.221077
1742357401.267664
1742357401.287068
1742357401.333717
1742357401.354204
1742357401.399357
1742357401.420614
1742357401.467017
1742357401.487666
1742357401.534432
1742357401.553919
1742357401.601136
1742357401.620763
1742357401.667032
1742357401.687179
1742357401.734676
1742357401.754052
1742357401.799762
1742357401.820705
1742357401.866435
1742357401.887880
1742357401.930249
1742357401.954003
1742357402.001628
1742357402.021088
1742357402.067933
1742357402.087472
1742357402.134196
1742357402.154240
1742357402.200669
1742357402.220537
1742357402.266756
1742357402.287876
1742357402.329237
1742357402.354439
1742357402.397597
1742357402.421747
1742357402.460755
1742357402.487999
1742357402.534807
1742357402.554621
1742357402.601994
1742357402.621202
1742357402.666046
1742357402.688187
1742357402.732331
1742357402.754786
1742357402.801845
1742357402.821647
1742357402.868457
1742357402.888195
1742357402.932359
1742357402.954874
1742357402.994424
1742357403.022186
1742357403.065451
1742357403.088520
1742357403.135103
1742357403.154688
1742357403.201277
1742357403.221708
1742357403.268452
1742357403.288100
1742357403.334033
1742357403.355198
1742357403.397771
1742357403.421452
1742357403.467026
1742357403.488512
1742357403.534835
1742357403.555080
1742357403.602101
1742357403.622125
1742357403.667252
1742357403.688181
1742357403.734999
1742357403.755151
1742357403.802088
1742357403.821606
1742357403.865434
1742357403.888678
1742357403.935183
1742357403.963230
1742357403.988562
1742357404.035958
1742357404.056059
1742357404.099905
1742357404.122830
1742357404.164231
1742357404.189468
1742357404.235733
1742357404.256275
1742357404.297993
1742357404.322637
1742357404.366737
1742357404.391497
1742357404.426348
1742357404.463148
1742357404.492812
1742357404.536043
1742357404.555489
1742357404.602613
1742357404.623086
1742357404.670324
1742357404.688730
1742357404.732394
1742357404.756485
1742357404.799516
1742357404.822410
1742357404.868722
1742357404.889735
1742357404.936656
1742357404.955551
1742357405.001849
1742357405.022979
1742357405.066590
1742357405.088967
1742357405.135586
1742357405.157446
1742357405.200712
1742357405.222503
1742357405.268008
1742357405.290651
1742357405.334459
1742357405.355981
1742357405.401741
1742357405.424132
1742357405.467314
1742357405.489435
1742357405.536531
1742357405.557170
1742357405.600909
1742357405.622838
1742357405.669928
1742357405.691060
1742357405.734516
1742357405.756087
1742357405.799293
1742357405.826988
1742357405.869875
1742357405.889442
1742357405.933157
1742357405.957659
1742357406.000850
1742357406.022782
1742357406.069080
1742357406.090626
1742357406.136561
1742357406.156137
1742357406.199870
1742357406.226924
1742357406.269603
1742357406.289535
1742357406.332925
1742357406.359826
1742357406.401393
1742357406.422807
1742357406.467118
1742357406.491882
1742357406.525507
1742357406.562442
1742357406.598815
1742357406.625381
1742357406.660262
1742357406.699112
1742357406.725876
1742357406.765017
1742357406.789590
1742357406.837311
1742357406.858261
1742357406.901789
1742357406.923081
1742357406.969236
1742357406.992100
1742357407.034639
1742357407.056366
1742357407.102795
1742357407.125647
1742357407.167023
1742357407.189849
1742357407.234733
1742357407.258995
1742357407.301502
1742357407.323223
1742357407.369259
1742357407.392582
1742357407.434855
1742357407.456605
1742357407.499166
1742357407.525533
1742357407.568006
1742357407.589902
1742357407.633303
1742357407.658943
1742357407.698207
1742357407.723366
1742357407.764826
1742357407.792622
1742357407.827886
1742357407.856649
1742357407.899002
1742357407.926482
1742357407.965019
1742357407.990037
1742357408.032884
1742357408.059636
1742357408.097887
1742357408.123404
1742357408.164902
1742357408.193286
1742357408.235067
1742357408.256803
1742357408.298426
1742357408.326769
1742357408.367920
1742357408.390231
1742357408.432770
1742357408.460183
1742357408.501049
1742357408.523680
1742357408.564080
1742357408.594168
1742357408.634582
1742357408.656941
1742357408.698601
1742357408.727090
1742357408.767749
1742357408.790347
1742357408.829730
1742357408.860476
1742357408.901993
1742357408.923812
1742357408.957555
1742357409.000041
1742357409.027099
1742357409.057231
1742357409.102764
1742357409.127177
1742357409.169038
1742357409.190617
1742357409.236830
1742357409.259336
1742357409.303710
1742357409.324110
1742357409.369261
1742357409.394743
1742357409.437092
1742357409.457505
1742357409.500519
1742357409.527239
1742357409.571043
1742357409.591000
1742357409.636944
1742357409.659645
1742357409.703524
1742357409.724429
1742357409.767513
1742357409.794238
1742357409.835155
1742357409.857771
1742357409.903818
1742357409.927811
1742357409.970644
1742357409.991189
1742357410.037736
1742357410.059446
1742357410.104678
1742357410.124649
1742357410.166593
1742357410.195402
1742357410.235492
1742357410.258037
1742357410.303077
1742357410.328827
1742357410.369892
1742357410.391310
1742357410.434216
1742357410.462311
1742357410.503794
1742357410.524820
1742357410.564913
1742357410.598968
1742357410.631851
1742357410.658047
1742357410.701521
1742357410.728678
1742357410.771501
1742357410.791667
1742357410.835014
1742357410.862498
1742357410.903962
1742357410.924999
1742357410.967507
1742357410.995297
1742357411.036631
1742357411.058239
1742357411.101723
1742357411.129645
1742357411.167894
1742357411.191689
1742357411.233357
1742357411.263202
1742357411.303548
1742357411.325183
1742357411.367374
1742357411.395285
1742357411.436912
1742357411.458396
1742357411.501313
1742357411.530080
1742357411.569116
1742357411.591829
1742357411.638920
1742357411.659535
1742357411.704731
1742357411.725380
1742357411.767515
1742357411.795823
1742357411.837507
1742357411.858685
1742357411.901009
1742357411.927633
1742357411.967822
1742357411.992151
1742357412.035510
1742357412.062972
1742357412.100517
1742357412.125348
1742357412.167625
1742357412.193206
1742357412.238635
1742357412.260120
1742357412.305430
1742357412.325714
1742357412.372467
1742357412.393900
1742357412.435019
1742357412.464418
1742357412.492569
1742357412.536463
1742357412.562231
1742357412.602594
1742357412.625768
1742357412.671750
1742357412.696040
1742357412.737495
1742357412.759275
1742357412.805035
1742357412.830258
1742357412.870740
1742357412.892698
1742357412.937057
1742357412.960875
1742357412.997860
1742357413.025810
1742357413.066502
1742357413.100138
1742357413.133908
