1742707197.861005
1742707197.960379
1742707197.993932
1742707198.029766
1742707198.060752
1742707198.094600
1742707198.128211
1742707198.160772
1742707198.194347
1742707198.227544
1742707198.261554
1742707198.294541
1742707198.328218
1742707198.361388
1742707198.406904
1742707198.441066
1742707198.469472
1742707198.507292
1742707198.534496
1742707198.572193
1742707198.607648
1742707198.636596
1742707198.675543
1742707198.704328
1742707198.744027
1742707198.775977
1742707198.810373
1742707198.842058
1742707198.876894
1742707198.906392
1742707198.943640
1742707198.975293
1742707199.010238
1742707199.041962
1742707199.077187
1742707199.108967
1742707199.142713
1742707199.176639
1742707199.209872
1742707199.242717
1742707199.275853
1742707199.308817
1742707199.331557
1742707199.361979
1742707199.398905
1742707199.441346
1742707199.461948
1742707199.494583
1742707199.540309
1742707199.561516
1742707199.606470
1742707199.628077
1742707199.665013
1742707199.700593
1742707199.734709
1742707199.761651
1742707199.797630
1742707199.833911
1742707199.864355
1742707199.894702
1742707199.935999
1742707199.962406
1742707200.005898
1742707200.028431
1742707200.066109
1742707200.100354
1742707200.136181
1742707200.161694
1742707200.202510
1742707200.228738
1742707200.275618
1742707200.295152
1742707200.335445
1742707200.362333
1742707200.404385
1742707200.428488
1742707200.463612
1742707200.504147
1742707200.529176
1742707200.562004
1742707200.600693
1742707200.637084
1742707200.662937
1742707200.695894
1742707200.735333
1742707200.766789
1742707200.804966
1742707200.828742
1742707200.870390
1742707200.895917
1742707200.941875
1742707200.962278
1742707201.002792
1742707201.029667
1742707201.075879
1742707201.095522
1742707201.136818
1742707201.163539
1742707201.209496
1742707201.228952
1742707201.271109
1742707201.296155
1742707201.341661
1742707201.362361
1742707201.408758
1742707201.429743
1742707201.476880
1742707201.495900
1742707201.540417
1742707201.563055
1742707201.610514
1742707201.629276
1742707201.672718
1742707201.696399
1742707201.740033
1742707201.762548
1742707201.806405
1742707201.829907
1742707201.876046
1742707201.896001
1742707201.941910
1742707201.963902
1742707202.010169
1742707202.029530
1742707202.072972
1742707202.097568
1742707202.143887
1742707202.163070
1742707202.207408
1742707202.230331
1742707202.275923
1742707202.296287
1742707202.342692
1742707202.364290
1742707202.408921
1742707202.429666
1742707202.472719
1742707202.499141
1742707202.543446
1742707202.563165
1742707202.608361
1742707202.631257
1742707202.676069
1742707202.696668
1742707202.741137
1742707202.764478
1742707202.809541
1742707202.829985
1742707202.876444
1742707202.898567
1742707202.942795
1742707202.963504
1742707203.010240
1742707203.031440
1742707203.077017
1742707203.096914
1742707203.144025
1742707203.163980
1742707203.210633
1742707203.230360
1742707203.275680
1742707203.298822
1742707203.342708
1742707203.363617
1742707203.407279
1742707203.431403
1742707203.476103
1742707203.497083
1742707203.543382
1742707203.565608
1742707203.606048
1742707203.631146
1742707203.676754
1742707203.698858
1742707203.744709
1742707203.763922
1742707203.807571
1742707203.835052
1742707203.876795
1742707203.897178
1742707203.943484
1742707203.965985
1742707204.010912
1742707204.030571
1742707204.075221
1742707204.098973
1742707204.142128
1742707204.164015
1742707204.211481
1742707204.232356
1742707204.275315
1742707204.297329
1742707204.344993
1742707204.366641
1742707204.408955
1742707204.430713
1742707204.473420
1742707204.501650
1742707204.543289
1742707204.564253
1742707204.607382
1742707204.635030
1742707204.677466
1742707204.697634
1742707204.741127
1742707204.768614
1742707204.810410
1742707204.831050
1742707204.874138
1742707204.902387
1742707204.944417
1742707204.964400
1742707205.007621
1742707205.037352
1742707205.073884
1742707205.098789
1742707205.142680
1742707205.168723
1742707205.211077
1742707205.231272
1742707205.278040
1742707205.301051
1742707205.344191
1742707205.364873
1742707205.411796
1742707205.434100
1742707205.478973
1742707205.498292
1742707205.544933
1742707205.567074
1742707205.611997
1742707205.631495
1742707205.678416
1742707205.700188
1742707205.739452
1742707205.768685
1742707205.809864
1742707205.834344
1742707205.878607
1742707205.898301
1742707205.943403
1742707205.968122
1742707206.010201
1742707206.031632
1742707206.076665
1742707206.101461
1742707206.143911
1742707206.164902
1742707206.211088
1742707206.234834
1742707206.277796
1742707206.298327
1742707206.343290
1742707206.365930
1742707206.411369
1742707206.431759
1742707206.474089
1742707206.504110
1742707206.541010
1742707206.565280
1742707206.612265
1742707206.634749
1742707206.677353
1742707206.698508
1742707206.742271
1742707206.768384
1742707206.810049
1742707206.831858
1742707206.875746
1742707206.903046
1742707206.944499
1742707206.965323
1742707207.012769
1742707207.035352
1742707207.078771
1742707207.098800
1742707207.141675
1742707207.169060
1742707207.210622
1742707207.232015
1742707207.278977
1742707207.302484
1742707207.344452
1742707207.365459
1742707207.409120
1742707207.436830
1742707207.478384
1742707207.498957
1742707207.544008
1742707207.567581
1742707207.610207
1742707207.632887
1742707207.680530
1742707207.701712
1742707207.744335
1742707207.777910
1742707207.799276
1742707207.847106
1742707207.868593
1742707207.910651
1742707207.937725
1742707207.968917
1742707208.010299
1742707208.037242
1742707208.077552
1742707208.099530
1742707208.146413
1742707208.169010
1742707208.210903
1742707208.232848
1742707208.277136
1742707208.304398
1742707208.345254
1742707208.366175
1742707208.411363
1742707208.437110
1742707208.478147
1742707208.499615
1742707208.543693
1742707208.567900
1742707208.612374
1742707208.633067
1742707208.679464
1742707208.703629
1742707208.745362
1742707208.766511
1742707208.813757
1742707208.836362
1742707208.877002
1742707208.902053
1742707208.943925
1742707208.972109
1742707209.011738
1742707209.033265
1742707209.080143
1742707209.103704
1742707209.143985
1742707209.167370
1742707209.211045
1742707209.238426
1742707209.277345
1742707209.301450
1742707209.345148
1742707209.370640
1742707209.410200
1742707209.435152
1742707209.477620
1742707209.505479
1742707209.543853
1742707209.568642
1742707209.609670
1742707209.639286
1742707209.676932
1742707209.703558
1742707209.745069
1742707209.772151
1742707209.810858
1742707209.837960
1742707209.875817
1742707209.906183
1742707209.944209
1742707209.970804
1742707210.010437
1742707210.040409
1742707210.077068
1742707210.102021
1742707210.144069
1742707210.173424
1742707210.211247
1742707210.233623
1742707210.280586
1742707210.304267
1742707210.345266
1742707210.367335
1742707210.412848
1742707210.438138
1742707210.476125
1742707210.503542
1742707210.545622
1742707210.570077
1742707210.611703
1742707210.636090
1742707210.678138
1742707210.707314
1742707210.743334
1742707210.769535
1742707210.810331
1742707210.839354
1742707210.876235
1742707210.901961
1742707210.943988
1742707210.973719
1742707211.009445
1742707211.033961
1742707211.079548
1742707211.103077
1742707211.145216
1742707211.167661
1742707211.213943
1742707211.238574
1742707211.277927
1742707211.301236
1742707211.346848
1742707211.371823
1742707211.411162
1742707211.434300
1742707211.480472
1742707211.505612
1742707211.545324
1742707211.568168
1742707211.611138
1742707211.640501
1742707211.679553
1742707211.701935
1742707211.744708
1742707211.773854
1742707211.812504
1742707211.836147
1742707211.878065
1742707211.907098
1742707211.946126
1742707211.967914
1742707212.013601
1742707212.039573
1742707212.079660
1742707212.101221
1742707212.147227
1742707212.172789
1742707212.212956
1742707212.235101
1742707212.278106
1742707212.307497
1742707212.343777
1742707212.372132
1742707212.410771
1742707212.441474
1742707212.476378
1742707212.506051
1742707212.545355
1742707212.573755
1742707212.612714
1742707212.634944
1742707212.680148
1742707212.706149
1742707212.747071
1742707212.768249
1742707212.811150
1742707212.841351
1742707212.877572
1742707212.905758
1742707212.944876
1742707212.974797
1742707213.012392
1742707213.037290
1742707213.075433
1742707213.110897
1742707213.142907
1742707213.173740
1742707213.210728
1742707213.243213
1742707213.277973
1742707213.306376
1742707213.345546
1742707213.371574
1742707213.412000
1742707213.439538
1742707213.479107
1742707213.508782
1742707213.544909
1742707213.572022
1742707213.611355
1742707213.643407
1742707213.671147
1742707213.705227
1742707213.736182
1742707213.768324
1742707213.801711
1742707213.834996
1742707213.869041
1742707213.912318
1742707213.940393
1742707213.973962
1742707214.009333
1742707214.042531
1742707214.074292
1742707214.106497
1742707214.145603
1742707214.174535
1742707214.211687
1742707214.237269
1742707214.275975
1742707214.310355
1742707214.344233
1742707214.372699
1742707214.412235
1742707214.442011
1742707214.477118
1742707214.507201
1742707214.545287
1742707214.573032
1742707214.613223
1742707214.635981
1742707214.679472
1742707214.708089
1742707214.746414
1742707214.770317
1742707214.813543
1742707214.840225
1742707214.881768
1742707214.902909
1742707214.945610
1742707214.976390
1742707215.011488
1742707215.040526
1742707215.077643
1742707215.110026
1742707215.141411
1742707215.176490
1742707215.209083
1742707215.245203
1742707215.278840
1742707215.307232
1742707215.347056
1742707215.373959
1742707215.411485
1742707215.440913
1742707215.478243
1742707215.507816
1742707215.547879
1742707215.572557
1742707215.611544
1742707215.644215
1742707215.677695
1742707215.708709
1742707215.743552
1742707215.779786
1742707215.809159
1742707215.844252
1742707215.875315
1742707215.911039
1742707215.945547
1742707215.974504
1742707216.011889
1742707216.045196
1742707216.074526
1742707216.114603
1742707216.136691
1742707216.179488
1742707216.209593
1742707216.245490
1742707216.275747
1742707216.309423
1742707216.345199
1742707216.372444
1742707216.413414
1742707216.441172
1742707216.476403
1742707216.512666
1742707216.545961
1742707216.570532
1742707216.607875
1742707216.642645
1742707216.674435
1742707216.708841
1742707216.742554
1742707216.775718
1742707216.812955
1742707216.836800
1742707216.878168
1742707216.909983
1742707216.944645
1742707216.971007
1742707217.014653
1742707217.041724
1742707217.081288
1742707217.103796
1742707217.142547
1742707217.173581
1742707217.211900
1742707217.241468
1742707217.278411
1742707217.312166
1742707217.346622
1742707217.374379
1742707217.414561
1742707217.443727
1742707217.477297
1742707217.503701
1742707217.538013
1742707217.570838
1742707217.603818
1742707217.641690
1742707217.680029
1742707217.709087
1742707217.746413
1742707217.775660
1742707217.813762
1742707217.842501
1742707217.881479
1742707217.909068
1742707217.946707
1742707217.975803
1742707218.011880
1742707218.042042
1742707218.081184
1742707218.110467
1742707218.145849
1742707218.172319
1742707218.214004
1742707218.243349
1742707218.278936
1742707218.306003
1742707218.346230
1742707218.376789
1742707218.410336
1742707218.437771
1742707218.477874
1742707218.513019
1742707218.544619
1742707218.574630
1742707218.613217
1742707218.642830
1742707218.680966
1742707218.705374
1742707218.745169
1742707218.780515
1742707218.810697
1742707218.841399
1742707218.879268
1742707218.912918
1742707218.944007
1742707218.975012
1742707219.012678
1742707219.044144
1742707219.078884
1742707219.108900
1742707219.147412
1742707219.175260
1742707219.215048
1742707219.238611
1742707219.280094
1742707219.311068
1742707219.345060
1742707219.375693
1742707219.415821
1742707219.444392
1742707219.480999
1742707219.507955
1742707219.545941
1742707219.581001
1742707219.610662
1742707219.643859
1742707219.679540
1742707219.714461
1742707219.743654
1742707219.778517
1742707219.811669
1742707219.847636
1742707219.877416
1742707219.910975
1742707219.945423
1742707219.981503
1742707220.009551
1742707220.044518
1742707220.078441
1742707220.113475
1742707220.143737
1742707220.171841
1742707220.213203
1742707220.245424
1742707220.280705
1742707220.306934
1742707220.348170
1742707220.377417
1742707220.412064
1742707220.443119
1742707220.479528
1742707220.511160
1742707220.546266
1742707220.576497
1742707220.613003
1742707220.648239
1742707220.678039
1742707220.709695
1742707220.744631
1742707220.783459
1742707220.809317
1742707220.842870
1742707220.883814
1742707220.909019
1742707220.949265
1742707220.972928
1742707221.017300
1742707221.042276
1742707221.082319
1742707221.106301
1742707221.148574
1742707221.178470
1742707221.214374
1742707221.241602
1742707221.283582
1742707221.309840
1742707221.349673
1742707221.373171
1742707221.417757
1742707221.442360
1742707221.483829
1742707221.506629
1742707221.551176
1742707221.575938
1742707221.616004
1742707221.641725
1742707221.683357
1742707221.710141
1742707221.749203
1742707221.776501
1742707221.818076
1742707221.842782
1742707221.883462
1742707221.909099
1742707221.948640
1742707221.978407
1742707222.016070
1742707222.042167
1742707222.082903
1742707222.110653
1742707222.151942
1742707222.172999
1742707222.218592
1742707222.242334
1742707222.283607
1742707222.306103
1742707222.351945
1742707222.375800
1742707222.417482
1742707222.439412
1742707222.485483
1742707222.509292
1742707222.550488
1742707222.574424
1742707222.618445
1742707222.642966
1742707222.680134
1742707222.710898
1742707222.750334
1742707222.776873
1742707222.817912
1742707222.840452
1742707222.880244
1742707222.917502
1742707222.943300
1742707222.978849
1742707223.014861
1742707223.045994
1742707223.082546
1742707223.107209
1742707223.147801
1742707223.183249
1742707223.209565
1742707223.251297
1742707223.275679
1742707223.317384
1742707223.343987
1742707223.380383
1742707223.413552
1742707223.449919
1742707223.476972
1742707223.513789
1742707223.547292
1742707223.583122
1742707223.609966
1742707223.648972
1742707223.678228
1742707223.719744
1742707223.743107
1742707223.786268
1742707223.808216
1742707223.850592
1742707223.876891
1742707223.919375
1742707223.941975
1742707223.981915
1742707224.016986
1742707224.043375
1742707224.085156
1742707224.110442
1742707224.151011
1742707224.175199
1742707224.216476
1742707224.244266
1742707224.285413
1742707224.307555
1742707224.350399
1742707224.377076
1742707224.415925
1742707224.452709
1742707224.474217
1742707224.518752
1742707224.544295
1742707224.585884
1742707224.610543
1742707224.652534
1742707224.675367
1742707224.719384
1742707224.743545
1742707224.785801
1742707224.808828
1742707224.854456
1742707224.876511
1742707224.918554
1742707224.942524
1742707224.984827
1742707225.010710
1742707225.051733
1742707225.076064
1742707225.115646
1742707225.150791
1742707225.176376
1742707225.219389
1742707225.243653
1742707225.282443
1742707225.312712
1742707225.351536
1742707225.377235
1742707225.417815
1742707225.443032
1742707225.487524
1742707225.510100
1742707225.553335
1742707225.575054
1742707225.620832
1742707225.643455
1742707225.682606
1742707225.710329
1742707225.748534
1742707225.780971
1742707225.819328
1742707225.842345
1742707225.888190
1742707225.910222
1742707225.952241
1742707225.975986
1742707226.021048
1742707226.043547
1742707226.088793
1742707226.108215
1742707226.155349
1742707226.176987
1742707226.216129
1742707226.242476
1742707226.288614
1742707226.310009
1742707226.354904
1742707226.374947
1742707226.421087
1742707226.443696
1742707226.485936
1742707226.508918
1742707226.556017
1742707226.576588
1742707226.621011
1742707226.641908
1742707226.688524
1742707226.710253
1742707226.749707
1742707226.776899
1742707226.815839
1742707226.849286
1742707226.884553
1742707226.909290
1742707226.955948
1742707226.976594
1742707227.022617
1742707227.042143
1742707227.089577
1742707227.110206
1742707227.156550
1742707227.175756
1742707227.222310
1742707227.243927
1742707227.286879
1742707227.309332
1742707227.356659
1742707227.376776
1742707227.421621
1742707227.442418
1742707227.489106
1742707227.510719
1742707227.547719
1742707227.579468
1742707227.618839
1742707227.644936
1742707227.686229
1742707227.709243
1742707227.756296
1742707227.777205
1742707227.822573
1742707227.842618
1742707227.889436
1742707227.910661
1742707227.953819
1742707227.976487
1742707228.023073
1742707228.043823
1742707228.088147
1742707228.109704
1742707228.156866
1742707228.176780
1742707228.223008
1742707228.243040
1742707228.289216
1742707228.310455
1742707228.356488
1742707228.376128
1742707228.423065
1742707228.444029
1742707228.489851
1742707228.509470
1742707228.556915
1742707228.576933
1742707228.621633
1742707228.643079
1742707228.689827
1742707228.710525
1742707228.756398
1742707228.776331
1742707228.823612
1742707228.843749
1742707228.891051
1742707228.909719
1742707228.956987
1742707228.977171
1742707229.024579
1742707229.043150
1742707229.090973
1742707229.110229
1742707229.153767
1742707229.176784
1742707229.223226
1742707229.244031
1742707229.288917
1742707229.309820
1742707229.356924
1742707229.377470
1742707229.421177
1742707229.443480
1742707229.487094
1742707229.510785
1742707229.557655
1742707229.576702
1742707229.623247
1742707229.644273
1742707229.690156
1742707229.710362
1742707229.757095
1742707229.777868
1742707229.824521
1742707229.843732
1742707229.890049
1742707229.911173
1742707229.957941
1742707229.977312
1742707230.023920
1742707230.044451
1742707230.090362
1742707230.110537
1742707230.157847
1742707230.177690
1742707230.223941
1742707230.243770
1742707230.286333
1742707230.312424
1742707230.354981
1742707230.377199
1742707230.424388
1742707230.444158
1742707230.490580
1742707230.510408
1742707230.556878
1742707230.577964
1742707230.623579
1742707230.644130
1742707230.687626
1742707230.711219
1742707230.757765
1742707230.777378
1742707230.820623
1742707230.844942
1742707230.890766
1742707230.910701
1742707230.957137
1742707230.978055
1742707231.024260
1742707231.044062
1742707231.091070
1742707231.111113
1742707231.158138
1742707231.177465
1742707231.223063
1742707231.245061
1742707231.291217
1742707231.310866
1742707231.355110
1742707231.378545
1742707231.425513
1742707231.444358
1742707231.490956
1742707231.511309
1742707231.558594
1742707231.577751
1742707231.624476
1742707231.644996
1742707231.689120
1742707231.711446
1742707231.758358
1742707231.778120
1742707231.821872
1742707231.844709
1742707231.891703
1742707231.911550
1742707231.958824
1742707231.978286
1742707232.024921
1742707232.045069
1742707232.088822
1742707232.111565
1742707232.158637
1742707232.178574
1742707232.225113
1742707232.244668
1742707232.291358
1742707232.311948
1742707232.356598
1742707232.378420
1742707232.425573
1742707232.445092
1742707232.492222
1742707232.511631
1742707232.555558
1742707232.581672
1742707232.624132
1742707232.645722
1742707232.691878
1742707232.712066
1742707232.759403
1742707232.788809
1742707232.811838
1742707232.858137
1742707232.879013
1742707232.922742
1742707232.947346
1742707232.989019
1742707233.012553
1742707233.053880
1742707233.082214
1742707233.118716
1742707233.145822
1742707233.192206
1742707233.212476
1742707233.257843
1742707233.279367
1742707233.325731
1742707233.345921
1742707233.392314
1742707233.412541
1742707233.459040
1742707233.479667
1742707233.525551
1742707233.546057
1742707233.592498
1742707233.613335
1742707233.659730
1742707233.679221
1742707233.726144
1742707233.746706
1742707233.792950
1742707233.812501
1742707233.857077
1742707233.882281
1742707233.924550
1742707233.946265
1742707233.992215
1742707234.013973
1742707234.057289
1742707234.080294
1742707234.125683
1742707234.147201
1742707234.189595
1742707234.213205
1742707234.259410
1742707234.280486
1742707234.321401
1742707234.346597
1742707234.393164
1742707234.413543
1742707234.456752
1742707234.480523
1742707234.522656
1742707234.552627
1742707234.585286
1742707234.619899
1742707234.655548
1742707234.687290
1742707234.715460
1742707234.756291
1742707234.782056
1742707234.820120
1742707234.847854
1742707234.890443
1742707234.915646
1742707234.957633
1742707234.979382
1742707235.022860
1742707235.051057
1742707235.091681
1742707235.112873
1742707235.159956
1742707235.180946
1742707235.223556
1742707235.247765
1742707235.290713
1742707235.316853
1742707235.359705
1742707235.379707
1742707235.423064
1742707235.451058
1742707235.493333
1742707235.513221
1742707235.560287
1742707235.581013
1742707235.623636
1742707235.648424
1742707235.692940
1742707235.715119
1742707235.758330
1742707235.779996
1742707235.826350
1742707235.848453
1742707235.891044
1742707235.914202
1742707235.959360
1742707235.981926
1742707236.024307
1742707236.048491
1742707236.091228
1742707236.116505
1742707236.158883
1742707236.180148
1742707236.227323
1742707236.249604
1742707236.292530
1742707236.313425
1742707236.357182
1742707236.384443
1742707236.426104
1742707236.446790
1742707236.492089
1742707236.515357
1742707236.554853
1742707236.582257
1742707236.625339
1742707236.649212
1742707236.693270
1742707236.713792
1742707236.757387
1742707236.785025
1742707236.827070
1742707236.846964
1742707236.890584
1742707236.919225
1742707236.960091
1742707236.980304
1742707237.025304
1742707237.049349
1742707237.088507
1742707237.116382
1742707237.158627
1742707237.182934
1742707237.225080
1742707237.247427
1742707237.291861
1742707237.316446
1742707237.358694
1742707237.380778
1742707237.427684
1742707237.450353
1742707237.494490
1742707237.514227
1742707237.557567
1742707237.586296
1742707237.626876
1742707237.648608
1742707237.688271
1742707237.723805
1742707237.753589
1742707237.788912
1742707237.818183
1742707237.859821
1742707237.883860
1742707237.924850
1742707237.950943
1742707237.992852
1742707238.017704
1742707238.058695
1742707238.083090
1742707238.126033
1742707238.153700
1742707238.185908
1742707238.225223
1742707238.253283
1742707238.293775
1742707238.314409
1742707238.358222
1742707238.384148
1742707238.426045
1742707238.447796
1742707238.495293
1742707238.517672
1742707238.561188
1742707238.581359
1742707238.627888
1742707238.651354
1742707238.693510
1742707238.715391
1742707238.759052
1742707238.784995
1742707238.826307
1742707238.848230
1742707238.894957
1742707238.918787
1742707238.960457
1742707238.981387
1742707239.025145
1742707239.053919
1742707239.091595
1742707239.116376
1742707239.158623
1742707239.187364
1742707239.224671
1742707239.249515
1742707239.293829
1742707239.319009
1742707239.361028
1742707239.381712
1742707239.425429
1742707239.452279
1742707239.494502
1742707239.515106
1742707239.562450
1742707239.584950
1742707239.626379
1742707239.649021
1742707239.693655
1742707239.719520
1742707239.760469
1742707239.783072
1742707239.826682
1742707239.852694
1742707239.894464
1742707239.915976
1742707239.961444
1742707239.985333
1742707240.027532
1742707240.050263
1742707240.093011
1742707240.121415
1742707240.158652
1742707240.186406
1742707240.224134
1742707240.257765
1742707240.291288
1742707240.318088
1742707240.358986
1742707240.387896
1742707240.424608
1742707240.450076
1742707240.491519
1742707240.520754
1742707240.561532
1742707240.582249
1742707240.625950
1742707240.654413
1742707240.692561
1742707240.717579
1742707240.760976
1742707240.786276
1742707240.824272
1742707240.853492
1742707240.893050
1742707240.921760
1742707240.960916
1742707240.983010
1742707241.027719
1742707241.053982
1742707241.092354
1742707241.126661
1742707241.149410
1742707241.194987
1742707241.220484
1742707241.258296
1742707241.289757
1742707241.320593
1742707241.359682
1742707241.388692
1742707241.424228
1742707241.452342
1742707241.494014
1742707241.520436
1742707241.558565
1742707241.585082
1742707241.627076
1742707241.654216
1742707241.692682
1742707241.720045
1742707241.758008
1742707241.788043
1742707241.826530
1742707241.853906
1742707241.891171
1742707241.925374
1742707241.959305
1742707241.987688
1742707242.024561
1742707242.057940
1742707242.093126
1742707242.121397
1742707242.157867
1742707242.193220
1742707242.223009
1742707242.254098
1742707242.290466
1742707242.326207
1742707242.355786
1742707242.386998
1742707242.427047
1742707242.455616
1742707242.493290
1742707242.516542
1742707242.562316
1742707242.587475
1742707242.624805
1742707242.653628
1742707242.691337
1742707242.726702
1742707242.756460
1742707242.789416
1742707242.824663
1742707242.859382
1742707242.890002
1742707242.920295
1742707242.959480
1742707242.989756
1742707243.027214
1742707243.050851
1742707243.093410
1742707243.122666
1742707243.160602
1742707243.184873
1742707243.226962
1742707243.256390
1742707243.292889
1742707243.321305
1742707243.358624
1742707243.388493
1742707243.427368
1742707243.453509
1742707243.494282
1742707243.523479
1742707243.559857
1742707243.588098
1742707243.626493
1742707243.657603
1742707243.694315
1742707243.721146
1742707243.761691
1742707243.789785
1742707243.826594
1742707243.855592
1742707243.892017
1742707243.926225
1742707243.960000
1742707243.988612
1742707244.025881
1742707244.051020
1742707244.090649
1742707244.125435
1742707244.155707
1742707244.195364
1742707244.222026
1742707244.255917
1742707244.292121
1742707244.323697
1742707244.359897
1742707244.385114
1742707244.427453
1742707244.456356
1742707244.492666
1742707244.519840
1742707244.559977
1742707244.589972
1742707244.625978
1742707244.655323
1742707244.690168
1742707244.726174
1742707244.756897
1742707244.791253
1742707244.824300
1742707244.860029
1742707244.891192
1742707244.922242
1742707244.960787
1742707244.991755
1742707245.023773
1742707245.058610
1742707245.090247
1742707245.126232
1742707245.158389
1742707245.190011
1742707245.225912
1742707245.256691
1742707245.292486
1742707245.321862
1742707245.361057
1742707245.390036
1742707245.426789
1742707245.454209
1742707245.491912
1742707245.523429
1742707245.560331
1742707245.589100
1742707245.628113
1742707245.657676
1742707245.692484
1742707245.723038
1742707245.761004
1742707245.790751
1742707245.827415
1742707245.856702
1742707245.892855
1742707245.924467
1742707245.958141
1742707245.993094
1742707246.023520
1742707246.060602
1742707246.092998
1742707246.123156
1742707246.160331
1742707246.189808
1742707246.230188
1742707246.255339
1742707246.293393
1742707246.327580
1742707246.362000
1742707246.385944
1742707246.428107
1742707246.457882
1742707246.492295
1742707246.521616
1742707246.562458
1742707246.585228
1742707246.622888
1742707246.653851
1742707246.690719
1742707246.726670
1742707246.761282
1742707246.789179
1742707246.829215
1742707246.856350
1742707246.896942
1742707246.920961
1742707246.962594
1742707246.992231
1742707247.027660
1742707247.056060
1742707247.095794
1742707247.124689
1742707247.160362
1742707247.189693
1742707247.229121
1742707247.258187
1742707247.293051
1742707247.323780
1742707247.362260
1742707247.391664
1742707247.427029
1742707247.456541
1742707247.495473
1742707247.526002
1742707247.560902
1742707247.590148
1742707247.626411
1742707247.658178
1742707247.695240
1742707247.723808
1742707247.762937
1742707247.790496
1742707247.831229
1742707247.854176
1742707247.894577
1742707247.924024
1742707247.961327
1742707247.990252
1742707248.030321
1742707248.057412
1742707248.096979
1742707248.123616
1742707248.160065
1742707248.193174
1742707248.228665
1742707248.257697
1742707248.295877
1742707248.324597
1742707248.360942
1742707248.390312
1742707248.429189
1742707248.458872
1742707248.492291
1742707248.523455
1742707248.561524
1742707248.592515
1742707248.625481
1742707248.657500
1742707248.694962
1742707248.725203
1742707248.758550
1742707248.791253
1742707248.829185
1742707248.861524
1742707248.895955
1742707248.922473
1742707248.963806
1742707248.993071
1742707249.027483
1742707249.057036
1742707249.097648
1742707249.124627
1742707249.162150
1742707249.190669
1742707249.227927
1742707249.260840
1742707249.295624
1742707249.323487
1742707249.361017
1742707249.395616
1742707249.429549
1742707249.464048
1742707249.486824
1742707249.529456
1742707249.558652
1742707249.594316
1742707249.629121
1742707249.655306
1742707249.697447
1742707249.726365
1742707249.760121
1742707249.788563
1742707249.829250
1742707249.861173
1742707249.896055
1742707249.924306
1742707249.964614
1742707249.991263
1742707250.029210
1742707250.057456
1742707250.097716
1742707250.124703
1742707250.161088
1742707250.191813
1742707250.228272
1742707250.262253
1742707250.297256
1742707250.324606
1742707250.362971
1742707250.393498
1742707250.427366
1742707250.458828
1742707250.494114
1742707250.528863
1742707250.564029
1742707250.591652
1742707250.630404
1742707250.658962
1742707250.695598
1742707250.725250
1742707250.764147
1742707250.793347
1742707250.828741
1742707250.860120
1742707250.893690
1742707250.928311
1742707250.964374
1742707250.991860
1742707251.028781
1742707251.058892
1742707251.096978
1742707251.125533
1742707251.162625
1742707251.196746
1742707251.226873
1742707251.261043
1742707251.293968
1742707251.328797
1742707251.364572
1742707251.392024
1742707251.432073
1742707251.460227
1742707251.495632
1742707251.526411
1742707251.562883
1742707251.597394
1742707251.627236
1742707251.662996
1742707251.692614
1742707251.728845
1742707251.763849
1742707251.792814
1742707251.828698
1742707251.864299
1742707251.895080
1742707251.928200
1742707251.961394
1742707251.998045
1742707252.028435
1742707252.061470
1742707252.094335
1742707252.130130
1742707252.160244
1742707252.195963
1742707252.221106
1742707252.256321
1742707252.288265
1742707252.329239
1742707252.359190
1742707252.398626
1742707252.427801
1742707252.458659
1742707252.494233
1742707252.529998
1742707252.562146
1742707252.591456
1742707252.630073
1742707252.659257
1742707252.697628
1742707252.721733
1742707252.764398
1742707252.794491
1742707252.829382
1742707252.859272
1742707252.897156
1742707252.926299
1742707252.963543
1742707252.991506
1742707253.033001
1742707253.058367
1742707253.095778
1742707253.126071
1742707253.165097
1742707253.194382
1742707253.232487
1742707253.255443
1742707253.298984
1742707253.327920
1742707253.364445
1742707253.391774
1742707253.431920
1742707253.461724
1742707253.498178
1742707253.525910
1742707253.566450
1742707253.591753
1742707253.632226
1742707253.658735
1742707253.700273
1742707253.725602
1742707253.763776
1742707253.793229
1742707253.831636
1742707253.861769
1742707253.897981
1742707253.926465
1742707253.964804
1742707253.995643
1742707254.031195
1742707254.060504
1742707254.097738
1742707254.129825
1742707254.162277
1742707254.196891
1742707254.226880
1742707254.266585
1742707254.292478
1742707254.331983
1742707254.360107
1742707254.401288
1742707254.425475
1742707254.465697
1742707254.492013
1742707254.533321
1742707254.559906
1742707254.595086
1742707254.628018
1742707254.667223
1742707254.692208
1742707254.730038
1742707254.762045
1742707254.799313
1742707254.826056
1742707254.864022
1742707254.893810
1742707254.934316
1742707254.958942
1742707254.999805
1742707255.025353
1742707255.066964
1742707255.092490
1742707255.131730
1742707255.160237
1742707255.199289
1742707255.226356
1742707255.266962
1742707255.292239
1742707255.328494
1742707255.359944
1742707255.391417
1742707255.429555
1742707255.462813
1742707255.500328
1742707255.522991
1742707255.566077
1742707255.593125
1742707255.630842
1742707255.660201
1742707255.701544
1742707255.725272
1742707255.766645
1742707255.791954
1742707255.834626
1742707255.858884
1742707255.899831
1742707255.926156
1742707255.968436
1742707255.992285
1742707256.030700
1742707256.062857
1742707256.097977
1742707256.131781
1742707256.160587
1742707256.200620
1742707256.225891
1742707256.268268
1742707256.292691
1742707256.334554
1742707256.358498
1742707256.398206
1742707256.434056
1742707256.457421
1742707256.499244
1742707256.526875
1742707256.565425
1742707256.593613
1742707256.627666
1742707256.661136
1742707256.694435
1742707256.723111
1742707256.761747
1742707256.801359
1742707256.826028
1742707256.861791
1742707256.898105
1742707256.929960
1742707256.965337
1742707256.993362
1742707257.034816
1742707257.059676
1742707257.098320
1742707257.127671
1742707257.163826
1742707257.201812
1742707257.226308
1742707257.266515
1742707257.292710
1742707257.334997
1742707257.359732
1742707257.401716
1742707257.425018
1742707257.469920
1742707257.492823
1742707257.528630
1742707257.565283
1742707257.596468
1742707257.637195
1742707257.657131
1742707257.701909
1742707257.726088
1742707257.771388
1742707257.794420
1742707257.823882
1742707257.867350
1742707257.894145
1742707257.935894
1742707257.959663
1742707258.001214
1742707258.026116
1742707258.065134
1742707258.101435
1742707258.125734
1742707258.161325
1742707258.199592
1742707258.230149
1742707258.264410
1742707258.297647
1742707258.335182
1742707258.361050
1742707258.402292
1742707258.425677
1742707258.470787
1742707258.493245
1742707258.534270
1742707258.559207
1742707258.597316
1742707258.631173
1742707258.658285
1742707258.704418
1742707258.726076
1742707258.769477
1742707258.790928
1742707258.837953
1742707258.859573
1742707258.905334
1742707258.924550
1742707258.971168
1742707258.992927
1742707259.038325
1742707259.058103
1742707259.104651
1742707259.126543
1742707259.171717
1742707259.191584
1742707259.238332
1742707259.259694
1742707259.299048
1742707259.326038
1742707259.368824
1742707259.393880
1742707259.435256
1742707259.458375
1742707259.504750
1742707259.526556
1742707259.568654
1742707259.591662
1742707259.637912
1742707259.659766
1742707259.704175
1742707259.724941
1742707259.772065
1742707259.793002
1742707259.838913
1742707259.858514
1742707259.905318
1742707259.926428
1742707259.972831
1742707259.991941
1742707260.039314
1742707260.059999
1742707260.105350
1742707260.125464
1742707260.171964
1742707260.193366
1742707260.232522
1742707260.261139
1742707260.299408
1742707260.328839
1742707260.370776
1742707260.392634
1742707260.438429
1742707260.460197
1742707260.505216
1742707260.525911
1742707260.570691
1742707260.593529
1742707260.639122
1742707260.659156
1742707260.706479
1742707260.726585
1742707260.772588
1742707260.792422
1742707260.839788
1742707260.860131
1742707260.906045
1742707260.925593
1742707260.972379
1742707260.993391
1742707261.036572
1742707261.059142
1742707261.106421
1742707261.126694
1742707261.172848
1742707261.192587
1742707261.239469
1742707261.260335
1742707261.306746
1742707261.325965
1742707261.366403
1742707261.395012
1742707261.437350
1742707261.459444
1742707261.503778
1742707261.527121
1742707261.571915
1742707261.592552
1742707261.634163
1742707261.661664
1742707261.704086
1742707261.726180
1742707261.768564
1742707261.793694
1742707261.838914
1742707261.859712
1742707261.906478
1742707261.927060
1742707261.972510
1742707261.992977
1742707262.039756
1742707262.060206
1742707262.107336
1742707262.126379
1742707262.172775
1742707262.193995
1742707262.240226
1742707262.259965
1742707262.307409
1742707262.326715
1742707262.369601
1742707262.393749
1742707262.433433
1742707262.465435
1742707262.505020
1742707262.526479
1742707262.571955
1742707262.593964
1742707262.640255
1742707262.659792
1742707262.706033
1742707262.727210
1742707262.773608
1742707262.793165
1742707262.839382
1742707262.860695
1742707262.907937
1742707262.926606
1742707262.973376
1742707262.993990
1742707263.041212
1742707263.060141
1742707263.106695
1742707263.127364
1742707263.173241
1742707263.193602
1742707263.237229
1742707263.262800
1742707263.304692
1742707263.327024
1742707263.373576
1742707263.394156
1742707263.441237
1742707263.460252
1742707263.507244
1742707263.527143
1742707263.572720
1742707263.593651
1742707263.640564
1742707263.660242
1742707263.704042
1742707263.727038
1742707263.770653
1742707263.794001
1742707263.840577
1742707263.860387
1742707263.907714
1742707263.927250
1742707263.974445
1742707263.993760
1742707264.040131
1742707264.061035
1742707264.107597
1742707264.127161
1742707264.172464
1742707264.194220
1742707264.241609
1742707264.260592
1742707264.308201
1742707264.327481
1742707264.374226
1742707264.394161
1742707264.440551
1742707264.461147
1742707264.505884
1742707264.527556
1742707264.569386
1742707264.596494
1742707264.638846
1742707264.661112
1742707264.708072
1742707264.727946
1742707264.774672
1742707264.794462
1742707264.837943
1742707264.864093
1742707264.907712
1742707264.928224
1742707264.973093
1742707264.994889
1742707265.041656
1742707265.061648
1742707265.108246
1742707265.128374
1742707265.175143
1742707265.194764
1742707265.242159
1742707265.261920
1742707265.306453
1742707265.328117
1742707265.374390
1742707265.395021
1742707265.441593
1742707265.461216
1742707265.504327
1742707265.529665
1742707265.575329
1742707265.594653
1742707265.638693
1742707265.662083
1742707265.707886
1742707265.728045
1742707265.771528
1742707265.795343
1742707265.841578
1742707265.861534
1742707265.907618
1742707265.928562
1742707265.975675
1742707265.995038
1742707266.038418
1742707266.066079
1742707266.107825
1742707266.137217
1742707266.161856
1742707266.208339
1742707266.229266
1742707266.273052
1742707266.296556
1742707266.340276
1742707266.362768
1742707266.406379
1742707266.429969
1742707266.467979
1742707266.495811
1742707266.542784
1742707266.562904
1742707266.599686
1742707266.632857
1742707266.673849
1742707266.696489
1742707266.733315
1742707266.766744
1742707266.807183
1742707266.829752
1742707266.870050
1742707266.896011
1742707266.942780
1742707266.963018
1742707267.005059
1742707267.029771
1742707267.075969
1742707267.096369
1742707267.138502
1742707267.163105
1742707267.209535
1742707267.229727
1742707267.270353
1742707267.295472
1742707267.341078
1742707267.363059
1742707267.402972
1742707267.430272
1742707267.473176
1742707267.498902
1742707267.530280
1742707267.574608
1742707267.597029
1742707267.642881
1742707267.662345
1742707267.709062
1742707267.730660
1742707267.776656
1742707267.795832
1742707267.843055
1742707267.863991
1742707267.907496
1742707267.929609
1742707267.976754
1742707267.997552
1742707268.041690
1742707268.063591
1742707268.107302
1742707268.131812
1742707268.173370
1742707268.198004
1742707268.240600
1742707268.266013
1742707268.308646
1742707268.329630
1742707268.376397
1742707268.398012
1742707268.440112
1742707268.462770
1742707268.503213
1742707268.538933
1742707268.566897
1742707268.598084
1742707268.642018
1742707268.664810
1742707268.704320
1742707268.731706
1742707268.773060
1742707268.801008
1742707268.842739
1742707268.862810
1742707268.909621
1742707268.931593
1742707268.975216
1742707268.996335
1742707269.040125
1742707269.068495
1742707269.108686
1742707269.129766
1742707269.177120
1742707269.197798
1742707269.240610
1742707269.263153
1742707269.310105
1742707269.331914
1742707269.373739
1742707269.396577
1742707269.440477
1742707269.468436
1742707269.509094
1742707269.529780
1742707269.572003
1742707269.600944
1742707269.641937
1742707269.663526
1742707269.710174
1742707269.732767
1742707269.775270
1742707269.796859
1742707269.842455
1742707269.865439
1742707269.905944
1742707269.932032
1742707269.974434
1742707270.002405
1742707270.042492
1742707270.063896
1742707270.110429
1742707270.133817
1742707270.176455
1742707270.197699
1742707270.240961
1742707270.267397
1742707270.309731
1742707270.332161
1742707270.373924
1742707270.403192
1742707270.440115
1742707270.467382
1742707270.508628
1742707270.533644
1742707270.575309
1742707270.597852
1742707270.642775
1742707270.666642
1742707270.710759
1742707270.730640
1742707270.777768
1742707270.799399
1742707270.842589
1742707270.863834
1742707270.908404
1742707270.933435
1742707270.977131
1742707270.997225
1742707271.039857
1742707271.071107
1742707271.107758
1742707271.132769
1742707271.174931
1742707271.202369
1742707271.242604
1742707271.264987
1742707271.308236
1742707271.336943
1742707271.375588
1742707271.399199
1742707271.443257
1742707271.467227
1742707271.509874
1742707271.531212
1742707271.573427
1742707271.604951
1742707271.639523
1742707271.668191
1742707271.707551
1742707271.736682
1742707271.773813
1742707271.798169
1742707271.840375
1742707271.869546
1742707271.909154
1742707271.930972
1742707271.978340
1742707272.000628
1742707272.043958
1742707272.064282
1742707272.108079
1742707272.134696
1742707272.177333
1742707272.197856
1742707272.243767
1742707272.268412
1742707272.310602
1742707272.331279
1742707272.374897
1742707272.402711
1742707272.439423
1742707272.469098
1742707272.508422
1742707272.537160
1742707272.576609
1742707272.598556
1742707272.642155
1742707272.670562
1742707272.710787
1742707272.731521
1742707272.775971
1742707272.802480
1742707272.843562
1742707272.864782
1742707272.911110
1742707272.936145
1742707272.977539
1742707272.998218
1742707273.041189
1742707273.070983
1742707273.109983
1742707273.132237
1742707273.179644
1742707273.201339
1742707273.243792
1742707273.265963
1742707273.309541
1742707273.337419
1742707273.374634
1742707273.403086
1742707273.441403
1742707273.471320
1742707273.510103
1742707273.532532
1742707273.576358
1742707273.604095
1742707273.641257
1742707273.668023
1742707273.709581
1742707273.737200
1742707273.777449
1742707273.798735
1742707273.845904
1742707273.868863
1742707273.909997
1742707273.932129
1742707273.978127
1742707274.003288
1742707274.043680
1742707274.065709
1742707274.111167
1742707274.136069
1742707274.174242
1742707274.202057
1742707274.243058
1742707274.270919
1742707274.309876
1742707274.334310
1742707274.376294
1742707274.405049
1742707274.441431
1742707274.477099
1742707274.499109
1742707274.543831
1742707274.569518
1742707274.608032
1742707274.640318
1742707274.669357
1742707274.709929
1742707274.736817
1742707274.776620
1742707274.802113
1742707274.843884
1742707274.870144
1742707274.911506
1742707274.932688
1742707274.977831
1742707275.004332
1742707275.044946
1742707275.066057
1742707275.112068
1742707275.136788
1742707275.177838
1742707275.199262
1742707275.243998
1742707275.270266
1742707275.307666
1742707275.335632
1742707275.377347
1742707275.403588
1742707275.445021
1742707275.466142
1742707275.512484
1742707275.536590
1742707275.574460
1742707275.599347
1742707275.645233
1742707275.670645
1742707275.712056
1742707275.732765
1742707275.778335
1742707275.804495
1742707275.844870
1742707275.866145
1742707275.912005
1742707275.937579
1742707275.978486
1742707275.999792
1742707276.046082
1742707276.070917
1742707276.110484
1742707276.135226
1742707276.177412
1742707276.204111
1742707276.242779
1742707276.269733
1742707276.310330
1742707276.339671
1742707276.376800
1742707276.402726
1742707276.444693
1742707276.472835
1742707276.507806
1742707276.537806
1742707276.570557
1742707276.603901
1742707276.636740
1742707276.669292
1742707276.711290
1742707276.739433
1742707276.776612
1742707276.803181
1742707276.841177
1742707276.876247
1742707276.908422
1742707276.938620
1742707276.974269
1742707277.009349
1742707277.041917
1742707277.071293
1742707277.105207
1742707277.142515
1742707277.176161
1742707277.204403
1742707277.243033
1742707277.272760
1742707277.311395
1742707277.335741
1742707277.378318
1742707277.405357
1742707277.446169
1742707277.468777
1742707277.510770
1742707277.539999
1742707277.575938
1742707277.604098
1742707277.643148
1742707277.674035
1742707277.709477
1742707277.735944
1742707277.774134
1742707277.810380
1742707277.841297
1742707277.871731
1742707277.909960
1742707277.940944
1742707277.976922
1742707278.003067
1742707278.041318
1742707278.076272
1742707278.108666
1742707278.137564
1742707278.178418
1742707278.206503
1742707278.244307
1742707278.270129
1742707278.309543
1742707278.338903
1742707278.379703
1742707278.401646
1742707278.443640
1742707278.475480
1742707278.509981
1742707278.536493
1742707278.578035
1742707278.606541
1742707278.642558
1742707278.667525
1742707278.710682
1742707278.739273
1742707278.776883
1742707278.800965
1742707278.843051
1742707278.874194
1742707278.909402
1742707278.936581
1742707278.977268
1742707279.006666
1742707279.042991
1742707279.071066
1742707279.110087
1742707279.140074
1742707279.176959
1742707279.204158
1742707279.244695
1742707279.273632
1742707279.310178
1742707279.335912
1742707279.377747
1742707279.406934
1742707279.443514
1742707279.467925
1742707279.510453
1742707279.539755
1742707279.577805
1742707279.601259
1742707279.646258
1742707279.672915
1742707279.712190
1742707279.734690
1742707279.777161
1742707279.807478
1742707279.843539
1742707279.868847
1742707279.911490
1742707279.940272
1742707279.978762
1742707280.001765
1742707280.044683
1742707280.074459
1742707280.109772
1742707280.137743
1742707280.177188
1742707280.208525
1742707280.244360
1742707280.269314
1742707280.311178
1742707280.341420
1742707280.377052
1742707280.403119
1742707280.444587
1742707280.473452
1742707280.512396
1742707280.537570
1742707280.577234
1742707280.608249
1742707280.644322
1742707280.669397
1742707280.710974
1742707280.742543
1742707280.777585
1742707280.801997
1742707280.847269
1742707280.873628
1742707280.912716
1742707280.935382
1742707280.979120
1742707281.007475
1742707281.046233
1742707281.069658
1742707281.111017
1742707281.144287
1742707281.174796
1742707281.207149
1742707281.242643
1742707281.276471
1742707281.310521
1742707281.340451
1742707281.379220
1742707281.408110
1742707281.441497
1742707281.473468
1742707281.511439
1742707281.544591
1742707281.573155
1742707281.607272
1742707281.641681
1742707281.672565
1742707281.710679
1742707281.737826
1742707281.778822
1742707281.808159
1742707281.844265
1742707281.871083
1742707281.911525
1742707281.940457
1742707281.980742
1742707282.002546
1742707282.042369
1742707282.074058
1742707282.110468
1742707282.138648
1742707282.179410
1742707282.207095
1742707282.246342
1742707282.270556
1742707282.311376
1742707282.342319
1742707282.377363
1742707282.405332
1742707282.446394
1742707282.474463
1742707282.513451
1742707282.536360
1742707282.577423
1742707282.611282
1742707282.645261
1742707282.670918
1742707282.714213
1742707282.741750
1742707282.776840
1742707282.812451
1742707282.836491
1742707282.877760
1742707282.911969
1742707282.945236
1742707282.977917
1742707283.007210
1742707283.048027
1742707283.074725
1742707283.110184
1742707283.141543
1742707283.178833
1742707283.210160
1742707283.245158
1742707283.274261
1742707283.311925
1742707283.341190
1742707283.380845
1742707283.403963
1742707283.444089
1742707283.479459
1742707283.509123
1742707283.541948
1742707283.576291
1742707283.611488
1742707283.644034
1742707283.673261
1742707283.710792
1742707283.745789
1742707283.776227
1742707283.807964
1742707283.845822
1742707283.875310
1742707283.911643
1742707283.940246
1742707283.980667
1742707284.009367
1742707284.043734
1742707284.074726
1742707284.114637
1742707284.142297
1742707284.178181
1742707284.208569
1742707284.244786
1742707284.278974
1742707284.313134
1742707284.339905
1742707284.380543
1742707284.408819
1742707284.445417
1742707284.474719
1742707284.513167
1742707284.543678
1742707284.579123
1742707284.608901
1742707284.645016
1742707284.678973
1742707284.710832
1742707284.742255
1742707284.778496
1742707284.812242
1742707284.843798
1742707284.871717
1742707284.913488
1742707284.942548
1742707284.980638
1742707285.004189
1742707285.045945
1742707285.076017
1742707285.112116
1742707285.141197
1742707285.182120
1742707285.208284
1742707285.249490
1742707285.271777
1742707285.313370
1742707285.344509
1742707285.377359
1742707285.408579
1742707285.448647
1742707285.473941
1742707285.514878
1742707285.537904
1742707285.580362
1742707285.609007
1742707285.649179
1742707285.671060
1742707285.713143
1742707285.745244
1742707285.779273
1742707285.807423
1742707285.849132
1742707285.874398
1742707285.912249
1742707285.942945
1742707285.979494
1742707286.011621
1742707286.046455
1742707286.074909
1742707286.114479
1742707286.143871
1742707286.180598
1742707286.207584
1742707286.248855
1742707286.275071
1742707286.316522
1742707286.339866
1742707286.379846
1742707286.408998
1742707286.447242
1742707286.476539
1742707286.514343
1742707286.543203
1742707286.583591
1742707286.606590
1742707286.645808
1742707286.682415
1742707286.708363
1742707286.738187
1742707286.783681
1742707286.807289
1742707286.845658
1742707286.871509
1742707286.917386
1742707286.940654
1742707286.979244
1742707287.004943
1742707287.051236
1742707287.074349
1742707287.115101
1742707287.138472
1742707287.180579
1742707287.208421
1742707287.249304
1742707287.271738
1742707287.318946
1742707287.342029
1742707287.384529
1742707287.405195
1742707287.451380
1742707287.474737
1742707287.517413
1742707287.538678
1742707287.582251
1742707287.607958
1742707287.649197
1742707287.671863
1742707287.716088
1742707287.741778
1742707287.783689
1742707287.805448
1742707287.851104
1742707287.874864
1742707287.918193
1742707287.938864
1742707287.984765
1742707288.008160
1742707288.046971
1742707288.072235
1742707288.114710
1742707288.142585
1742707288.184018
1742707288.205560
1742707288.248742
1742707288.277681
1742707288.317501
1742707288.338870
1742707288.385295
1742707288.408312
1742707288.450353
1742707288.472970
1742707288.516185
1742707288.542519
1742707288.583762
1742707288.606046
1742707288.649721
1742707288.675998
1742707288.716855
1742707288.739367
1742707288.782527
1742707288.809639
1742707288.851559
1742707288.872522
1742707288.918249
1742707288.941873
1742707288.983960
1742707289.006017
1742707289.049498
1742707289.075610
1742707289.117262
1742707289.139449
1742707289.181372
1742707289.213485
1742707289.245946
1742707289.276509
1742707289.312688
1742707289.348731
1742707289.375708
1742707289.413191
1742707289.444447
1742707289.485270
1742707289.508932
1742707289.546727
1742707289.577020
1742707289.617787
1742707289.642688
1742707289.677593
1742707289.713400
1742707289.750198
1742707289.775834
1742707289.810718
1742707289.847257
1742707289.879638
1742707289.915485
1742707289.939608
1742707289.985781
1742707290.008636
1742707290.047566
1742707290.073575
1742707290.118627
1742707290.142052
1742707290.186511
1742707290.206642
1742707290.250569
1742707290.276195
1742707290.314717
1742707290.344745
1742707290.376485
1742707290.417719
1742707290.443639
1742707290.481747
1742707290.511028
1742707290.550204
1742707290.576353
1742707290.617875
1742707290.642369
1742707290.684268
1742707290.710125
1742707290.748811
1742707290.775820
1742707290.817651
1742707290.843334
1742707290.880899
1742707290.913229
1742707290.950226
1742707290.976500
1742707291.017760
1742707291.042178
1742707291.088481
1742707291.108771
1742707291.147551
1742707291.174098
1742707291.220339
1742707291.242886
1742707291.286867
1742707291.309740
1742707291.348711
1742707291.376067
1742707291.415509
1742707291.446356
1742707291.481208
1742707291.511908
1742707291.552625
1742707291.576068
1742707291.614721
1742707291.647270
1742707291.680368
1742707291.720043
1742707291.741170
1742707291.788399
1742707291.809169
1742707291.852288
1742707291.875070
1742707291.917569
1742707291.942984
1742707291.987010
1742707292.007968
1742707292.054766
1742707292.075978
1742707292.121123
1742707292.141214
1742707292.188382
1742707292.209484
1742707292.254973
1742707292.274862
1742707292.321987
1742707292.342676
1742707292.387853
1742707292.408220
1742707292.455266
1742707292.476175
1742707292.519976
1742707292.542713
1742707292.583937
1742707292.610789
1742707292.652212
1742707292.675057
1742707292.722378
1742707292.742608
1742707292.787170
1742707292.808002
1742707292.855387
1742707292.875314
1742707292.922140
1742707292.941443
1742707292.988934
1742707293.009114
1742707293.053781
1742707293.074854
1742707293.122099
1742707293.142429
1742707293.189224
1742707293.208267
1742707293.253840
1742707293.276239
1742707293.322822
1742707293.341734
1742707293.388820
1742707293.409204
1742707293.456439
1742707293.475218
1742707293.521824
1742707293.542728
1742707293.586227
1742707293.608478
1742707293.655253
1742707293.675993
1742707293.722143
1742707293.741958
1742707293.784865
1742707293.809890
1742707293.853269
1742707293.875283
1742707293.922672
1742707293.942808
1742707293.987817
1742707294.008957
1742707294.055734
1742707294.076454
1742707294.123451
1742707294.142162
1742707294.188173
1742707294.209866
1742707294.256046
1742707294.275749
1742707294.322552
1742707294.343233
1742707294.388496
1742707294.409101
1742707294.456003
1742707294.476708
1742707294.523057
1742707294.542710
1742707294.587655
1742707294.610019
1742707294.652828
1742707294.676016
1742707294.723423
1742707294.742939
1742707294.788336
1742707294.809187
1742707294.854784
1742707294.876683
1742707294.923193
1742707294.942464
1742707294.986250
1742707295.009798
1742707295.056736
1742707295.075903
1742707295.122263
1742707295.143309
1742707295.185994
1742707295.209377
1742707295.253000
1742707295.277477
1742707295.321077
1742707295.342888
1742707295.386886
1742707295.411280
1742707295.453113
1742707295.476316
1742707295.520067
1742707295.543812
1742707295.586917
1742707295.609795
1742707295.652878
1742707295.678068
1742707295.719772
1742707295.742964
1742707295.788338
1742707295.810182
1742707295.854202
1742707295.876439
1742707295.923261
1742707295.943377
1742707295.988723
1742707296.009763
1742707296.057031
1742707296.076648
1742707296.120076
1742707296.142973
1742707296.188389
1742707296.210373
1742707296.256511
1742707296.276615
1742707296.320364
1742707296.343723
1742707296.387134
1742707296.410130
1742707296.453955
1742707296.478166
1742707296.522371
1742707296.543713
1742707296.585668
1742707296.610711
1742707296.654401
1742707296.677160
1742707296.724033
1742707296.743838
1742707296.789893
1742707296.810221
1742707296.855872
1742707296.877447
1742707296.924561
1742707296.943468
1742707296.985881
1742707297.012473
1742707297.054748
1742707297.076825
1742707297.120230
1742707297.144755
1742707297.191209
1742707297.210273
1742707297.257393
1742707297.277374
1742707297.322935
1742707297.343709
1742707297.390917
1742707297.410615
1742707297.454046
1742707297.477435
1742707297.520182
1742707297.544961
1742707297.591368
1742707297.610595
1742707297.657834
1742707297.677482
1742707297.720585
1742707297.744103
1742707297.790343
1742707297.811080
1742707297.857918
1742707297.877275
1742707297.924102
1742707297.944204
1742707297.990814
1742707298.010618
1742707298.055829
1742707298.077708
1742707298.124643
1742707298.144061
1742707298.186678
1742707298.212916
1742707298.255275
1742707298.278604
1742707298.325170
1742707298.344898
1742707298.389662
1742707298.411700
1742707298.453806
1742707298.480254
1742707298.521979
1742707298.545203
1742707298.590755
1742707298.611824
1742707298.652983
1742707298.678272
1742707298.725100
1742707298.745623
1742707298.790045
1742707298.811200
1742707298.856863
1742707298.878738
1742707298.922945
1742707298.944382
1742707298.990320
1742707299.012127
1742707299.058607
1742707299.077817
1742707299.121750
1742707299.145745
1742707299.188901
1742707299.211425
1742707299.258269
1742707299.278714
1742707299.322383
1742707299.344984
1742707299.391656
1742707299.412296
1742707299.455576
1742707299.490954
1742707299.511945
1742707299.557797
1742707299.579700
1742707299.625781
1742707299.646932
1742707299.689007
1742707299.713349
1742707299.757972
1742707299.779719
1742707299.821186
1742707299.846285
1742707299.889625
1742707299.913132
1742707299.951822
1742707299.980797
1742707300.023456
1742707300.046937
1742707300.083691
1742707300.116354
1742707300.156820
1742707300.179794
1742707300.219055
1742707300.246587
1742707300.290042
1742707300.313372
1742707300.355198
1742707300.380153
1742707300.423074
1742707300.449924
1742707300.480143
1742707300.521689
1742707300.549699
1742707300.590974
1742707300.612689
1742707300.659119
1742707300.680740
1742707300.723046
1742707300.747452
1742707300.787430
1742707300.814505
1742707300.857045
1742707300.879117
1742707300.925569
1742707300.947869
1742707300.990396
1742707301.012289
1742707301.059329
1742707301.080809
1742707301.125371
1742707301.145462
1742707301.191267
1742707301.214482
1742707301.253796
1742707301.279649
1742707301.322389
1742707301.348610
1742707301.390219
1742707301.412612
1742707301.459205
1742707301.481986
1742707301.524964
1742707301.545888
1742707301.590361
1742707301.614640
1742707301.654439
1742707301.681589
1742707301.724096
1742707301.748663
1742707301.791930
1742707301.812589
1742707301.857552
1742707301.882002
1742707301.925202
1742707301.945924
1742707301.991719
1742707302.015391
1742707302.057820
1742707302.079305
1742707302.123015
1742707302.151212
1742707302.192186
1742707302.212862
1742707302.260360
1742707302.282014
1742707302.324093
1742707302.346236
1742707302.392063
1742707302.415615
1742707302.459125
1742707302.479781
1742707302.522865
1742707302.551539
1742707302.591785
1742707302.613797
1742707302.658655
1742707302.682882
1742707302.727125
1742707302.746596
1742707302.792855
1742707302.816354
1742707302.859741
1742707302.879821
1742707302.926870
1742707302.949632
1742707302.992307
1742707303.013178
1742707303.056783
1742707303.086154
1742707303.124270
1742707303.147058
1742707303.193846
1742707303.215665
1742707303.260703
1742707303.280097
1742707303.326384
1742707303.350097
1742707303.393598
1742707303.413547
1742707303.458641
1742707303.482979
1742707303.527663
1742707303.546917
1742707303.591614
1742707303.616228
1742707303.659744
1742707303.680405
1742707303.726565
1742707303.750473
1742707303.792133
1742707303.813878
1742707303.857220
1742707303.885822
1742707303.922525
1742707303.950602
1742707303.992136
1742707304.017072
1742707304.059178
1742707304.081556
1742707304.125462
1742707304.150573
1742707304.193023
1742707304.214014
1742707304.257277
1742707304.285506
1742707304.326369
1742707304.347169
1742707304.394359
1742707304.417520
1742707304.459742
1742707304.480513
1742707304.523496
1742707304.554508
1742707304.587465
1742707304.617903
1742707304.658620
1742707304.685302
1742707304.725958
1742707304.747297
1742707304.790642
1742707304.820477
1742707304.857002
1742707304.880602
1742707304.922983
1742707304.953895
1742707304.990232
1742707305.014164
1742707305.061135
1742707305.084690
1742707305.126795
1742707305.147511
1742707305.192167
1742707305.218189
1742707305.260457
1742707305.280963
1742707305.324739
1742707305.354175
1742707305.390260
1742707305.418200
1742707305.458713
1742707305.487106
1742707305.524435
1742707305.551712
1742707305.592771
1742707305.619495
1742707305.657468
1742707305.685241
1742707305.726572
1742707305.752075
1742707305.790891
1742707305.817312
1742707305.859238
1742707305.886717
1742707305.923717
1742707305.948606
1742707305.994422
1742707306.018775
1742707306.057627
1742707306.081675
1742707306.129427
1742707306.150274
1742707306.192412
1742707306.214930
1742707306.260088
1742707306.285422
1742707306.322907
1742707306.351801
1742707306.392685
1742707306.419904
1742707306.460136
1742707306.481724
1742707306.528741
1742707306.551662
1742707306.586684
1742707306.616816
1742707306.653669
1742707306.689761
1742707306.725413
1742707306.752083
1742707306.793619
1742707306.819702
1742707306.858117
1742707306.884622
1742707306.925201
1742707306.954587
1742707306.991845
1742707307.015484
1742707307.060581
1742707307.086591
1742707307.124636
1742707307.148802
1742707307.192862
1742707307.217003
1742707307.259496
1742707307.282125
1742707307.327598
1742707307.353031
1742707307.394261
1742707307.415422
1742707307.460678
1742707307.486583
1742707307.527340
1742707307.549310
1742707307.595015
1742707307.619671
1742707307.658787
1742707307.687331
1742707307.724251
1742707307.757467
1742707307.792207
1742707307.826775
1742707307.848999
1742707307.895075
1742707307.920630
1742707307.960335
1742707307.987270
1742707308.024236
1742707308.053978
1742707308.093493
1742707308.119293
1742707308.155250
1742707308.190663
1742707308.224059
1742707308.259524
1742707308.283915
1742707308.326073
1742707308.355346
1742707308.391401
1742707308.419006
1742707308.458734
1742707308.488857
1742707308.524842
1742707308.553469
1742707308.591071
1742707308.621356
1742707308.662005
1742707308.683537
1742707308.726138
1742707308.755488
1742707308.792991
1742707308.819639
1742707308.858825
1742707308.889243
1742707308.925667
1742707308.949528
1742707308.996891
1742707309.019279
1742707309.058186
1742707309.082842
1742707309.129598
1742707309.153447
1742707309.194788
1742707309.216095
1742707309.262700
1742707309.287524
1742707309.327844
1742707309.349679
1742707309.394013
1742707309.422176
1742707309.458786
1742707309.487103
1742707309.525550
1742707309.555649
1742707309.592030
1742707309.621556
1742707309.659840
1742707309.689617
1742707309.725679
1742707309.753645
1742707309.792088
1742707309.823174
1742707309.859128
1742707309.886350
1742707309.923392
1742707309.957856
1742707309.988773
1742707310.021141
1742707310.056183
1742707310.091964
1742707310.122361
1742707310.153615
1742707310.190819
1742707310.220850
1742707310.259888
1742707310.283399
1742707310.325834
1742707310.355139
1742707310.396064
1742707310.416832
1742707310.462105
1742707310.487895
1742707310.528121
1742707310.550625
1742707310.595676
1742707310.621591
1742707310.662663
1742707310.684508
1742707310.726580
1742707310.755250
1742707310.795809
1742707310.817542
1742707310.859951
1742707310.889774
1742707310.925271
1742707310.952425
1742707310.991110
1742707311.025164
1742707311.057411
1742707311.084753
1742707311.127000
1742707311.154995
1742707311.196472
1742707311.217170
1742707311.259655
1742707311.290523
1742707311.323543
1742707311.351487
1742707311.393551
1742707311.422896
1742707311.459280
1742707311.486628
1742707311.525718
1742707311.558235
1742707311.591551
1742707311.622426
1742707311.659571
1742707311.692222
1742707311.727755
1742707311.753336
1742707311.792829
1742707311.825888
1742707311.859068
1742707311.888079
1742707311.928644
1742707311.954897
1742707311.995854
1742707312.017752
1742707312.062581
1742707312.088823
1742707312.129037
1742707312.151316
1742707312.193970
1742707312.223880
1742707312.260487
1742707312.285303
1742707312.321550
1742707312.352343
1742707312.393640
1742707312.418645
1742707312.460801
1742707312.489853
1742707312.528585
1742707312.551712
1742707312.595583
1742707312.622772
1742707312.662929
1742707312.684863
1742707312.727432
1742707312.757626
1742707312.793662
1742707312.818485
1742707312.857808
1742707312.891321
1742707312.924710
1742707312.955599
1742707312.996296
1742707313.023153
1742707313.061317
1742707313.087982
1742707313.125452
1742707313.160035
1742707313.193371
1742707313.222962
1742707313.261611
1742707313.291014
1742707313.323640
1742707313.358679
1742707313.390710
1742707313.427563
1742707313.459622
1742707313.489773
1742707313.528868
1742707313.556776
1742707313.593741
1742707313.622849
1742707313.660696
1742707313.689256
1742707313.727779
1742707313.756433
1742707313.793362
1742707313.827608
1742707313.861668
1742707313.889030
1742707313.927305
1742707313.957428
1742707313.994288
1742707314.023161
1742707314.061620
1742707314.091621
1742707314.124670
1742707314.159014
1742707314.191298
1742707314.227004
1742707314.260203
1742707314.290139
1742707314.328521
1742707314.357938
1742707314.391544
1742707314.423463
1742707314.460679
1742707314.494636
1742707314.523844
1742707314.561145
1742707314.590432
1742707314.628240
1742707314.658004
1742707314.692740
1742707314.724221
1742707314.756493
1742707314.794021
1742707314.823628
1742707314.860536
1742707314.893986
1742707314.928197
1742707314.957329
1742707314.991117
1742707315.024090
1742707315.060530
1742707315.090652
1742707315.127068
1742707315.161662
1742707315.193406
1742707315.224655
1742707315.259991
1742707315.295006
1742707315.323890
1742707315.360998
1742707315.388988
1742707315.429480
1742707315.457437
1742707315.491902
1742707315.523009
1742707315.561111
1742707315.594234
1742707315.622631
1742707315.661811
1742707315.693150
1742707315.727581
1742707315.757846
1742707315.796011
1742707315.827508
1742707315.862921
1742707315.890405
1742707315.928850
1742707315.960863
1742707315.995533
1742707316.024582
1742707316.062544
1742707316.090908
1742707316.128844
1742707316.161142
1742707316.186521
1742707316.227706
1742707316.262463
1742707316.293296
1742707316.325923
1742707316.361819
1742707316.390922
1742707316.423693
1742707316.459708
1742707316.496313
1742707316.524882
1742707316.564114
1742707316.593188
1742707316.629347
1742707316.658731
1742707316.695180
1742707316.727663
1742707316.759837
1742707316.793284
1742707316.828055
1742707316.860221
1742707316.894709
1742707316.924702
1742707316.964013
1742707316.993143
1742707317.022452
1742707317.064425
1742707317.093512
1742707317.129203
1742707317.153752
1742707317.194968
1742707317.225546
1742707317.261592
1742707317.287318
1742707317.328742
1742707317.358865
1742707317.396100
1742707317.421140
1742707317.463569
1742707317.492298
1742707317.528126
1742707317.553324
1742707317.592199
1742707317.623572
1742707317.664556
1742707317.688241
1742707317.731199
1742707317.758869
1742707317.795193
1742707317.822651
1742707317.861022
1742707317.894355
1742707317.929596
1742707317.955538
1742707317.998187
1742707318.025089
1742707318.065266
1742707318.087560
1742707318.130523
1742707318.159837
1742707318.195815
1742707318.222443
1742707318.265409
1742707318.290725
1742707318.331190
1742707318.354316
1742707318.393591
1742707318.428618
1742707318.462083
1742707318.489840
1742707318.531043
1742707318.558282
1742707318.599407
1742707318.620936
1742707318.662104
1742707318.697538
1742707318.727296
1742707318.754410
1742707318.791196
1742707318.832404
1742707318.858551
1742707318.894481
1742707318.925754
1742707318.965403
1742707318.991091
1742707319.025767
1742707319.061984
1742707319.093700
1742707319.129538
1742707319.154846
1742707319.199541
1742707319.223978
1742707319.264688
1742707319.287768
1742707319.332655
1742707319.357540
1742707319.399441
1742707319.421188
1742707319.467317
1742707319.490897
1742707319.531830
1742707319.556674
1742707319.598708
1742707319.625522
1742707319.665355
1742707319.689603
1742707319.731156
1742707319.761562
1742707319.794369
1742707319.826250
1742707319.861892
1742707319.898317
1742707319.925253
1742707319.961205
1742707319.992675
1742707320.031924
1742707320.058154
1742707320.093062
1742707320.130949
1742707320.159454
1742707320.197042
1742707320.223736
1742707320.265402
1742707320.291101
1742707320.331704
1742707320.355885
1742707320.398208
1742707320.425072
1742707320.464205
1742707320.490927
1742707320.529131
1742707320.565115
1742707320.592127
1742707320.632846
1742707320.657537
1742707320.698987
1742707320.724627
1742707320.765897
1742707320.790850
1742707320.832291
1742707320.859094
1742707320.895010
1742707320.928316
1742707320.966036
1742707320.991781
1742707321.026391
1742707321.062835
1742707321.097265
1742707321.128813
1742707321.158440
1742707321.199546
1742707321.225288
1742707321.263957
1742707321.290830
1742707321.328161
1742707321.367053
1742707321.392125
1742707321.428152
1742707321.463523
1742707321.495798
1742707321.528253
1742707321.560718
1742707321.598708
1742707321.625264
1742707321.663760
1742707321.693589
1742707321.731600
1742707321.758748
1742707321.801332
1742707321.822473
1742707321.866881
1742707321.892748
1742707321.929515
1742707321.960383
1742707321.996920
1742707322.028302
1742707322.066830
1742707322.089230
1742707322.132228
1742707322.159072
1742707322.200609
1742707322.222657
1742707322.267025
1742707322.292450
1742707322.330183
1742707322.360611
1742707322.398306
1742707322.425849
1742707322.468418
1742707322.489760
1742707322.528055
1742707322.558464
1742707322.599623
1742707322.624197
1742707322.663811
1742707322.696012
1742707322.733408
1742707322.758514
1742707322.800588
1742707322.826129
1742707322.868652
1742707322.889784
1742707322.935159
1742707322.958565
1742707322.997654
1742707323.024343
1742707323.063861
1742707323.096456
1742707323.131623
1742707323.158047
1742707323.200485
1742707323.225319
1742707323.264885
1742707323.290203
1742707323.336744
1742707323.358352
1742707323.397419
1742707323.426504
1742707323.461213
1742707323.498663
1742707323.526302
1742707323.562912
1742707323.594607
1742707323.634132
1742707323.659654
1742707323.693959
1742707323.732354
1742707323.759066
1742707323.798474
1742707323.825297
1742707323.863946
1742707323.899927
1742707323.925095
1742707323.964877
1742707323.992139
1742707324.030768
1742707324.065353
1742707324.090208
1742707324.138209
1742707324.157594
1742707324.204186
1742707324.223614
1742707324.270626
1742707324.291563
1742707324.337091
1742707324.357105
1742707324.404362
1742707324.425146
1742707324.465513
1742707324.499938
1742707324.523911
1742707324.570263
1742707324.592405
1742707324.636844
1742707324.659020
1742707324.703982
1742707324.724466
1742707324.771306
1742707324.792453
1742707324.835231
1742707324.858327
1742707324.904669
1742707324.925713
1742707324.968203
1742707324.991840
1742707325.037729
1742707325.059294
1742707325.100791
1742707325.125314
1742707325.171266
1742707325.192283
1742707325.232541
1742707325.259328
1742707325.298685
1742707325.332558
1742707325.358029
1742707325.405467
1742707325.425153
1742707325.471006
1742707325.491327
1742707325.538287
1742707325.558837
1742707325.599952
1742707325.625742
1742707325.662889
1742707325.699906
1742707325.726643
1742707325.768540
1742707325.791917
1742707325.838368
1742707325.859143
1742707325.901236
1742707325.925363
1742707325.971391
1742707325.992276
1742707326.035149
1742707326.058783
1742707326.104483
1742707326.126037
1742707326.167824
1742707326.192524
1742707326.238504
1742707326.259210
1742707326.298811
1742707326.326144
1742707326.371816
1742707326.392667
1742707326.437123
1742707326.458368
1742707326.504686
1742707326.526186
1742707326.567788
1742707326.592850
1742707326.636395
1742707326.660046
1742707326.701924
1742707326.725910
1742707326.773186
1742707326.792016
1742707326.838883
1742707326.858597
1742707326.905188
1742707326.925950
1742707326.965553
1742707326.992953
1742707327.038874
1742707327.059244
1742707327.102988
1742707327.125406
1742707327.164642
1742707327.198634
1742707327.225287
1742707327.272550
1742707327.292207
1742707327.335982
1742707327.358442
1742707327.404612
1742707327.426218
1742707327.472795
1742707327.492030
1742707327.538268
1742707327.559636
1742707327.605763
1742707327.625481
1742707327.672095
1742707327.692981
1742707327.739457
1742707327.758902
1742707327.802775
1742707327.826275
1742707327.872527
1742707327.892381
1742707327.935633
1742707327.961154
1742707328.001493
1742707328.026055
1742707328.072269
1742707328.092997
1742707328.139641
1742707328.159335
1742707328.205830
1742707328.225989
1742707328.272565
1742707328.292375
1742707328.337024
1742707328.359694
1742707328.402979
1742707328.425939
1742707328.473330
1742707328.492671
1742707328.537979
1742707328.559257
1742707328.606458
1742707328.626075
1742707328.668981
1742707328.692847
1742707328.737126
1742707328.759831
1742707328.807035
1742707328.826205
1742707328.873940
1742707328.893325
1742707328.940331
1742707328.959470
1742707329.006965
1742707329.026603
1742707329.073334
1742707329.092908
1742707329.140370
1742707329.159864
1742707329.206926
1742707329.226232
1742707329.273286
1742707329.293241
1742707329.337616
1742707329.359551
1742707329.406907
1742707329.426584
1742707329.470164
1742707329.493211
1742707329.536739
1742707329.560238
1742707329.606713
1742707329.626400
1742707329.673035
1742707329.693486
1742707329.740579
1742707329.760013
1742707329.803824
1742707329.830378
1742707329.871179
1742707329.893729
1742707329.938429
1742707329.960339
1742707330.005709
1742707330.026803
1742707330.071654
1742707330.093857
1742707330.141062
1742707330.160111
1742707330.198666
1742707330.238592
1742707330.260807
1742707330.301067
1742707330.327152
1742707330.374019
1742707330.393856
1742707330.435468
1742707330.460522
1742707330.503106
1742707330.530130
1742707330.565063
1742707330.600814
1742707330.636470
1742707330.664209
1742707330.705559
1742707330.727921
1742707330.771138
1742707330.798166
1742707330.835309
1742707330.860997
1742707330.904559
1742707330.927914
1742707330.970868
1742707330.994670
1742707331.041319
1742707331.061479
1742707331.106138
1742707331.128192
1742707331.174416
1742707331.195272
1742707331.236723
1742707331.261371
1742707331.306828
1742707331.328406
1742707331.369038
1742707331.394136
1742707331.431170
1742707331.463653
1742707331.503241
1742707331.528121
1742707331.571037
1742707331.596829
1742707331.638805
1742707331.662086
1742707331.704680
1742707331.730593
1742707331.772072
1742707331.795840
1742707331.837769
1742707331.862917
1742707331.905202
1742707331.928961
1742707331.972188
1742707331.997731
1742707332.033166
1742707332.067338
1742707332.103933
1742707332.131070
1742707332.165124
1742707332.204753
1742707332.230765
1742707332.273739
1742707332.294364
1742707332.339341
1742707332.362476
1742707332.405759
1742707332.428035
1742707332.471573
1742707332.498073
1742707332.539763
1742707332.561116
1742707332.604406
1742707332.631755
1742707332.674247
1742707332.694558
1742707332.738258
1742707332.765390
1742707332.807495
1742707332.839638
1742707332.861484
1742707332.904411
1742707332.934371
1742707332.972477
1742707332.999029
1742707333.033578
1742707333.070654
1742707333.100388
1742707333.141158
1742707333.161798
1742707333.208979
1742707333.230279
1742707333.271445
1742707333.297348
1742707333.339905
1742707333.363730
1742707333.406692
1742707333.430530
1742707333.472876
1742707333.499275
1742707333.541403
1742707333.562948
1742707333.609256
1742707333.631340
1742707333.673837
1742707333.697841
1742707333.739936
1742707333.766747
1742707333.808541
1742707333.830107
1742707333.873584
1742707333.898210
1742707333.940145
1742707333.964709
1742707334.006381
1742707334.032441
1742707334.075214
1742707334.096089
1742707334.142152
1742707334.165164
1742707334.209017
1742707334.229496
1742707334.276153
1742707334.298827
1742707334.341902
1742707334.364499
1742707334.407463
1742707334.431559
1742707334.475956
1742707334.496495
1742707334.539016
1742707334.567633
1742707334.607893
1742707334.631855
1742707334.673070
1742707334.698856
1742707334.741777
1742707334.764650
1742707334.808400
1742707334.832415
1742707334.874422
1742707334.898841
1742707334.939842
1742707334.968461
1742707335.005863
1742707335.033138
1742707335.073482
1742707335.099998
1742707335.142016
1742707335.162936
1742707335.206650
1742707335.234049
1742707335.275535
1742707335.296050
1742707335.339296
1742707335.368641
1742707335.406000
1742707335.429337
1742707335.473203
1742707335.499068
1742707335.540751
1742707335.562504
1742707335.606347
1742707335.632501
1742707335.674551
1742707335.696009
1742707335.739693
1742707335.765760
1742707335.809879
1742707335.829379
1742707335.876946
1742707335.897567
1742707335.944116
1742707335.962914
1742707336.006011
1742707336.035201
1742707336.075298
1742707336.096231
1742707336.141860
1742707336.165846
1742707336.209698
1742707336.229624
1742707336.276230
1742707336.298450
1742707336.340584
1742707336.362966
1742707336.407043
1742707336.433673
1742707336.475448
1742707336.496406
1742707336.541647
1742707336.565002
1742707336.601006
1742707336.629904
1742707336.668871
1742707336.709119
1742707336.733801
1742707336.769746
1742707336.800871
1742707336.842768
1742707336.867622
1742707336.903097
1742707336.937198
1742707336.973233
1742707337.003198
1742707337.034417
1742707337.072510
1742707337.100115
1742707337.142201
1742707337.164289
1742707337.210555
1742707337.234070
1742707337.276195
1742707337.297063
1742707337.344287
1742707337.367074
1742707337.409087
1742707337.430277
1742707337.477658
1742707337.499790
1742707337.543350
1742707337.563544
1742707337.606712
1742707337.634383
1742707337.676095
1742707337.697020
1742707337.741801
1742707337.767724
1742707337.810077
1742707337.830289
1742707337.877950
1742707337.899299
1742707337.941661
1742707337.963712
1742707338.010584
1742707338.034376
1742707338.075875
1742707338.097193
1742707338.142464
1742707338.167986
1742707338.210362
1742707338.230606
1742707338.276763
1742707338.300838
1742707338.342069
1742707338.363937
1742707338.409274
1742707338.434798
1742707338.472643
1742707338.497217
1742707338.542400
1742707338.567540
1742707338.608816
1742707338.630634
1742707338.676163
1742707338.701572
1742707338.739196
1742707338.764988
1742707338.807509
1742707338.836491
1742707338.874896
1742707338.898364
1742707338.942921
1742707338.968853
1742707339.002435
1742707339.034654
1742707339.073091
1742707339.100862
1742707339.143062
1742707339.164551
1742707339.211540
1742707339.234759
1742707339.276107
1742707339.298012
1742707339.344170
1742707339.368425
1742707339.406603
1742707339.431438
1742707339.477657
1742707339.501762
1742707339.539725
1742707339.564654
1742707339.610209
1742707339.635358
1742707339.676748
1742707339.697965
1742707339.743388
1742707339.769292
1742707339.807776
1742707339.831555
1742707339.876930
1742707339.902510
1742707339.937898
1742707339.967787
1742707340.008419
1742707340.037681
1742707340.075654
1742707340.098381
1742707340.142121
1742707340.171040
1742707340.210123
1742707340.231621
1742707340.276802
1742707340.300985
1742707340.342851
1742707340.365116
1742707340.410471
1742707340.436178
1742707340.474714
1742707340.501201
1742707340.542670
1742707340.568788
1742707340.609833
1742707340.632523
1742707340.674796
1742707340.704249
1742707340.743405
1742707340.766703
1742707340.809195
1742707340.837743
1742707340.876768
1742707340.901675
1742707340.943510
1742707340.970614
1742707341.010271
1742707341.033435
1742707341.075598
1742707341.105461
1742707341.142212
1742707341.177056
1742707341.199098
1742707341.243932
1742707341.270338
1742707341.310373
1742707341.338086
1742707341.369498
1742707341.406706
1742707341.440333
1742707341.474800
1742707341.498929
1742707341.546107
1742707341.567510
1742707341.609653
1742707341.632538
1742707341.676015
1742707341.704887
1742707341.742041
1742707341.767805
1742707341.809224
1742707341.838674
1742707341.876771
1742707341.899476
1742707341.941833
1742707341.971956
1742707342.008295
1742707342.036255
1742707342.074143
1742707342.105508
1742707342.141582
1742707342.167729
1742707342.210800
1742707342.237365
1742707342.278119
1742707342.299294
1742707342.344707
1742707342.370538
1742707342.411128
1742707342.432834
1742707342.475234
1742707342.506030
1742707342.542593
1742707342.569134
1742707342.607663
1742707342.640384
1742707342.672252
1742707342.707721
1742707342.737741
1742707342.778279
1742707342.805226
1742707342.842082
1742707342.871339
1742707342.912836
1742707342.937945
1742707342.977126
1742707343.003805
1742707343.044257
1742707343.073265
1742707343.107118
1742707343.138491
1742707343.175006
1742707343.207181
1742707343.238117
1742707343.273761
1742707343.308426
1742707343.342955
1742707343.367266
1742707343.408844
1742707343.440957
1742707343.472481
1742707343.504435
1742707343.543320
1742707343.570346
1742707343.611387
1742707343.633393
1742707343.677967
1742707343.704587
1742707343.745802
1742707343.766751
1742707343.809431
1742707343.839493
1742707343.875139
1742707343.902019
1742707343.940861
1742707343.974127
1742707344.005950
1742707344.038437
1742707344.076510
1742707344.107020
1742707344.142670
1742707344.167550
1742707344.209958
1742707344.239655
1742707344.275514
1742707344.301121
1742707344.343514
1742707344.373245
1742707344.409049
1742707344.435584
1742707344.477763
1742707344.504289
1742707344.545131
1742707344.567653
1742707344.612662
1742707344.638709
1742707344.676821
1742707344.704067
1742707344.744794
1742707344.772155
1742707344.810120
1742707344.837091
1742707344.877197
1742707344.904811
1742707344.942366
1742707344.971751
1742707345.010885
1742707345.038296
1742707345.075455
1742707345.105411
1742707345.142340
1742707345.176230
1742707345.209620
1742707345.238265
1742707345.275752
1742707345.309653
1742707345.343273
1742707345.370823
1742707345.411801
1742707345.438879
1742707345.476060
1742707345.503241
1742707345.544042
1742707345.571417
1742707345.609462
1742707345.634895
1742707345.673896
1742707345.706817
1742707345.743756
1742707345.767949
1742707345.807601
1742707345.842151
1742707345.876212
1742707345.904449
1742707345.945011
1742707345.972838
1742707346.010776
1742707346.035894
1742707346.075412
1742707346.109056
1742707346.142487
1742707346.168568
1742707346.209179
1742707346.240262
1742707346.274858
1742707346.303557
1742707346.343465
1742707346.373225
1742707346.411539
1742707346.435333
1742707346.474472
1742707346.509425
1742707346.542946
1742707346.569414
1742707346.610306
1742707346.640075
1742707346.677235
1742707346.706131
1742707346.742483
1742707346.776763
1742707346.810930
1742707346.839700
1742707346.875014
1742707346.907291
1742707346.942699
1742707346.973495
1742707347.011524
1742707347.041147
1742707347.075251
1742707347.110004
1742707347.140071
1742707347.175015
1742707347.210023
1742707347.240924
1742707347.273515
1742707347.309373
1742707347.344086
1742707347.370243
1742707347.411449
1742707347.440336
1742707347.472314
1742707347.506130
1742707347.541915
1742707347.577198
1742707347.606526
1742707347.639853
1742707347.673846
1742707347.709127
1742707347.744743
1742707347.768761
1742707347.809560
1742707347.843766
1742707347.873451
1742707347.906100
1742707347.945639
1742707347.973822
1742707348.007751
1742707348.039113
1742707348.078095
1742707348.108541
1742707348.141973
1742707348.172249
1742707348.209591
1742707348.241316
1742707348.274002
1742707348.306583
1742707348.342950
1742707348.374855
1742707348.410289
1742707348.436310
1742707348.478780
1742707348.508102
1742707348.544477
1742707348.569539
1742707348.611377
1742707348.643027
1742707348.678620
1742707348.705238
1742707348.745463
1742707348.775215
1742707348.812949
1742707348.837616
1742707348.878859
1742707348.908428
1742707348.944171
1742707348.974243
1742707349.012282
1742707349.041742
1742707349.077425
1742707349.108721
1742707349.143176
1742707349.178606
1742707349.211038
1742707349.240657
1742707349.276068
1742707349.311661
1742707349.343280
1742707349.374145
1742707349.411323
1742707349.442703
1742707349.477548
1742707349.512816
1742707349.536423
1742707349.580302
1742707349.608621
1742707349.644906
1742707349.673185
1742707349.709236
1742707349.744493
1742707349.774917
1742707349.804050
1742707349.845478
1742707349.873703
1742707349.914619
1742707349.936300
1742707349.977309
1742707350.007228
1742707350.046086
1742707350.070201
1742707350.112219
1742707350.141637
1742707350.178692
1742707350.205123
1742707350.243721
1742707350.277810
1742707350.311473
1742707350.340746
1742707350.379697
1742707350.410850
1742707350.446136
1742707350.470207
1742707350.511672
1742707350.545489
1742707350.573074
1742707350.606622
1742707350.646540
1742707350.675864
1742707350.711583
1742707350.736754
1742707350.778225
1742707350.808141
1742707350.846963
1742707350.870031
1742707350.911706
1742707350.940471
1742707350.975802
1742707351.006037
1742707351.047252
1742707351.074650
1742707351.113270
1742707351.137533
1742707351.179895
1742707351.208710
1742707351.246960
1742707351.273259
1742707351.314818
1742707351.340663
1742707351.381719
1742707351.405752
1742707351.444461
1742707351.479072
1742707351.511287
1742707351.541596
1742707351.578058
1742707351.610465
1742707351.648866
1742707351.670521
1742707351.714276
1742707351.740291
1742707351.778298
1742707351.804020
1742707351.846476
1742707351.875372
1742707351.916152
1742707351.937088
1742707351.980405
1742707352.008562
1742707352.047591
1742707352.070586
1742707352.114757
1742707352.139562
1742707352.178047
1742707352.206971
1742707352.249726
1742707352.273940
1742707352.314665
1742707352.337515
1742707352.380863
1742707352.409969
1742707352.450509
1742707352.470929
1742707352.517527
1742707352.540330
1742707352.583853
1742707352.604358
1742707352.648069
1742707352.673923
1742707352.715638
1742707352.737633
1742707352.785046
1742707352.806854
1742707352.848489
1742707352.870924
1742707352.917052
1742707352.940330
1742707352.978635
1742707353.004580
1742707353.049883
1742707353.073237
1742707353.115972
1742707353.137798
1742707353.184299
1742707353.207100
1742707353.247910
1742707353.271406
1742707353.313918
1742707353.340213
1742707353.382660
1742707353.404672
1742707353.448462
1742707353.474832
1742707353.513553
1742707353.540018
1742707353.583023
1742707353.607506
1742707353.650525
1742707353.671518
1742707353.716419
1742707353.741139
1742707353.782710
1742707353.804933
1742707353.847953
1742707353.874938
1742707353.917863
1742707353.938274
1742707353.984901
1742707354.006610
1742707354.049543
1742707354.071517
1742707354.118934
1742707354.139691
1742707354.183581
1742707354.204980
1742707354.252019
1742707354.273779
1742707354.316030
1742707354.338677
1742707354.383099
1742707354.408233
1742707354.447220
1742707354.472290
1742707354.518482
1742707354.540928
1742707354.580034
1742707354.605388
1742707354.647036
1742707354.676866
1742707354.717863
1742707354.738520
1742707354.784282
1742707354.807739
1742707354.850434
1742707354.872049
1742707354.916961
1742707354.941100
1742707354.982635
1742707355.005836
1742707355.052850
1742707355.073560
1742707355.116547
1742707355.139729
1742707355.185423
1742707355.207800
1742707355.247222
1742707355.274455
1742707355.317052
1742707355.341591
1742707355.383692
1742707355.405974
1742707355.451770
1742707355.474655
1742707355.514783
1742707355.539186
1742707355.585032
1742707355.608083
1742707355.650837
1742707355.672661
1742707355.717592
1742707355.741519
1742707355.780580
1742707355.806027
1742707355.852005
1742707355.874436
1742707355.917474
1742707355.939257
1742707355.985381
1742707356.007602
1742707356.050426
1742707356.072746
1742707356.118863
1742707356.141214
1742707356.179752
1742707356.209222
1742707356.250114
1742707356.275577
1742707356.317457
1742707356.339507
1742707356.386910
1742707356.407794
1742707356.447422
1742707356.474524
1742707356.513041
1742707356.550135
1742707356.575882
1742707356.611143
1742707356.647276
1742707356.682587
1742707356.709337
1742707356.744559
1742707356.780101
1742707356.815675
1742707356.841515
1742707356.878339
1742707356.912728
1742707356.952011
1742707356.974929
1742707357.011363
1742707357.048055
1742707357.075143
1742707357.121532
1742707357.140050
1742707357.187315
1742707357.207850
1742707357.252170
1742707357.273503
1742707357.320969
1742707357.341502
1742707357.387767
1742707357.407124
1742707357.452793
1742707357.475240
1742707357.521171
1742707357.540541
1742707357.587128
1742707357.608467
1742707357.650570
1742707357.673835
1742707357.721488
1742707357.740965
1742707357.784185
1742707357.810544
1742707357.850122
1742707357.874000
1742707357.921258
1742707357.941559
1742707357.987263
1742707358.007703
1742707358.045588
1742707358.080881
1742707358.116858
1742707358.142073
1742707358.178667
1742707358.214699
1742707358.245754
1742707358.286861
1742707358.307430
1742707358.354270
1742707358.374835
1742707358.418700
1742707358.440749
1742707358.487899
1742707358.508055
1742707358.550926
1742707358.574108
1742707358.621083
1742707358.641533
1742707358.687470
1742707358.707491
1742707358.754899
1742707358.774672
1742707358.818381
1742707358.840842
1742707358.887265
1742707358.908518
1742707358.953125
1742707358.974450
1742707359.021467
1742707359.041444
1742707359.088512
1742707359.107696
1742707359.154976
1742707359.175448
1742707359.221933
1742707359.241521
1742707359.288024
1742707359.308936
1742707359.355875
1742707359.374773
1742707359.422049
1742707359.442067
1742707359.485301
1742707359.508461
1742707359.554873
1742707359.575661
1742707359.621245
1742707359.641922
1742707359.688072
1742707359.709058
1742707359.756307
1742707359.775160
1742707359.821800
1742707359.842193
1742707359.888095
1742707359.908419
1742707359.955362
1742707359.975292
1742707360.020779
1742707360.041493
1742707360.088561
1742707360.108376
1742707360.151398
1742707360.174723
1742707360.219198
1742707360.242231
1742707360.287066
1742707360.307981
1742707360.352385
1742707360.375567
1742707360.407954
1742707360.453621
1742707360.474847
1742707360.518155
1742707360.541391
1742707360.583299
1742707360.609311
1742707360.656828
1742707360.675183
1742707360.716009
1742707360.742680
1742707360.788840
1742707360.808368
1742707360.848985
1742707360.875397
1742707360.922508
1742707360.941635
1742707360.982929
1742707361.009742
1742707361.055959
1742707361.075173
1742707361.117175
1742707361.142915
1742707361.188202
1742707361.208674
1742707361.249979
1742707361.276405
1742707361.319735
1742707361.342063
1742707361.379793
1742707361.414556
1742707361.446919
1742707361.475153
1742707361.513421
1742707361.549640
1742707361.576033
1742707361.608561
1742707361.646261
1742707361.682167
1742707361.709703
1742707361.741922
1742707361.780074
1742707361.814176
1742707361.847849
1742707361.875376
1742707361.913121
1742707361.947340
1742707361.979503
1742707362.008681
1742707362.046717
1742707362.080153
1742707362.117101
1742707362.142242
1742707362.180535
1742707362.213749
1742707362.251252
1742707362.275690
1742707362.315825
1742707362.344214
1742707362.389609
1742707362.409048
1742707362.450591
1742707362.476296
1742707362.522165
1742707362.542561
1742707362.582231
1742707362.615592
1742707362.648376
1742707362.675886
1742707362.717490
1742707362.743203
1742707362.789926
1742707362.809561
1742707362.849940
1742707362.876469
1742707362.919834
1742707362.942551
1742707362.984712
1742707363.010140
1742707363.055494
1742707363.076197
1742707363.118188
1742707363.143144
1742707363.189809
1742707363.209698
1742707363.250301
1742707363.276665
1742707363.322631
1742707363.343136
1742707363.383506
1742707363.410320
1742707363.455596
1742707363.476374
1742707363.518082
1742707363.543624
1742707363.586608
1742707363.609647
1742707363.647604
1742707363.683569
1742707363.710520
1742707363.743057
1742707363.781308
1742707363.814288
1742707363.848513
1742707363.876491
1742707363.909861
1742707363.954204
1742707363.976444
1742707364.009765
1742707364.044095
1742707364.084612
1742707364.110795
1742707364.143130
1742707364.176639
1742707364.214778
1742707364.245379
1742707364.276532
1742707364.309800
1742707364.349224
1742707364.377878
1742707364.409973
1742707364.444466
1742707364.483665
1742707364.511506
1742707364.543335
1742707364.581973
1742707364.610293
1742707364.657441
1742707364.676864
1742707364.710462
1742707364.753211
1742707364.778504
1742707364.810189
1742707364.845120
1742707364.884744
1742707364.911557
1742707364.943614
1742707364.978724
1742707365.020988
1742707365.044152
1742707365.076888
1742707365.113839
1742707365.150513
1742707365.179032
1742707365.210468
1742707365.248362
1742707365.279003
1742707365.321237
1742707365.343810
1742707365.383705
1742707365.412559
1742707365.454045
1742707365.477185
1742707365.515771
1742707365.548734
1742707365.584170
1742707365.610699
1742707365.648681
1742707365.683781
1742707365.715028
1742707365.744034
1742707365.781931
1742707365.819560
1742707365.845463
1742707365.877562
1742707365.917465
1742707365.945436
1742707365.990328
1742707366.010783
1742707366.049606
1742707366.077847
1742707366.124005
1742707366.144126
1742707366.185219
1742707366.212385
1742707366.253386
1742707366.278399
1742707366.320939
1742707366.346584
1742707366.377576
1742707366.417813
1742707366.451021
1742707366.484561
1742707366.511033
1742707366.551691
1742707366.579027
1742707366.615891
1742707366.644466
1742707366.682181
1742707366.721862
1742707366.746853
1742707366.777840
1742707366.818083
1742707366.852116
1742707366.882168
1742707366.912765
1742707366.949583
1742707366.989585
1742707367.013541
1742707367.044559
1742707367.087072
1742707367.113150
1742707367.149293
1742707367.178035
1742707367.218656
