1742370812.334029
1742370812.400476
1742370812.433644
1742370812.466912
1742370812.500455
1742370812.535169
1742370812.567196
1742370812.599949
1742370812.633883
1742370812.666830
1742370812.700129
1742370812.741072
1742370812.767419
1742370812.800616
1742370812.833073
1742370812.877813
1742370812.913108
1742370812.942580
1742370812.975464
1742370813.012188
1742370813.045293
1742370813.078350
1742370813.111108
1742370813.147062
1742370813.177884
1742370813.216190
1742370813.248605
1742370813.280190
1742370813.316285
1742370813.347531
1742370813.382463
1742370813.414484
1742370813.449866
1742370813.480917
1742370813.514681
1742370813.536109
1742370813.578755
1742370813.607289
1742370813.649361
1742370813.678216
1742370813.715852
1742370813.748768
1742370813.771474
1742370813.801286
1742370813.846909
1742370813.877584
1742370813.901412
1742370813.934299
1742370813.979212
1742370814.002605
1742370814.044601
1742370814.067451
1742370814.110117
1742370814.138233
1742370814.178028
1742370814.200966
1742370814.246962
1742370814.269442
1742370814.315031
1742370814.334465
1742370814.375193
1742370814.404392
1742370814.446467
1742370814.467673
1742370814.512239
1742370814.537928
1742370814.577498
1742370814.601072
1742370814.643993
1742370814.672030
1742370814.713481
1742370814.734514
1742370814.776802
1742370814.805427
1742370814.846550
1742370814.867882
1742370814.912155
1742370814.938946
1742370814.977911
1742370815.001386
1742370815.043418
1742370815.072886
1742370815.110389
1742370815.134655
1742370815.177214
1742370815.206353
1742370815.243436
1742370815.268047
1742370815.307247
1742370815.342802
1742370815.373372
1742370815.401547
1742370815.443523
1742370815.472816
1742370815.508195
1742370815.534870
1742370815.576360
1742370815.606447
1742370815.645210
1742370815.668273
1742370815.711898
1742370815.739844
1742370815.778283
1742370815.801627
1742370815.844479
1742370815.872391
1742370815.912290
1742370815.935133
1742370815.979283
1742370816.005649
1742370816.046638
1742370816.068463
1742370816.110946
1742370816.140068
1742370816.176875
1742370816.201861
1742370816.246197
1742370816.272827
1742370816.313151
1742370816.335143
1742370816.379320
1742370816.405963
1742370816.443503
1742370816.468625
1742370816.510295
1742370816.539922
1742370816.576224
1742370816.602122
1742370816.645401
1742370816.673533
1742370816.713824
1742370816.735534
1742370816.779005
1742370816.806590
1742370816.844860
1742370816.868775
1742370816.911840
1742370816.940038
1742370816.976217
1742370817.002222
1742370817.045396
1742370817.073346
1742370817.111422
1742370817.135703
1742370817.178927
1742370817.206731
1742370817.244042
1742370817.268998
1742370817.312341
1742370817.340094
1742370817.377378
1742370817.402665
1742370817.445173
1742370817.474706
1742370817.514885
1742370817.535890
1742370817.575440
1742370817.610643
1742370817.640204
1742370817.669211
1742370817.711173
1742370817.740159
1742370817.780055
1742370817.802591
1742370817.845721
1742370817.874462
1742370817.910350
1742370817.936059
1742370817.979311
1742370818.006315
1742370818.046804
1742370818.069482
1742370818.111421
1742370818.142653
1742370818.177455
1742370818.202673
1742370818.247017
1742370818.274454
1742370818.311995
1742370818.336167
1742370818.377270
1742370818.410506
1742370818.443672
1742370818.469577
1742370818.515318
1742370818.539882
1742370818.574750
1742370818.603026
1742370818.646760
1742370818.673930
1742370818.715360
1742370818.736643
1742370818.779391
1742370818.807961
1742370818.846148
1742370818.869944
1742370818.914635
1742370818.940959
1742370818.978612
1742370819.003399
1742370819.049381
1742370819.073629
1742370819.113243
1742370819.136619
1742370819.182785
1742370819.207869
1742370819.247276
1742370819.270149
1742370819.316878
1742370819.340762
1742370819.378695
1742370819.403478
1742370819.441502
1742370819.471678
1742370819.504891
1742370819.537705
1742370819.571791
1742370819.613112
1742370819.642440
1742370819.674542
1742370819.712355
1742370819.742185
1742370819.779920
1742370819.804517
1742370819.849005
1742370819.875462
1742370819.916404
1742370819.937374
1742370819.978676
1742370820.009327
1742370820.048329
1742370820.070696
1742370820.113814
1742370820.143286
1742370820.177924
1742370820.205033
1742370820.247170
1742370820.276447
1742370820.313265
1742370820.337373
1742370820.378714
1742370820.410190
1742370820.446198
1742370820.470763
1742370820.512850
1742370820.541906
1742370820.579439
1742370820.604354
1742370820.643358
1742370820.679353
1742370820.711758
1742370820.737480
1742370820.780977
1742370820.810099
1742370820.844866
1742370820.870832
1742370820.910987
1742370820.943984
1742370820.978859
1742370821.004163
1742370821.048179
1742370821.076000
1742370821.114959
1742370821.137562
1742370821.180492
1742370821.205980
1742370821.245265
1742370821.271086
1742370821.313914
1742370821.342133
1742370821.381940
1742370821.404417
1742370821.447751
1742370821.476829
1742370821.515349
1742370821.537865
1742370821.582380
1742370821.609409
1742370821.647392
1742370821.671385
1742370821.716162
1742370821.742844
1742370821.782615
1742370821.804680
1742370821.849573
1742370821.874461
1742370821.914992
1742370821.938010
1742370821.982269
1742370822.010035
1742370822.047346
1742370822.071705
1742370822.113665
1742370822.144231
1742370822.178753
1742370822.214026
1742370822.238286
1742370822.280635
1742370822.310559
1742370822.348878
1742370822.375553
1742370822.409108
1742370822.446430
1742370822.478495
1742370822.510442
1742370822.542187
1742370822.579051
1742370822.610245
1742370822.648892
1742370822.671838
1742370822.716352
1742370822.740477
1742370822.778119
1742370822.805995
1742370822.842969
1742370822.883111
1742370822.905103
1742370822.943287
1742370822.975333
1742370823.011752
1742370823.046004
1742370823.074002
1742370823.111702
1742370823.146941
1742370823.179322
1742370823.205722
1742370823.244343
1742370823.281276
1742370823.311961
1742370823.338995
1742370823.382701
1742370823.409094
1742370823.450177
1742370823.472311
1742370823.513356
1742370823.546076
1742370823.577861
1742370823.606192
1742370823.644913
1742370823.677349
1742370823.714038
1742370823.738980
1742370823.779193
1742370823.811213
1742370823.849341
1742370823.872358
1742370823.911251
1742370823.949687
1742370823.976225
1742370824.010382
1742370824.048876
1742370824.078442
1742370824.111378
1742370824.143201
1742370824.183995
1742370824.211588
1742370824.249678
1742370824.272678
1742370824.314410
1742370824.348030
1742370824.382624
1742370824.406245
1742370824.445635
1742370824.480452
1742370824.514689
1742370824.541058
1742370824.582591
1742370824.613342
1742370824.649450
1742370824.673437
1742370824.712561
1742370824.747742
1742370824.783286
1742370824.806542
1742370824.845089
1742370824.879049
1742370824.915167
1742370824.941252
1742370824.982062
1742370825.010867
1742370825.050703
1742370825.073234
1742370825.114466
1742370825.147287
1742370825.181865
1742370825.206850
1742370825.247972
1742370825.283454
1742370825.310843
1742370825.345840
1742370825.381429
1742370825.416979
1742370825.446890
1742370825.476137
1742370825.516870
1742370825.546556
1742370825.581313
1742370825.607343
1742370825.648148
1742370825.681052
1742370825.712683
1742370825.743640
1742370825.782213
1742370825.815886
1742370825.844844
1742370825.877707
1742370825.914304
1742370825.950232
1742370825.978255
1742370826.011664
1742370826.050954
1742370826.079461
1742370826.114662
1742370826.144146
1742370826.182502
1742370826.215738
1742370826.245271
1742370826.280004
1742370826.314437
1742370826.352144
1742370826.378387
1742370826.412000
1742370826.447684
1742370826.483425
1742370826.513833
1742370826.545203
1742370826.584825
1742370826.610745
1742370826.651819
1742370826.675426
1742370826.717278
1742370826.746617
1742370826.784704
1742370826.808951
1742370826.852223
1742370826.877772
1742370826.918166
1742370826.940866
1742370826.983741
1742370827.013983
1742370827.048603
1742370827.076657
1742370827.113985
1742370827.150309
1742370827.180615
1742370827.211812
1742370827.252733
1742370827.278139
1742370827.317274
1742370827.341955
1742370827.384531
1742370827.414345
1742370827.450639
1742370827.475784
1742370827.519113
1742370827.544700
1742370827.584626
1742370827.608370
1742370827.650555
1742370827.680092
1742370827.720246
1742370827.741374
1742370827.786613
1742370827.811178
1742370827.848777
1742370827.876448
1742370827.916813
1742370827.946051
1742370827.986732
1742370828.008115
1742370828.051412
1742370828.079253
1742370828.120013
1742370828.142148
1742370828.187353
1742370828.211508
1742370828.253037
1742370828.276745
1742370828.319119
1742370828.345278
1742370828.386426
1742370828.408165
1742370828.451094
1742370828.480562
1742370828.517197
1742370828.542763
1742370828.582451
1742370828.617416
1742370828.647981
1742370828.678156
1742370828.715655
1742370828.751250
1742370828.778795
1742370828.812868
1742370828.849517
1742370828.883637
1742370828.915541
1742370828.946216
1742370828.987131
1742370829.011685
1742370829.049763
1742370829.077964
1742370829.119435
1742370829.145515
1742370829.186573
1742370829.208356
1742370829.251902
1742370829.278906
1742370829.316082
1742370829.343409
1742370829.384333
1742370829.419235
1742370829.446421
1742370829.481888
1742370829.516222
1742370829.552464
1742370829.579532
1742370829.613023
1742370829.652681
1742370829.678687
1742370829.720532
1742370829.742209
1742370829.788534
1742370829.811916
1742370829.849059
1742370829.878817
1742370829.920311
1742370829.945274
1742370829.987627
1742370830.008950
1742370830.055413
1742370830.078499
1742370830.116466
1742370830.146905
1742370830.186797
1742370830.211924
1742370830.250304
1742370830.276098
1742370830.319150
1742370830.346323
1742370830.386426
1742370830.411780
1742370830.452066
1742370830.479788
1742370830.517505
1742370830.546791
1742370830.575939
1742370830.618309
1742370830.646834
1742370830.687325
1742370830.712933
1742370830.755079
1742370830.776324
1742370830.823370
1742370830.845412
1742370830.888693
1742370830.910109
1742370830.955138
1742370830.978570
1742370831.020198
1742370831.044009
1742370831.084445
1742370831.116451
1742370831.147536
1742370831.182248
1742370831.222271
1742370831.245676
1742370831.280744
1742370831.316718
1742370831.349246
1742370831.387746
1742370831.409608
1742370831.453316
1742370831.479314
1742370831.520460
1742370831.542967
1742370831.588150
1742370831.611519
1742370831.647997
1742370831.676424
1742370831.720272
1742370831.745597
1742370831.787528
1742370831.809537
1742370831.855355
1742370831.878292
1742370831.917467
1742370831.943034
1742370831.986384
1742370832.012524
1742370832.050312
1742370832.076451
1742370832.122310
1742370832.145097
1742370832.190207
1742370832.209837
1742370832.255633
1742370832.277554
1742370832.322522
1742370832.343437
1742370832.384820
1742370832.418827
1742370832.446364
1742370832.480123
1742370832.521397
1742370832.545711
1742370832.582126
1742370832.610277
1742370832.646285
1742370832.678241
1742370832.712397
1742370832.743505
1742370832.783013
1742370832.814266
1742370832.849848
1742370832.877115
1742370832.913330
1742370832.948870
1742370832.982872
1742370833.010612
1742370833.046861
1742370833.087815
1742370833.112463
1742370833.148460
1742370833.184294
1742370833.220432
1742370833.246291
1742370833.282223
1742370833.317724
1742370833.349725
1742370833.389007
1742370833.410493
1742370833.456649
1742370833.479107
1742370833.525390
1742370833.544168
1742370833.590680
1742370833.612378
1742370833.656968
1742370833.677662
1742370833.723735
1742370833.745643
1742370833.784427
1742370833.810686
1742370833.856915
1742370833.879126
1742370833.914518
1742370833.943988
1742370833.977790
1742370834.010574
1742370834.043849
1742370834.077402
1742370834.123607
1742370834.145817
1742370834.181693
1742370834.214772
1742370834.255154
1742370834.279694
1742370834.321561
1742370834.344522
1742370834.390897
1742370834.412939
1742370834.456088
1742370834.477818
1742370834.522572
1742370834.546153
1742370834.590646
1742370834.611448
1742370834.658806
1742370834.678795
1742370834.723598
1742370834.744942
1742370834.791684
1742370834.812765
1742370834.858117
1742370834.878250
1742370834.925136
1742370834.946342
1742370834.985784
1742370835.012379
1742370835.058535
1742370835.078375
1742370835.125661
1742370835.145040
1742370835.191530
1742370835.213028
1742370835.258697
1742370835.278364
1742370835.323427
1742370835.346419
1742370835.387833
1742370835.411667
1742370835.457044
1742370835.479263
1742370835.521457
1742370835.545141
1742370835.588395
1742370835.614039
1742370835.657478
1742370835.678483
1742370835.725054
1742370835.746060
1742370835.790058
1742370835.812061
1742370835.857642
1742370835.879639
1742370835.926197
1742370835.945580
1742370835.989862
1742370836.013325
1742370836.060016
1742370836.078938
1742370836.123974
1742370836.146563
1742370836.191960
1742370836.212220
1742370836.259074
1742370836.279838
1742370836.325546
1742370836.345503
1742370836.392516
1742370836.412990
1742370836.458889
1742370836.479263
1742370836.522670
1742370836.546787
1742370836.586342
1742370836.612609
1742370836.659220
1742370836.679764
1742370836.726606
1742370836.745828
1742370836.792171
1742370836.813244
1742370836.855886
1742370836.879405
1742370836.924381
1742370836.946919
1742370836.991607
1742370837.012676
1742370837.059051
1742370837.080152
1742370837.119817
1742370837.146418
1742370837.191791
1742370837.213513
1742370837.260709
1742370837.279606
1742370837.323128
1742370837.346650
1742370837.392769
1742370837.412902
1742370837.458233
1742370837.480381
1742370837.518707
1742370837.547051
1742370837.588046
1742370837.613738
1742370837.659111
1742370837.679712
1742370837.725988
1742370837.746924
1742370837.794145
1742370837.813142
1742370837.856818
1742370837.881285
1742370837.926930
1742370837.946689
1742370837.994034
1742370838.013279
1742370838.059675
1742370838.080550
1742370838.126212
1742370838.147273
1742370838.191212
1742370838.213615
1742370838.260580
1742370838.280256
1742370838.323320
1742370838.346885
1742370838.389680
1742370838.413901
1742370838.457707
1742370838.480528
1742370838.525650
1742370838.547620
1742370838.587054
1742370838.613676
1742370838.658250
1742370838.680635
1742370838.722908
1742370838.747303
1742370838.793448
1742370838.813938
1742370838.857188
1742370838.893540
1742370838.913938
1742370838.957492
1742370838.985178
1742370839.027094
1742370839.047773
1742370839.092440
1742370839.114116
1742370839.160484
1742370839.180720
1742370839.222826
1742370839.247461
1742370839.294041
1742370839.314102
1742370839.358782
1742370839.380812
1742370839.428079
1742370839.447677
1742370839.489668
1742370839.514250
1742370839.558810
1742370839.581412
1742370839.622633
1742370839.647602
1742370839.692262
1742370839.714139
1742370839.757586
1742370839.780906
1742370839.827466
1742370839.847728
1742370839.892762
1742370839.914544
1742370839.960921
1742370839.981513
1742370840.017634
1742370840.059126
1742370840.081355
1742370840.128457
1742370840.147709
1742370840.193293
1742370840.214914
1742370840.261668
1742370840.280886
1742370840.327779
1742370840.348140
1742370840.391571
1742370840.414904
1742370840.460324
1742370840.481423
1742370840.519773
1742370840.554030
1742370840.587460
1742370840.623726
1742370840.654349
1742370840.681852
1742370840.726468
1742370840.748602
1742370840.790959
1742370840.814689
1742370840.861243
1742370840.882211
1742370840.928378
1742370840.948159
1742370840.985987
1742370841.026910
1742370841.048782
1742370841.090394
1742370841.114750
1742370841.156751
1742370841.189880
1742370841.215990
1742370841.257819
1742370841.282693
1742370841.325981
1742370841.348195
1742370841.391637
1742370841.415347
1742370841.458164
1742370841.482605
1742370841.526406
1742370841.550579
1742370841.593501
1742370841.615132
1742370841.660497
1742370841.681716
1742370841.728427
1742370841.748437
1742370841.792362
1742370841.820617
1742370841.861879
1742370841.881809
1742370841.923695
1742370841.953375
1742370841.993290
1742370842.015680
1742370842.057496
1742370842.087924
1742370842.126606
1742370842.149668
1742370842.195517
1742370842.216407
1742370842.260962
1742370842.282248
1742370842.328178
1742370842.350219
1742370842.393472
1742370842.416534
1742370842.462576
1742370842.484153
1742370842.526052
1742370842.550146
1742370842.593495
1742370842.617952
1742370842.662027
1742370842.682222
1742370842.729264
1742370842.750547
1742370842.796752
1742370842.815605
1742370842.862723
1742370842.884148
1742370842.929437
1742370842.948932
1742370842.996918
1742370843.017971
1742370843.058696
1742370843.084370
1742370843.120503
1742370843.151559
1742370843.193128
1742370843.217098
1742370843.254297
1742370843.284537
1742370843.317811
1742370843.349023
1742370843.381943
1742370843.415160
1742370843.448555
1742370843.482103
1742370843.515386
1742370843.548630
1742370843.581958
1742370843.615336
1742370843.656531
1742370843.688229
1742370843.726417
1742370843.753192
1742370843.788982
1742370843.820042
1742370843.850121
1742370843.882375
1742370843.915438
1742370843.948789
1742370843.982097
1742370844.015548
1742370844.059058
1742370844.087753
1742370844.125587
1742370844.152616
1742370844.194001
1742370844.219791
1742370844.261225
1742370844.283639
1742370844.327388
1742370844.353423
1742370844.394898
1742370844.417029
1742370844.462762
1742370844.486103
1742370844.530255
1742370844.549827
1742370844.596610
1742370844.618974
1742370844.655753
1742370844.685918
1742370844.725656
1742370844.755595
1742370844.794884
1742370844.816797
1742370844.854750
1742370844.888077
1742370844.921922
1742370844.952026
1742370844.993079
1742370845.023276
1742370845.058816
1742370845.086535
1742370845.126555
1742370845.154862
1742370845.194203
1742370845.217217
1742370845.262311
1742370845.285791
1742370845.326916
1742370845.351898
1742370845.388299
1742370845.425011
1742370845.456942
1742370845.482810
1742370845.524913
1742370845.559015
1742370845.587269
1742370845.621359
1742370845.655122
1742370845.690564
1742370845.721961
1742370845.754150
1742370845.789214
1742370845.821280
1742370845.855428
1742370845.886220
1742370845.921999
1742370845.956386
1742370845.988441
1742370846.020811
1742370846.061534
1742370846.088172
1742370846.129725
1742370846.150717
1742370846.194888
1742370846.221047
1742370846.258276
1742370846.284156
1742370846.321091
1742370846.356577
1742370846.387690
1742370846.421759
1742370846.456173
1742370846.489525
1742370846.520144
1742370846.551079
1742370846.583801
1742370846.617225
1742370846.656551
1742370846.688221
1742370846.727525
1742370846.755566
1742370846.796864
1742370846.818024
1742370846.863160
1742370846.888720
1742370846.930780
1742370846.951979
1742370846.994178
1742370847.023716
1742370847.062570
1742370847.084639
1742370847.125339
1742370847.161313
1742370847.190287
1742370847.229075
1742370847.251063
1742370847.295545
1742370847.322396
1742370847.359601
1742370847.387012
1742370847.423314
1742370847.452361
1742370847.489060
1742370847.530536
1742370847.551070
1742370847.595366
1742370847.623815
1742370847.662129
1742370847.684352
1742370847.731113
1742370847.753917
1742370847.794487
1742370847.817880
1742370847.864551
1742370847.888058
1742370847.928403
1742370847.951007
1742370847.995381
1742370848.020274
1742370848.062585
1742370848.084588
1742370848.126975
1742370848.158379
1742370848.193741
1742370848.218057
1742370848.264840
1742370848.287648
1742370848.328665
1742370848.351526
1742370848.396570
1742370848.422384
1742370848.460215
1742370848.485237
1742370848.529096
1742370848.557665
1742370848.594684
1742370848.618733
1742370848.664063
1742370848.689107
1742370848.726961
1742370848.752843
1742370848.795664
1742370848.824607
1742370848.859004
1742370848.889119
1742370848.929689
1742370848.958796
1742370848.995383
1742370849.019552
1742370849.064136
1742370849.087271
1742370849.129002
1742370849.151933
1742370849.197947
1742370849.223005
1742370849.264544
1742370849.285220
1742370849.330393
1742370849.356141
1742370849.394341
1742370849.419133
1742370849.464948
1742370849.490091
1742370849.527059
1742370849.555405
1742370849.595391
1742370849.625773
1742370849.662549
1742370849.685701
1742370849.730242
1742370849.756794
1742370849.797091
1742370849.818827
1742370849.864110
1742370849.889475
1742370849.928461
1742370849.952473
1742370849.996925
1742370850.023841
1742370850.063376
1742370850.085748
1742370850.123261
1742370850.154197
1742370850.186297
1742370850.219907
1742370850.253257
1742370850.286707
1742370850.329576
1742370850.352738
1742370850.399236
1742370850.423803
1742370850.462096
1742370850.485962
1742370850.531488
1742370850.556800
1742370850.597740
1742370850.619469
1742370850.664589
1742370850.690226
1742370850.727334
1742370850.753500
1742370850.795862
1742370850.825977
1742370850.861543
1742370850.886168
1742370850.930402
1742370850.957339
1742370850.996753
1742370851.019568
1742370851.066139
1742370851.090565
1742370851.126532
1742370851.155348
1742370851.196767
1742370851.226525
1742370851.262184
1742370851.286435
1742370851.328756
1742370851.357624
1742370851.398251
1742370851.419753
1742370851.463829
1742370851.493002
1742370851.529205
1742370851.557413
1742370851.597644
1742370851.625346
1742370851.664369
1742370851.686917
1742370851.729392
1742370851.759254
1742370851.794794
1742370851.822308
1742370851.859651
1742370851.896285
1742370851.927343
1742370851.955434
1742370851.996851
1742370852.025848
1742370852.063792
1742370852.087575
1742370852.131243
1742370852.157940
1742370852.197841
1742370852.222647
1742370852.261116
1742370852.297197
1742370852.328325
1742370852.358509
1742370852.396675
1742370852.427104
1742370852.463194
1742370852.491368
1742370852.529388
1742370852.560774
1742370852.596435
1742370852.624596
1742370852.664516
1742370852.690492
1742370852.732100
1742370852.753933
1742370852.798335
1742370852.825235
1742370852.866108
1742370852.887184
1742370852.925009
1742370852.957907
1742370852.992677
1742370853.023535
1742370853.060377
1742370853.096722
1742370853.127412
1742370853.157968
1742370853.196972
1742370853.227060
1742370853.263011
1742370853.290441
1742370853.328445
1742370853.360988
1742370853.397226
1742370853.423041
1742370853.461365
1742370853.494479
1742370853.531244
1742370853.554508
1742370853.596523
1742370853.629198
1742370853.659542
1742370853.692512
1742370853.730859
1742370853.756566
1742370853.797453
1742370853.823698
1742370853.864078
1742370853.894933
1742370853.926924
1742370853.958468
1742370853.998289
1742370854.027207
1742370854.063382
1742370854.089575
1742370854.128229
1742370854.162811
1742370854.197438
1742370854.222062
1742370854.263772
1742370854.293846
1742370854.330526
1742370854.356841
1742370854.394994
1742370854.427135
1742370854.464534
1742370854.488887
1742370854.530646
1742370854.562454
1742370854.596161
1742370854.622389
1742370854.661185
1742370854.693634
1742370854.730923
1742370854.754638
1742370854.799434
1742370854.826147
1742370854.866629
1742370854.888310
1742370854.933622
1742370854.959450
1742370854.999898
1742370855.021677
1742370855.066841
1742370855.092903
1742370855.133239
1742370855.155334
1742370855.197443
1742370855.230218
1742370855.260762
1742370855.294032
1742370855.329582
1742370855.362724
1742370855.396969
1742370855.426190
1742370855.465079
1742370855.494304
1742370855.531532
1742370855.564507
1742370855.588543
1742370855.628044
1742370855.663719
1742370855.693491
1742370855.724940
1742370855.761175
1742370855.791665
1742370855.833071
1742370855.861679
1742370855.890932
1742370855.931191
1742370855.962365
1742370855.998039
1742370856.021830
1742370856.060424
1742370856.096245
1742370856.130885
1742370856.155685
1742370856.197542
1742370856.231301
1742370856.261100
1742370856.293610
1742370856.329922
1742370856.363730
1742370856.398683
1742370856.424305
1742370856.464392
1742370856.494463
1742370856.528419
1742370856.561062
1742370856.598367
1742370856.628383
1742370856.661624
1742370856.694017
1742370856.730873
1742370856.763419
1742370856.798957
1742370856.822717
1742370856.863414
1742370856.898147
1742370856.927926
1742370856.959723
1742370856.998623
1742370857.028434
1742370857.064213
1742370857.092814
1742370857.130938
1742370857.164632
1742370857.196189
1742370857.224079
1742370857.265421
1742370857.293995
1742370857.330285
1742370857.359444
1742370857.400868
1742370857.426499
1742370857.466820
1742370857.491875
1742370857.532730
1742370857.562487
1742370857.598341
1742370857.627447
1742370857.666187
1742370857.696584
1742370857.732360
1742370857.760399
1742370857.800848
1742370857.827052
1742370857.867023
1742370857.892371
1742370857.930284
1742370857.964554
1742370858.000145
1742370858.025892
1742370858.066297
1742370858.095851
1742370858.130582
1742370858.159916
1742370858.200290
1742370858.228131
1742370858.263183
1742370858.293904
1742370858.333130
1742370858.362947
1742370858.398232
1742370858.426212
1742370858.466748
1742370858.494308
1742370858.529811
1742370858.560664
1742370858.596828
1742370858.632980
1742370858.664510
1742370858.694060
1742370858.729178
1742370858.763119
1742370858.799077
1742370858.825337
1742370858.866734
1742370858.896739
1742370858.931784
1742370858.960824
1742370858.999648
1742370859.030263
1742370859.066496
1742370859.093513
1742370859.134492
1742370859.159545
1742370859.197696
1742370859.226702
1742370859.266395
1742370859.295885
1742370859.331800
1742370859.358547
1742370859.401208
1742370859.427867
1742370859.467049
1742370859.490763
1742370859.531861
1742370859.562938
1742370859.598308
1742370859.628072
1742370859.667425
1742370859.697539
1742370859.734554
1742370859.758797
1742370859.801944
1742370859.827328
1742370859.865419
1742370859.894743
1742370859.932641
1742370859.964686
1742370859.997442
1742370860.028585
1742370860.064966
1742370860.099627
1742370860.132866
1742370860.160735
1742370860.201880
1742370860.227462
1742370860.268323
1742370860.294063
1742370860.335228
1742370860.360930
1742370860.398866
1742370860.429342
1742370860.467120
1742370860.496592
1742370860.533719
1742370860.560173
1742370860.601555
1742370860.628759
1742370860.664672
1742370860.695615
1742370860.735673
1742370860.761482
1742370860.798465
1742370860.827583
1742370860.868363
1742370860.894657
1742370860.935831
1742370860.957482
1742370861.003997
1742370861.027475
1742370861.065448
1742370861.095916
1742370861.135830
1742370861.161291
1742370861.202525
1742370861.225724
1742370861.267282
1742370861.298704
1742370861.329515
1742370861.361538
1742370861.400251
1742370861.431284
1742370861.465808
1742370861.493155
1742370861.533828
1742370861.565459
1742370861.598734
1742370861.629331
1742370861.668819
1742370861.694608
1742370861.736759
1742370861.758621
1742370861.803548
1742370861.828046
1742370861.869937
1742370861.892498
1742370861.934459
1742370861.962304
1742370862.003348
1742370862.026172
1742370862.065103
1742370862.100641
1742370862.129093
1742370862.164611
1742370862.199951
1742370862.232611
1742370862.267557
1742370862.294838
1742370862.336510
1742370862.361315
1742370862.404882
1742370862.425513
1742370862.472109
1742370862.494742
1742370862.536461
1742370862.561082
1742370862.604549
1742370862.628000
1742370862.669120
1742370862.694628
1742370862.733279
1742370862.768133
1742370862.795277
1742370862.831718
1742370862.867320
1742370862.895284
1742370862.933818
1742370862.960875
1742370863.002645
1742370863.029072
1742370863.071821
1742370863.092503
1742370863.136340
1742370863.161768
1742370863.202420
1742370863.226428
1742370863.264031
1742370863.303799
1742370863.328327
1742370863.367947
1742370863.395030
1742370863.436152
1742370863.462646
1742370863.497970
1742370863.534253
1742370863.561961
1742370863.603482
1742370863.625784
1742370863.671347
1742370863.694959
1742370863.735533
1742370863.759230
1742370863.803500
1742370863.829229
1742370863.872484
1742370863.900332
1742370863.925813
1742370863.971036
1742370863.995481
1742370864.037789
1742370864.061681
1742370864.100284
1742370864.130197
1742370864.171937
1742370864.195074
1742370864.232058
1742370864.267309
1742370864.298912
1742370864.337441
1742370864.359334
1742370864.403696
1742370864.428250
1742370864.467148
1742370864.494882
1742370864.530293
1742370864.564168
1742370864.594720
1742370864.630287
1742370864.668974
1742370864.696090
1742370864.736832
1742370864.760796
1742370864.806610
1742370864.828390
1742370864.870341
1742370864.895020
1742370864.937001
1742370864.962905
1742370865.001315
1742370865.028685
1742370865.067622
1742370865.098742
1742370865.139574
1742370865.159814
1742370865.205049
1742370865.228615
1742370865.272795
1742370865.293294
1742370865.339032
1742370865.361336
1742370865.400982
1742370865.428314
1742370865.467935
1742370865.500393
1742370865.537042
1742370865.559991
1742370865.607054
1742370865.628620
1742370865.667415
1742370865.694260
1742370865.741046
1742370865.760270
1742370865.806092
1742370865.826833
1742370865.872404
1742370865.895614
1742370865.931977
1742370865.963510
1742370866.002961
1742370866.029763
1742370866.068106
1742370866.093128
1742370866.138611
1742370866.161899
1742370866.207042
1742370866.227445
1742370866.274414
1742370866.294597
1742370866.333003
1742370866.362179
1742370866.403534
1742370866.430539
1742370866.469882
1742370866.493608
1742370866.538506
1742370866.562206
1742370866.597164
1742370866.637953
1742370866.662307
1742370866.702830
1742370866.732004
1742370866.771856
1742370866.795323
1742370866.841197
1742370866.862366
1742370866.908988
1742370866.927699
1742370866.974825
1742370866.995618
1742370867.030810
1742370867.070981
1742370867.095663
1742370867.141489
1742370867.161167
1742370867.207948
1742370867.228385
1742370867.273901
1742370867.294490
1742370867.341736
1742370867.361960
1742370867.403591
1742370867.428624
1742370867.473524
1742370867.495324
1742370867.538030
1742370867.561270
1742370867.606584
1742370867.629009
1742370867.674638
1742370867.694814
1742370867.741066
1742370867.762514
1742370867.808022
1742370867.828260
1742370867.870926
1742370867.896932
1742370867.939041
1742370867.961518
1742370868.008774
1742370868.028714
1742370868.075616
1742370868.094912
1742370868.141412
1742370868.162323
1742370868.204792
1742370868.228532
1742370868.269467
1742370868.299149
1742370868.340328
1742370868.361655
1742370868.408514
1742370868.429097
1742370868.475005
1742370868.494530
1742370868.541414
1742370868.562757
1742370868.608341
1742370868.628655
1742370868.670084
1742370868.701209
1742370868.736098
1742370868.762815
1742370868.804996
1742370868.829389
1742370868.875391
1742370868.895313
1742370868.937991
1742370868.966080
1742370869.008067
1742370869.028524
1742370869.072316
1742370869.096025
1742370869.133259
1742370869.166089
1742370869.205871
1742370869.229600
1742370869.275692
1742370869.295393
1742370869.341967
1742370869.362642
1742370869.409078
1742370869.428783
1742370869.475094
1742370869.495977
1742370869.539710
1742370869.562207
1742370869.608905
1742370869.629494
1742370869.675852
1742370869.695564
1742370869.742543
1742370869.762751
1742370869.808987
1742370869.829075
1742370869.875795
1742370869.896242
1742370869.943127
1742370869.962409
1742370870.008935
1742370870.029571
1742370870.076350
1742370870.096019
1742370870.138172
1742370870.166443
1742370870.209131
1742370870.229572
1742370870.275871
1742370870.296353
1742370870.341509
1742370870.362567
1742370870.406135
1742370870.432824
1742370870.471423
1742370870.496555
1742370870.542434
1742370870.563482
1742370870.607906
1742370870.629666
1742370870.673853
1742370870.696289
1742370870.743184
1742370870.762850
1742370870.805847
1742370870.831843
1742370870.869984
1742370870.896498
1742370870.943424
1742370870.962829
1742370871.009825
1742370871.029460
1742370871.073785
1742370871.097332
1742370871.143866
1742370871.163318
1742370871.207013
1742370871.231526
1742370871.276533
1742370871.296474
1742370871.342893
1742370871.363380
1742370871.408018
1742370871.429710
1742370871.468133
1742370871.505790
1742370871.534883
1742370871.563595
1742370871.608947
1742370871.630146
1742370871.675014
1742370871.696740
1742370871.741387
1742370871.763683
1742370871.810199
1742370871.830213
1742370871.873521
1742370871.899697
1742370871.940891
1742370871.963776
1742370872.008952
1742370872.030835
1742370872.074016
1742370872.096620
1742370872.143395
1742370872.163969
1742370872.209572
1742370872.239298
1742370872.263350
1742370872.307140
1742370872.330829
1742370872.373285
1742370872.399797
1742370872.435808
1742370872.470978
1742370872.505582
1742370872.538109
1742370872.564398
1742370872.610674
1742370872.630723
1742370872.673674
1742370872.697177
1742370872.744019
1742370872.764126
1742370872.806979
1742370872.830605
1742370872.877243
1742370872.897428
1742370872.944846
1742370872.963869
1742370873.007565
1742370873.030799
1742370873.076836
1742370873.097248
1742370873.143975
1742370873.164552
1742370873.210880
1742370873.230524
1742370873.277967
1742370873.297760
1742370873.343936
1742370873.364065
1742370873.410185
1742370873.431554
1742370873.477365
1742370873.497386
1742370873.544022
1742370873.564655
1742370873.608313
1742370873.630582
1742370873.677071
1742370873.698512
1742370873.744524
1742370873.764181
1742370873.808412
1742370873.832190
1742370873.875917
1742370873.897554
1742370873.943481
1742370873.965364
1742370874.008450
1742370874.030855
1742370874.077580
1742370874.098477
1742370874.145811
1742370874.164609
1742370874.210365
1742370874.232213
1742370874.279164
1742370874.297823
1742370874.344321
1742370874.365873
1742370874.408611
1742370874.432167
1742370874.475728
1742370874.501687
1742370874.543198
1742370874.565219
1742370874.611469
1742370874.632703
1742370874.675646
1742370874.699707
1742370874.744777
1742370874.766618
1742370874.811538
1742370874.831522
1742370874.877946
1742370874.899475
1742370874.942889
1742370874.964782
1742370875.008009
1742370875.035086
1742370875.077704
1742370875.098061
1742370875.145529
1742370875.166764
1742370875.210881
1742370875.231431
1742370875.278192
1742370875.300057
1742370875.342874
1742370875.365233
1742370875.408968
1742370875.434579
1742370875.477344
1742370875.498727
1742370875.543279
1742370875.566840
1742370875.609161
1742370875.631615
1742370875.677743
1742370875.699941
1742370875.742690
1742370875.765071
1742370875.811993
1742370875.834143
1742370875.873736
1742370875.898582
1742370875.944786
1742370875.965393
1742370876.007042
1742370876.033454
1742370876.076809
1742370876.100575
1742370876.147502
1742370876.165410
1742370876.208760
1742370876.239002
1742370876.271858
1742370876.300963
1742370876.343371
1742370876.370032
1742370876.412066
1742370876.432066
1742370876.478826
1742370876.501717
1742370876.546166
1742370876.565653
1742370876.609866
1742370876.636695
1742370876.678101
1742370876.699000
1742370876.742985
1742370876.771958
1742370876.808956
1742370876.832715
1742370876.879622
1742370876.900947
1742370876.942499
1742370876.965738
1742370877.012897
1742370877.034747
1742370877.078089
1742370877.099232
1742370877.143744
1742370877.170970
1742370877.211754
1742370877.232586
1742370877.277301
1742370877.303124
1742370877.346369
1742370877.365981
1742370877.412786
1742370877.435739
1742370877.479175
1742370877.499254
1742370877.545432
1742370877.569433
1742370877.612460
1742370877.632579
1742370877.679302
1742370877.702601
1742370877.747265
1742370877.766141
1742370877.810966
1742370877.836173
1742370877.877803
1742370877.899406
1742370877.945644
1742370877.970178
1742370878.012056
1742370878.032980
1742370878.076399
1742370878.104545
1742370878.146263
1742370878.166958
1742370878.210127
1742370878.239711
1742370878.276679
1742370878.302050
1742370878.344695
1742370878.370212
1742370878.413622
1742370878.433389
1742370878.480932
1742370878.502732
1742370878.544208
1742370878.567858
1742370878.612327
1742370878.637501
1742370878.678961
1742370878.700223
1742370878.747645
1742370878.770485
1742370878.811788
1742370878.833757
1742370878.876623
1742370878.904096
1742370878.945267
1742370878.967097
1742370879.012643
1742370879.036957
1742370879.078138
1742370879.101404
1742370879.146017
1742370879.171512
1742370879.209889
1742370879.235936
1742370879.276785
1742370879.307022
1742370879.344829
1742370879.367628
1742370879.411745
1742370879.438101
1742370879.478762
1742370879.500703
1742370879.544853
1742370879.573020
1742370879.611727
1742370879.633880
1742370879.680493
1742370879.704379
1742370879.745157
1742370879.768636
1742370879.811741
1742370879.839445
1742370879.879471
1742370879.900807
1742370879.944180
1742370879.973420
1742370880.010085
1742370880.035846
1742370880.079513
1742370880.103743
1742370880.145586
1742370880.167700
1742370880.211703
1742370880.241615
1742370880.277533
1742370880.301542
1742370880.346234
1742370880.372007
1742370880.412802
1742370880.434368
1742370880.477680
1742370880.507459
1742370880.543545
1742370880.581039
1742370880.601085
1742370880.646174
1742370880.674547
1742370880.710313
1742370880.743721
1742370880.775398
1742370880.802830
1742370880.845249
1742370880.875102
1742370880.910509
1742370880.938786
1742370880.977309
1742370881.008020
1742370881.044234
1742370881.072750
1742370881.110237
1742370881.139928
1742370881.178311
1742370881.204393
1742370881.246304
1742370881.272616
1742370881.308709
1742370881.338850
1742370881.379851
1742370881.405889
1742370881.437107
1742370881.479038
1742370881.506636
1742370881.544357
1742370881.567889
1742370881.612324
1742370881.639628
1742370881.676799
1742370881.701266
1742370881.745963
1742370881.773865
1742370881.813344
1742370881.834829
1742370881.880291
1742370881.905118
1742370881.947473
1742370881.968158
1742370882.013559
1742370882.039301
1742370882.079437
1742370882.101440
1742370882.146254
1742370882.173058
1742370882.210969
1742370882.235131
1742370882.280515
1742370882.305561
1742370882.344558
1742370882.368270
1742370882.410546
1742370882.440874
1742370882.479040
1742370882.501606
1742370882.547347
1742370882.572984
1742370882.611207
1742370882.635189
1742370882.681360
1742370882.705710
1742370882.743301
1742370882.768742
1742370882.814364
1742370882.839417
1742370882.878316
1742370882.901748
1742370882.939311
1742370882.971826
1742370883.009983
1742370883.035414
1742370883.081523
1742370883.105209
1742370883.143098
1742370883.169955
1742370883.212536
1742370883.240015
1742370883.277920
1742370883.302259
1742370883.348547
1742370883.373213
1742370883.412125
1742370883.435889
1742370883.478380
1742370883.510149
1742370883.545300
1742370883.569772
1742370883.610938
1742370883.643482
1742370883.678179
1742370883.703874
1742370883.746698
1742370883.773162
1742370883.812528
1742370883.835609
1742370883.882022
1742370883.906822
1742370883.944106
1742370883.970434
1742370884.013252
1742370884.042090
1742370884.080680
1742370884.102656
1742370884.147878
1742370884.172473
1742370884.213559
1742370884.236496
1742370884.279244
1742370884.309814
1742370884.345750
1742370884.369532
1742370884.415309
1742370884.440524
1742370884.481203
1742370884.502850
1742370884.546647
1742370884.575580
1742370884.613745
1742370884.636159
1742370884.678682
1742370884.709897
1742370884.745722
1742370884.771314
1742370884.809944
1742370884.846578
1742370884.876626
1742370884.903994
1742370884.946540
1742370884.976745
1742370885.013310
1742370885.036375
1742370885.079192
1742370885.108620
1742370885.146374
1742370885.169731
1742370885.211809
1742370885.244343
1742370885.275954
1742370885.307209
1742370885.345921
1742370885.373435
1742370885.414069
1742370885.436908
1742370885.479604
1742370885.507984
1742370885.548239
1742370885.570089
1742370885.613172
1742370885.642432
1742370885.676868
1742370885.705745
1742370885.743991
1742370885.779168
1742370885.812607
1742370885.838778
1742370885.878371
1742370885.911282
1742370885.945182
1742370885.971223
1742370886.013573
1742370886.042884
1742370886.078006
1742370886.107732
1742370886.147407
1742370886.176793
1742370886.213219
1742370886.237133
1742370886.282453
1742370886.308360
1742370886.347642
1742370886.370485
1742370886.412295
1742370886.445770
1742370886.478842
1742370886.507621
1742370886.547649
1742370886.575996
1742370886.614745
1742370886.637851
1742370886.681858
1742370886.708394
1742370886.740697
1742370886.774807
1742370886.809227
1742370886.848077
1742370886.876368
1742370886.908564
1742370886.947111
1742370886.976745
1742370887.013108
1742370887.041757
1742370887.080434
1742370887.112687
1742370887.146216
1742370887.174402
1742370887.215030
1742370887.243256
1742370887.279417
1742370887.306329
1742370887.345767
1742370887.381295
1742370887.410821
1742370887.442239
1742370887.480797
1742370887.509956
1742370887.547123
1742370887.575089
1742370887.613052
1742370887.642814
1742370887.680130
1742370887.708051
1742370887.746012
1742370887.778614
1742370887.813740
1742370887.839204
1742370887.880256
1742370887.909423
1742370887.946071
1742370887.973757
1742370888.013352
1742370888.042069
1742370888.079513
1742370888.108929
1742370888.147552
1742370888.175719
1742370888.216341
1742370888.237866
1742370888.282424
1742370888.310026
1742370888.347509
1742370888.371434
1742370888.411194
1742370888.444007
1742370888.477468
1742370888.506981
1742370888.547130
1742370888.579340
1742370888.612638
1742370888.640040
1742370888.681367
1742370888.710884
1742370888.744591
1742370888.775957
1742370888.816295
1742370888.841844
1742370888.880984
1742370888.912768
1742370888.938343
1742370888.982832
1742370889.010110
1742370889.048011
1742370889.077339
1742370889.111357
1742370889.142772
1742370889.182690
1742370889.211663
1742370889.240942
1742370889.281231
1742370889.311356
1742370889.345536
1742370889.375401
1742370889.413057
1742370889.447493
1742370889.477926
1742370889.509767
1742370889.547925
1742370889.578331
1742370889.613290
1742370889.642117
1742370889.680162
1742370889.714254
1742370889.742453
1742370889.776248
1742370889.813474
1742370889.846116
1742370889.881278
1742370889.905220
1742370889.944637
1742370889.979641
1742370890.015116
1742370890.039336
1742370890.080741
1742370890.113599
1742370890.148278
1742370890.175328
1742370890.216040
1742370890.245354
1742370890.281794
1742370890.307819
1742370890.347888
1742370890.378907
1742370890.414751
1742370890.442545
1742370890.482698
1742370890.510896
1742370890.543095
1742370890.582015
1742370890.610481
1742370890.645268
1742370890.680427
1742370890.709778
1742370890.746519
1742370890.782379
1742370890.813915
1742370890.843555
1742370890.882422
1742370890.912473
1742370890.947121
1742370890.975266
1742370891.016640
1742370891.045723
1742370891.080213
1742370891.107523
1742370891.148943
1742370891.176002
1742370891.216040
1742370891.239747
1742370891.281077
1742370891.314511
1742370891.346968
1742370891.376873
1742370891.417915
1742370891.443025
1742370891.484490
1742370891.507403
1742370891.547898
1742370891.578632
1742370891.615777
1742370891.641340
1742370891.683213
1742370891.712480
1742370891.747260
1742370891.776681
1742370891.817133
1742370891.844528
1742370891.883461
1742370891.909025
1742370891.949003
1742370891.977325
1742370892.011531
1742370892.047949
1742370892.077885
1742370892.116270
1742370892.143842
1742370892.182990
1742370892.210687
1742370892.251028
1742370892.278393
1742370892.313851
1742370892.343128
1742370892.384489
1742370892.411365
1742370892.448284
1742370892.477423
1742370892.515329
1742370892.548941
1742370892.577802
1742370892.616509
1742370892.647747
1742370892.680501
1742370892.707048
1742370892.742643
1742370892.773898
1742370892.814657
1742370892.845418
1742370892.881933
1742370892.917000
1742370892.944784
1742370892.982315
1742370893.011547
1742370893.051796
1742370893.077701
1742370893.112510
1742370893.146443
1742370893.182931
1742370893.214389
1742370893.243917
1742370893.285506
1742370893.310120
1742370893.352083
1742370893.373793
1742370893.416658
1742370893.446678
1742370893.483257
1742370893.508650
1742370893.549224
1742370893.580736
1742370893.616586
1742370893.643385
1742370893.680914
1742370893.716286
1742370893.745292
1742370893.780317
1742370893.811831
1742370893.849141
1742370893.880474
1742370893.911526
1742370893.951352
1742370893.978327
1742370894.015618
1742370894.042333
1742370894.084034
1742370894.111257
1742370894.149913
1742370894.176660
1742370894.216203
1742370894.248592
1742370894.284264
1742370894.308848
1742370894.349985
1742370894.380865
1742370894.413609
1742370894.445311
1742370894.485126
1742370894.511062
1742370894.547279
1742370894.578463
1742370894.619219
1742370894.643808
1742370894.684794
1742370894.707804
1742370894.750825
1742370894.776780
1742370894.819673
1742370894.840988
1742370894.886639
1742370894.910677
1742370894.953016
1742370894.974328
1742370895.019609
1742370895.044347
1742370895.081984
1742370895.108051
1742370895.151263
1742370895.177784
1742370895.219422
1742370895.241086
1742370895.287763
1742370895.310311
1742370895.353991
1742370895.374516
1742370895.417161
1742370895.446021
1742370895.486917
1742370895.507856
1742370895.554103
1742370895.576287
1742370895.616298
1742370895.641309
1742370895.684030
1742370895.712621
1742370895.752605
1742370895.774769
1742370895.817596
1742370895.844309
1742370895.885802
1742370895.907881
1742370895.950637
1742370895.980357
1742370896.019676
1742370896.041365
1742370896.088431
1742370896.109116
1742370896.153698
1742370896.174742
1742370896.219262
1742370896.244293
1742370896.287988
1742370896.308187
1742370896.355395
1742370896.376133
1742370896.422771
1742370896.441738
1742370896.484988
1742370896.511699
1742370896.553729
1742370896.575073
1742370896.621866
1742370896.643664
1742370896.689651
1742370896.708557
1742370896.748852
1742370896.783525
1742370896.812808
1742370896.841534
1742370896.877612
1742370896.913108
1742370896.951535
1742370896.975354
1742370897.021614
1742370897.044511
1742370897.087950
1742370897.108711
1742370897.153757
1742370897.178206
1742370897.220600
1742370897.247055
1742370897.275489
1742370897.320640
1742370897.344335
1742370897.383253
1742370897.415149
1742370897.444219
1742370897.487581
1742370897.511565
1742370897.550931
1742370897.577358
1742370897.617054
1742370897.645745
1742370897.684775
1742370897.711559
1742370897.753794
1742370897.778233
1742370897.819628
1742370897.843372
1742370897.889409
1742370897.911062
1742370897.955402
1742370897.975992
1742370898.023661
1742370898.044158
1742370898.083303
1742370898.111191
1742370898.150122
1742370898.178937
1742370898.218460
1742370898.243767
1742370898.290856
1742370898.310976
1742370898.356736
1742370898.376425
1742370898.423418
1742370898.444797
1742370898.490971
1742370898.509905
1742370898.557119
1742370898.577528
1742370898.623703
1742370898.643339
1742370898.690251
1742370898.710424
1742370898.757741
1742370898.776616
1742370898.823430
1742370898.844763
1742370898.890003
1742370898.910082
1742370898.956882
1742370898.978402
1742370899.018424
1742370899.044986
1742370899.085589
1742370899.118007
1742370899.148634
1742370899.180726
1742370899.218855
1742370899.250684
1742370899.280608
1742370899.314192
1742370899.351334
1742370899.378885
1742370899.418290
1742370899.444083
1742370899.490440
1742370899.511551
1742370899.554941
1742370899.577081
1742370899.623614
1742370899.645364
1742370899.691068
1742370899.710522
1742370899.757168
1742370899.778478
1742370899.823948
1742370899.843854
1742370899.890499
1742370899.911952
1742370899.955029
1742370899.977595
1742370900.024063
1742370900.045180
1742370900.091174
1742370900.110889
1742370900.157084
1742370900.178338
1742370900.223564
1742370900.244108
1742370900.290751
1742370900.311587
1742370900.358802
1742370900.377570
1742370900.424319
1742370900.445232
1742370900.491480
1742370900.510839
1742370900.558427
1742370900.578376
1742370900.625491
1742370900.644406
1742370900.691350
1742370900.711936
1742370900.755490
1742370900.778417
1742370900.823661
1742370900.845235
1742370900.891291
1742370900.911241
1742370900.954956
1742370900.978505
1742370901.023290
1742370901.044975
1742370901.089476
1742370901.112304
1742370901.158017
1742370901.178087
1742370901.223581
1742370901.245490
1742370901.291998
1742370901.311315
1742370901.358468
1742370901.378333
1742370901.424924
1742370901.444627
1742370901.491610
1742370901.512176
1742370901.557684
1742370901.578094
1742370901.624002
1742370901.645889
1742370901.692384
1742370901.711775
1742370901.758184
1742370901.778983
1742370901.825344
1742370901.845045
1742370901.892052
1742370901.912037
1742370901.959155
1742370901.978315
1742370902.022052
1742370902.045727
1742370902.091862
1742370902.112107
1742370902.159192
1742370902.178929
1742370902.225876
1742370902.245300
1742370902.286648
1742370902.316899
1742370902.357583
1742370902.378743
1742370902.425425
1742370902.445895
1742370902.491796
1742370902.512078
1742370902.558384
1742370902.579321
1742370902.626215
1742370902.645395
1742370902.691436
1742370902.712586
1742370902.759187
1742370902.778907
1742370902.823297
1742370902.846116
1742370902.889616
1742370902.912216
1742370902.958817
1742370902.979072
1742370903.024998
1742370903.045346
1742370903.092789
1742370903.112342
1742370903.159526
1742370903.178881
1742370903.223660
1742370903.246016
1742370903.289319
1742370903.312182
1742370903.358442
1742370903.379212
1742370903.425153
1742370903.445437
1742370903.491842
1742370903.512705
1742370903.557321
1742370903.579109
1742370903.625516
1742370903.646215
1742370903.690667
1742370903.712407
1742370903.759082
1742370903.779138
1742370903.826495
1742370903.845735
1742370903.892492
1742370903.912417
1742370903.959449
1742370903.979139
1742370904.026675
1742370904.046046
1742370904.092892
1742370904.112802
1742370904.157203
1742370904.179858
1742370904.223000
1742370904.246175
1742370904.293176
1742370904.312959
1742370904.359515
1742370904.379611
1742370904.424008
1742370904.446559
1742370904.492290
1742370904.513115
1742370904.557418
1742370904.579898
1742370904.625794
1742370904.646799
1742370904.692503
1742370904.713554
1742370904.756861
1742370904.780027
1742370904.825581
1742370904.847029
1742370904.892798
1742370904.913389
1742370904.955951
1742370904.984295
1742370905.025104
1742370905.046819
1742370905.092322
1742370905.113387
1742370905.157364
1742370905.179926
1742370905.226561
1742370905.247024
1742370905.292669
1742370905.313075
1742370905.356902
1742370905.380103
1742370905.423657
1742370905.446508
1742370905.493084
1742370905.513793
1742370905.558856
1742370905.590160
1742370905.613394
1742370905.658714
1742370905.681434
1742370905.727358
1742370905.747856
1742370905.789984
1742370905.814399
1742370905.855669
1742370905.881085
1742370905.923419
1742370905.948151
1742370905.991529
1742370906.015264
1742370906.052344
1742370906.085174
1742370906.121049
1742370906.156748
1742370906.181642
1742370906.224837
1742370906.248484
1742370906.291718
1742370906.313862
1742370906.360340
1742370906.381454
1742370906.427048
1742370906.446990
1742370906.493361
1742370906.515165
1742370906.556107
1742370906.581683
1742370906.625256
1742370906.648593
1742370906.692979
1742370906.713996
1742370906.761425
1742370906.781354
1742370906.827337
1742370906.847363
1742370906.894391
1742370906.915223
1742370906.959752
1742370906.982274
1742370907.025002
1742370907.051492
1742370907.092310
1742370907.115131
1742370907.155371
1742370907.190168
1742370907.216799
1742370907.249493
1742370907.292147
1742370907.316647
1742370907.358667
1742370907.382320
1742370907.426610
1742370907.447766
1742370907.494000
1742370907.514615
1742370907.560550
1742370907.582641
1742370907.626358
1742370907.648102
1742370907.693583
1742370907.715979
1742370907.761426
1742370907.781246
1742370907.825060
1742370907.854189
1742370907.893473
1742370907.914454
1742370907.957629
1742370907.986794
1742370908.026659
1742370908.048191
1742370908.094752
1742370908.116728
1742370908.158617
1742370908.182709
1742370908.227181
1742370908.250059
1742370908.293737
1742370908.314791
1742370908.360898
1742370908.383220
1742370908.425815
1742370908.448514
1742370908.494705
1742370908.517390
1742370908.559093
1742370908.583174
1742370908.626058
1742370908.651216
1742370908.693997
1742370908.715039
1742370908.758880
1742370908.786728
1742370908.828399
1742370908.848327
1742370908.894643
1742370908.917932
1742370908.959839
1742370908.982361
1742370909.029504
1742370909.051284
1742370909.092602
1742370909.118155
1742370909.156675
1742370909.191034
1742370909.223095
1742370909.251660
1742370909.293198
1742370909.318586
1742370909.359509
1742370909.384305
1742370909.426147
1742370909.454342
1742370909.491970
1742370909.518930
1742370909.559778
1742370909.586443
1742370909.628145
1742370909.648924
1742370909.691208
1742370909.725013
1742370909.756199
1742370909.785098
1742370909.827176
1742370909.851868
1742370909.896580
1742370909.915612
1742370909.958930
1742370909.988731
1742370910.025749
1742370910.049601
1742370910.094811
1742370910.118314
1742370910.163287
1742370910.182470
1742370910.228760
1742370910.252626
1742370910.295638
1742370910.315588
1742370910.358946
1742370910.389611
1742370910.426118
1742370910.450378
1742370910.491712
1742370910.523612
1742370910.559629
1742370910.583344
1742370910.626337
1742370910.655980
1742370910.692934
1742370910.718823
1742370910.760451
1742370910.786478
1742370910.828189
1742370910.850755
1742370910.895506
1742370910.919929
1742370910.962494
1742370910.983256
1742370911.026653
1742370911.056091
1742370911.093109
1742370911.116681
1742370911.162429
1742370911.186751
1742370911.229016
1742370911.249434
1742370911.296536
1742370911.319795
1742370911.361531
1742370911.382773
1742370911.429385
1742370911.452466
1742370911.493958
1742370911.516448
1742370911.559898
1742370911.588192
1742370911.625713
1742370911.650978
1742370911.694990
1742370911.720270
1742370911.762748
1742370911.783015
1742370911.829205
1742370911.853556
1742370911.895526
1742370911.916874
1742370911.959622
1742370911.990389
1742370912.026715
1742370912.052003
1742370912.095800
1742370912.120357
1742370912.161442
1742370912.183812
1742370912.230683
1742370912.253691
1742370912.295519
1742370912.316949
1742370912.359882
1742370912.390655
1742370912.428242
1742370912.450753
1742370912.495357
1742370912.520660
1742370912.561970
1742370912.584533
1742370912.628395
1742370912.654084
1742370912.696069
1742370912.718210
1742370912.762636
1742370912.787608
1742370912.826042
1742370912.854858
1742370912.893834
1742370912.918475
1742370912.955395
1742370912.987449
1742370913.025438
1742370913.056193
1742370913.094809
1742370913.121311
1742370913.158822
1742370913.192826
1742370913.226095
1742370913.251629
1742370913.295648
1742370913.321821
1742370913.363418
1742370913.383839
1742370913.427314
1742370913.457520
1742370913.494198
1742370913.518246
1742370913.560650
1742370913.587756
1742370913.629425
1742370913.651753
1742370913.695955
1742370913.721394
1742370913.759263
1742370913.788428
1742370913.826262
1742370913.860352
1742370913.891611
1742370913.928495
1742370913.950952
1742370913.996577
1742370914.022465
1742370914.062820
1742370914.089014
1742370914.124720
1742370914.157754
1742370914.194793
1742370914.224665
1742370914.255977
1742370914.292057
1742370914.327444
1742370914.355973
1742370914.391632
1742370914.424184
1742370914.462474
1742370914.491138
1742370914.522843
1742370914.559323
1742370914.589734
1742370914.630566
1742370914.651420
1742370914.696754
1742370914.722658
1742370914.762930
1742370914.785759
1742370914.827986
1742370914.857898
1742370914.895426
1742370914.921800
1742370914.959419
1742370914.995266
1742370915.024837
1742370915.058937
1742370915.089442
1742370915.129086
1742370915.158087
1742370915.189631
1742370915.228277
1742370915.258192
1742370915.295419
1742370915.318223
1742370915.361466
1742370915.390743
1742370915.429451
1742370915.451406
1742370915.495053
1742370915.521813
1742370915.562675
1742370915.585128
1742370915.631744
1742370915.655935
1742370915.695523
1742370915.719120
1742370915.761931
1742370915.791294
1742370915.826886
1742370915.853202
1742370915.895296
1742370915.924653
1742370915.961887
1742370915.985428
1742370916.031465
1742370916.055869
1742370916.097234
1742370916.118560
1742370916.161983
1742370916.191398
1742370916.227502
1742370916.255532
1742370916.293422
1742370916.325328
1742370916.362390
1742370916.387291
1742370916.429187
1742370916.458349
1742370916.496132
1742370916.521759
1742370916.559723
1742370916.595588
1742370916.621876
1742370916.662357
1742370916.689895
1742370916.729187
1742370916.755540
1742370916.793850
1742370916.823285
1742370916.863656
1742370916.892606
1742370916.923457
1742370916.963193
1742370916.990315
1742370917.031137
1742370917.052705
1742370917.095210
1742370917.126666
1742370917.158582
1742370917.191134
1742370917.227424
1742370917.263030
1742370917.292691
1742370917.324347
1742370917.360499
1742370917.395267
1742370917.426115
1742370917.456981
1742370917.495569
1742370917.525578
1742370917.561674
1742370917.587290
1742370917.630027
1742370917.659387
1742370917.695707
1742370917.721404
1742370917.761866
1742370917.793112
1742370917.828995
1742370917.853174
1742370917.895141
1742370917.926268
1742370917.961042
1742370917.991438
1742370918.027673
1742370918.062514
1742370918.092737
1742370918.123858
1742370918.161516
1742370918.192668
1742370918.228513
1742370918.254846
1742370918.293007
1742370918.328105
1742370918.360264
1742370918.389815
1742370918.429089
1742370918.459084
1742370918.494527
1742370918.521462
1742370918.562909
1742370918.591554
1742370918.629812
1742370918.653607
1742370918.696108
1742370918.726413
1742370918.762689
1742370918.789767
1742370918.829635
1742370918.858852
1742370918.895258
1742370918.924475
1742370918.961099
1742370918.995360
1742370919.028804
1742370919.053719
1742370919.096920
1742370919.126027
1742370919.163716
1742370919.189985
1742370919.230447
1742370919.258982
1742370919.295247
1742370919.323663
1742370919.363649
1742370919.392976
1742370919.430265
1742370919.453317
1742370919.494384
1742370919.526691
1742370919.560833
1742370919.587032
1742370919.629058
1742370919.657814
1742370919.698744
1742370919.720159
1742370919.764449
1742370919.791451
1742370919.829627
1742370919.854162
1742370919.896166
1742370919.926633
1742370919.963168
1742370919.987167
1742370920.029527
1742370920.059022
1742370920.094503
1742370920.122038
1742370920.161661
1742370920.193665
1742370920.229647
1742370920.253619
1742370920.297155
1742370920.325085
1742370920.365154
1742370920.387230
1742370920.432105
1742370920.458855
1742370920.496052
1742370920.521961
1742370920.563330
1742370920.592309
1742370920.629120
1742370920.656863
1742370920.698459
1742370920.725706
1742370920.765426
1742370920.787744
1742370920.827591
1742370920.863015
1742370920.896508
1742370920.923541
1742370920.963329
1742370920.993814
1742370921.030035
1742370921.056124
1742370921.097045
1742370921.126945
1742370921.161447
1742370921.189793
1742370921.231640
1742370921.260308
1742370921.296439
1742370921.321119
1742370921.360605
1742370921.393849
1742370921.429028
1742370921.457825
1742370921.495276
1742370921.527571
1742370921.561923
1742370921.592501
1742370921.628071
1742370921.664806
1742370921.692926
1742370921.727151
1742370921.760849
1742370921.796396
1742370921.829123
1742370921.855651
1742370921.897520
1742370921.927458
1742370921.963492
1742370921.988059
1742370922.026723
1742370922.060657
1742370922.096090
1742370922.122868
1742370922.162911
1742370922.197573
1742370922.226529
1742370922.260698
1742370922.288043
1742370922.327833
1742370922.363077
1742370922.397359
1742370922.430450
1742370922.459530
1742370922.498348
1742370922.527314
1742370922.563220
1742370922.592673
1742370922.629257
1742370922.665292
1742370922.694623
1742370922.726045
1742370922.766062
1742370922.794364
1742370922.829958
1742370922.859803
1742370922.896167
1742370922.930440
1742370922.963434
1742370922.993039
1742370923.032604
1742370923.060737
1742370923.095736
1742370923.126020
1742370923.166290
1742370923.194188
1742370923.230226
1742370923.259422
1742370923.299429
1742370923.326669
1742370923.362594
1742370923.391637
1742370923.431393
1742370923.463827
1742370923.495543
1742370923.525725
1742370923.566820
1742370923.592449
1742370923.632794
1742370923.655791
1742370923.697324
1742370923.726613
1742370923.763922
1742370923.792931
1742370923.832507
1742370923.861328
1742370923.897390
1742370923.924137
1742370923.965130
1742370923.994758
1742370924.030076
1742370924.058116
1742370924.094613
1742370924.129073
1742370924.165310
1742370924.189064
1742370924.230891
1742370924.262288
1742370924.298532
1742370924.322504
1742370924.363952
1742370924.399005
1742370924.428569
1742370924.459839
1742370924.499818
1742370924.525701
1742370924.566728
1742370924.589291
1742370924.631217
1742370924.665025
1742370924.698929
1742370924.724262
1742370924.766345
1742370924.795827
1742370924.831801
1742370924.859289
1742370924.900631
1742370924.925723
1742370924.967298
1742370924.992117
1742370925.030687
1742370925.062854
1742370925.099121
1742370925.125997
1742370925.167198
1742370925.193881
1742370925.233941
1742370925.256562
1742370925.300502
1742370925.327308
1742370925.368397
1742370925.389678
1742370925.432311
1742370925.462623
1742370925.499554
1742370925.523736
1742370925.565227
1742370925.595863
1742370925.634132
1742370925.656986
1742370925.695309
1742370925.733705
1742370925.761124
1742370925.797078
1742370925.830177
1742370925.867433
1742370925.894493
1742370925.932899
1742370925.959774
1742370925.997831
1742370926.033898
1742370926.058029
1742370926.096573
1742370926.128122
1742370926.167977
1742370926.190249
1742370926.236296
1742370926.259924
1742370926.302327
1742370926.323473
1742370926.367368
1742370926.393831
1742370926.431970
1742370926.460215
1742370926.499550
1742370926.529134
1742370926.568718
1742370926.590736
1742370926.632507
1742370926.664531
1742370926.699989
1742370926.724371
1742370926.763884
1742370926.799617
1742370926.828540
1742370926.864326
1742370926.896211
1742370926.936394
1742370926.960069
1742370927.001074
1742370927.026781
1742370927.067695
1742370927.095320
1742370927.132576
1742370927.161480
1742370927.200463
1742370927.227745
1742370927.267703
1742370927.292387
1742370927.334149
1742370927.361221
1742370927.400239
1742370927.427090
1742370927.468780
1742370927.494019
1742370927.534993
1742370927.559703
1742370927.600496
1742370927.628286
1742370927.663374
1742370927.698299
1742370927.734019
1742370927.760841
1742370927.801964
1742370927.826309
1742370927.868142
1742370927.895100
1742370927.926807
1742370927.967706
1742370927.995066
1742370928.032937
1742370928.060225
1742370928.098089
1742370928.133251
1742370928.161585
1742370928.198188
1742370928.229578
1742370928.269616
1742370928.294141
1742370928.327705
1742370928.367970
1742370928.394350
1742370928.432650
1742370928.460425
1742370928.494236
1742370928.535749
1742370928.560962
1742370928.595967
1742370928.634186
1742370928.661859
1742370928.702492
1742370928.724705
1742370928.768195
1742370928.794746
1742370928.833420
1742370928.858717
1742370928.901858
1742370928.928417
1742370928.970377
1742370928.991276
1742370929.034636
1742370929.061334
1742370929.091703
1742370929.128335
1742370929.161358
1742370929.190709
1742370929.229004
1742370929.267710
1742370929.293588
1742370929.327581
1742370929.368273
1742370929.394516
1742370929.429659
1742370929.458565
1742370929.504416
1742370929.526717
1742370929.565415
1742370929.591469
1742370929.635909
1742370929.660594
1742370929.698336
1742370929.725424
1742370929.770213
1742370929.793936
1742370929.828522
1742370929.863226
1742370929.898690
1742370929.935032
1742370929.962499
1742370929.996420
1742370930.031615
1742370930.068304
1742370930.094995
1742370930.130451
1742370930.166146
1742370930.200814
1742370930.228271
1742370930.262585
1742370930.302230
1742370930.328548
1742370930.371953
1742370930.392118
1742370930.438537
1742370930.460738
1742370930.503101
1742370930.529874
1742370930.566978
1742370930.596484
1742370930.625428
1742370930.670862
1742370930.694528
1742370930.733612
1742370930.765160
1742370930.796801
1742370930.833268
1742370930.864771
1742370930.906064
1742370930.926134
1742370930.973144
1742370930.994200
1742370931.037699
1742370931.059200
1742370931.101081
1742370931.129106
1742370931.171319
1742370931.192691
1742370931.240230
1742370931.260161
1742370931.307164
1742370931.326242
1742370931.372983
1742370931.394038
1742370931.439983
1742370931.459377
1742370931.506850
1742370931.526437
1742370931.572835
1742370931.592722
1742370931.639542
1742370931.661012
1742370931.703730
1742370931.726363
1742370931.773664
1742370931.794065
1742370931.840454
1742370931.859733
1742370931.906774
1742370931.927566
1742370931.974637
1742370931.993410
1742370932.040156
1742370932.060777
1742370932.106228
1742370932.126696
1742370932.174172
1742370932.193705
1742370932.240475
1742370932.260092
1742370932.306154
1742370932.327661
1742370932.372340
1742370932.393385
1742370932.432837
1742370932.470980
1742370932.494327
1742370932.535902
1742370932.561299
1742370932.606131
1742370932.628193
1742370932.666066
1742370932.700891
1742370932.732516
1742370932.766399
1742370932.794898
1742370932.840214
1742370932.861023
1742370932.906908
1742370932.927044
1742370932.974028
1742370932.994540
1742370933.037522
1742370933.060474
1742370933.106440
1742370933.128377
1742370933.174416
1742370933.193781
1742370933.241050
1742370933.261071
1742370933.304337
1742370933.327317
1742370933.373352
1742370933.394741
1742370933.440600
1742370933.460519
1742370933.507661
1742370933.527668
1742370933.572100
1742370933.594167
1742370933.640773
1742370933.661341
1742370933.707421
1742370933.727387
1742370933.770674
1742370933.796725
1742370933.838440
1742370933.860842
1742370933.908594
1742370933.927853
1742370933.972358
1742370933.994120
1742370934.040791
1742370934.061652
1742370934.108221
1742370934.127584
1742370934.174817
1742370934.194681
1742370934.237778
1742370934.261100
1742370934.303764
1742370934.328964
1742370934.371143
1742370934.394391
1742370934.441672
1742370934.461384
1742370934.502079
1742370934.528009
1742370934.574939
1742370934.594516
1742370934.640996
1742370934.660989
1742370934.707678
1742370934.728544
1742370934.773824
1742370934.794496
1742370934.841387
1742370934.861915
1742370934.909084
1742370934.928028
1742370934.969164
1742370934.999514
1742370935.037157
1742370935.061361
1742370935.103854
1742370935.131306
1742370935.174053
1742370935.194996
1742370935.240243
1742370935.261726
1742370935.305173
1742370935.328329
1742370935.372317
1742370935.395517
1742370935.436198
1742370935.461705
1742370935.507306
1742370935.528859
1742370935.575342
1742370935.595071
1742370935.638216
1742370935.662413
1742370935.705615
1742370935.728850
1742370935.775839
1742370935.795227
1742370935.841534
1742370935.861700
1742370935.908041
1742370935.928955
1742370935.973381
1742370935.995522
1742370936.041947
1742370936.062135
1742370936.108987
1742370936.128641
1742370936.172038
1742370936.195797
1742370936.240432
1742370936.261829
1742370936.305714
1742370936.329158
1742370936.374039
1742370936.395218
1742370936.442141
1742370936.462087
1742370936.508083
1742370936.528706
1742370936.576226
1742370936.595577
1742370936.642785
1742370936.662212
1742370936.708380
1742370936.729197
1742370936.776068
1742370936.795492
1742370936.842240
1742370936.862611
1742370936.906489
1742370936.929353
1742370936.976133
1742370936.995894
1742370937.042328
1742370937.062580
1742370937.109409
1742370937.129465
1742370937.176477
1742370937.195968
1742370937.240763
1742370937.262875
1742370937.309546
1742370937.329516
1742370937.373343
1742370937.396636
1742370937.443466
1742370937.462869
1742370937.505759
1742370937.531805
1742370937.573682
1742370937.596145
1742370937.641248
1742370937.662834
1742370937.705432
1742370937.730056
1742370937.775827
1742370937.796727
1742370937.841199
1742370937.862859
1742370937.908947
1742370937.929995
1742370937.975996
1742370937.996179
1742370938.037632
1742370938.071820
1742370938.101833
1742370938.130070
1742370938.172919
1742370938.200901
1742370938.242055
1742370938.263181
1742370938.306824
1742370938.334840
1742370938.375409
1742370938.397134
1742370938.442473
1742370938.464043
1742370938.509511
1742370938.529687
1742370938.573334
1742370938.597627
1742370938.643676
1742370938.663188
1742370938.709399
1742370938.730781
1742370938.774011
1742370938.796995
1742370938.840947
1742370938.867139
1742370938.909396
1742370938.939884
1742370938.963311
1742370939.009941
1742370939.031088
1742370939.077337
1742370939.098157
1742370939.144598
1742370939.164036
1742370939.211180
1742370939.232161
1742370939.275535
1742370939.298736
1742370939.340005
1742370939.370871
1742370939.399193
1742370939.440843
1742370939.468448
1742370939.509631
1742370939.530604
1742370939.575624
1742370939.598325
1742370939.641845
1742370939.663443
1742370939.710789
1742370939.731411
1742370939.773073
1742370939.796919
1742370939.843270
1742370939.865244
1742370939.908405
1742370939.930316
1742370939.971899
1742370940.005975
1742370940.035270
1742370940.065266
1742370940.109778
1742370940.132301
1742370940.177411
1742370940.197074
1742370940.240881
1742370940.269281
1742370940.310345
1742370940.330487
1742370940.377909
1742370940.399400
1742370940.445677
1742370940.464043
1742370940.507716
1742370940.532786
1742370940.574616
1742370940.597340
1742370940.643793
1742370940.665648
1742370940.709086
1742370940.730658
1742370940.773843
1742370940.802257
1742370940.843887
1742370940.863976
1742370940.910479
1742370940.932608
1742370940.974991
1742370940.997526
1742370941.043969
1742370941.066545
1742370941.109223
1742370941.131558
1742370941.178095
1742370941.199761
1742370941.242014
1742370941.264676
1742370941.307514
1742370941.336854
1742370941.377156
1742370941.397770
1742370941.444875
1742370941.467019
1742370941.509163
1742370941.531103
1742370941.575210
1742370941.598833
1742370941.644184
1742370941.664495
1742370941.710056
1742370941.734011
1742370941.776720
1742370941.798081
1742370941.841448
1742370941.871503
1742370941.909044
1742370941.931654
1742370941.976449
1742370942.000374
1742370942.042443
1742370942.066205
1742370942.108928
1742370942.138025
1742370942.175425
1742370942.198862
1742370942.243116
1742370942.267983
1742370942.310295
1742370942.331491
1742370942.378675
1742370942.400435
1742370942.443503
1742370942.464931
1742370942.508368
1742370942.537866
1742370942.575155
1742370942.599693
1742370942.643658
1742370942.668320
1742370942.710827
1742370942.731875
1742370942.779362
1742370942.801650
1742370942.843618
1742370942.865875
1742370942.907750
1742370942.933890
1742370942.970267
1742370943.005663
1742370943.038084
1742370943.074550
1742370943.105758
1742370943.135948
1742370943.177545
1742370943.202277
1742370943.244652
1742370943.265584
1742370943.308754
1742370943.337971
1742370943.375733
1742370943.399626
1742370943.445795
1742370943.468487
1742370943.508149
1742370943.533164
1742370943.576615
1742370943.603304
1742370943.645782
1742370943.665537
1742370943.711860
1742370943.736356
1742370943.778200
1742370943.800213
1742370943.844680
1742370943.869529
1742370943.911141
1742370943.935831
1742370943.976664
1742370944.004381
1742370944.044538
1742370944.067538
1742370944.108885
1742370944.138879
1742370944.177655
1742370944.199205
1742370944.242190
1742370944.271521
1742370944.311308
1742370944.332558
1742370944.379464
1742370944.404006
1742370944.444761
1742370944.466263
1742370944.508678
1742370944.539046
1742370944.578518
1742370944.599689
1742370944.644476
1742370944.670021
1742370944.708251
1742370944.736567
1742370944.777626
1742370944.804044
1742370944.845822
1742370944.866408
1742370944.911940
1742370944.936279
1742370944.977620
1742370945.000079
1742370945.044624
1742370945.070545
1742370945.108105
1742370945.136991
1742370945.177430
1742370945.205751
1742370945.243798
1742370945.270859
1742370945.307908
1742370945.342544
1742370945.375387
1742370945.403506
1742370945.445021
1742370945.470877
1742370945.509377
1742370945.533900
1742370945.579263
1742370945.604303
1742370945.642281
1742370945.668521
1742370945.710572
1742370945.739380
1742370945.776348
1742370945.803517
1742370945.844242
1742370945.873555
1742370945.909737
1742370945.936978
1742370945.977224
1742370946.007278
1742370946.042939
1742370946.071569
1742370946.109516
1742370946.140268
1742370946.178912
1742370946.200562
1742370946.245276
1742370946.272379
1742370946.309024
1742370946.335899
1742370946.377511
1742370946.406821
1742370946.444925
1742370946.469493
1742370946.510351
1742370946.539957
1742370946.576896
1742370946.603733
1742370946.643993
1742370946.673560
1742370946.710967
1742370946.734820
1742370946.777308
1742370946.807311
1742370946.843645
1742370946.867232
1742370946.911940
1742370946.938090
1742370946.978941
1742370947.000468
1742370947.045827
1742370947.071167
1742370947.108703
1742370947.137245
1742370947.178302
1742370947.207226
1742370947.245543
1742370947.279184
1742370947.300879
1742370947.347159
1742370947.372258
1742370947.412041
1742370947.441423
1742370947.476768
1742370947.505132
1742370947.543791
1742370947.573807
1742370947.610169
1742370947.638216
1742370947.677312
1742370947.707342
1742370947.741337
1742370947.773157
1742370947.811651
1742370947.841515
1742370947.873243
1742370947.908382
1742370947.943365
1742370947.977353
1742370948.005596
1742370948.039792
1742370948.079283
1742370948.105496
1742370948.142639
1742370948.172492
1742370948.212680
1742370948.240012
1742370948.275303
1742370948.306863
1742370948.345414
1742370948.375232
1742370948.407688
1742370948.442092
1742370948.477199
1742370948.508985
1742370948.539163
1742370948.577743
1742370948.608229
1742370948.644526
1742370948.670865
1742370948.707941
1742370948.744106
1742370948.773964
1742370948.806153
1742370948.843323
1742370948.874592
1742370948.911178
1742370948.934741
1742370948.978501
1742370949.007598
1742370949.045639
1742370949.068145
1742370949.112927
1742370949.138651
1742370949.178604
1742370949.201422
1742370949.247483
1742370949.272763
1742370949.311483
1742370949.335774
1742370949.378362
1742370949.407441
1742370949.444195
1742370949.470143
1742370949.511694
1742370949.541658
1742370949.577681
1742370949.602587
1742370949.643435
1742370949.676668
1742370949.710497
1742370949.735252
1742370949.780439
1742370949.806428
1742370949.847461
1742370949.868504
1742370949.909582
1742370949.942049
1742370949.977084
1742370950.001778
1742370950.047491
1742370950.072617
1742370950.111636
1742370950.135463
1742370950.180635
1742370950.205530
1742370950.244660
1742370950.268766
1742370950.312013
1742370950.341434
1742370950.377542
1742370950.402066
1742370950.443519
1742370950.472683
1742370950.510392
1742370950.535376
1742370950.577787
1742370950.607461
1742370950.646508
1742370950.668891
1742370950.710634
1742370950.742037
1742370950.779118
1742370950.802168
1742370950.844892
1742370950.875398
1742370950.909634
1742370950.939554
1742370950.979355
1742370951.007653
1742370951.045520
1742370951.070322
1742370951.108200
1742370951.144419
1742370951.179153
1742370951.203764
1742370951.246469
1742370951.275686
1742370951.309650
1742370951.340333
1742370951.377412
1742370951.411531
1742370951.443072
1742370951.474109
1742370951.508991
1742370951.544472
1742370951.578290
1742370951.602925
1742370951.644013
1742370951.678238
1742370951.709852
1742370951.736895
1742370951.775171
1742370951.812254
1742370951.842159
1742370951.870655
1742370951.908329
1742370951.944211
1742370951.976590
1742370952.005307
1742370952.045523
1742370952.075047
1742370952.109536
1742370952.140055
1742370952.180223
1742370952.207242
1742370952.247781
1742370952.269765
1742370952.312416
1742370952.341930
1742370952.377174
1742370952.403388
1742370952.444364
1742370952.476699
1742370952.511129
1742370952.536540
1742370952.579719
1742370952.608723
1742370952.644457
1742370952.671314
1742370952.710478
1742370952.744934
1742370952.778611
1742370952.803064
1742370952.838163
1742370952.878602
1742370952.911988
1742370952.940432
1742370952.976580
1742370953.010084
1742370953.044019
1742370953.074826
1742370953.109536
1742370953.141616
1742370953.181575
1742370953.204416
1742370953.245703
1742370953.279978
1742370953.309973
1742370953.341883
1742370953.377345
1742370953.410769
1742370953.445479
1742370953.473373
1742370953.514297
1742370953.542600
1742370953.576496
1742370953.607559
1742370953.644342
1742370953.678295
1742370953.711717
1742370953.737726
1742370953.778696
1742370953.812611
1742370953.845653
1742370953.870683
1742370953.909726
1742370953.941869
1742370953.974591
1742370954.003917
1742370954.047720
1742370954.075135
1742370954.111844
1742370954.137934
1742370954.177814
1742370954.213617
1742370954.242501
1742370954.272997
1742370954.314000
1742370954.343428
1742370954.377353
1742370954.404157
1742370954.444106
1742370954.478482
1742370954.513105
1742370954.537322
1742370954.577427
1742370954.613242
1742370954.643090
1742370954.674928
1742370954.711893
1742370954.746534
1742370954.777705
1742370954.808219
1742370954.846772
1742370954.875793
1742370954.914991
1742370954.938136
1742370954.978738
1742370955.014381
1742370955.044439
1742370955.076171
1742370955.112950
1742370955.145105
1742370955.180341
1742370955.208466
1742370955.247474
1742370955.278109
1742370955.313128
1742370955.342644
1742370955.378455
1742370955.413643
1742370955.446628
1742370955.475433
1742370955.513430
1742370955.544377
1742370955.578583
1742370955.613990
1742370955.638210
1742370955.680015
1742370955.709128
1742370955.748405
1742370955.776053
1742370955.809533
1742370955.845075
1742370955.881471
1742370955.909558
1742370955.942373
1742370955.978678
1742370956.012352
1742370956.048301
1742370956.071574
1742370956.113506
1742370956.144067
1742370956.180184
1742370956.204901
1742370956.246102
1742370956.277257
1742370956.313486
1742370956.338527
1742370956.380073
1742370956.411899
1742370956.447756
1742370956.471644
1742370956.515753
1742370956.543031
1742370956.580440
1742370956.605443
1742370956.647138
1742370956.677274
1742370956.713213
1742370956.739945
1742370956.781246
1742370956.809533
1742370956.848984
1742370956.871783
1742370956.915649
1742370956.944831
1742370956.980239
1742370957.006161
1742370957.049408
1742370957.076743
1742370957.117747
1742370957.138801
1742370957.181643
1742370957.211781
1742370957.247870
1742370957.274703
1742370957.316344
1742370957.342694
1742370957.382817
1742370957.407329
1742370957.446036
1742370957.483957
1742370957.507333
1742370957.548609
1742370957.576516
1742370957.615312
1742370957.645287
1742370957.677243
1742370957.712068
1742370957.747948
1742370957.779554
1742370957.805833
1742370957.848220
1742370957.878168
1742370957.915652
1742370957.938856
1742370957.981264
1742370958.012497
1742370958.048148
1742370958.072533
1742370958.114334
1742370958.144150
1742370958.183776
1742370958.206006
1742370958.249101
1742370958.278460
1742370958.318085
1742370958.339308
1742370958.384286
1742370958.409505
1742370958.450916
1742370958.472589
1742370958.515262
1742370958.544045
1742370958.583759
1742370958.605884
1742370958.651248
1742370958.675832
1742370958.716993
1742370958.739428
1742370958.783228
1742370958.810572
1742370958.851361
1742370958.872737
1742370958.917160
1742370958.943733
1742370958.983173
1742370959.006512
1742370959.052983
1742370959.076169
1742370959.118351
1742370959.139700
1742370959.183604
1742370959.210501
1742370959.249195
1742370959.275927
1742370959.319057
1742370959.342893
1742370959.381191
1742370959.411862
1742370959.448523
1742370959.480119
1742370959.518122
1742370959.540114
1742370959.583027
1742370959.610429
1742370959.651243
1742370959.673244
1742370959.715161
1742370959.745361
1742370959.776128
1742370959.810577
1742370959.851116
1742370959.876176
1742370959.919190
1742370959.939886
1742370959.984166
1742370960.007576
1742370960.048808
1742370960.073904
1742370960.115687
1742370960.144758
1742370960.185009
1742370960.206770
1742370960.249697
1742370960.276974
1742370960.314994
1742370960.343033
1742370960.383655
1742370960.410083
1742370960.451959
1742370960.473548
1742370960.518347
1742370960.543377
1742370960.581992
1742370960.607009
1742370960.654099
1742370960.675660
1742370960.717829
1742370960.740478
1742370960.785178
1742370960.809825
1742370960.853445
1742370960.873811
1742370960.918137
1742370960.941637
1742370960.985584
1742370961.007302
1742370961.050539
1742370961.076974
1742370961.114815
1742370961.143716
1742370961.184162
1742370961.211005
1742370961.252597
1742370961.274127
1742370961.318553
1742370961.343597
1742370961.380222
1742370961.411076
1742370961.444791
1742370961.477759
1742370961.512819
1742370961.540260
1742370961.581841
1742370961.614159
1742370961.650179
1742370961.676810
1742370961.718003
1742370961.744237
1742370961.786972
1742370961.807709
1742370961.850971
1742370961.877880
1742370961.919905
1742370961.941056
1742370961.988397
1742370962.009650
1742370962.054438
1742370962.074420
1742370962.118028
1742370962.143451
1742370962.182727
1742370962.207602
1742370962.252080
1742370962.277016
1742370962.319596
1742370962.341228
1742370962.386428
1742370962.410160
1742370962.449226
1742370962.479290
1742370962.519063
1742370962.544161
1742370962.578948
1742370962.618193
1742370962.643614
1742370962.682415
1742370962.708027
1742370962.752766
1742370962.776963
1742370962.818129
1742370962.841359
1742370962.887743
1742370962.910203
1742370962.953895
1742370962.974883
1742370963.021335
1742370963.043449
1742370963.086988
1742370963.108389
1742370963.155388
1742370963.177119
1742370963.216147
1742370963.243153
1742370963.289525
1742370963.310094
1742370963.353046
1742370963.375310
1742370963.412390
1742370963.450472
1742370963.483357
1742370963.510417
1742370963.552371
1742370963.577920
1742370963.616717
1742370963.642585
1742370963.689225
1742370963.710283
1742370963.749979
1742370963.775680
1742370963.822148
1742370963.842962
1742370963.889707
1742370963.910211
1742370963.956431
1742370963.975765
1742370964.022187
1742370964.043688
1742370964.090333
1742370964.109212
1742370964.150874
1742370964.177037
1742370964.222375
1742370964.243901
1742370964.280130
1742370964.315556
1742370964.353204
1742370964.377126
1742370964.413436
1742370964.448989
1742370964.485591
1742370964.512426
1742370964.546826
1742370964.587673
1742370964.610736
1742370964.653931
1742370964.675875
1742370964.722454
1742370964.743807
1742370964.783935
1742370964.809401
1742370964.856429
1742370964.877318
1742370964.918702
1742370964.942968
1742370964.989783
1742370965.010519
1742370965.056284
1742370965.076331
1742370965.116048
1742370965.148828
1742370965.189464
1742370965.209860
1742370965.254646
1742370965.277482
1742370965.320275
1742370965.344167
1742370965.390419
1742370965.410450
1742370965.455981
1742370965.476691
1742370965.522556
1742370965.544081
1742370965.590208
1742370965.610138
1742370965.655368
1742370965.677730
1742370965.718309
1742370965.743351
1742370965.790541
1742370965.810369
1742370965.853963
1742370965.876477
1742370965.922693
1742370965.944274
1742370965.990450
1742370966.010135
1742370966.056190
1742370966.077547
1742370966.123104
1742370966.143395
1742370966.189521
1742370966.211010
1742370966.255792
1742370966.276965
1742370966.323884
1742370966.343981
1742370966.387285
1742370966.410305
1742370966.457235
1742370966.477635
1742370966.522083
1742370966.543570
1742370966.589619
1742370966.610835
1742370966.654289
1742370966.676782
1742370966.720039
1742370966.744358
1742370966.789438
1742370966.810240
1742370966.855605
1742370966.877892
1742370966.924951
1742370966.943801
1742370966.990779
1742370967.011140
1742370967.056167
1742370967.077140
1742370967.123741
1742370967.144588
1742370967.190507
1742370967.210679
1742370967.254699
1742370967.277572
1742370967.324632
1742370967.344224
1742370967.390822
1742370967.411182
1742370967.458507
1742370967.477790
1742370967.520367
1742370967.546623
1742370967.586576
1742370967.611483
1742370967.657000
1742370967.678274
1742370967.724404
1742370967.744393
1742370967.791398
1742370967.811337
1742370967.857600
1742370967.877681
1742370967.925064
1742370967.944593
1742370967.991620
1742370968.010949
1742370968.056623
1742370968.077733
1742370968.120530
1742370968.144156
1742370968.191187
1742370968.210964
1742370968.257720
1742370968.277713
1742370968.324500
1742370968.344434
1742370968.391088
1742370968.411158
1742370968.455167
1742370968.478560
1742370968.524476
1742370968.544554
1742370968.591783
1742370968.611461
1742370968.655589
1742370968.678003
1742370968.721171
1742370968.747253
1742370968.790621
1742370968.811307
1742370968.858209
1742370968.878191
1742370968.925211
1742370968.944776
1742370968.991640
1742370969.011719
1742370969.055683
1742370969.078117
1742370969.124674
1742370969.144801
1742370969.191801
1742370969.211484
1742370969.254975
1742370969.278602
1742370969.322497
1742370969.345000
1742370969.392136
1742370969.412005
1742370969.455357
1742370969.478240
1742370969.522868
1742370969.545547
1742370969.592078
1742370969.611988
1742370969.657375
1742370969.678659
1742370969.723442
1742370969.745040
1742370969.787951
1742370969.814983
1742370969.859306
1742370969.878609
1742370969.924642
1742370969.945829
1742370969.988549
1742370970.011809
1742370970.054821
1742370970.080104
1742370970.126199
1742370970.145321
1742370970.192002
1742370970.212448
1742370970.256087
1742370970.278764
1742370970.325152
1742370970.346025
1742370970.392561
1742370970.412219
1742370970.455947
1742370970.479412
1742370970.524816
1742370970.545534
1742370970.592293
1742370970.612444
1742370970.657496
1742370970.678971
1742370970.721699
1742370970.749879
1742370970.791740
1742370970.812308
1742370970.858544
1742370970.879891
1742370970.926702
1742370970.945727
1742370970.990967
1742370971.013136
1742370971.058055
1742370971.079239
1742370971.124407
1742370971.146402
1742370971.189007
1742370971.212897
1742370971.259978
1742370971.280826
1742370971.326680
1742370971.345945
1742370971.393461
1742370971.414276
1742370971.460430
1742370971.479695
1742370971.522914
1742370971.548033
1742370971.588116
1742370971.614146
1742370971.657249
1742370971.681972
1742370971.724579
1742370971.747257
1742370971.793529
1742370971.814436
1742370971.858222
1742370971.879575
1742370971.924987
1742370971.947540
1742370971.990642
1742370972.012904
1742370972.058621
1742370972.080524
1742370972.123861
1742370972.146239
1742370972.193205
1742370972.214974
1742370972.260504
1742370972.289816
1742370972.313100
1742370972.356895
1742370972.384502
1742370972.425965
1742370972.448378
1742370972.488711
1742370972.514761
1742370972.560694
1742370972.581609
1742370972.619060
1742370972.654636
1742370972.682682
1742370972.723046
1742370972.746757
1742370972.790691
1742370972.816441
1742370972.858466
1742370972.879984
1742370972.916493
1742370972.952182
1742370972.983465
1742370973.013360
1742370973.054390
1742370973.088021
1742370973.122773
1742370973.147303
1742370973.190325
1742370973.218198
1742370973.259735
1742370973.280357
1742370973.326442
1742370973.349063
1742370973.392835
1742370973.414266
1742370973.461106
1742370973.483188
1742370973.525521
1742370973.547995
1742370973.594195
1742370973.615803
1742370973.658462
1742370973.682728
1742370973.725037
1742370973.749731
1742370973.792788
1742370973.815340
1742370973.860946
1742370973.883511
1742370973.926981
1742370973.947942
1742370973.993754
1742370974.016749
1742370974.060715
1742370974.081146
1742370974.127160
1742370974.149870
1742370974.194453
1742370974.214373
1742370974.258778
1742370974.286021
1742370974.326973
1742370974.347448
1742370974.391003
1742370974.420695
1742370974.457429
1742370974.481303
1742370974.525802
1742370974.550650
1742370974.594667
1742370974.614275
1742370974.660277
1742370974.683988
1742370974.724436
1742370974.747584
1742370974.793471
1742370974.817384
1742370974.860825
1742370974.880777
1742370974.927535
1742370974.950954
1742370974.981543
1742370975.025283
1742370975.050587
1742370975.091311
1742370975.114053
1742370975.159621
1742370975.183949
1742370975.227457
1742370975.247596
1742370975.292906
1742370975.317139
1742370975.359460
1742370975.381082
1742370975.427637
1742370975.451165
1742370975.490981
1742370975.514476
1742370975.560475
1742370975.584573
1742370975.627326
1742370975.647983
1742370975.689954
1742370975.718779
1742370975.760552
1742370975.781322
1742370975.827959
1742370975.851174
1742370975.884518
1742370975.926085
1742370975.951617
1742370975.993765
1742370976.014606
1742370976.061629
1742370976.082556
1742370976.126554
1742370976.148194
1742370976.193030
1742370976.218238
1742370976.259688
1742370976.281485
1742370976.327232
1742370976.351514
1742370976.392921
1742370976.414811
1742370976.461224
1742370976.484391
1742370976.526372
1742370976.548227
1742370976.591625
1742370976.618808
1742370976.660960
1742370976.681713
1742370976.728093
1742370976.751043
1742370976.793072
1742370976.815111
1742370976.862333
1742370976.883947
1742370976.928617
1742370976.948603
1742370976.994969
1742370977.017981
1742370977.060181
1742370977.081994
1742370977.125776
1742370977.152515
1742370977.194119
1742370977.215249
1742370977.259831
1742370977.286451
1742370977.328126
1742370977.348683
1742370977.393232
1742370977.419205
1742370977.459611
1742370977.481998
1742370977.529055
1742370977.551622
1742370977.593432
1742370977.615374
1742370977.659257
1742370977.687161
1742370977.724910
1742370977.748976
1742370977.793189
1742370977.819859
1742370977.861317
1742370977.882207
1742370977.925852
1742370977.953698
1742370977.993726
1742370978.015719
1742370978.056572
1742370978.090418
1742370978.124663
1742370978.149511
1742370978.196479
1742370978.218875
1742370978.260042
1742370978.282739
1742370978.327488
1742370978.353979
1742370978.392111
1742370978.415811
1742370978.459766
1742370978.487259
1742370978.526209
1742370978.549413
1742370978.591532
1742370978.621735
1742370978.660511
1742370978.682549
1742370978.726493
1742370978.753342
1742370978.793553
1742370978.816074
1742370978.861913
1742370978.886351
1742370978.928482
1742370978.949394
1742370978.994539
1742370979.020444
1742370979.060891
1742370979.082939
1742370979.129308
1742370979.153671
1742370979.193781
1742370979.216204
1742370979.260354
1742370979.286864
1742370979.325059
1742370979.349687
1742370979.389568
1742370979.424909
1742370979.454238
1742370979.484920
1742370979.526827
1742370979.554492
1742370979.589686
1742370979.616458
1742370979.655774
1742370979.691756
1742370979.722175
1742370979.749845
1742370979.791806
1742370979.823068
1742370979.858400
1742370979.883179
1742370979.926331
1742370979.954562
1742370979.991656
1742370980.016615
1742370980.061902
1742370980.086410
1742370980.127889
1742370980.149926
1742370980.195917
1742370980.219864
1742370980.260998
1742370980.283424
1742370980.329887
1742370980.353471
1742370980.391105
1742370980.417269
1742370980.461894
1742370980.485574
1742370980.529965
1742370980.555194
1742370980.591331
1742370980.623619
1742370980.650213
1742370980.694652
1742370980.718998
1742370980.759903
1742370980.787824
1742370980.817042
1742370980.858207
1742370980.886948
1742370980.928828
1742370980.950462
1742370980.991895
1742370981.018431
1742370981.063020
1742370981.083924
1742370981.128628
1742370981.155210
1742370981.194157
1742370981.217229
1742370981.261657
1742370981.286793
1742370981.323796
1742370981.350991
1742370981.394851
1742370981.420398
1742370981.457757
1742370981.484089
1742370981.526208
1742370981.555593
1742370981.592527
1742370981.617541
1742370981.659461
1742370981.687878
