1742371778.165973
1742371778.265494
1742371778.298885
1742371778.332202
1742371778.366639
1742371778.399230
1742371778.432501
1742371778.465698
1742371778.499000
1742371778.532601
1742371778.565561
1742371778.599475
1742371778.632517
1742371778.679525
1742371778.710563
1742371778.745591
1742371778.775395
1742371778.808343
1742371778.840072
1742371778.880072
1742371778.907744
1742371778.947570
1742371778.977132
1742371779.014592
1742371779.047090
1742371779.081743
1742371779.111064
1742371779.148131
1742371779.180521
1742371779.215603
1742371779.244740
1742371779.282477
1742371779.311718
1742371779.348642
1742371779.380841
1742371779.414489
1742371779.446457
1742371779.481598
1742371779.513687
1742371779.548664
1742371779.579673
1742371779.615819
1742371779.636605
1742371779.666821
1742371779.713565
1742371779.741102
1742371779.766625
1742371779.802543
1742371779.844347
1742371779.867032
1742371779.911602
1742371779.933008
1742371779.977141
1742371780.001397
1742371780.044325
1742371780.066315
1742371780.109956
1742371780.135200
1742371780.179670
1742371780.199856
1742371780.243338
1742371780.268813
1742371780.311691
1742371780.333055
1742371780.375743
1742371780.401599
1742371780.438609
1742371780.466596
1742371780.508687
1742371780.535955
1742371780.578136
1742371780.599958
1742371780.643537
1742371780.668918
1742371780.712152
1742371780.733422
1742371780.775218
1742371780.803310
1742371780.845208
1742371780.866716
1742371780.909188
1742371780.935601
1742371780.978288
1742371781.000184
1742371781.041588
1742371781.069829
1742371781.111478
1742371781.133633
1742371781.175913
1742371781.202833
1742371781.244739
1742371781.266875
1742371781.312145
1742371781.335518
1742371781.378744
1742371781.400282
1742371781.443206
1742371781.470105
1742371781.508518
1742371781.533940
1742371781.576223
1742371781.604514
1742371781.642341
1742371781.667033
1742371781.713188
1742371781.735691
1742371781.775512
1742371781.800497
1742371781.847460
1742371781.868045
1742371781.913832
1742371781.933987
1742371781.977236
1742371782.003492
1742371782.044892
1742371782.067265
1742371782.111210
1742371782.136387
1742371782.174811
1742371782.200574
1742371782.243897
1742371782.270734
1742371782.313958
1742371782.334217
1742371782.376875
1742371782.404340
1742371782.446079
1742371782.467480
1742371782.513922
1742371782.536213
1742371782.580760
1742371782.601531
1742371782.643613
1742371782.674060
1742371782.701941
1742371782.744804
1742371782.771964
1742371782.813988
1742371782.834694
1742371782.878116
1742371782.902160
1742371782.935854
1742371782.968090
1742371783.011335
1742371783.039356
1742371783.080210
1742371783.101348
1742371783.147504
1742371783.171949
1742371783.213189
1742371783.234886
1742371783.278691
1742371783.305460
1742371783.345368
1742371783.367753
1742371783.411706
1742371783.438619
1742371783.481574
1742371783.501704
1742371783.547634
1742371783.572418
1742371783.612959
1742371783.635089
1742371783.678726
1742371783.705830
1742371783.741036
1742371783.772537
1742371783.811811
1742371783.841679
1742371783.880280
1742371783.901800
1742371783.949247
1742371783.971503
1742371784.013260
1742371784.035394
1742371784.082716
1742371784.106174
1742371784.146741
1742371784.168547
1742371784.216109
1742371784.238308
1742371784.280574
1742371784.301934
1742371784.348744
1742371784.372887
1742371784.414387
1742371784.435311
1742371784.479970
1742371784.506708
1742371784.548088
1742371784.568832
1742371784.610632
1742371784.644142
1742371784.678105
1742371784.703712
1742371784.747044
1742371784.773036
1742371784.810892
1742371784.837141
1742371784.881788
1742371784.906560
1742371784.948015
1742371784.969146
1742371785.015587
1742371785.039688
1742371785.081577
1742371785.102474
1742371785.149253
1742371785.172597
1742371785.214627
1742371785.235724
1742371785.282446
1742371785.306779
1742371785.347779
1742371785.369362
1742371785.415703
1742371785.439917
1742371785.481509
1742371785.502639
1742371785.549690
1742371785.572879
1742371785.613151
1742371785.635794
1742371785.683026
1742371785.707022
1742371785.748228
1742371785.769378
1742371785.815540
1742371785.840390
1742371785.880592
1742371785.903016
1742371785.950039
1742371785.973818
1742371786.015324
1742371786.036153
1742371786.083245
1742371786.107108
1742371786.148841
1742371786.169572
1742371786.216336
1742371786.240508
1742371786.278421
1742371786.304144
1742371786.346504
1742371786.376313
1742371786.412661
1742371786.437140
1742371786.483510
1742371786.507444
1742371786.546088
1742371786.571649
1742371786.613890
1742371786.637867
1742371786.679919
1742371786.706222
1742371786.743952
1742371786.779467
1742371786.810676
1742371786.841016
1742371786.879435
1742371786.909357
1742371786.948030
1742371786.970515
1742371787.016767
1742371787.040069
1742371787.078260
1742371787.108158
1742371787.145067
1742371787.179231
1742371787.213003
1742371787.239363
1742371787.281073
1742371787.308248
1742371787.348730
1742371787.370520
1742371787.416177
1742371787.439272
1742371787.481145
1742371787.504935
1742371787.549706
1742371787.575107
1742371787.614092
1742371787.637877
1742371787.680408
1742371787.710059
1742371787.745671
1742371787.773710
1742371787.810763
1742371787.845021
1742371787.879806
1742371787.905254
1742371787.948006
1742371787.976418
1742371788.014252
1742371788.048565
1742371788.075334
1742371788.103712
1742371788.148903
1742371788.177676
1742371788.212488
1742371788.248042
1742371788.275350
1742371788.314169
1742371788.344132
1742371788.380634
1742371788.408349
1742371788.447131
1742371788.478649
1742371788.513399
1742371788.541188
1742371788.578435
1742371788.614814
1742371788.642383
1742371788.678540
1742371788.710430
1742371788.748553
1742371788.777785
1742371788.810651
1742371788.845826
1742371788.880138
1742371788.911636
1742371788.942727
1742371788.980962
1742371789.010744
1742371789.049185
1742371789.071933
1742371789.114075
1742371789.145993
1742371789.179259
1742371789.208974
1742371789.248303
1742371789.277651
1742371789.313532
1742371789.343272
1742371789.380255
1742371789.409781
1742371789.449287
1742371789.475796
1742371789.514885
1742371789.544256
1742371789.580613
1742371789.609383
1742371789.648997
1742371789.676316
1742371789.714475
1742371789.742701
1742371789.781949
1742371789.811542
1742371789.847732
1742371789.875448
1742371789.914932
1742371789.945750
1742371789.981418
1742371790.009481
1742371790.049357
1742371790.075723
1742371790.116302
1742371790.140284
1742371790.179747
1742371790.214040
1742371790.244952
1742371790.276798
1742371790.314889
1742371790.346945
1742371790.378918
1742371790.410146
1742371790.446141
1742371790.478382
1742371790.515134
1742371790.539819
1742371790.581827
1742371790.612690
1742371790.646439
1742371790.673955
1742371790.712133
1742371790.744489
1742371790.779791
1742371790.810334
1742371790.847810
1742371790.880433
1742371790.915608
1742371790.943616
1742371790.981559
1742371791.012488
1742371791.047602
1742371791.076615
1742371791.115291
1742371791.143886
1742371791.183822
1742371791.206220
1742371791.244511
1742371791.282212
1742371791.311108
1742371791.344163
1742371791.379846
1742371791.413935
1742371791.446765
1742371791.476338
1742371791.516509
1742371791.543453
1742371791.584067
1742371791.606106
1742371791.648127
1742371791.680088
1742371791.715725
1742371791.740656
1742371791.780286
1742371791.815572
1742371791.845231
1742371791.876238
1742371791.916600
1742371791.946109
1742371791.980345
1742371792.008172
1742371792.049625
1742371792.079058
1742371792.115685
1742371792.142072
1742371792.182971
1742371792.211613
1742371792.250741
1742371792.272809
1742371792.310948
1742371792.349804
1742371792.377885
1742371792.410843
1742371792.447052
1742371792.480941
1742371792.515796
1742371792.543256
1742371792.584213
1742371792.610746
1742371792.650175
1742371792.674823
1742371792.715240
1742371792.740879
1742371792.782409
1742371792.808012
1742371792.848147
1742371792.882961
1742371792.909980
1742371792.945039
1742371792.976834
1742371793.015777
1742371793.049088
1742371793.076225
1742371793.117141
1742371793.145492
1742371793.181485
1742371793.211015
1742371793.249463
1742371793.279446
1742371793.315367
1742371793.343856
1742371793.382478
1742371793.416255
1742371793.446465
1742371793.475800
1742371793.517158
1742371793.547015
1742371793.581136
1742371793.611437
1742371793.646849
1742371793.681784
1742371793.715058
1742371793.744117
1742371793.782330
1742371793.814058
1742371793.846151
1742371793.878177
1742371793.913721
1742371793.949936
1742371793.978976
1742371794.009057
1742371794.041119
1742371794.079304
1742371794.114448
1742371794.145391
1742371794.180232
1742371794.215421
1742371794.250379
1742371794.275072
1742371794.316203
1742371794.348622
1742371794.384097
1742371794.409927
1742371794.447410
1742371794.482758
1742371794.516870
1742371794.544587
1742371794.584266
1742371794.612893
1742371794.648607
1742371794.677829
1742371794.717989
1742371794.745940
1742371794.783119
1742371794.808907
1742371794.850657
1742371794.878883
1742371794.916028
1742371794.943832
1742371794.984348
1742371795.013157
1742371795.048308
1742371795.076677
1742371795.117452
1742371795.147907
1742371795.182626
1742371795.210215
1742371795.250112
1742371795.279358
1742371795.317180
1742371795.341874
1742371795.383814
1742371795.412548
1742371795.447796
1742371795.478591
1742371795.518117
1742371795.546050
1742371795.580734
1742371795.611398
1742371795.651963
1742371795.679447
1742371795.715087
1742371795.745816
1742371795.781799
1742371795.813387
1742371795.848853
1742371795.880723
1742371795.914552
1742371795.950234
1742371795.980312
1742371796.014663
1742371796.048313
1742371796.084210
1742371796.114771
1742371796.145897
1742371796.182641
1742371796.216430
1742371796.247549
1742371796.281513
1742371796.314327
1742371796.350802
1742371796.381809
1742371796.419235
1742371796.441499
1742371796.483400
1742371796.517120
1742371796.546091
1742371796.585628
1742371796.611272
1742371796.648799
1742371796.684823
1742371796.710477
1742371796.751490
1742371796.778889
1742371796.817232
1742371796.849159
1742371796.880305
1742371796.915248
1742371796.951473
1742371796.979699
1742371797.017498
1742371797.045797
1742371797.085019
1742371797.112248
1742371797.151637
1742371797.179979
1742371797.217287
1742371797.246944
1742371797.282796
1742371797.312699
1742371797.351522
1742371797.382670
1742371797.413212
1742371797.452277
1742371797.479842
1742371797.521030
1742371797.542175
1742371797.584358
1742371797.615524
1742371797.649234
1742371797.680964
1742371797.716231
1742371797.750445
1742371797.780691
1742371797.817968
1742371797.846471
1742371797.885240
1742371797.913056
1742371797.952839
1742371797.978479
1742371798.019375
1742371798.046867
1742371798.086654
1742371798.111545
1742371798.154251
1742371798.178491
1742371798.220268
1742371798.244944
1742371798.286928
1742371798.313333
1742371798.347035
1742371798.386443
1742371798.413222
1742371798.450052
1742371798.479404
1742371798.517546
1742371798.552243
1742371798.580092
1742371798.612855
1742371798.650994
1742371798.684827
1742371798.719318
1742371798.744730
1742371798.786282
1742371798.812308
1742371798.854966
1742371798.875921
1742371798.922731
1742371798.945689
1742371798.987419
1742371799.009279
1742371799.052907
1742371799.079222
1742371799.117095
1742371799.148682
1742371799.182933
1742371799.219513
1742371799.247451
1742371799.287040
1742371799.312139
1742371799.353835
1742371799.379757
1742371799.418704
1742371799.445872
1742371799.484534
1742371799.516592
1742371799.548349
1742371799.583805
1742371799.619054
1742371799.647086
1742371799.683782
1742371799.714366
1742371799.753710
1742371799.779808
1742371799.818488
1742371799.845959
1742371799.884390
1742371799.920447
1742371799.944591
1742371799.983623
1742371800.015334
1742371800.055817
1742371800.077096
1742371800.117272
1742371800.150101
1742371800.186577
1742371800.211037
1742371800.252870
1742371800.280180
1742371800.321903
1742371800.343225
1742371800.385975
1742371800.413016
1742371800.451687
1742371800.478916
1742371800.521386
1742371800.546517
1742371800.587894
1742371800.610828
1742371800.656030
1742371800.679456
1742371800.721985
1742371800.744070
1742371800.789707
1742371800.812816
1742371800.855782
1742371800.876956
1742371800.922058
1742371800.946111
1742371800.988623
1742371801.010283
1742371801.054231
1742371801.079992
1742371801.118709
1742371801.145344
1742371801.184632
1742371801.221676
1742371801.247280
1742371801.283479
1742371801.318650
1742371801.350016
1742371801.390281
1742371801.410533
1742371801.453445
1742371801.479687
1742371801.518922
1742371801.546415
1742371801.587878
1742371801.613822
1742371801.652482
1742371801.679620
1742371801.721960
1742371801.746629
1742371801.786061
1742371801.812984
1742371801.855703
1742371801.879855
1742371801.921764
1742371801.944374
1742371801.989379
1742371802.012912
1742371802.052185
1742371802.079816
1742371802.122678
1742371802.146467
1742371802.190704
1742371802.211380
1742371802.257294
1742371802.279780
1742371802.321896
1742371802.345436
1742371802.392312
1742371802.412629
1742371802.455182
1742371802.477860
1742371802.521571
1742371802.547522
1742371802.586322
1742371802.611683
1742371802.657863
1742371802.679375
1742371802.718660
1742371802.746719
1742371802.784722
1742371802.821538
1742371802.848407
1742371802.884872
1742371802.918651
1742371802.951378
1742371802.984420
1742371803.015138
1742371803.053109
1742371803.081731
1742371803.121373
1742371803.145111
1742371803.191831
1742371803.213247
1742371803.254497
1742371803.279653
1742371803.325083
1742371803.346652
1742371803.392155
1742371803.411847
1742371803.457787
1742371803.480115
1742371803.523624
1742371803.545142
1742371803.591771
1742371803.613032
1742371803.658267
1742371803.678679
1742371803.725367
1742371803.746574
1742371803.792421
1742371803.811967
1742371803.858022
1742371803.880232
1742371803.925542
1742371803.945688
1742371803.991484
1742371804.013393
1742371804.059013
1742371804.079100
1742371804.125013
1742371804.146830
1742371804.192597
1742371804.212465
1742371804.259848
1742371804.279881
1742371804.325625
1742371804.345804
1742371804.392310
1742371804.413645
1742371804.459683
1742371804.479127
1742371804.525695
1742371804.546665
1742371804.592221
1742371804.612628
1742371804.659358
1742371804.680069
1742371804.725652
1742371804.755584
1742371804.779055
1742371804.826252
1742371804.847076
1742371804.893419
1742371804.913232
1742371804.959535
1742371804.979536
1742371805.025615
1742371805.046997
1742371805.092450
1742371805.112743
1742371805.159042
1742371805.180230
1742371805.220068
1742371805.247207
1742371805.292446
1742371805.313971
1742371805.355162
1742371805.380581
1742371805.426657
1742371805.446873
1742371805.490191
1742371805.513628
1742371805.555885
1742371805.581364
1742371805.617595
1742371805.655383
1742371805.683869
1742371805.725111
1742371805.746161
1742371805.792948
1742371805.813615
1742371805.860443
1742371805.879618
1742371805.921867
1742371805.947760
1742371805.993917
1742371806.013140
1742371806.060007
1742371806.080418
1742371806.123550
1742371806.146855
1742371806.193475
1742371806.213951
1742371806.259892
1742371806.279950
1742371806.325506
1742371806.347477
1742371806.393749
1742371806.413460
1742371806.456296
1742371806.482285
1742371806.520003
1742371806.547671
1742371806.591490
1742371806.614093
1742371806.661352
1742371806.680362
1742371806.724958
1742371806.747611
1742371806.793665
1742371806.813472
1742371806.860346
1742371806.880731
1742371806.926373
1742371806.946794
1742371806.990242
1742371807.016131
1742371807.056794
1742371807.080677
1742371807.125988
1742371807.147778
1742371807.191626
1742371807.213632
1742371807.257095
1742371807.281024
1742371807.324292
1742371807.346988
1742371807.394135
1742371807.413938
1742371807.457669
1742371807.480591
1742371807.526160
1742371807.547771
1742371807.590888
1742371807.613948
1742371807.657423
1742371807.681284
1742371807.726371
1742371807.747353
1742371807.790975
1742371807.814206
1742371807.861148
1742371807.880586
1742371807.923671
1742371807.951807
1742371807.993091
1742371808.014033
1742371808.059593
1742371808.080876
1742371808.123446
1742371808.147682
1742371808.194630
1742371808.214417
1742371808.254257
1742371808.281872
1742371808.324161
1742371808.347946
1742371808.391279
1742371808.414287
1742371808.461390
1742371808.481195
1742371808.526766
1742371808.547843
1742371808.594569
1742371808.614563
1742371808.661419
1742371808.681373
1742371808.724336
1742371808.751767
1742371808.792621
1742371808.814819
1742371808.861488
1742371808.881416
1742371808.927122
1742371808.948088
1742371808.991052
1742371809.018333
1742371809.060243
1742371809.081170
1742371809.126841
1742371809.148328
1742371809.194588
1742371809.214557
1742371809.261505
1742371809.281780
1742371809.327266
1742371809.348685
1742371809.392318
1742371809.415354
1742371809.461345
1742371809.481938
1742371809.524548
1742371809.552453
1742371809.592613
1742371809.615434
1742371809.661808
1742371809.682214
1742371809.727476
1742371809.748452
1742371809.792219
1742371809.820140
1742371809.860896
1742371809.882095
1742371809.926743
1742371809.949280
1742371809.995580
1742371810.015333
1742371810.059987
1742371810.082371
1742371810.127458
1742371810.149165
1742371810.191657
1742371810.218866
1742371810.260443
1742371810.283134
1742371810.327254
1742371810.349618
1742371810.392667
1742371810.416676
1742371810.460869
1742371810.483190
1742371810.527779
1742371810.549623
1742371810.590963
1742371810.616584
1742371810.663198
1742371810.682074
1742371810.725150
1742371810.752899
1742371810.796141
1742371810.815422
1742371810.862531
1742371810.883709
1742371810.925630
1742371810.949154
1742371810.992043
1742371811.020469
1742371811.061952
1742371811.082400
1742371811.127928
1742371811.149501
1742371811.194826
1742371811.215478
1742371811.262183
1742371811.283740
1742371811.325912
1742371811.349585
1742371811.392698
1742371811.420150
1742371811.461878
1742371811.482337
1742371811.524735
1742371811.555490
1742371811.592344
1742371811.616389
1742371811.662637
1742371811.684350
1742371811.727869
1742371811.749283
1742371811.796580
1742371811.817492
1742371811.858941
1742371811.882709
1742371811.927087
1742371811.951848
1742371811.994333
1742371812.016192
1742371812.062699
1742371812.084501
1742371812.127780
1742371812.151707
1742371812.193363
1742371812.221985
1742371812.262162
1742371812.285173
1742371812.325558
1742371812.353889
1742371812.396494
1742371812.416241
1742371812.463668
1742371812.485355
1742371812.527604
1742371812.549675
1742371812.595695
1742371812.618089
1742371812.663574
1742371812.683216
1742371812.725557
1742371812.751939
1742371812.794313
1742371812.816603
1742371812.863302
1742371812.885404
1742371812.921179
1742371812.949768
1742371812.988218
1742371813.024948
1742371813.050556
1742371813.094646
1742371813.116479
1742371813.160092
1742371813.189734
1742371813.225898
1742371813.255557
1742371813.291206
1742371813.319534
1742371813.362590
1742371813.385464
1742371813.427102
1742371813.453133
1742371813.490563
1742371813.525437
1742371813.552879
1742371813.594083
1742371813.621047
1742371813.663123
1742371813.683729
1742371813.729486
1742371813.752710
1742371813.794958
1742371813.818474
1742371813.861197
1742371813.889717
1742371813.925702
1742371813.952320
1742371813.993649
1742371814.023508
1742371814.061807
1742371814.084324
1742371814.126125
1742371814.159181
1742371814.193244
1742371814.219670
1742371814.261888
1742371814.286612
1742371814.330065
1742371814.350965
1742371814.396035
1742371814.420626
1742371814.464192
1742371814.483846
1742371814.529379
1742371814.553182
1742371814.597081
1742371814.617371
1742371814.660112
1742371814.690038
1742371814.728276
1742371814.753223
1742371814.795766
1742371814.820003
1742371814.863344
1742371814.884314
1742371814.930744
1742371814.954137
1742371814.995653
1742371815.018187
1742371815.062223
1742371815.087039
1742371815.128458
1742371815.153956
1742371815.195071
1742371815.224187
1742371815.261358
1742371815.286780
1742371815.328096
1742371815.357496
1742371815.393591
1742371815.417785
1742371815.461803
1742371815.487213
1742371815.530578
1742371815.550933
1742371815.598119
1742371815.621168
1742371815.662779
1742371815.684252
1742371815.730441
1742371815.754494
1742371815.796697
1742371815.817636
1742371815.863980
1742371815.888409
1742371815.927005
1742371815.951349
1742371815.998307
1742371816.021343
1742371816.063467
1742371816.084455
1742371816.128907
1742371816.156409
1742371816.196950
1742371816.217895
1742371816.262924
1742371816.288077
1742371816.329729
1742371816.351274
1742371816.398059
1742371816.422059
1742371816.463849
1742371816.484676
1742371816.531169
1742371816.555607
1742371816.596803
1742371816.617973
1742371816.664969
1742371816.688316
1742371816.730541
1742371816.751764
1742371816.795784
1742371816.823398
1742371816.863863
1742371816.884932
1742371816.931550
1742371816.956059
1742371816.994426
1742371817.018911
1742371817.065952
1742371817.088459
1742371817.130163
1742371817.151739
1742371817.196757
1742371817.222349
1742371817.263943
1742371817.286012
1742371817.330040
1742371817.356490
1742371817.392938
1742371817.423166
1742371817.460562
1742371817.489839
1742371817.529718
1742371817.553779
1742371817.598045
1742371817.621941
1742371817.663613
1742371817.685394
1742371817.729366
1742371817.758641
1742371817.797080
1742371817.818858
1742371817.864908
1742371817.889898
1742371817.926409
1742371817.956584
1742371817.992509
1742371818.030001
1742371818.059035
1742371818.090177
1742371818.130819
1742371818.156432
1742371818.194790
1742371818.222270
1742371818.263113
1742371818.292286
1742371818.328647
1742371818.353880
1742371818.395538
1742371818.424956
1742371818.461801
1742371818.486544
1742371818.531537
1742371818.557097
1742371818.597165
1742371818.619552
1742371818.664708
1742371818.690599
1742371818.728686
1742371818.756889
1742371818.795377
1742371818.825713
1742371818.861456
1742371818.888689
1742371818.930105
1742371818.959519
1742371818.995686
1742371819.020405
1742371819.064798
1742371819.090978
1742371819.130186
1742371819.153223
1742371819.198114
1742371819.224681
1742371819.264355
1742371819.285948
1742371819.331426
1742371819.356711
1742371819.395834
1742371819.419353
1742371819.464957
1742371819.487884
1742371819.528920
1742371819.552719
1742371819.598306
1742371819.623816
1742371819.661888
1742371819.686647
1742371819.732694
1742371819.757572
1742371819.795958
1742371819.820485
1742371819.866157
1742371819.890899
1742371819.930172
1742371819.954312
1742371819.996305
1742371820.027214
1742371820.062262
1742371820.089997
1742371820.130648
1742371820.159976
1742371820.196855
1742371820.221276
1742371820.263917
1742371820.292357
1742371820.331124
1742371820.353515
1742371820.395732
1742371820.426479
1742371820.462976
1742371820.487733
1742371820.529805
1742371820.560220
1742371820.597059
1742371820.620794
1742371820.664480
1742371820.692218
1742371820.732264
1742371820.753550
1742371820.797032
1742371820.826485
1742371820.863951
1742371820.886964
1742371820.929845
1742371820.960951
1742371820.996073
1742371821.023610
1742371821.061116
1742371821.095565
1742371821.126675
1742371821.157967
1742371821.196410
1742371821.229052
1742371821.261010
1742371821.292089
1742371821.329598
1742371821.362070
1742371821.395121
1742371821.430864
1742371821.454162
1742371821.492966
1742371821.532386
1742371821.559603
1742371821.598434
1742371821.621981
1742371821.664495
1742371821.693188
1742371821.729903
1742371821.758926
1742371821.798110
1742371821.821558
1742371821.866150
1742371821.889179
1742371821.933112
1742371821.958980
1742371821.999899
1742371822.022562
1742371822.060735
1742371822.095288
1742371822.129804
1742371822.159208
1742371822.195340
1742371822.229966
1742371822.263707
1742371822.292372
1742371822.330358
1742371822.363398
1742371822.396581
1742371822.422070
1742371822.463714
1742371822.493700
1742371822.530696
1742371822.558593
1742371822.598179
1742371822.626864
1742371822.663115
1742371822.692446
1742371822.731374
1742371822.761165
1742371822.798010
1742371822.825132
1742371822.864101
1742371822.894310
1742371822.931090
1742371822.956107
1742371822.996947
1742371823.030610
1742371823.063669
1742371823.092917
1742371823.131561
1742371823.161873
1742371823.196606
1742371823.225944
1742371823.265240
1742371823.292700
1742371823.333401
1742371823.356507
1742371823.396492
1742371823.431464
1742371823.461887
1742371823.489309
1742371823.528284
1742371823.564801
1742371823.595271
1742371823.625682
1742371823.665908
1742371823.691895
1742371823.729542
1742371823.759631
1742371823.796090
1742371823.831562
1742371823.862474
1742371823.893123
1742371823.930111
1742371823.963380
1742371823.997433
1742371824.026473
1742371824.065564
1742371824.094672
1742371824.131397
1742371824.160306
1742371824.196270
1742371824.231124
1742371824.265267
1742371824.292642
1742371824.329055
1742371824.363114
1742371824.394649
1742371824.426489
1742371824.466164
1742371824.494108
1742371824.530024
1742371824.559986
1742371824.598220
1742371824.623325
1742371824.665547
1742371824.691543
1742371824.731777
1742371824.763766
1742371824.798648
1742371824.825457
1742371824.866630
1742371824.895599
1742371824.929169
1742371824.960450
1742371824.998271
1742371825.027179
1742371825.067204
1742371825.089155
1742371825.127987
1742371825.164022
1742371825.199835
1742371825.224469
1742371825.265053
1742371825.296049
1742371825.330124
1742371825.356150
1742371825.394506
1742371825.426087
1742371825.462145
1742371825.490498
1742371825.525518
1742371825.561397
1742371825.593243
1742371825.628313
1742371825.661109
1742371825.697972
1742371825.729890
1742371825.759802
1742371825.801040
1742371825.827115
1742371825.865169
1742371825.895063
1742371825.931431
1742371825.965804
1742371825.994160
1742371826.031451
1742371826.061243
1742371826.096434
1742371826.131729
1742371826.160866
1742371826.198529
1742371826.232911
1742371826.263205
1742371826.296321
1742371826.330975
1742371826.366780
1742371826.395166
1742371826.431320
1742371826.461421
1742371826.494291
1742371826.534635
1742371826.556491
1742371826.597686
1742371826.633028
1742371826.662174
1742371826.697799
1742371826.727345
1742371826.767897
1742371826.793912
1742371826.832008
1742371826.860766
1742371826.901033
1742371826.928396
1742371826.964848
1742371826.994203
1742371827.031254
1742371827.065903
1742371827.093216
1742371827.134282
1742371827.162977
1742371827.199266
1742371827.227219
1742371827.264810
1742371827.299946
1742371827.332655
1742371827.360954
1742371827.396970
1742371827.432985
1742371827.465517
1742371827.490189
1742371827.531567
1742371827.566643
1742371827.599117
1742371827.628376
1742371827.666946
1742371827.696960
1742371827.732779
1742371827.761922
1742371827.799731
1742371827.829566
1742371827.865049
1742371827.895428
1742371827.933186
1742371827.961921
1742371827.996711
1742371828.030013
1742371828.065640
1742371828.096584
1742371828.132315
1742371828.162125
1742371828.199320
1742371828.232455
1742371828.267539
1742371828.294380
1742371828.335324
1742371828.361187
1742371828.400662
1742371828.427708
1742371828.465860
1742371828.493277
1742371828.534184
1742371828.558016
1742371828.598869
1742371828.632307
1742371828.665074
1742371828.694579
1742371828.734497
1742371828.763735
1742371828.799717
1742371828.828261
1742371828.867625
1742371828.897737
1742371828.934462
1742371828.960073
1742371828.998941
1742371829.031129
1742371829.066636
1742371829.094364
1742371829.135023
1742371829.162242
1742371829.202587
1742371829.226360
1742371829.267169
1742371829.296681
1742371829.332133
1742371829.362337
1742371829.403063
1742371829.427858
1742371829.465626
1742371829.495844
1742371829.535650
1742371829.562647
1742371829.601542
1742371829.626476
1742371829.665515
1742371829.699987
1742371829.729549
1742371829.767660
1742371829.791346
1742371829.834449
1742371829.862672
1742371829.902939
1742371829.928977
1742371829.964990
1742371829.998503
1742371830.032933
1742371830.068235
1742371830.094359
1742371830.132403
1742371830.167175
1742371830.202053
1742371830.228193
1742371830.269505
1742371830.294725
1742371830.336686
1742371830.360884
1742371830.400819
1742371830.432292
1742371830.468705
1742371830.493253
1742371830.535706
1742371830.562410
1742371830.602286
1742371830.628285
1742371830.669302
1742371830.694715
1742371830.732468
1742371830.766368
1742371830.796562
1742371830.836820
1742371830.861598
1742371830.896481
1742371830.932620
1742371830.964271
1742371831.004526
1742371831.025166
1742371831.070716
1742371831.094585
1742371831.135516
1742371831.158464
1742371831.203940
1742371831.227531
1742371831.268936
1742371831.291816
1742371831.337798
1742371831.361653
1742371831.403450
1742371831.425319
1742371831.467547
1742371831.498700
1742371831.535644
1742371831.558587
1742371831.603055
1742371831.626991
1742371831.666259
1742371831.694721
1742371831.737306
1742371831.761947
1742371831.804067
1742371831.825672
1742371831.871705
1742371831.895393
1742371831.937476
1742371831.958903
1742371832.004496
1742371832.028740
1742371832.070922
1742371832.092456
1742371832.135419
1742371832.162736
1742371832.204145
1742371832.225734
1742371832.272092
1742371832.295307
1742371832.336430
1742371832.359955
1742371832.406456
1742371832.428651
1742371832.467235
1742371832.493265
1742371832.535704
1742371832.562721
1742371832.601548
1742371832.628422
1742371832.669887
1742371832.696718
1742371832.737841
1742371832.759376
1742371832.806092
1742371832.828843
1742371832.871883
1742371832.892799
1742371832.939422
1742371832.961832
1742371833.001137
1742371833.028866
1742371833.071519
1742371833.095248
1742371833.137387
1742371833.159961
1742371833.206404
1742371833.229007
1742371833.270703
1742371833.293180
1742371833.337954
1742371833.362455
1742371833.405543
1742371833.426312
1742371833.469693
1742371833.496239
1742371833.534461
1742371833.561545
1742371833.600408
1742371833.636226
1742371833.665452
1742371833.698082
1742371833.735131
1742371833.767771
1742371833.801901
1742371833.829109
1742371833.872085
1742371833.895709
1742371833.934508
1742371833.962391
1742371834.001065
1742371834.030319
1742371834.072615
1742371834.093612
1742371834.139110
1742371834.162669
1742371834.202279
1742371834.229107
1742371834.271307
1742371834.296895
1742371834.338658
1742371834.360357
1742371834.405856
1742371834.429276
1742371834.472732
1742371834.493777
1742371834.538831
1742371834.562394
1742371834.604946
1742371834.627353
1742371834.673634
1742371834.695489
1742371834.734377
1742371834.762729
1742371834.796852
1742371834.839067
1742371834.862442
1742371834.904901
1742371834.928776
1742371834.972617
1742371834.996122
1742371835.038406
1742371835.061819
1742371835.107912
1742371835.129371
1742371835.169324
1742371835.195960
1742371835.235083
1742371835.268372
1742371835.295964
1742371835.337319
1742371835.363739
1742371835.402725
1742371835.428371
1742371835.474116
1742371835.495806
1742371835.534999
1742371835.562883
1742371835.601544
1742371835.634748
1742371835.663918
1742371835.704485
1742371835.729154
1742371835.771206
1742371835.797266
1742371835.838578
1742371835.862467
1742371835.906722
1742371835.929434
1742371835.968632
1742371835.996337
1742371836.034599
1742371836.065299
1742371836.102695
1742371836.129529
1742371836.174982
1742371836.196126
1742371836.241281
1742371836.261398
1742371836.308127
1742371836.329707
1742371836.374618
1742371836.394868
1742371836.440069
1742371836.463072
1742371836.497355
1742371836.538631
1742371836.564318
1742371836.606498
1742371836.628716
1742371836.675496
1742371836.695668
1742371836.740085
1742371836.761955
1742371836.808530
1742371836.829453
1742371836.874998
1742371836.895318
1742371836.941883
1742371836.963198
1742371837.008492
1742371837.028593
1742371837.074766
1742371837.096003
1742371837.139003
1742371837.161909
1742371837.208433
1742371837.229707
1742371837.274067
1742371837.295444
1742371837.341069
1742371837.363261
1742371837.410016
1742371837.428715
1742371837.475534
1742371837.496437
1742371837.542108
1742371837.562275
1742371837.605620
1742371837.631564
1742371837.674075
1742371837.695604
1742371837.741163
1742371837.763282
1742371837.810088
1742371837.828954
1742371837.875840
1742371837.896482
1742371837.937286
1742371837.963303
1742371838.009455
1742371838.029742
1742371838.076041
1742371838.103563
1742371838.128896
1742371838.175768
1742371838.196937
1742371838.243140
1742371838.263533
1742371838.310854
1742371838.329578
1742371838.375431
1742371838.396811
1742371838.442356
1742371838.462792
1742371838.506884
1742371838.530084
1742371838.572567
1742371838.595948
1742371838.638751
1742371838.664459
1742371838.706131
1742371838.729815
1742371838.773016
1742371838.799227
1742371838.840494
1742371838.862551
1742371838.909896
1742371838.930001
1742371838.976745
1742371838.996289
1742371839.038859
1742371839.071353
1742371839.096898
1742371839.140035
1742371839.163315
1742371839.209250
1742371839.229795
1742371839.273160
1742371839.296840
1742371839.341179
1742371839.362997
1742371839.409433
1742371839.430188
1742371839.476946
1742371839.496341
1742371839.539174
1742371839.567852
1742371839.608979
1742371839.629810
1742371839.677065
1742371839.696438
1742371839.742707
1742371839.762997
1742371839.809957
1742371839.830077
1742371839.873290
1742371839.896644
1742371839.942932
1742371839.963569
1742371840.008270
1742371840.029973
1742371840.072646
1742371840.101457
1742371840.142479
1742371840.163622
1742371840.207786
1742371840.231292
1742371840.275584
1742371840.297002
1742371840.339553
1742371840.368557
1742371840.409057
1742371840.430185
1742371840.476974
1742371840.497003
1742371840.543627
1742371840.563502
1742371840.606704
1742371840.634447
1742371840.676436
1742371840.696724
1742371840.736220
1742371840.765839
1742371840.807347
1742371840.830176
1742371840.873154
1742371840.898304
1742371840.943084
1742371840.963462
1742371841.010376
1742371841.030387
1742371841.075269
1742371841.096895
1742371841.143419
1742371841.163828
1742371841.207396
1742371841.230193
1742371841.277250
1742371841.297249
1742371841.341324
1742371841.363622
1742371841.408560
1742371841.430854
1742371841.477910
1742371841.497168
1742371841.540041
1742371841.566411
1742371841.608216
1742371841.630536
1742371841.677210
1742371841.697335
1742371841.738005
1742371841.764099
1742371841.811090
1742371841.830876
1742371841.874239
1742371841.897263
1742371841.941302
1742371841.964651
1742371842.010641
1742371842.030828
1742371842.077606
1742371842.098061
1742371842.143364
1742371842.164218
1742371842.211653
1742371842.231382
1742371842.276295
1742371842.297463
1742371842.340995
1742371842.370421
1742371842.406277
1742371842.431628
1742371842.475037
1742371842.498490
1742371842.544911
1742371842.564548
1742371842.611140
1742371842.632092
1742371842.678077
1742371842.697799
1742371842.744529
1742371842.765213
1742371842.811778
1742371842.831246
1742371842.876608
1742371842.898146
1742371842.932638
1742371842.964696
1742371843.005029
1742371843.040025
1742371843.065956
1742371843.104488
1742371843.131871
1742371843.178519
1742371843.198992
1742371843.238393
1742371843.265871
1742371843.309045
1742371843.334963
1742371843.365318
1742371843.408709
1742371843.435619
1742371843.476128
1742371843.498304
1742371843.545163
1742371843.565950
1742371843.612426
1742371843.631652
1742371843.678128
1742371843.699448
1742371843.745028
1742371843.765010
1742371843.808561
1742371843.834846
1742371843.877223
1742371843.898248
1742371843.944552
1742371843.966751
1742371844.010609
1742371844.032025
1742371844.079111
1742371844.099149
1742371844.144722
1742371844.165127
1742371844.211846
1742371844.233746
1742371844.276214
1742371844.298752
1742371844.345619
1742371844.367199
1742371844.411486
1742371844.431911
1742371844.479010
1742371844.500432
1742371844.543410
1742371844.565317
1742371844.612380
1742371844.633625
1742371844.676976
1742371844.698702
1742371844.746255
1742371844.767363
1742371844.812098
1742371844.832156
1742371844.875825
1742371844.903706
1742371844.945130
1742371844.965506
1742371845.013012
1742371845.034630
1742371845.076739
1742371845.100425
1742371845.145345
1742371845.167573
1742371845.210949
1742371845.232581
1742371845.275575
1742371845.304653
1742371845.345065
1742371845.365683
1742371845.413260
1742371845.434477
1742371845.476341
1742371845.499345
1742371845.545112
1742371845.567980
1742371845.607631
1742371845.634268
1742371845.679077
1742371845.701694
1742371845.743913
1742371845.765925
1742371845.810969
1742371845.835134
1742371845.879592
1742371845.899396
1742371845.944086
1742371845.968493
1742371846.012485
1742371846.032681
1742371846.079037
1742371846.101327
1742371846.147328
1742371846.166201
1742371846.213390
1742371846.235670
1742371846.278858
1742371846.299505
1742371846.346978
1742371846.369211
1742371846.410176
1742371846.444462
1742371846.466501
1742371846.510360
1742371846.538536
1742371846.578394
1742371846.603197
1742371846.641798
1742371846.669389
1742371846.713059
1742371846.737075
1742371846.771015
1742371846.805564
1742371846.841817
1742371846.874434
1742371846.901877
1742371846.944410
1742371846.969878
1742371847.013005
1742371847.033233
1742371847.080726
1742371847.102157
1742371847.145423
1742371847.166571
1742371847.213841
1742371847.236126
1742371847.280606
1742371847.299905
1742371847.346456
1742371847.369997
1742371847.412278
1742371847.433324
1742371847.479720
1742371847.502734
1742371847.547022
1742371847.566877
1742371847.613888
1742371847.635777
1742371847.679071
1742371847.700165
1742371847.747110
1742371847.769843
1742371847.813708
1742371847.833594
1742371847.880915
1742371847.903401
1742371847.945478
1742371847.966923
1742371848.011523
1742371848.034216
1742371848.077445
1742371848.100579
1742371848.146075
1742371848.170849
1742371848.212989
1742371848.234098
1742371848.281142
1742371848.304682
1742371848.346005
1742371848.367279
1742371848.412706
1742371848.437493
1742371848.478859
1742371848.500727
1742371848.544635
1742371848.570998
1742371848.612665
1742371848.634001
1742371848.677409
1742371848.707284
1742371848.743643
1742371848.767280
1742371848.813131
1742371848.837894
1742371848.879055
1742371848.900724
1742371848.946001
1742371848.971492
1742371849.013712
1742371849.034099
1742371849.080023
1742371849.104241
1742371849.146129
1742371849.167883
1742371849.211086
1742371849.241062
1742371849.276647
1742371849.305327
1742371849.346261
1742371849.372263
1742371849.413746
1742371849.434419
1742371849.476927
1742371849.507165
1742371849.541706
1742371849.569028
1742371849.612437
1742371849.638299
1742371849.680101
1742371849.701118
1742371849.746142
1742371849.773718
1742371849.814471
1742371849.834597
1742371849.879135
1742371849.907079
1742371849.946895
1742371849.967979
1742371850.013341
1742371850.036773
1742371850.078716
1742371850.101727
1742371850.147636
1742371850.172608
1742371850.210769
1742371850.236932
1742371850.279030
1742371850.308437
1742371850.345513
1742371850.370258
1742371850.412078
1742371850.442262
1742371850.479660
1742371850.502322
1742371850.547324
1742371850.572492
1742371850.613777
1742371850.635135
1742371850.680896
1742371850.705877
1742371850.746296
1742371850.768482
1742371850.813264
1742371850.839555
1742371850.877608
1742371850.901680
1742371850.946976
1742371850.973041
1742371851.014770
1742371851.035282
1742371851.080323
1742371851.106352
1742371851.145695
1742371851.170074
1742371851.212617
1742371851.242006
1742371851.279853
1742371851.302330
1742371851.346736
1742371851.373524
1742371851.412842
1742371851.435576
1742371851.480354
1742371851.504121
1742371851.547248
1742371851.568700
1742371851.614051
1742371851.639973
1742371851.677569
1742371851.704956
1742371851.745533
1742371851.774882
1742371851.813986
1742371851.835768
1742371851.881070
1742371851.904951
1742371851.946006
1742371851.969381
1742371852.014394
1742371852.040058
1742371852.079424
1742371852.102778
1742371852.147749
1742371852.172791
1742371852.210197
1742371852.240726
1742371852.279777
1742371852.309614
1742371852.346776
1742371852.372372
1742371852.413305
1742371852.438448
1742371852.478674
1742371852.504816
1742371852.545005
1742371852.575772
1742371852.612762
1742371852.636321
1742371852.681420
1742371852.707920
1742371852.748451
1742371852.769622
1742371852.815639
1742371852.840496
1742371852.879495
1742371852.904724
1742371852.946623
1742371852.976392
1742371853.012929
1742371853.039524
1742371853.076771
1742371853.111858
1742371853.145311
1742371853.174409
1742371853.210194
1742371853.246038
1742371853.277144
1742371853.305194
1742371853.346247
1742371853.376091
1742371853.410333
1742371853.436729
1742371853.482201
1742371853.507252
1742371853.545815
1742371853.572123
1742371853.613450
1742371853.642775
1742371853.678847
1742371853.704387
1742371853.741818
1742371853.773847
1742371853.811685
1742371853.838020
1742371853.880374
1742371853.909379
1742371853.947224
1742371853.970273
1742371854.013291
1742371854.042624
1742371854.074697
1742371854.103674
1742371854.142739
1742371854.177325
1742371854.213226
1742371854.236853
1742371854.280188
1742371854.309456
1742371854.345508
1742371854.371377
1742371854.412777
1742371854.444282
1742371854.479195
1742371854.503985
1742371854.546602
1742371854.575793
1742371854.603535
1742371854.648339
1742371854.673654
1742371854.713807
1742371854.741633
1742371854.780106
1742371854.803447
1742371854.846312
1742371854.876942
1742371854.912794
1742371854.945308
1742371854.970770
1742371855.012882
1742371855.046127
1742371855.077928
1742371855.103908
1742371855.146925
1742371855.176760
1742371855.214126
1742371855.237309
1742371855.280300
1742371855.309968
1742371855.346292
1742371855.370746
1742371855.412983
1742371855.443122
1742371855.479720
1742371855.503863
1742371855.547652
1742371855.574533
1742371855.614945
1742371855.637413
1742371855.682676
1742371855.708719
1742371855.749007
1742371855.770823
1742371855.815712
1742371855.839381
1742371855.879450
1742371855.906217
1742371855.946905
1742371855.976685
1742371856.011904
1742371856.041356
1742371856.081292
1742371856.110916
1742371856.147140
1742371856.173861
1742371856.214201
1742371856.244138
1742371856.276645
1742371856.309016
1742371856.348241
1742371856.375978
1742371856.416516
1742371856.437849
1742371856.477300
1742371856.506262
1742371856.538284
1742371856.570835
1742371856.604386
1742371856.637544
1742371856.679448
1742371856.704912
1742371856.749304
1742371856.775887
1742371856.813909
1742371856.838519
1742371856.877483
1742371856.913515
1742371856.947943
1742371856.972449
1742371857.011430
1742371857.047575
1742371857.076603
1742371857.113264
1742371857.142782
1742371857.183344
1742371857.209263
1742371857.245987
1742371857.276258
1742371857.315022
1742371857.345362
1742371857.374378
1742371857.415062
1742371857.443125
1742371857.483466
1742371857.505371
1742371857.549298
1742371857.576148
1742371857.613549
1742371857.638644
1742371857.678074
1742371857.710769
1742371857.749023
1742371857.772003
1742371857.813144
1742371857.846664
1742371857.877050
1742371857.905223
1742371857.943460
1742371857.976289
1742371858.012229
1742371858.038843
1742371858.077001
1742371858.111055
1742371858.143965
1742371858.176055
1742371858.212581
1742371858.248070
1742371858.278071
1742371858.308984
1742371858.349336
1742371858.378451
1742371858.413418
1742371858.440513
1742371858.481439
1742371858.511227
1742371858.548117
1742371858.573618
1742371858.614311
1742371858.646755
1742371858.683025
1742371858.705702
1742371858.747715
1742371858.778351
1742371858.811521
1742371858.841144
1742371858.881638
1742371858.911962
1742371858.946830
1742371858.973022
1742371859.013741
1742371859.047077
1742371859.082050
1742371859.105748
1742371859.146050
1742371859.180604
1742371859.215362
1742371859.239745
1742371859.281385
1742371859.311987
1742371859.347882
1742371859.373329
1742371859.413540
1742371859.447620
1742371859.482059
1742371859.506182
1742371859.547051
1742371859.580840
1742371859.615685
1742371859.639812
1742371859.682220
1742371859.712277
1742371859.748286
1742371859.773283
1742371859.814744
1742371859.845666
1742371859.880202
1742371859.906626
1742371859.948693
1742371859.979155
1742371860.011766
1742371860.042748
1742371860.080058
1742371860.115280
1742371860.147586
1742371860.173787
1742371860.214936
1742371860.246173
1742371860.283077
1742371860.306751
1742371860.347531
1742371860.381479
1742371860.413285
1742371860.444530
1742371860.483844
1742371860.512263
1742371860.548113
1742371860.575861
1742371860.613237
1742371860.647983
1742371860.682152
1742371860.706780
1742371860.750115
1742371860.779520
1742371860.816369
1742371860.840066
1742371860.880899
1742371860.915922
1742371860.945461
1742371860.977423
1742371861.017142
1742371861.046176
1742371861.080899
1742371861.107534
1742371861.149364
1742371861.178301
1742371861.215295
1742371861.242372
1742371861.283398
1742371861.313171
1742371861.350378
1742371861.373644
1742371861.415583
1742371861.446813
1742371861.483105
1742371861.508623
1742371861.547243
1742371861.583787
1742371861.611706
1742371861.646372
1742371861.682773
1742371861.713283
1742371861.749565
1742371861.774496
1742371861.816806
1742371861.846413
1742371861.882793
1742371861.908976
1742371861.950572
1742371861.980223
1742371862.016855
1742371862.043348
1742371862.085596
1742371862.110558
1742371862.151323
1742371862.174314
1742371862.220114
1742371862.243893
1742371862.285298
1742371862.307555
1742371862.351027
1742371862.377486
1742371862.419190
1742371862.440676
1742371862.486192
1742371862.510589
1742371862.550829
1742371862.575123
1742371862.618258
1742371862.644403
1742371862.685054
1742371862.707563
1742371862.753128
1742371862.777712
1742371862.819603
1742371862.841174
1742371862.884071
1742371862.913948
1742371862.952736
1742371862.974650
1742371863.018502
1742371863.044479
1742371863.086537
1742371863.117045
1742371863.141191
1742371863.183608
1742371863.216031
1742371863.251094
1742371863.278885
1742371863.314717
1742371863.346635
1742371863.384943
1742371863.412559
1742371863.450169
1742371863.476109
1742371863.516195
1742371863.551235
1742371863.575328
1742371863.613206
1742371863.644888
1742371863.685626
1742371863.708180
1742371863.752074
1742371863.779040
1742371863.817200
1742371863.843118
1742371863.882537
1742371863.914636
1742371863.950144
1742371863.977575
1742371864.018722
1742371864.045182
1742371864.085697
1742371864.109802
1742371864.148244
1742371864.183799
1742371864.214141
1742371864.249958
1742371864.280489
1742371864.318158
1742371864.345537
1742371864.385610
1742371864.410893
1742371864.452534
1742371864.478994
1742371864.518980
1742371864.544103
1742371864.588141
1742371864.611330
1742371864.650566
1742371864.678098
1742371864.718739
1742371864.745677
1742371864.780003
1742371864.817597
1742371864.845783
1742371864.883796
1742371864.908662
1742371864.951577
1742371864.978915
1742371865.021084
1742371865.042090
1742371865.085268
1742371865.111875
1742371865.154926
1742371865.175619
1742371865.218883
1742371865.246191
1742371865.287130
1742371865.308686
1742371865.354566
1742371865.375852
1742371865.411909
1742371865.442409
1742371865.487993
1742371865.511192
1742371865.550201
1742371865.578226
1742371865.618729
1742371865.645569
1742371865.684108
1742371865.709796
1742371865.755907
1742371865.778006
1742371865.819721
1742371865.842519
1742371865.888687
1742371865.911590
1742371865.953635
1742371865.975860
1742371866.020286
1742371866.045871
1742371866.087438
1742371866.109188
1742371866.155275
1742371866.178590
1742371866.220658
1742371866.242878
1742371866.286335
1742371866.312519
1742371866.350957
1742371866.378510
1742371866.420786
1742371866.445630
1742371866.486777
1742371866.510782
1742371866.554817
1742371866.578453
1742371866.617157
1742371866.642927
1742371866.688682
1742371866.711832
1742371866.753296
1742371866.777724
1742371866.816841
1742371866.853388
1742371866.879513
1742371866.914626
1742371866.950390
1742371866.983004
1742371867.019807
1742371867.043197
1742371867.088911
1742371867.111834
1742371867.154085
1742371867.176648
1742371867.223256
1742371867.245110
1742371867.290953
1742371867.309878
1742371867.355844
1742371867.378398
1742371867.421318
1742371867.443355
1742371867.489350
1742371867.511710
1742371867.552759
1742371867.576693
1742371867.623078
1742371867.645445
1742371867.687538
1742371867.710125
1742371867.756633
1742371867.778508
1742371867.824406
1742371867.843648
1742371867.889704
1742371867.911832
1742371867.955997
1742371867.976981
1742371868.023145
1742371868.045495
1742371868.088393
1742371868.110414
1742371868.156444
1742371868.178653
1742371868.216901
1742371868.246453
1742371868.287771
1742371868.313730
1742371868.354409
1742371868.377612
1742371868.423158
1742371868.445674
1742371868.487752
1742371868.511804
1742371868.552879
1742371868.580499
1742371868.620510
1742371868.645487
1742371868.689760
1742371868.712464
1742371868.758692
1742371868.777508
1742371868.819958
1742371868.846604
1742371868.884655
1742371868.911656
1742371868.955269
1742371868.978817
1742371869.020465
1742371869.044307
1742371869.091104
1742371869.112202
1742371869.157925
1742371869.177750
1742371869.224545
1742371869.245678
1742371869.292006
1742371869.311690
1742371869.358353
1742371869.378670
1742371869.425001
1742371869.444772
1742371869.488808
1742371869.512862
1742371869.555968
1742371869.578200
1742371869.623301
1742371869.645482
1742371869.690845
1742371869.711385
1742371869.758313
1742371869.778763
1742371869.824469
1742371869.844681
1742371869.891715
1742371869.912214
1742371869.958296
1742371869.978061
1742371870.024656
1742371870.045579
1742371870.092014
1742371870.111629
1742371870.158588
1742371870.178933
1742371870.223405
1742371870.244935
1742371870.292454
1742371870.311998
1742371870.355157
1742371870.378335
1742371870.425340
1742371870.446064
1742371870.488150
1742371870.512434
1742371870.557444
1742371870.579692
1742371870.621463
1742371870.646206
1742371870.692883
1742371870.712086
1742371870.759476
1742371870.778558
1742371870.825613
1742371870.845980
1742371870.892590
1742371870.912028
1742371870.954891
1742371870.981149
1742371871.023122
1742371871.045164
1742371871.091367
1742371871.112856
1742371871.157912
1742371871.178570
1742371871.225730
1742371871.246181
1742371871.290544
1742371871.312276
1742371871.358907
1742371871.379466
1742371871.418881
1742371871.457416
1742371871.479052
1742371871.525913
1742371871.546373
1742371871.589388
1742371871.615486
1742371871.656932
1742371871.679257
1742371871.726482
1742371871.745714
1742371871.791216
1742371871.812442
1742371871.855163
1742371871.880907
1742371871.920146
1742371871.946397
1742371871.991777
1742371872.013041
1742371872.053985
1742371872.079811
1742371872.126315
1742371872.146343
1742371872.193138
1742371872.212555
1742371872.259373
1742371872.280109
1742371872.324138
1742371872.345952
1742371872.389325
1742371872.416263
1742371872.451552
1742371872.485623
1742371872.515325
1742371872.557471
1742371872.579482
1742371872.624020
1742371872.646716
1742371872.693507
1742371872.712830
1742371872.756466
1742371872.784044
1742371872.824205
1742371872.846331
1742371872.890212
1742371872.912844
1742371872.950080
1742371872.979549
1742371873.023665
1742371873.047001
1742371873.083865
1742371873.113331
1742371873.158315
1742371873.180000
1742371873.226154
1742371873.246424
1742371873.292794
1742371873.313326
1742371873.360566
1742371873.379701
1742371873.427164
1742371873.446687
1742371873.486939
1742371873.513278
1742371873.558545
1742371873.580171
1742371873.624352
1742371873.646370
1742371873.693986
1742371873.713541
1742371873.757142
1742371873.779758
1742371873.827112
1742371873.847108
1742371873.892611
1742371873.913255
1742371873.958769
1742371873.980247
1742371874.027309
1742371874.046661
1742371874.091342
1742371874.113748
1742371874.160215
1742371874.180266
1742371874.224237
1742371874.247158
1742371874.293817
1742371874.313391
1742371874.356660
1742371874.381356
1742371874.418309
1742371874.451428
1742371874.489715
1742371874.515972
1742371874.550932
1742371874.584956
1742371874.626189
1742371874.647652
1742371874.684111
1742371874.723087
1742371874.748803
1742371874.793934
1742371874.813443
1742371874.856994
1742371874.881068
1742371874.913760
1742371874.956623
1742371874.980855
1742371875.024089
1742371875.046904
1742371875.093885
1742371875.114400
1742371875.158300
1742371875.180509
1742371875.224093
1742371875.247696
1742371875.291245
1742371875.313935
1742371875.360905
1742371875.381358
1742371875.427075
1742371875.447350
1742371875.492938
1742371875.514872
1742371875.561767
1742371875.580843
1742371875.623413
1742371875.648438
1742371875.694589
1742371875.714215
1742371875.760492
1742371875.781788
1742371875.828030
1742371875.847444
1742371875.891024
1742371875.916396
1742371875.959330
1742371875.980884
1742371876.023878
1742371876.051702
1742371876.093418
1742371876.114326
1742371876.159007
1742371876.181792
1742371876.228013
1742371876.247741
1742371876.293599
1742371876.315813
1742371876.359158
1742371876.381096
1742371876.425079
1742371876.449007
1742371876.492648
1742371876.514413
1742371876.558057
1742371876.583943
1742371876.619241
1742371876.658803
1742371876.683164
1742371876.719604
1742371876.751682
1742371876.794355
1742371876.814638
1742371876.858558
1742371876.886210
1742371876.916257
1742371876.962310
1742371876.983178
1742371877.019530
1742371877.056733
1742371877.083176
1742371877.127101
1742371877.148102
1742371877.195660
1742371877.216771
1742371877.261331
1742371877.281447
1742371877.325036
1742371877.351337
1742371877.392954
1742371877.414953
1742371877.460036
1742371877.483595
1742371877.527126
1742371877.548279
1742371877.591877
1742371877.616539
1742371877.660335
1742371877.681651
1742371877.725724
1742371877.752493
1742371877.793832
1742371877.815102
1742371877.857984
1742371877.886852
1742371877.928472
1742371877.948528
1742371877.994251
1742371878.017627
1742371878.059997
1742371878.081912
1742371878.125727
1742371878.151319
1742371878.195961
1742371878.215336
1742371878.259203
1742371878.288242
1742371878.329052
1742371878.348781
1742371878.392524
1742371878.421478
1742371878.460695
1742371878.482226
1742371878.526733
1742371878.551557
1742371878.592938
1742371878.615954
1742371878.662414
1742371878.684573
1742371878.727115
1742371878.750441
1742371878.796171
1742371878.818583
1742371878.863138
1742371878.882473
1742371878.929099
1742371878.952295
1742371878.996123
1742371879.015858
1742371879.061829
1742371879.085315
1742371879.128588
1742371879.149331
1742371879.192317
1742371879.222162
1742371879.259026
1742371879.284286
1742371879.326201
1742371879.355520
1742371879.393895
1742371879.415919
1742371879.463367
1742371879.485596
1742371879.528654
1742371879.549285
1742371879.592961
1742371879.620126
1742371879.661857
1742371879.682672
1742371879.728991
1742371879.752894
1742371879.795322
1742371879.815992
1742371879.863497
1742371879.886233
1742371879.928521
1742371879.953547
1742371879.994400
1742371880.019052
1742371880.063170
1742371880.087489
1742371880.125101
1742371880.153066
1742371880.195511
1742371880.219936
1742371880.258817
1742371880.287361
1742371880.328923
1742371880.353904
1742371880.389193
1742371880.425094
1742371880.458463
1742371880.493335
1742371880.518592
1742371880.561408
1742371880.587328
1742371880.628688
1742371880.650915
1742371880.695856
1742371880.720618
1742371880.762276
1742371880.783836
1742371880.826864
1742371880.855597
1742371880.892837
1742371880.920520
1742371880.961499
1742371880.988444
1742371881.028524
1742371881.050376
1742371881.095389
1742371881.121382
1742371881.163021
1742371881.183693
1742371881.231267
1742371881.252864
1742371881.295116
1742371881.318420
1742371881.362339
1742371881.387215
1742371881.428807
1742371881.452404
1742371881.493869
1742371881.524091
1742371881.560320
1742371881.588381
1742371881.627366
1742371881.657711
1742371881.694831
1742371881.717211
1742371881.764284
1742371881.788375
1742371881.826604
1742371881.850676
1742371881.894872
1742371881.923237
1742371881.961042
1742371881.985540
1742371882.030788
1742371882.055086
1742371882.095871
1742371882.117667
1742371882.161680
1742371882.190176
1742371882.229133
1742371882.251521
1742371882.296654
1742371882.321885
1742371882.359965
1742371882.389024
1742371882.425948
1742371882.459746
1742371882.492606
1742371882.521646
1742371882.562552
1742371882.589425
1742371882.627888
1742371882.651601
1742371882.695649
1742371882.723411
1742371882.762640
1742371882.784561
1742371882.829207
1742371882.857185
1742371882.893381
1742371882.922299
1742371882.963431
1742371882.989136
1742371883.027124
1742371883.054445
1742371883.095373
1742371883.124991
1742371883.161278
1742371883.184641
1742371883.230286
1742371883.255917
1742371883.293614
1742371883.318193
1742371883.363433
1742371883.388887
1742371883.426894
1742371883.453963
1742371883.493681
1742371883.526062
1742371883.561881
1742371883.585948
1742371883.631333
1742371883.655112
1742371883.695008
1742371883.721897
1742371883.759107
1742371883.795334
1742371883.825409
1742371883.855997
1742371883.892494
1742371883.928754
1742371883.958016
1742371883.986178
1742371884.029263
1742371884.055650
1742371884.093274
1742371884.118926
1742371884.163823
1742371884.189647
1742371884.228106
1742371884.251529
1742371884.296911
1742371884.322929
1742371884.363727
1742371884.384938
1742371884.431003
1742371884.456335
1742371884.495852
1742371884.518451
1742371884.564457
1742371884.589807
1742371884.630476
1742371884.651762
1742371884.697623
1742371884.723784
1742371884.763388
1742371884.785485
1742371884.831478
1742371884.857007
1742371884.897184
1742371884.918936
1742371884.965011
1742371884.990065
1742371885.030764
1742371885.052045
1742371885.095866
1742371885.125745
1742371885.163438
1742371885.185671
1742371885.230980
1742371885.257137
1742371885.298421
1742371885.318942
1742371885.363977
1742371885.389394
1742371885.428401
1742371885.452287
1742371885.496965
1742371885.523031
1742371885.564692
1742371885.585843
1742371885.629002
1742371885.659042
1742371885.694821
1742371885.719728
1742371885.761555
1742371885.791202
1742371885.830656
1742371885.852398
1742371885.897310
1742371885.923474
1742371885.962672
1742371885.985945
1742371886.028979
1742371886.058930
1742371886.094521
1742371886.120833
1742371886.161940
1742371886.194652
1742371886.226096
1742371886.256289
1742371886.293186
1742371886.328319
1742371886.360121
1742371886.388801
1742371886.428183
1742371886.460022
1742371886.495547
1742371886.521541
1742371886.561410
1742371886.596896
1742371886.626298
1742371886.657749
1742371886.695677
1742371886.727875
1742371886.759978
1742371886.791578
1742371886.826594
1742371886.863041
1742371886.892643
1742371886.924294
1742371886.963482
1742371886.993119
1742371887.029262
1742371887.054084
1742371887.096205
1742371887.125998
1742371887.162010
1742371887.189145
1742371887.229625
1742371887.259757
1742371887.295365
1742371887.323168
1742371887.361687
1742371887.395122
1742371887.427597
1742371887.458057
1742371887.496280
1742371887.528164
1742371887.562910
1742371887.589433
1742371887.629590
1742371887.660213
1742371887.692939
1742371887.724282
1742371887.762755
1742371887.793365
1742371887.828828
1742371887.855070
1742371887.893642
1742371887.928343
1742371887.960973
1742371887.991250
1742371888.030890
1742371888.058882
1742371888.097038
1742371888.130547
1742371888.153660
1742371888.197038
1742371888.228568
1742371888.262048
1742371888.295729
1742371888.325402
1742371888.362224
1742371888.395193
1742371888.428991
1742371888.459171
1742371888.490098
1742371888.531029
1742371888.558555
1742371888.597533
1742371888.625379
1742371888.665863
1742371888.692174
1742371888.729423
1742371888.758887
1742371888.795957
1742371888.830541
1742371888.858785
1742371888.895938
1742371888.924708
1742371888.964113
1742371888.989707
1742371889.031429
1742371889.058522
1742371889.097286
1742371889.123701
1742371889.163607
1742371889.193977
1742371889.229829
1742371889.258832
1742371889.296555
1742371889.329079
1742371889.363876
1742371889.390959
1742371889.431143
1742371889.460758
1742371889.493308
1742371889.527189
1742371889.562280
1742371889.597309
1742371889.627394
1742371889.659741
1742371889.694869
1742371889.730994
1742371889.761544
1742371889.792512
1742371889.830817
1742371889.860971
1742371889.894402
1742371889.926064
1742371889.963167
1742371889.997090
1742371890.030137
1742371890.058189
1742371890.097990
1742371890.127041
1742371890.160285
1742371890.192353
1742371890.231353
1742371890.261314
1742371890.296380
1742371890.325696
1742371890.365967
1742371890.392736
1742371890.432277
1742371890.456803
1742371890.497359
1742371890.526098
1742371890.566991
1742371890.588258
1742371890.626767
1742371890.664571
1742371890.694296
1742371890.726221
1742371890.765707
1742371890.792721
1742371890.833432
1742371890.854970
1742371890.894394
1742371890.928584
1742371890.962379
1742371890.992148
1742371891.030470
1742371891.064084
1742371891.097861
1742371891.123378
1742371891.164833
1742371891.194546
1742371891.229164
1742371891.259593
1742371891.296650
1742371891.331658
1742371891.362369
1742371891.392926
1742371891.429836
1742371891.463437
1742371891.498175
1742371891.525954
1742371891.565361
1742371891.595720
1742371891.630957
1742371891.659577
1742371891.699269
1742371891.727189
1742371891.762053
1742371891.793122
1742371891.833746
1742371891.859442
1742371891.897220
1742371891.922732
1742371891.963410
1742371891.996531
1742371892.031617
1742371892.055480
1742371892.095216
1742371892.128176
1742371892.163484
1742371892.188960
1742371892.229507
1742371892.264937
1742371892.288765
1742371892.328259
1742371892.363136
1742371892.395056
1742371892.422022
1742371892.463077
1742371892.495153
1742371892.529645
1742371892.555328
1742371892.595665
1742371892.630721
1742371892.661343
1742371892.688919
1742371892.729474
1742371892.763501
1742371892.795350
1742371892.822182
1742371892.864801
1742371892.892105
1742371892.929772
1742371892.955659
1742371892.998282
1742371893.027015
1742371893.068096
1742371893.088969
1742371893.130427
1742371893.162910
1742371893.196386
1742371893.224082
1742371893.266123
1742371893.294453
1742371893.326550
1742371893.365437
1742371893.393318
1742371893.427066
1742371893.467329
1742371893.493441
1742371893.533017
1742371893.560824
1742371893.600407
1742371893.622656
1742371893.663971
1742371893.698348
1742371893.723385
1742371893.765455
1742371893.798227
1742371893.822999
1742371893.863873
1742371893.896823
1742371893.931444
1742371893.956595
1742371893.997825
1742371894.029783
1742371894.065265
1742371894.089583
1742371894.134102
1742371894.159803
1742371894.200567
1742371894.223108
1742371894.264397
1742371894.294295
1742371894.331281
1742371894.356621
1742371894.398881
1742371894.429333
1742371894.465008
1742371894.489951
1742371894.533617
1742371894.562070
1742371894.602116
1742371894.623414
1742371894.666057
1742371894.696145
1742371894.732077
1742371894.759574
1742371894.798243
1742371894.831833
1742371894.866212
1742371894.893176
1742371894.929974
1742371894.966076
1742371894.996989
1742371895.026799
1742371895.067126
1742371895.094177
1742371895.134041
1742371895.156895
1742371895.200453
1742371895.227937
1742371895.268646
1742371895.290439
1742371895.335156
1742371895.360200
1742371895.401296
1742371895.423774
1742371895.463881
1742371895.502630
1742371895.527249
1742371895.561382
1742371895.599551
1742371895.628915
1742371895.668510
1742371895.690384
1742371895.733301
1742371895.764494
1742371895.799551
1742371895.825114
1742371895.867347
1742371895.894460
1742371895.931850
1742371895.961469
1742371896.002244
1742371896.027576
1742371896.069404
1742371896.090864
1742371896.135752
1742371896.161179
1742371896.199095
1742371896.228478
1742371896.267537
1742371896.294469
1742371896.334921
1742371896.357761
1742371896.404383
1742371896.427047
1742371896.468310
1742371896.491177
1742371896.535368
1742371896.562024
1742371896.601918
1742371896.628796
1742371896.669373
1742371896.693326
1742371896.736308
1742371896.761166
1742371896.801665
1742371896.827355
1742371896.869439
1742371896.894480
1742371896.937313
1742371896.958628
1742371896.998097
1742371897.033897
1742371897.060079
1742371897.096600
1742371897.133487
1742371897.161853
1742371897.197102
1742371897.230717
1742371897.269013
1742371897.295291
1742371897.329281
1742371897.365628
1742371897.400568
1742371897.431700
1742371897.462968
1742371897.500334
1742371897.528179
1742371897.570190
1742371897.592724
1742371897.631654
1742371897.667444
1742371897.696248
1742371897.729279
1742371897.768316
1742371897.795093
1742371897.834712
1742371897.859496
1742371897.903420
1742371897.927829
1742371897.966539
1742371897.992814
1742371898.034774
1742371898.061639
1742371898.098953
1742371898.127999
1742371898.166171
1742371898.198399
1742371898.234776
1742371898.258524
1742371898.301975
1742371898.328517
1742371898.367341
1742371898.394432
1742371898.436408
1742371898.462083
1742371898.504183
1742371898.526294
1742371898.572403
1742371898.594479
1742371898.635725
1742371898.660857
1742371898.700686
1742371898.728589
1742371898.768163
1742371898.794051
1742371898.834777
1742371898.862396
1742371898.904738
1742371898.925875
1742371898.971276
1742371898.994888
1742371899.035626
1742371899.059991
1742371899.104813
1742371899.128331
1742371899.170837
1742371899.192516
1742371899.237728
1742371899.261261
1742371899.300728
1742371899.326655
1742371899.372290
1742371899.394822
1742371899.434679
1742371899.460843
1742371899.503980
1742371899.528172
1742371899.571756
1742371899.592749
1742371899.639665
1742371899.661351
1742371899.703144
1742371899.727479
1742371899.773359
1742371899.794639
1742371899.836485
1742371899.859804
1742371899.906509
1742371899.928003
1742371899.970772
1742371899.992896
1742371900.039431
1742371900.061560
1742371900.105083
1742371900.126301
1742371900.172524
1742371900.194791
1742371900.240134
1742371900.259786
1742371900.305579
1742371900.328108
1742371900.367663
1742371900.394682
1742371900.436415
1742371900.462807
1742371900.504464
1742371900.526710
1742371900.572942
1742371900.595002
1742371900.638093
1742371900.659954
1742371900.706534
1742371900.728329
1742371900.767692
1742371900.795277
1742371900.838484
1742371900.861649
1742371900.907142
1742371900.926797
1742371900.973425
1742371900.995063
1742371901.040920
1742371901.060202
1742371901.107046
1742371901.128389
1742371901.173875
1742371901.193727
1742371901.240789
1742371901.261199
1742371901.305457
1742371901.326844
1742371901.373967
1742371901.394663
1742371901.438298
1742371901.460073
1742371901.506700
1742371901.528468
1742371901.574420
1742371901.593949
1742371901.640676
1742371901.661814
1742371901.707112
1742371901.727221
1742371901.774199
1742371901.795022
1742371901.839915
1742371901.860646
1742371901.907197
1742371901.928483
1742371901.974403
1742371901.994078
1742371902.040360
1742371902.061382
1742371902.107206
1742371902.127334
1742371902.174612
1742371902.194772
1742371902.241649
1742371902.260884
1742371902.307121
1742371902.328506
1742371902.375133
1742371902.394274
1742371902.440962
1742371902.461924
1742371902.505288
1742371902.527876
1742371902.570861
1742371902.597036
1742371902.639309
1742371902.661227
1742371902.707017
1742371902.728571
1742371902.774770
1742371902.794753
1742371902.841217
1742371902.861553
1742371902.903627
1742371902.928219
1742371902.964600
1742371903.005126
1742371903.030490
1742371903.070817
1742371903.095371
1742371903.140225
1742371903.162224
1742371903.205103
1742371903.228099
1742371903.273963
1742371903.295534
1742371903.339302
1742371903.361502
1742371903.407569
1742371903.429098
1742371903.467938
1742371903.495916
1742371903.542314
1742371903.561887
1742371903.603785
1742371903.629109
1742371903.676060
1742371903.695306
1742371903.741437
1742371903.761562
1742371903.805334
1742371903.830417
1742371903.867741
1742371903.896163
1742371903.942104
1742371903.962098
1742371904.005082
1742371904.028760
1742371904.075479
1742371904.095702
1742371904.142954
1742371904.161874
1742371904.208396
1742371904.229187
1742371904.272715
1742371904.295309
1742371904.342567
1742371904.362454
1742371904.408817
1742371904.428655
1742371904.474819
1742371904.495967
1742371904.540810
1742371904.562070
1742371904.605305
1742371904.630016
1742371904.670729
1742371904.696181
1742371904.740474
1742371904.762831
1742371904.808373
1742371904.829145
1742371904.875509
1742371904.896378
1742371904.940616
1742371904.962650
1742371905.008453
1742371905.029617
1742371905.074746
1742371905.095915
1742371905.141574
1742371905.162699
1742371905.207777
1742371905.229530
1742371905.270909
1742371905.296018
1742371905.343039
1742371905.362482
1742371905.407538
1742371905.429147
1742371905.473094
1742371905.496642
1742371905.542074
1742371905.562758
1742371905.607061
1742371905.632392
1742371905.673811
1742371905.696276
1742371905.743684
1742371905.762936
1742371905.809899
1742371905.829288
1742371905.876259
1742371905.896163
1742371905.938980
1742371905.962586
1742371906.009487
1742371906.029601
1742371906.073533
1742371906.096284
1742371906.142071
1742371906.162956
1742371906.207125
1742371906.229533
1742371906.276373
1742371906.296323
1742371906.337866
1742371906.362929
1742371906.409855
1742371906.429668
1742371906.466795
1742371906.504374
1742371906.535604
1742371906.575744
1742371906.596031
1742371906.643485
1742371906.663241
1742371906.705242
1742371906.729496
1742371906.776483
1742371906.796547
1742371906.842713
1742371906.862975
1742371906.909122
1742371906.929733
1742371906.976806
1742371906.996402
1742371907.041689
1742371907.063412
1742371907.108979
1742371907.129752
1742371907.176575
1742371907.196966
1742371907.241605
1742371907.263136
1742371907.308367
1742371907.330367
1742371907.370971
1742371907.397293
1742371907.442693
1742371907.463704
1742371907.506791
1742371907.530353
1742371907.576893
1742371907.597570
1742371907.643998
1742371907.663457
1742371907.708901
1742371907.730644
1742371907.775052
1742371907.796791
1742371907.842875
1742371907.864232
1742371907.906282
1742371907.930201
1742371907.977703
1742371907.997513
1742371908.043111
1742371908.063733
1742371908.109041
1742371908.131250
1742371908.175116
1742371908.197644
1742371908.243882
1742371908.264580
1742371908.309117
1742371908.330331
1742371908.376749
1742371908.398071
1742371908.444472
1742371908.463730
1742371908.506276
1742371908.533480
1742371908.575424
1742371908.597049
1742371908.642272
1742371908.664870
1742371908.709616
1742371908.730569
1742371908.776663
1742371908.798896
1742371908.843554
1742371908.863873
1742371908.905976
1742371908.932745
1742371908.974890
1742371908.997396
1742371909.044417
1742371909.065522
1742371909.110494
1742371909.130646
1742371909.173431
1742371909.200115
1742371909.241783
1742371909.264294
1742371909.305887
1742371909.332847
1742371909.375332
1742371909.397363
1742371909.440759
1742371909.466446
1742371909.507370
1742371909.530889
1742371909.577552
1742371909.599418
1742371909.644893
1742371909.664262
1742371909.706250
1742371909.732428
1742371909.778580
1742371909.797751
1742371909.845014
1742371909.866414
1742371909.907538
1742371909.930883
1742371909.974173
1742371910.001743
1742371910.044071
1742371910.064419
1742371910.110749
1742371910.133698
1742371910.177387
1742371910.197806
1742371910.242174
1742371910.266983
1742371910.308330
1742371910.331261
1742371910.378304
1742371910.399988
1742371910.446253
1742371910.464723
1742371910.508370
1742371910.534386
1742371910.576034
1742371910.597966
1742371910.644874
1742371910.667292
1742371910.709348
1742371910.731463
1742371910.778382
1742371910.800346
1742371910.843160
1742371910.864903
1742371910.909352
1742371910.937732
1742371910.977002
1742371910.998303
1742371911.045836
1742371911.068140
1742371911.112758
1742371911.131752
1742371911.175049
1742371911.201216
1742371911.243975
1742371911.265076
1742371911.310697
1742371911.334548
1742371911.376180
1742371911.398468
1742371911.445489
1742371911.468104
1742371911.510748
1742371911.531784
1742371911.574861
1742371911.605604
1742371911.640385
1742371911.665886
1742371911.712807
1742371911.733963
1742371911.776340
1742371911.798934
1742371911.846196
1742371911.867738
1742371911.910863
1742371911.932012
1742371911.978882
1742371912.002135
1742371912.045007
1742371912.065382
1742371912.106881
1742371912.139243
1742371912.174457
1742371912.199401
1742371912.246539
1742371912.268556
1742371912.310915
1742371912.332198
1742371912.376711
1742371912.402071
1742371912.446187
1742371912.465738
1742371912.507328
1742371912.538382
1742371912.578326
1742371912.599026
1742371912.646373
1742371912.667631
1742371912.708792
1742371912.732267
1742371912.778274
1742371912.803149
1742371912.843832
1742371912.865789
1742371912.908232
1742371912.939316
1742371912.977057
1742371912.999102
1742371913.044726
1742371913.069062
1742371913.110232
1742371913.144924
1742371913.166106
1742371913.213501
1742371913.236094
1742371913.278554
1742371913.303267
1742371913.341035
1742371913.370393
1742371913.412234
1742371913.436632
1742371913.470799
1742371913.508465
1742371913.542290
1742371913.571258
1742371913.606159
1742371913.640275
1742371913.677823
1742371913.704598
1742371913.739653
1742371913.773716
1742371913.809896
1742371913.839856
1742371913.869715
1742371913.911214
1742371913.936965
1742371913.978973
1742371914.000216
1742371914.045103
1742371914.071589
1742371914.113292
1742371914.133554
1742371914.169195
1742371914.200503
1742371914.245509
1742371914.266987
1742371914.309658
1742371914.340492
1742371914.376418
1742371914.402160
1742371914.443148
1742371914.472366
1742371914.511249
1742371914.533852
1742371914.580438
1742371914.604214
1742371914.645590
1742371914.667767
1742371914.708287
1742371914.743574
1742371914.773837
1742371914.806353
1742371914.841914
1742371914.876704
1742371914.904571
1742371914.942065
1742371914.971650
1742371915.009065
1742371915.043305
1742371915.071339
1742371915.107774
1742371915.145531
1742371915.171901
1742371915.207295
1742371915.241230
1742371915.277230
1742371915.305706
1742371915.337756
1742371915.377073
1742371915.406515
1742371915.443122
1742371915.467094
1742371915.514336
1742371915.537828
1742371915.575579
1742371915.601805
1742371915.646128
1742371915.671406
1742371915.712786
1742371915.733899
1742371915.780916
1742371915.802740
1742371915.843328
1742371915.867566
1742371915.911838
1742371915.938845
1742371915.976752
1742371916.001176
1742371916.046489
1742371916.072084
1742371916.108913
1742371916.134572
1742371916.179817
1742371916.204910
1742371916.245737
1742371916.267421
1742371916.311792
1742371916.339167
1742371916.376869
1742371916.401064
1742371916.447071
1742371916.472232
1742371916.512664
1742371916.534303
1742371916.579457
1742371916.603198
1742371916.645180
1742371916.667901
1742371916.712384
1742371916.739429
1742371916.778190
1742371916.801395
1742371916.846395
1742371916.872192
1742371916.909625
1742371916.939183
1742371916.975774
1742371917.011552
1742371917.039245
1742371917.078582
1742371917.103769
1742371917.146114
1742371917.173034
1742371917.208501
1742371917.239966
1742371917.279722
1742371917.304628
1742371917.339166
1742371917.376125
1742371917.410981
1742371917.441357
1742371917.470504
1742371917.512485
1742371917.539049
1742371917.579931
1742371917.601742
1742371917.647601
1742371917.672897
1742371917.713527
1742371917.734995
1742371917.780592
1742371917.805044
1742371917.845717
1742371917.868264
1742371917.914659
1742371917.937006
1742371917.978946
1742371918.001571
1742371918.048160
1742371918.072132
1742371918.113245
1742371918.135106
1742371918.181614
1742371918.206034
1742371918.244173
1742371918.271835
1742371918.308692
1742371918.346939
1742371918.373382
1742371918.408561
1742371918.441649
1742371918.479533
1742371918.508570
1742371918.540697
1742371918.577473
1742371918.608652
1742371918.645237
1742371918.673416
1742371918.710870
1742371918.744647
1742371918.776687
1742371918.807146
1742371918.844417
1742371918.876776
1742371918.908185
1742371918.943183
1742371918.973908
1742371919.014836
1742371919.037375
1742371919.080122
1742371919.103808
1742371919.145872
1742371919.175756
1742371919.206147
1742371919.246715
1742371919.273777
1742371919.314124
1742371919.336153
1742371919.378584
1742371919.410772
1742371919.445501
1742371919.469422
1742371919.514307
1742371919.540958
1742371919.580849
1742371919.602674
1742371919.645150
1742371919.677200
1742371919.713250
1742371919.736018
1742371919.778540
1742371919.810812
1742371919.845559
1742371919.869609
1742371919.914903
1742371919.940789
1742371919.981378
1742371920.002971
1742371920.043540
1742371920.078912
1742371920.109400
1742371920.140118
1742371920.178354
1742371920.209541
1742371920.243523
1742371920.275276
1742371920.311659
1742371920.343853
1742371920.376094
1742371920.407836
1742371920.444225
1742371920.479939
1742371920.510085
1742371920.541910
1742371920.577927
1742371920.611605
1742371920.646632
1742371920.674262
1742371920.713852
1742371920.742620
1742371920.778461
1742371920.808444
1742371920.845993
1742371920.877488
1742371920.911797
1742371920.941219
1742371920.978917
1742371921.010769
1742371921.045585
1742371921.074458
1742371921.113669
1742371921.143207
1742371921.176247
1742371921.208143
1742371921.245606
1742371921.278962
1742371921.310445
1742371921.337522
1742371921.376472
1742371921.411890
1742371921.441706
1742371921.479085
1742371921.503459
1742371921.545054
1742371921.579676
1742371921.610229
1742371921.645185
1742371921.674442
1742371921.714405
1742371921.741792
1742371921.779086
1742371921.804701
1742371921.845796
1742371921.876547
1742371921.912342
1742371921.937325
1742371921.976076
1742371922.012202
1742371922.046974
1742371922.070667
1742371922.113263
1742371922.143778
1742371922.178368
1742371922.204656
1742371922.246293
1742371922.279999
1742371922.307891
1742371922.341880
1742371922.378377
1742371922.414345
1742371922.443443
1742371922.473812
1742371922.513930
1742371922.544420
1742371922.579288
1742371922.606487
1742371922.647575
1742371922.676543
1742371922.712816
1742371922.741194
1742371922.781590
1742371922.810048
1742371922.844055
1742371922.876637
1742371922.912894
1742371922.942753
1742371922.979358
1742371923.009325
1742371923.047139
1742371923.076860
1742371923.112662
1742371923.142264
1742371923.178749
1742371923.214193
1742371923.246014
1742371923.276027
1742371923.312169
1742371923.346163
1742371923.380832
1742371923.404761
1742371923.445952
1742371923.480554
1742371923.509393
1742371923.542271
1742371923.581142
1742371923.609271
1742371923.649473
1742371923.671158
1742371923.713891
1742371923.743693
1742371923.777326
1742371923.809373
1742371923.842494
1742371923.881141
1742371923.911200
1742371923.942673
1742371923.978239
1742371924.013984
1742371924.043722
1742371924.075478
1742371924.114762
1742371924.141689
1742371924.181925
1742371924.205043
1742371924.246171
1742371924.279417
1742371924.313438
1742371924.341909
1742371924.378962
1742371924.414609
1742371924.445337
1742371924.476194
1742371924.515024
1742371924.545872
1742371924.581478
1742371924.605400
1742371924.646198
1742371924.681429
1742371924.710090
1742371924.744051
1742371924.779843
1742371924.815227
1742371924.845104
1742371924.877519
1742371924.912389
1742371924.948756
1742371924.978655
1742371925.011003
1742371925.046543
1742371925.081660
1742371925.111968
1742371925.145839
1742371925.178714
1742371925.214536
1742371925.247609
1742371925.276703
1742371925.316550
1742371925.343309
1742371925.379250
1742371925.411005
1742371925.447652
1742371925.480084
1742371925.515617
1742371925.539747
1742371925.581440
1742371925.611526
1742371925.649739
1742371925.672059
1742371925.710945
1742371925.743162
1742371925.776927
1742371925.809439
1742371925.849061
1742371925.876542
1742371925.913643
1742371925.938908
1742371925.979932
1742371926.011047
1742371926.046952
1742371926.073449
1742371926.116648
1742371926.143404
1742371926.182593
1742371926.205838
1742371926.247002
1742371926.281473
1742371926.312190
1742371926.340584
1742371926.382192
1742371926.411983
1742371926.448282
1742371926.472453
1742371926.514898
1742371926.544835
1742371926.583249
1742371926.605869
1742371926.647998
1742371926.678636
1742371926.714689
1742371926.741228
1742371926.781738
1742371926.810669
1742371926.851014
1742371926.872851
1742371926.915752
1742371926.946045
1742371926.982791
1742371927.008512
1742371927.049742
1742371927.077524
1742371927.114992
1742371927.142654
1742371927.183664
1742371927.210669
1742371927.249834
1742371927.274086
1742371927.315704
1742371927.346539
1742371927.381492
1742371927.408305
1742371927.449710
1742371927.477542
1742371927.517993
1742371927.539666
1742371927.582259
1742371927.612473
1742371927.648589
1742371927.674025
1742371927.716304
1742371927.745587
1742371927.781248
1742371927.811258
1742371927.849709
1742371927.877409
1742371927.916168
1742371927.942011
1742371927.982852
1742371928.012891
1742371928.049161
1742371928.074961
1742371928.117028
1742371928.143750
1742371928.180296
1742371928.207333
1742371928.249464
1742371928.279956
1742371928.315930
1742371928.340281
1742371928.384773
1742371928.410235
1742371928.451948
1742371928.473448
1742371928.516138
1742371928.545040
1742371928.583458
1742371928.606764
1742371928.652416
1742371928.676557
1742371928.717403
1742371928.741116
1742371928.780729
1742371928.815811
1742371928.849773
1742371928.876012
1742371928.913971
1742371928.949578
1742371928.977897
1742371929.014055
1742371929.047767
1742371929.082747
1742371929.110054
1742371929.150689
1742371929.176953
1742371929.217558
1742371929.244057
1742371929.282640
1742371929.312016
1742371929.351921
1742371929.377889
1742371929.411853
1742371929.448084
1742371929.480896
1742371929.513848
1742371929.543783
1742371929.585095
1742371929.610598
1742371929.650072
1742371929.673952
1742371929.716624
1742371929.744292
1742371929.784579
1742371929.817961
1742371929.840938
1742371929.883541
1742371929.911235
1742371929.951313
1742371929.977783
1742371930.012163
1742371930.048853
1742371930.083694
1742371930.107598
1742371930.153395
1742371930.176853
1742371930.215436
1742371930.242032
1742371930.287122
1742371930.310732
1742371930.353461
1742371930.374284
1742371930.416925
1742371930.444003
1742371930.485452
1742371930.507904
1742371930.549411
1742371930.583535
1742371930.611744
1742371930.647470
1742371930.680798
1742371930.715483
1742371930.750745
1742371930.775321
1742371930.820799
1742371930.843927
1742371930.887317
1742371930.908114
1742371930.950398
1742371930.977709
1742371931.019736
1742371931.042361
1742371931.087574
1742371931.110693
1742371931.152392
1742371931.177424
1742371931.219502
1742371931.244030
1742371931.286396
1742371931.310732
1742371931.349452
1742371931.384140
1742371931.412080
1742371931.451038
1742371931.477500
1742371931.518884
1742371931.544918
1742371931.581295
1742371931.614530
1742371931.650509
1742371931.679039
1742371931.712387
1742371931.751759
1742371931.777632
1742371931.819332
1742371931.841919
1742371931.888863
1742371931.910411
1742371931.952399
1742371931.975324
1742371932.022297
1742371932.043994
1742371932.085528
1742371932.108710
1742371932.155843
1742371932.176927
1742371932.221506
1742371932.242069
1742371932.288000
1742371932.310665
1742371932.350182
1742371932.377106
1742371932.415821
1742371932.450704
1742371932.478581
1742371932.514378
1742371932.551209
1742371932.578464
1742371932.618031
1742371932.644000
1742371932.688928
1742371932.711057
1742371932.751033
1742371932.777498
1742371932.820015
1742371932.844473
1742371932.884243
1742371932.909503
1742371932.943473
1742371932.981457
1742371933.019210
1742371933.042252
1742371933.084163
1742371933.115290
1742371933.149632
1742371933.178075
1742371933.220101
1742371933.245674
1742371933.285807
1742371933.311210
1742371933.353531
1742371933.378864
1742371933.418893
1742371933.443841
1742371933.487389
1742371933.511461
1742371933.556298
1742371933.576396
1742371933.619777
1742371933.644487
1742371933.690334
1742371933.709676
1742371933.755823
1742371933.777302
1742371933.823050
1742371933.843052
1742371933.888744
1742371933.910988
1742371933.957217
1742371933.976557
1742371934.023486
1742371934.044024
1742371934.087888
1742371934.110043
1742371934.156277
1742371934.177807
1742371934.223197
1742371934.243312
1742371934.289882
1742371934.311001
1742371934.357913
1742371934.376835
1742371934.424153
1742371934.444199
1742371934.488516
1742371934.510099
1742371934.556732
1742371934.578018
1742371934.619386
1742371934.644163
1742371934.690927
1742371934.711115
1742371934.757953
1742371934.776942
1742371934.824117
1742371934.844487
1742371934.890898
1742371934.910445
1742371934.956675
1742371934.978303
1742371935.023970
1742371935.043683
1742371935.091005
1742371935.111402
1742371935.157741
1742371935.177370
1742371935.222285
1742371935.244766
1742371935.291072
1742371935.310825
1742371935.357419
1742371935.378418
1742371935.419138
1742371935.445869
1742371935.487516
1742371935.513695
1742371935.556171
1742371935.577503
1742371935.624684
1742371935.644490
1742371935.691633
1742371935.710894
1742371935.757798
1742371935.777860
1742371935.820608
1742371935.843976
1742371935.890971
1742371935.910945
1742371935.957826
1742371935.977545
1742371936.020371
1742371936.045763
1742371936.091673
1742371936.110911
1742371936.157372
1742371936.178114
1742371936.222847
1742371936.244225
1742371936.291256
1742371936.313895
1742371936.358015
1742371936.377546
1742371936.424117
1742371936.445002
1742371936.490944
1742371936.510950
1742371936.558295
1742371936.577544
1742371936.624858
1742371936.644454
1742371936.691594
1742371936.711286
1742371936.757665
1742371936.777834
1742371936.821250
1742371936.848105
1742371936.890324
1742371936.911632
1742371936.958011
1742371936.978623
1742371937.025461
1742371937.045010
1742371937.091186
1742371937.111981
1742371937.154922
1742371937.178769
1742371937.218087
1742371937.248351
1742371937.287239
1742371937.311986
1742371937.358809
1742371937.378366
1742371937.425260
1742371937.444923
1742371937.488799
1742371937.512081
1742371937.555606
1742371937.578202
1742371937.625018
1742371937.644931
1742371937.692339
1742371937.711661
1742371937.759009
1742371937.778427
1742371937.825802
1742371937.844963
1742371937.892139
1742371937.911967
1742371937.958516
1742371937.978427
1742371938.025146
1742371938.046151
1742371938.088715
1742371938.116341
1742371938.156873
1742371938.178421
1742371938.224647
1742371938.245733
1742371938.289696
1742371938.312850
1742371938.351333
1742371938.385327
1742371938.421311
1742371938.445984
1742371938.487952
1742371938.512448
1742371938.559573
1742371938.579237
1742371938.621116
1742371938.645804
1742371938.692639
1742371938.712598
1742371938.754136
1742371938.779104
1742371938.822604
1742371938.848895
1742371938.883788
1742371938.917950
1742371938.958492
1742371938.979488
1742371939.025065
1742371939.046447
1742371939.090641
1742371939.112717
1742371939.159766
1742371939.179121
1742371939.225815
1742371939.246295
1742371939.292453
1742371939.313023
1742371939.355476
1742371939.379435
1742371939.423213
1742371939.446565
1742371939.492768
1742371939.513080
1742371939.554036
1742371939.579140
1742371939.625710
1742371939.646274
1742371939.692959
1742371939.712536
1742371939.756007
1742371939.779784
1742371939.822828
1742371939.845753
1742371939.891702
1742371939.913287
1742371939.960152
1742371939.979368
1742371940.022472
1742371940.047074
1742371940.093818
1742371940.112650
1742371940.156845
1742371940.179913
1742371940.226754
1742371940.246106
1742371940.292566
1742371940.313617
1742371940.360794
1742371940.379602
1742371940.426899
1742371940.446963
1742371940.493303
1742371940.512960
1742371940.560117
1742371940.580443
1742371940.627516
1742371940.646383
1742371940.687757
1742371940.714027
1742371940.758482
1742371940.779640
1742371940.826503
1742371940.847547
1742371940.891078
1742371940.913042
1742371940.957275
1742371940.980895
1742371941.025668
1742371941.046367
1742371941.091200
1742371941.114258
1742371941.157232
1742371941.179884
1742371941.223111
1742371941.248052
1742371941.292391
1742371941.313200
1742371941.360502
1742371941.381493
1742371941.427829
1742371941.446663
1742371941.489108
1742371941.515640
1742371941.559735
1742371941.580105
1742371941.623194
1742371941.649384
1742371941.688097
1742371941.713584
1742371941.756711
1742371941.781883
1742371941.825082
1742371941.846691
1742371941.890328
1742371941.916320
1742371941.958237
1742371941.980192
1742371942.027604
1742371942.048539
1742371942.091970
1742371942.113584
1742371942.157030
1742371942.185401
1742371942.227005
1742371942.246943
1742371942.292710
1742371942.315593
1742371942.360369
1742371942.380610
1742371942.423985
1742371942.450842
1742371942.493120
1742371942.514034
1742371942.559087
1742371942.582605
1742371942.625774
1742371942.647354
1742371942.693877
1742371942.715738
1742371942.760045
1742371942.780658
1742371942.823647
1742371942.851629
1742371942.892987
1742371942.913938
1742371942.957639
1742371942.982872
1742371943.022326
1742371943.047270
1742371943.090354
1742371943.117622
1742371943.159344
1742371943.180641
1742371943.227583
1742371943.249037
1742371943.294265
1742371943.314228
1742371943.360641
1742371943.383608
1742371943.426266
1742371943.447551
1742371943.490242
1742371943.517068
1742371943.559596
1742371943.581310
1742371943.624420
1742371943.651101
1742371943.693957
1742371943.714541
1742371943.758388
1742371943.783714
1742371943.822437
1742371943.847622
1742371943.891249
1742371943.916971
1742371943.956041
1742371943.981292
1742371944.028429
1742371944.050654
1742371944.092348
1742371944.114729
1742371944.158377
1742371944.184594
1742371944.228199
1742371944.247963
1742371944.294087
1742371944.317485
1742371944.359503
1742371944.381408
1742371944.424938
1742371944.451853
1742371944.493249
1742371944.514802
1742371944.559189
1742371944.584840
1742371944.626685
1742371944.648112
1742371944.692481
1742371944.720024
1742371944.761191
1742371944.781628
1742371944.825151
1742371944.853001
1742371944.894232
1742371944.914996
1742371944.961076
1742371944.984734
1742371945.027973
1742371945.048436
1742371945.093305
1742371945.118290
1742371945.161240
1742371945.181827
1742371945.225151
1742371945.253990
1742371945.293345
1742371945.315238
1742371945.358354
1742371945.388235
1742371945.426951
1742371945.448557
1742371945.491932
1742371945.521087
1742371945.561150
1742371945.582047
1742371945.626360
1742371945.653373
1742371945.693976
1742371945.715514
1742371945.759319
1742371945.788481
1742371945.825074
1742371945.852898
1742371945.892864
1742371945.921703
1742371945.962848
1742371945.982499
1742371946.029722
1742371946.053062
1742371946.093848
1742371946.115987
1742371946.163038
1742371946.185985
1742371946.228121
1742371946.249905
1742371946.294825
1742371946.319755
1742371946.361473
1742371946.382850
1742371946.426772
1742371946.455005
1742371946.493375
1742371946.515811
1742371946.562657
1742371946.587139
1742371946.624690
1742371946.653509
1742371946.692631
1742371946.717984
1742371946.758475
1742371946.789486
1742371946.819763
1742371946.858963
1742371946.890011
1742371946.926225
1742371946.952842
1742371946.993704
1742371947.021342
1742371947.057796
1742371947.083161
1742371947.126015
1742371947.154004
1742371947.194316
1742371947.216203
1742371947.252630
1742371947.289103
