1742783513.846279
1742783513.946013
1742783513.979939
1742783514.014331
1742783514.046023
1742783514.079486
1742783514.112736
1742783514.145838
1742783514.179144
1742783514.212661
1742783514.252816
1742783514.279942
1742783514.312664
1742783514.358696
1742783514.392764
1742783514.423801
1742783514.458457
1742783514.488528
1742783514.525076
1742783514.557749
1742783514.588894
1742783514.626379
1742783514.658288
1742783514.693239
1742783514.727354
1742783514.761442
1742783514.793198
1742783514.827857
1742783514.859997
1742783514.895118
1742783514.927757
1742783514.961829
1742783514.993581
1742783515.027909
1742783515.061369
1742783515.094417
1742783515.128621
1742783515.161180
1742783515.194974
1742783515.228522
1742783515.260306
1742783515.294807
1742783515.316721
1742783515.346802
1742783515.389158
1742783515.425428
1742783515.447049
1742783515.479855
1742783515.526049
1742783515.546653
1742783515.592620
1742783515.613196
1742783515.655518
1742783515.680550
1742783515.726796
1742783515.746746
1742783515.789053
1742783515.813768
1742783515.856979
1742783515.880027
1742783515.920406
1742783515.950346
1742783515.992696
1742783516.013376
1742783516.058414
1742783516.080969
1742783516.124996
1742783516.146839
1742783516.188161
1742783516.214307
1742783516.260017
1742783516.280281
1742783516.322032
1742783516.347669
1742783516.393567
1742783516.413638
1742783516.457733
1742783516.481109
1742783516.526961
1742783516.547127
1742783516.590471
1742783516.614044
1742783516.660239
1742783516.680484
1742783516.726849
1742783516.747991
1742783516.793795
1742783516.813865
1742783516.851107
1742783516.892299
1742783516.914713
1742783516.947207
1742783516.982685
1742783517.024770
1742783517.048204
1742783517.080592
1742783517.116129
1742783517.157269
1742783517.180997
1742783517.213871
1742783517.249725
1742783517.291025
1742783517.314636
1742783517.347327
1742783517.385415
1742783517.419940
1742783517.453790
1742783517.480813
1742783517.522040
1742783517.548855
1742783517.594610
1742783517.613729
1742783517.657808
1742783517.681755
1742783517.726484
1742783517.747644
1742783517.789400
1742783517.815952
1742783517.858374
1742783517.881066
1742783517.922309
1742783517.950591
1742783517.989121
1742783518.014302
1742783518.052563
1742783518.092090
1742783518.115939
1742783518.147623
1742783518.186224
1742783518.217579
1742783518.255527
1742783518.281214
1742783518.320894
1742783518.351762
1742783518.392546
1742783518.414596
1742783518.455972
1742783518.482934
1742783518.525121
1742783518.547845
1742783518.589812
1742783518.616043
1742783518.658081
1742783518.681317
1742783518.723224
1742783518.750097
1742783518.790407
1742783518.814737
1742783518.853334
1742783518.893008
1742783518.916464
1742783518.948254
1742783518.988213
1742783519.020431
1742783519.056982
1742783519.081727
1742783519.123604
1742783519.150564
1742783519.190984
1742783519.214981
1742783519.253781
1742783519.292555
1742783519.316820
1742783519.348215
1742783519.389001
1742783519.417550
1742783519.457027
1742783519.481645
1742783519.524372
1742783519.551040
1742783519.589840
1742783519.614814
1742783519.656445
1742783519.686757
1742783519.728295
1742783519.748533
1742783519.793692
1742783519.818083
1742783519.857948
1742783519.881912
1742783519.921025
1742783519.950404
1742783519.983138
1742783520.014901
1742783520.050514
1742783520.086343
1742783520.125770
1742783520.148961
1742783520.193977
1742783520.218439
1742783520.260288
1742783520.282287
1742783520.329328
1742783520.352157
1742783520.393584
1742783520.415862
1742783520.461134
1742783520.484264
1742783520.530759
1742783520.549262
1742783520.595142
1742783520.617032
1742783520.660554
1742783520.682561
1742783520.729091
1742783520.751981
1742783520.796902
1742783520.816089
1742783520.858665
1742783520.891706
1742783520.925422
1742783520.949310
1742783520.993300
1742783521.021107
1742783521.062051
1742783521.082716
1742783521.126089
1742783521.155834
1742783521.195342
1742783521.216177
1742783521.262047
1742783521.286491
1742783521.328842
1742783521.349638
1742783521.396302
1742783521.419922
1742783521.460819
1742783521.483163
1742783521.525997
1742783521.552832
1742783521.595849
1742783521.616427
1742783521.659241
1742783521.685761
1742783521.730136
1742783521.749845
1742783521.793619
1742783521.821787
1742783521.858752
1742783521.883210
1742783521.929867
1742783521.953711
1742783521.992990
1742783522.016684
1742783522.063024
1742783522.086672
1742783522.127975
1742783522.149974
1742783522.193357
1742783522.222981
1742783522.259051
1742783522.283427
1742783522.330204
1742783522.353927
1742783522.395985
1742783522.416801
1742783522.463216
1742783522.487114
1742783522.528187
1742783522.550267
1742783522.593770
1742783522.621413
1742783522.663344
1742783522.683590
1742783522.731435
1742783522.753030
1742783522.797205
1742783522.817036
1742783522.860855
1742783522.889187
1742783522.927193
1742783522.950477
1742783522.995791
1742783523.021509
1742783523.063790
1742783523.084004
1742783523.130839
1742783523.154262
1742783523.195620
1742783523.217279
1742783523.264483
1742783523.288218
1742783523.329613
1742783523.350613
1742783523.397014
1742783523.421388
1742783523.462683
1742783523.484101
1742783523.530306
1742783523.555243
1742783523.592910
1742783523.617331
1742783523.663945
1742783523.688448
1742783523.727017
1742783523.763929
1742783523.784540
1742783523.827331
1742783523.856945
1742783523.895180
1742783523.924044
1742783523.955590
1742783523.991593
1742783524.027926
1742783524.056462
1742783524.088585
1742783524.129487
1742783524.155046
1742783524.193512
1742783524.218107
1742783524.263365
1742783524.289446
1742783524.326263
1742783524.351405
1742783524.395914
1742783524.422970
1742783524.460795
1742783524.484553
1742783524.528902
1742783524.556598
1742783524.593780
1742783524.617819
1742783524.663215
1742783524.688247
1742783524.726557
1742783524.751118
1742783524.798344
1742783524.821740
1742783524.863895
1742783524.884680
1742783524.929828
1742783524.956046
1742783524.994122
1742783525.018155
1742783525.063586
1742783525.089273
1742783525.127904
1742783525.151509
1742783525.194943
1742783525.224246
1742783525.262453
1742783525.285124
1742783525.331231
1742783525.356036
1742783525.394506
1742783525.418526
1742783525.464566
1742783525.488702
1742783525.529028
1742783525.552206
1742783525.598265
1742783525.619457
1742783525.665064
1742783525.685344
1742783525.730361
1742783525.756840
1742783525.796106
1742783525.818752
1742783525.864339
1742783525.889695
1742783525.929805
1742783525.952003
1742783525.997542
1742783526.023855
1742783526.063550
1742783526.085498
1742783526.131295
1742783526.156807
1742783526.196392
1742783526.218719
1742783526.265189
1742783526.289716
1742783526.331014
1742783526.352160
1742783526.397502
1742783526.423934
1742783526.464497
1742783526.485707
1742783526.530987
1742783526.556044
1742783526.596703
1742783526.619151
1742783526.664479
1742783526.689876
1742783526.729952
1742783526.752349
1742783526.798513
1742783526.823406
1742783526.864543
1742783526.885654
1742783526.932482
1742783526.956815
1742783526.995784
1742783527.019418
1742783527.062458
1742783527.092632
1742783527.129596
1742783527.152667
1742783527.196081
1742783527.225770
1742783527.262589
1742783527.286115
1742783527.328901
1742783527.358958
1742783527.395870
1742783527.419392
1742783527.461698
1742783527.496501
1742783527.525773
1742783527.556828
1742783527.597528
1742783527.625814
1742783527.662473
1742783527.688714
1742783527.730642
1742783527.760026
1742783527.797549
1742783527.820574
1742783527.862563
1742783527.893626
1742783527.929662
1742783527.953401
1742783527.995986
1742783528.025695
1742783528.063137
1742783528.086353
1742783528.132374
1742783528.157383
1742783528.197774
1742783528.219766
1742783528.264430
1742783528.292129
1742783528.329371
1742783528.353226
1742783528.395568
1742783528.427170
1742783528.462997
1742783528.487450
1742783528.529341
1742783528.560877
1742783528.593186
1742783528.621265
1742783528.663158
1742783528.692326
1742783528.729084
1742783528.753905
1742783528.797170
1742783528.826353
1742783528.862817
1742783528.887341
1742783528.931105
1742783528.958675
1742783528.996422
1742783529.020522
1742783529.061861
1742783529.088639
1742783529.131847
1742783529.153710
1742783529.199637
1742783529.225104
1742783529.265480
1742783529.287643
1742783529.329788
1742783529.359633
1742783529.396371
1742783529.424251
1742783529.463812
1742783529.493988
1742783529.528628
1742783529.557648
1742783529.597795
1742783529.624756
1742783529.665337
1742783529.687762
1742783529.729948
1742783529.760504
1742783529.795246
1742783529.825039
1742783529.863758
1742783529.895592
1742783529.928721
1742783529.958101
1742783529.998750
1742783530.020864
1742783530.059309
1742783530.087707
1742783530.125958
1742783530.164721
1742783530.192489
1742783530.225819
1742783530.264353
1742783530.294309
1742783530.326989
1742783530.357947
1742783530.398429
1742783530.425356
1742783530.464232
1742783530.487898
1742783530.531004
1742783530.560940
1742783530.593626
1742783530.624611
1742783530.664968
1742783530.694438
1742783530.727183
1742783530.758374
1742783530.793745
1742783530.829321
1742783530.865424
1742783530.888933
1742783530.927830
1742783530.963704
1742783530.998075
1742783531.023110
1742783531.065407
1742783531.093552
1742783531.130449
1742783531.156901
1742783531.197250
1742783531.230626
1742783531.261629
1742783531.291916
1742783531.329415
1742783531.362746
1742783531.394963
1742783531.425238
1742783531.465214
1742783531.493856
1742783531.530451
1742783531.557600
1742783531.599453
1742783531.625488
1742783531.665587
1742783531.688876
1742783531.730342
1742783531.760228
1742783531.798018
1742783531.825824
1742783531.863254
1742783531.898793
1742783531.927005
1742783531.959005
1742783531.997639
1742783532.028311
1742783532.061887
1742783532.099649
1742783532.121855
1742783532.160948
1742783532.196917
1742783532.226931
1742783532.266007
1742783532.289053
1742783532.327935
1742783532.358806
1742783532.393016
1742783532.421315
1742783532.459536
1742783532.497310
1742783532.529455
1742783532.557875
1742783532.595724
1742783532.630086
1742783532.665386
1742783532.688706
1742783532.728395
1742783532.761932
1742783532.799553
1742783532.822114
1742783532.866527
1742783532.893337
1742783532.933156
1742783532.956475
1742783532.998629
1742783533.027888
1742783533.065152
1742783533.089811
1742783533.130253
1742783533.165398
1742783533.196048
1742783533.227107
1742783533.261990
1742783533.297331
1742783533.328484
1742783533.359428
1742783533.399521
1742783533.427500
1742783533.466012
1742783533.489541
1742783533.529656
1742783533.565475
1742783533.595971
1742783533.627254
1742783533.665590
1742783533.695040
1742783533.728184
1742783533.763484
1742783533.793392
1742783533.830121
1742783533.866228
1742783533.893391
1742783533.931927
1742783533.960825
1742783533.999591
1742783534.023413
1742783534.066683
1742783534.093298
1742783534.134174
1742783534.156748
1742783534.198346
1742783534.228104
1742783534.264439
1742783534.293352
1742783534.333171
1742783534.362081
1742783534.397936
1742783534.427669
1742783534.464742
1742783534.499243
1742783534.523298
1742783534.564967
1742783534.594630
1742783534.632838
1742783534.661452
1742783534.694282
1742783534.734040
1742783534.760238
1742783534.800959
1742783534.823430
1742783534.865156
1742783534.895599
1742783534.931509
1742783534.961088
1742783534.995698
1742783535.025486
1742783535.057159
1742783535.089573
1742783535.122864
1742783535.156216
1742783535.192449
1742783535.229331
1742783535.264412
1742783535.297268
1742783535.330195
1742783535.359561
1742783535.401310
1742783535.428082
1742783535.467834
1742783535.490492
1742783535.533041
1742783535.563899
1742783535.598802
1742783535.626248
1742783535.668126
1742783535.695046
1742783535.733131
1742783535.759486
1742783535.800664
1742783535.827984
1742783535.869374
1742783535.890582
1742783535.932826
1742783535.963155
1742783535.999902
1742783536.023881
1742783536.066049
1742783536.096010
1742783536.132092
1742783536.159303
1742783536.200484
1742783536.230288
1742783536.267000
1742783536.290917
1742783536.333284
1742783536.363225
1742783536.400130
1742783536.427106
1742783536.468403
1742783536.493508
1742783536.534650
1742783536.557514
1742783536.603397
1742783536.627002
1742783536.665121
1742783536.692435
1742783536.735402
1742783536.761270
1742783536.799217
1742783536.825257
1742783536.864160
1742783536.900589
1742783536.927523
1742783536.965906
1742783536.995193
1742783537.035391
1742783537.062005
1742783537.098697
1742783537.128841
1742783537.169025
1742783537.194223
1742783537.231692
1742783537.262770
1742783537.301835
1742783537.328917
1742783537.364024
1742783537.399599
1742783537.431976
1742783537.464919
1742783537.496049
1742783537.532157
1742783537.567668
1742783537.595724
1742783537.631607
1742783537.664557
1742783537.697790
1742783537.733938
1742783537.760636
1742783537.803410
1742783537.827259
1742783537.868863
1742783537.891398
1742783537.934697
1742783537.962094
1742783538.002546
1742783538.025191
1742783538.067410
1742783538.094430
1742783538.133004
1742783538.162105
1742783538.201710
1742783538.228405
1742783538.266714
1742783538.294040
1742783538.335972
1742783538.360604
1742783538.405613
1742783538.425072
1742783538.472105
1742783538.494608
1742783538.535247
1742783538.559024
1742783538.601558
1742783538.629132
1742783538.667184
1742783538.693343
1742783538.737055
1742783538.761425
1742783538.804321
1742783538.825250
1742783538.871401
1742783538.894480
1742783538.936750
1742783538.959766
1742783539.002638
1742783539.028882
1742783539.071204
1742783539.093143
1742783539.135010
1742783539.162412
1742783539.204669
1742783539.225910
1742783539.270415
1742783539.295603
1742783539.338231
1742783539.358716
1742783539.403554
1742783539.428857
1742783539.470589
1742783539.492266
1742783539.537372
1742783539.561569
1742783539.603839
1742783539.625805
1742783539.671526
1742783539.695016
1742783539.737402
1742783539.759261
1742783539.803834
1742783539.828391
1742783539.870445
1742783539.892333
1742783539.935206
1742783539.964626
1742783540.003911
1742783540.025728
1742783540.071908
1742783540.094943
1742783540.136475
1742783540.159234
1742783540.204900
1742783540.228174
1742783540.269646
1742783540.293221
1742783540.338761
1742783540.361349
1742783540.406253
1742783540.433188
1742783540.459398
1742783540.504741
1742783540.529922
1742783540.568735
1742783540.595782
1742783540.635677
1742783540.661615
1742783540.704908
1742783540.728262
1742783540.767632
1742783540.795192
1742783540.836073
1742783540.861936
1742783540.901705
1742783540.928720
1742783540.970596
1742783540.996314
1742783541.035088
1742783541.061992
1742783541.106128
1742783541.128477
1742783541.169705
1742783541.195091
1742783541.234489
1742783541.264260
1742783541.299393
1742783541.332173
1742783541.371878
1742783541.395129
1742783541.434014
1742783541.462710
1742783541.505297
1742783541.528594
1742783541.571004
1742783541.594834
1742783541.635405
1742783541.665966
1742783541.698189
1742783541.733804
1742783541.769575
1742783541.799735
1742783541.832399
1742783541.868551
1742783541.902043
1742783541.935893
1742783541.961726
1742783542.006465
1742783542.028644
1742783542.067587
1742783542.094423
1742783542.141113
1742783542.161805
1742783542.207219
1742783542.227075
1742783542.273317
1742783542.295068
1742783542.339547
1742783542.360493
1742783542.407699
1742783542.428544
1742783542.473563
1742783542.493846
1742783542.541444
1742783542.561912
1742783542.601343
1742783542.627802
1742783542.675110
1742783542.694963
1742783542.741134
1742783542.760986
1742783542.808097
1742783542.828379
1742783542.871208
1742783542.894252
1742783542.941450
1742783542.962164
1742783543.007581
1742783543.027801
1742783543.074322
1742783543.095505
1742783543.141625
1742783543.161189
1742783543.207911
1742783543.229235
1742783543.275142
1742783543.294611
1742783543.341854
1742783543.362006
1742783543.404972
1742783543.427694
1742783543.474935
1742783543.494809
1742783543.541959
1742783543.561149
1742783543.608409
1742783543.628759
1742783543.675242
1742783543.694698
1742783543.741556
1742783543.762427
1742783543.808773
1742783543.828282
1742783543.874966
1742783543.895685
1742783543.940426
1742783543.961485
1742783544.003985
1742783544.029741
1742783544.071742
1742783544.094632
1742783544.140468
1742783544.162378
1742783544.208637
1742783544.228110
1742783544.275251
1742783544.295484
1742783544.342270
1742783544.361595
1742783544.397954
1742783544.433245
1742783544.466561
1742783544.494817
1742783544.541386
1742783544.562759
1742783544.604353
1742783544.628289
1742783544.671955
1742783544.696119
1742783544.739505
1742783544.761621
1742783544.808945
1742783544.829154
1742783544.872450
1742783544.895542
1742783544.938394
1742783544.964614
1742783545.006205
1742783545.028776
1742783545.075633
1742783545.095853
1742783545.142339
1742783545.161931
1742783545.207441
1742783545.229687
1742783545.275017
1742783545.295343
1742783545.339327
1742783545.363274
1742783545.409406
1742783545.428906
1742783545.472688
1742783545.496590
1742783545.538965
1742783545.562208
1742783545.602941
1742783545.631160
1742783545.672574
1742783545.695520
1742783545.742988
1742783545.762636
1742783545.805988
1742783545.829187
1742783545.875567
1742783545.895954
1742783545.940195
1742783545.962702
1742783546.008955
1742783546.029764
1742783546.075930
1742783546.095853
1742783546.139173
1742783546.162860
1742783546.210122
1742783546.229047
1742783546.276553
1742783546.296004
1742783546.342194
1742783546.362735
1742783546.408540
1742783546.429659
1742783546.472263
1742783546.495957
1742783546.539440
1742783546.563363
1742783546.607152
1742783546.629950
1742783546.673069
1742783546.696406
1742783546.742993
1742783546.762794
1742783546.809363
1742783546.829716
1742783546.876746
1742783546.896129
1742783546.942534
1742783546.963180
1742783547.007188
1742783547.029512
1742783547.076350
1742783547.096559
1742783547.142965
1742783547.163098
1742783547.206224
1742783547.230653
1742783547.276596
1742783547.296386
1742783547.341506
1742783547.363492
1742783547.410996
1742783547.429969
1742783547.473233
1742783547.496827
1742783547.542644
1742783547.563491
1742783547.607037
1742783547.630453
1742783547.675725
1742783547.697167
1742783547.743045
1742783547.763809
1742783547.807584
1742783547.830718
1742783547.871646
1742783547.897105
1742783547.943503
1742783547.963594
1742783548.010634
1742783548.030797
1742783548.077322
1742783548.096790
1742783548.143956
1742783548.163905
1742783548.211074
1742783548.230357
1742783548.277543
1742783548.297604
1742783548.343876
1742783548.363640
1742783548.406962
1742783548.436250
1742783548.474725
1742783548.497489
1742783548.544163
1742783548.564123
1742783548.607721
1742783548.630461
1742783548.674237
1742783548.701260
1742783548.743076
1742783548.771716
1742783548.797114
1742783548.843283
1742783548.864533
1742783548.910354
1742783548.931577
1742783548.973327
1742783548.998059
1742783549.041560
1742783549.064737
1742783549.103548
1742783549.131781
1742783549.178354
1742783549.198343
1742783549.238455
1742783549.264388
1742783549.310927
1742783549.331638
1742783549.374125
1742783549.398318
1742783549.445414
1742783549.465725
1742783549.505376
1742783549.532479
1742783549.575598
1742783549.599247
1742783549.641132
1742783549.665390
1742783549.709810
1742783549.732391
1742783549.768910
1742783549.806620
1742783549.833963
1742783549.875713
1742783549.897514
1742783549.940232
1742783549.966232
1742783550.011279
1742783550.031113
1742783550.078225
1742783550.099260
1742783550.144453
1742783550.164388
1742783550.211441
1742783550.232816
1742783550.276169
1742783550.297845
1742783550.344315
1742783550.366480
1742783550.412513
1742783550.431238
1742783550.478627
1742783550.499764
1742783550.543186
1742783550.564497
1742783550.610969
1742783550.632797
1742783550.675532
1742783550.698008
1742783550.741275
1742783550.769258
1742783550.809721
1742783550.831538
1742783550.878248
1742783550.898643
1742783550.935911
1742783550.965130
1742783551.000529
1742783551.033168
1742783551.067740
1742783551.099596
1742783551.142376
1742783551.170597
1742783551.211810
1742783551.231688
1742783551.276572
1742783551.300309
1742783551.343297
1742783551.365067
1742783551.410505
1742783551.433622
1742783551.477037
1742783551.498512
1742783551.542349
1742783551.570837
1742783551.611215
1742783551.632012
1742783551.675934
1742783551.704868
1742783551.744152
1742783551.765760
1742783551.809286
1742783551.838248
1742783551.876598
1742783551.899386
1742783551.942804
1742783551.971881
1742783552.009394
1742783552.032291
1742783552.075794
1742783552.105021
1742783552.141679
1742783552.165901
1742783552.213133
1742783552.234133
1742783552.276870
1742783552.298846
1742783552.345653
1742783552.368421
1742783552.411103
1742783552.432348
1742783552.475869
1742783552.504568
1742783552.545169
1742783552.565607
1742783552.608934
1742783552.638604
1742783552.675755
1742783552.699442
1742783552.742520
1742783552.769203
1742783552.811282
1742783552.832386
1742783552.874563
1742783552.904101
1742783552.945435
1742783552.965849
1742783553.013201
1742783553.035541
1742783553.079174
1742783553.099251
1742783553.144975
1742783553.169181
1742783553.213506
1742783553.232889
1742783553.278828
1742783553.303493
1742783553.343928
1742783553.367107
1742783553.411674
1742783553.436742
1742783553.479043
1742783553.499612
1742783553.546421
1742783553.569938
1742783553.612245
1742783553.633092
1742783553.678395
1742783553.703513
1742783553.745706
1742783553.766840
1742783553.810352
1742783553.840062
1742783553.876389
1742783553.900071
1742783553.945048
1742783553.969702
1742783554.011795
1742783554.033332
1742783554.076556
1742783554.106104
1742783554.144489
1742783554.166591
1742783554.210013
1742783554.238256
1742783554.279733
1742783554.299744
1742783554.343038
1742783554.372609
1742783554.409697
1742783554.433176
1742783554.480545
1742783554.503320
1742783554.545219
1742783554.566488
1742783554.613633
1742783554.636136
1742783554.680173
1742783554.699917
1742783554.743737
1742783554.771671
1742783554.809813
1742783554.833505
1742783554.879472
1742783554.903736
1742783554.945386
1742783554.966706
1742783555.012586
1742783555.037539
1742783555.078889
1742783555.100108
1742783555.147365
1742783555.169416
1742783555.211236
1742783555.233581
1742783555.280113
1742783555.304416
1742783555.345552
1742783555.366998
1742783555.410473
1742783555.440579
1742783555.476808
1742783555.500813
1742783555.546013
1742783555.571417
1742783555.607874
1742783555.637407
1742783555.678878
1742783555.705132
1742783555.743552
1742783555.768347
1742783555.811294
1742783555.839467
1742783555.877981
1742783555.901564
1742783555.941248
1742783555.978818
1742783556.006833
1742783556.038613
1742783556.075963
1742783556.111076
1742783556.139817
1742783556.173734
1742783556.207751
1742783556.244724
1742783556.273927
1742783556.304842
1742783556.341977
1742783556.376786
1742783556.410320
1742783556.435508
1742783556.479583
1742783556.505568
1742783556.546978
1742783556.567660
1742783556.612648
1742783556.639029
1742783556.679694
1742783556.701061
1742783556.745950
1742783556.772453
1742783556.810295
1742783556.834583
1742783556.879257
1742783556.906829
1742783556.944795
1742783556.967832
1742783557.012644
1742783557.041452
1742783557.078185
1742783557.111269
1742783557.134920
1742783557.180744
1742783557.203164
1742783557.241471
1742783557.278968
1742783557.306179
1742783557.343538
1742783557.374486
1742783557.412282
1742783557.439295
1742783557.478529
1742783557.507682
1742783557.546454
1742783557.571399
1742783557.613067
1742783557.640619
1742783557.680306
1742783557.702075
1742783557.748121
1742783557.769849
1742783557.805759
1742783557.835821
1742783557.877316
1742783557.908549
1742783557.944742
1742783557.971294
1742783558.013472
1742783558.039923
1742783558.079624
1742783558.101944
1742783558.148111
1742783558.172986
1742783558.212046
1742783558.235919
1742783558.279898
1742783558.307852
1742783558.345177
1742783558.371622
1742783558.409201
1742783558.445508
1742783558.475601
1742783558.508579
1742783558.542693
1742783558.578924
1742783558.608788
1742783558.640071
1742783558.678949
1742783558.707943
1742783558.746340
1742783558.769408
1742783558.811591
1742783558.842691
1742783558.879017
1742783558.904525
1742783558.945434
1742783558.975614
1742783559.012106
1742783559.039139
1742783559.079563
1742783559.108895
1742783559.146457
1742783559.171015
1742783559.212814
1742783559.242263
1742783559.279164
1742783559.306879
1742783559.345415
1742783559.378550
1742783559.409484
1742783559.441470
1742783559.477292
1742783559.509380
1742783559.545486
1742783559.574237
1742783559.612303
1742783559.642487
1742783559.678498
1742783559.707345
1742783559.745303
1742783559.777976
1742783559.812426
1742783559.840548
1742783559.878112
1742783559.908247
1742783559.945687
1742783559.973759
1742783560.012896
1742783560.038192
1742783560.073456
1742783560.104629
1742783560.146016
1742783560.176096
1742783560.210203
1742783560.240486
1742783560.279662
1742783560.308916
1742783560.346593
1742783560.371979
1742783560.409822
1742783560.445442
1742783560.478641
1742783560.507488
1742783560.545782
1742783560.578053
1742783560.611419
1742783560.641066
1742783560.679873
1742783560.709640
1742783560.745781
1742783560.769845
1742783560.812513
1742783560.844334
1742783560.877692
1742783560.905252
1742783560.943759
1742783560.977891
1742783561.009212
1742783561.037139
1742783561.079134
1742783561.110628
1742783561.143340
1742783561.170902
1742783561.213303
1742783561.242893
1742783561.278916
1742783561.304969
1742783561.343609
1742783561.380959
1742783561.408433
1742783561.440066
1742783561.479690
1742783561.511919
1742783561.545166
1742783561.573314
1742783561.611754
1742783561.645669
1742783561.677850
1742783561.708449
1742783561.740609
1742783561.781172
1742783561.810235
1742783561.841518
1742783561.877893
1742783561.910709
1742783561.943220
1742783561.975022
1742783562.012554
1742783562.047316
1742783562.077092
1742783562.110097
1742783562.139392
1742783562.180217
1742783562.212237
1742783562.241622
1742783562.280394
1742783562.310793
1742783562.343848
1742783562.375009
1742783562.412360
1742783562.445828
1742783562.480947
1742783562.508163
1742783562.548740
1742783562.575356
1742783562.614198
1742783562.638997
1742783562.678929
1742783562.713144
1742783562.741845
1742783562.780508
1742783562.808081
1742783562.849116
1742783562.875471
1742783562.910272
1742783562.945954
1742783562.980509
1742783563.010513
1742783563.043025
1742783563.078812
1742783563.112714
1742783563.145888
1742783563.175489
1742783563.213711
1742783563.243578
1742783563.280890
1742783563.307671
1742783563.349043
1742783563.375724
1742783563.416717
1742783563.438969
1742783563.478863
1742783563.514210
1742783563.544905
1742783563.575844
1742783563.611179
1742783563.646816
1742783563.678043
1742783563.710128
1742783563.744999
1742783563.780125
1742783563.813940
1742783563.843002
1742783563.879350
1742783563.913702
1742783563.945150
1742783563.975099
1742783564.014101
1742783564.044799
1742783564.079132
1742783564.106285
1742783564.145480
1742783564.177608
1742783564.210136
1742783564.241198
1742783564.281506
1742783564.309070
1742783564.346764
1742783564.372768
1742783564.411763
1742783564.444998
1742783564.479522
1742783564.508486
1742783564.548753
1742783564.578510
1742783564.610738
1742783564.642757
1742783564.676690
1742783564.707315
1742783564.742870
1742783564.771110
1742783564.812615
1742783564.842902
1742783564.879455
1742783564.904973
1742783564.944810
1742783564.978167
1742783565.010343
1742783565.041191
1742783565.082862
1742783565.109344
1742783565.149340
1742783565.171867
1742783565.212185
1742783565.248125
1742783565.277748
1742783565.309259
1742783565.349712
1742783565.376831
1742783565.415738
1742783565.449033
1742783565.472362
1742783565.514244
1742783565.549468
1742783565.579827
1742783565.615370
1742783565.643180
1742783565.680812
1742783565.711209
1742783565.746156
1742783565.776608
1742783565.816993
1742783565.843027
1742783565.880570
1742783565.910232
1742783565.946073
1742783565.981317
1742783566.014898
1742783566.042832
1742783566.080827
1742783566.114689
1742783566.146636
1742783566.177016
1742783566.216176
1742783566.245952
1742783566.281028
1742783566.310473
1742783566.347428
1742783566.380584
1742783566.415925
1742783566.441694
1742783566.479414
1742783566.515689
1742783566.545707
1742783566.578673
1742783566.613994
1742783566.645613
1742783566.677387
1742783566.713185
1742783566.745789
1742783566.782113
1742783566.815888
1742783566.843629
1742783566.883956
1742783566.910828
1742783566.951015
1742783566.974882
1742783567.015374
1742783567.047127
1742783567.077659
1742783567.115251
1742783567.144710
1742783567.182219
1742783567.215965
1742783567.244306
1742783567.282429
1742783567.312588
1742783567.349064
1742783567.377363
1742783567.417518
1742783567.445018
1742783567.481853
1742783567.511296
1742783567.551273
1742783567.577004
1742783567.615667
1742783567.644644
1742783567.681149
1742783567.713235
1742783567.749747
1742783567.776647
1742783567.818086
1742783567.844138
1742783567.881775
1742783567.911748
1742783567.948758
1742783567.980061
1742783568.016639
1742783568.043176
1742783568.084754
1742783568.110694
1742783568.152361
1742783568.173567
1742783568.218108
1742783568.243654
1742783568.280705
1742783568.308459
1742783568.349088
1742783568.380953
1742783568.416679
1742783568.440484
1742783568.482512
1742783568.513733
1742783568.549940
1742783568.573660
1742783568.618420
1742783568.643961
1742783568.684797
1742783568.706998
1742783568.752710
1742783568.777136
1742783568.818126
1742783568.840356
1742783568.885411
1742783568.910409
1742783568.950015
1742783568.973949
1742783569.017808
1742783569.043768
1742783569.083725
1742783569.107199
1742783569.150528
1742783569.178665
1742783569.215491
1742783569.243816
1742783569.284349
1742783569.311900
1742783569.352824
1742783569.374672
1742783569.417342
1742783569.444978
1742783569.486550
1742783569.508462
1742783569.550900
1742783569.578658
1742783569.619252
1742783569.641360
1742783569.687163
1742783569.710926
1742783569.751611
1742783569.776037
1742783569.814732
1742783569.851559
1742783569.878391
1742783569.916351
1742783569.945840
1742783569.985440
1742783570.010902
1742783570.046898
1742783570.082945
1742783570.116395
1742783570.149532
1742783570.175729
1742783570.216682
1742783570.249600
1742783570.282697
1742783570.310189
1742783570.352109
1742783570.377703
1742783570.415883
1742783570.442172
1742783570.483829
1742783570.511625
1742783570.549533
1742783570.576280
1742783570.614502
1742783570.653576
1742783570.677721
1742783570.716721
1742783570.746415
1742783570.785690
1742783570.811959
1742783570.845810
1742783570.882533
1742783570.917793
1742783570.944993
1742783570.979770
1742783571.018864
1742783571.044838
1742783571.082967
1742783571.109887
1742783571.150534
1742783571.178741
1742783571.218986
1742783571.241975
1742783571.287691
1742783571.310838
1742783571.349285
1742783571.378312
1742783571.419950
1742783571.445192
1742783571.485220
1742783571.509344
1742783571.553961
1742783571.577520
1742783571.616811
1742783571.644609
1742783571.686484
1742783571.712397
1742783571.754803
1742783571.775382
1742783571.819062
1742783571.845507
1742783571.885899
1742783571.911283
1742783571.953826
1742783571.978748
1742783572.020144
1742783572.042335
1742783572.088086
1742783572.111348
1742783572.153061
1742783572.175489
1742783572.220816
1742783572.244804
1742783572.287761
1742783572.308823
1742783572.356115
1742783572.377957
1742783572.413481
1742783572.450886
1742783572.478870
1742783572.517103
1742783572.542336
1742783572.586793
1742783572.612266
1742783572.653998
1742783572.675871
1742783572.719320
1742783572.745894
1742783572.786182
1742783572.809195
1742783572.855936
1742783572.878127
1742783572.917259
1742783572.943319
1742783572.988220
1742783573.011435
1742783573.050822
1742783573.076305
1742783573.122503
1742783573.144728
1742783573.187401
1742783573.209415
1742783573.256627
1742783573.278059
1742783573.323373
1742783573.342983
1742783573.390284
1742783573.411447
1742783573.451538
1742783573.477845
1742783573.517426
1742783573.549010
1742783573.588922
1742783573.609759
1742783573.656198
1742783573.677436
1742783573.723503
1742783573.747906
1742783573.787256
1742783573.809843
1742783573.856243
1742783573.879349
1742783573.921322
1742783573.946675
1742783573.988627
1742783574.010937
1742783574.049840
1742783574.083163
1742783574.111010
1742783574.157431
1742783574.178118
1742783574.219102
1742783574.243263
1742783574.290203
1742783574.311358
1742783574.349837
1742783574.377263
1742783574.424202
1742783574.443914
1742783574.491253
1742783574.510193
1742783574.556896
1742783574.578102
1742783574.623559
1742783574.643494
1742783574.690655
1742783574.711368
1742783574.757606
1742783574.777022
1742783574.823788
1742783574.845157
1742783574.890714
1742783574.910411
1742783574.957605
1742783574.977737
1742783575.024481
1742783575.043748
1742783575.091516
1742783575.110392
1742783575.157417
1742783575.176945
1742783575.223163
1742783575.245488
1742783575.290748
1742783575.310722
1742783575.357511
1742783575.378579
1742783575.421372
1742783575.444073
1742783575.491074
1742783575.511995
1742783575.558068
1742783575.577524
1742783575.624733
1742783575.645200
1742783575.691083
1742783575.710731
1742783575.757391
1742783575.778653
1742783575.824712
1742783575.844355
1742783575.890828
1742783575.912093
1742783575.956700
1742783575.977566
1742783576.024827
1742783576.045298
1742783576.091218
1742783576.110906
1742783576.157370
1742783576.179010
1742783576.224949
1742783576.244389
1742783576.291459
1742783576.311605
1742783576.355479
1742783576.377786
1742783576.424587
1742783576.445392
1742783576.491043
1742783576.511108
1742783576.558228
1742783576.578662
1742783576.620967
1742783576.644590
1742783576.692135
1742783576.711851
1742783576.755263
1742783576.778306
1742783576.824711
1742783576.845571
1742783576.892150
1742783576.911315
1742783576.958589
1742783576.978703
1742783577.023768
1742783577.044798
1742783577.091471
1742783577.111785
1742783577.154778
1742783577.178101
1742783577.221556
1742783577.246505
1742783577.285751
1742783577.311663
1742783577.358425
1742783577.379101
1742783577.424662
1742783577.444894
1742783577.489669
1742783577.512560
1742783577.557610
1742783577.578569
1742783577.625559
1742783577.645689
1742783577.691429
1742783577.711674
1742783577.752724
1742783577.785822
1742783577.817027
1742783577.845929
1742783577.882787
1742783577.924970
1742783577.946262
1742783577.984833
1742783578.018098
1742783578.053176
1742783578.089373
1742783578.112142
1742783578.156000
1742783578.179494
1742783578.224570
1742783578.245497
1742783578.291943
1742783578.312708
1742783578.357155
1742783578.378924
1742783578.425613
1742783578.446086
1742783578.488195
1742783578.512421
1742783578.559683
1742783578.578998
1742783578.626244
1742783578.645717
1742783578.688537
1742783578.714878
1742783578.757479
1742783578.779304
1742783578.822663
1742783578.847271
1742783578.893251
1742783578.912551
1742783578.959612
1742783578.979633
1742783579.021209
1742783579.046530
1742783579.087498
1742783579.120292
1742783579.154920
1742783579.179666
1742783579.225244
1742783579.246732
1742783579.286467
1742783579.313580
1742783579.358002
1742783579.380114
1742783579.426496
1742783579.446173
1742783579.492749
1742783579.513160
1742783579.557820
1742783579.579720
1742783579.626697
1742783579.646428
1742783579.691963
1742783579.712942
1742783579.758802
1742783579.780130
1742783579.825230
1742783579.846330
1742783579.892720
1742783579.913509
1742783579.958859
1742783579.979928
1742783580.025860
1742783580.046651
1742783580.091961
1742783580.113332
1742783580.156391
1742783580.184001
1742783580.226652
1742783580.246415
1742783580.292951
1742783580.313482
1742783580.359932
1742783580.379808
1742783580.423180
1742783580.447801
1742783580.492234
1742783580.513216
1742783580.559694
1742783580.580150
1742783580.626942
1742783580.646675
1742783580.690172
1742783580.713623
1742783580.760259
1742783580.779972
1742783580.827143
1742783580.847377
1742783580.891360
1742783580.913414
1742783580.960491
1742783580.980530
1742783581.023928
1742783581.047113
1742783581.090528
1742783581.113934
1742783581.157455
1742783581.180483
1742783581.227706
1742783581.247294
1742783581.289944
1742783581.314549
1742783581.360041
1742783581.381022
1742783581.425478
1742783581.447169
1742783581.491098
1742783581.518003
1742783581.559260
1742783581.580732
1742783581.627542
1742783581.647929
1742783581.694609
1742783581.713855
1742783581.757623
1742783581.781319
1742783581.827842
1742783581.847749
1742783581.893427
1742783581.914807
1742783581.957420
1742783581.981715
1742783582.021971
1742783582.054161
1742783582.091340
1742783582.127049
1742783582.147741
1742783582.193652
1742783582.215277
1742783582.261482
1742783582.282619
1742783582.324970
1742783582.348584
1742783582.392135
1742783582.414884
1742783582.456498
1742783582.482049
1742783582.526408
1742783582.549421
1742783582.585733
1742783582.619951
1742783582.660324
1742783582.683014
1742783582.717778
1742783582.758729
1742783582.783927
1742783582.822975
1742783582.847629
1742783582.890198
1742783582.915349
1742783582.957925
1742783582.980818
1742783583.023710
1742783583.050286
1742783583.089820
1742783583.114235
1742783583.159856
1742783583.181932
1742783583.224926
1742783583.247607
1742783583.290704
1742783583.317057
1742783583.360047
1742783583.381335
1742783583.423765
1742783583.450377
1742783583.492962
1742783583.514480
1742783583.560317
1742783583.583250
1742783583.629643
1742783583.648022
1742783583.691507
1742783583.718081
1742783583.759945
1742783583.781574
1742783583.828178
1742783583.850218
1742783583.892263
1742783583.914949
1742783583.958562
1742783583.985359
1742783584.028662
1742783584.048309
1742783584.095352
1742783584.117408
1742783584.161159
1742783584.181702
1742783584.228038
1742783584.250950
1742783584.292980
1742783584.314977
1742783584.358224
1742783584.385616
1742783584.428298
1742783584.448375
1742783584.494711
1742783584.518184
1742783584.560346
1742783584.581879
1742783584.628831
1742783584.651156
1742783584.696021
1742783584.715386
1742783584.758844
1742783584.786204
1742783584.827545
1742783584.848661
1742783584.892515
1742783584.917888
1742783584.959826
1742783584.981993
1742783585.025633
1742783585.051653
1742783585.094788
1742783585.115632
1742783585.159262
1742783585.185185
1742783585.227411
1742783585.248852
1742783585.295922
1742783585.318279
1742783585.359293
1742783585.382394
1742783585.429950
1742783585.451795
1742783585.496018
1742783585.515772
1742783585.559121
1742783585.588724
1742783585.628201
1742783585.649099
1742783585.696155
1742783585.718685
1742783585.759893
1742783585.782649
1742783585.828957
1742783585.850136
1742783585.893030
1742783585.918377
1742783585.960146
1742783585.989095
1742783586.027677
1742783586.051086
1742783586.093749
1742783586.122345
1742783586.160591
1742783586.183208
1742783586.226540
1742783586.255921
1742783586.291388
1742783586.316408
1742783586.362310
1742783586.385250
1742783586.429958
1742783586.449470
1742783586.496297
1742783586.520133
1742783586.561873
1742783586.582926
1742783586.629784
1742783586.653546
1742783586.695684
1742783586.716241
1742783586.763458
1742783586.786682
1742783586.828027
1742783586.849811
1742783586.892998
1742783586.922484
1742783586.961705
1742783586.983137
1742783587.029356
1742783587.053138
1742783587.094255
1742783587.116400
1742783587.163958
1742783587.186818
1742783587.228371
1742783587.249981
1742783587.292984
1742783587.323157
1742783587.359784
1742783587.384370
1742783587.427059
1742783587.456466
1742783587.493422
1742783587.517550
1742783587.561037
1742783587.589504
1742783587.626267
1742783587.651557
1742783587.695151
1742783587.721534
1742783587.759934
1742783587.783813
1742783587.827416
1742783587.856640
1742783587.894514
1742783587.916941
1742783587.963822
1742783587.987444
1742783588.029138
1742783588.050494
1742783588.096483
1742783588.121397
1742783588.159988
1742783588.184244
1742783588.228177
1742783588.256616
1742783588.293908
1742783588.317119
1742783588.363793
1742783588.388069
1742783588.429805
1742783588.450419
1742783588.497611
1742783588.520666
1742783588.562599
1742783588.583789
1742783588.630779
1742783588.653617
1742783588.695185
1742783588.717381
1742783588.764115
1742783588.788317
1742783588.826034
1742783588.851681
1742783588.896348
1742783588.921624
1742783588.960140
1742783588.984750
1742783589.029871
1742783589.055101
1742783589.095852
1742783589.117469
1742783589.162726
1742783589.186078
1742783589.229636
1742783589.250999
1742783589.296114
1742783589.322307
1742783589.360017
1742783589.384879
1742783589.429939
1742783589.455689
1742783589.495111
1742783589.518591
1742783589.564419
1742783589.588967
1742783589.630934
1742783589.651449
1742783589.696777
1742783589.722422
1742783589.761054
1742783589.786816
1742783589.828605
1742783589.858439
1742783589.894724
1742783589.922107
1742783589.960286
1742783589.991625
1742783590.024234
1742783590.055030
1742783590.090892
1742783590.123301
1742783590.162397
1742783590.184981
1742783590.230359
1742783590.254858
1742783590.296293
1742783590.318243
1742783590.362122
1742783590.389416
1742783590.430377
1742783590.461044
1742783590.484889
1742783590.527969
1742783590.561078
1742783590.593783
1742783590.627992
1742783590.656317
1742783590.693800
1742783590.725519
1742783590.761484
1742783590.788489
1742783590.826499
1742783590.860119
1742783590.895542
1742783590.920612
1742783590.962955
1742783590.991283
1742783591.029906
1742783591.052247
1742783591.098009
1742783591.123358
1742783591.162999
1742783591.185404
1742783591.231838
1742783591.255763
1742783591.294917
1742783591.321799
1742783591.362899
1742783591.391223
1742783591.430514
1742783591.452234
1742783591.498990
1742783591.522540
1742783591.562238
1742783591.589501
1742783591.629143
1742783591.659216
1742783591.696710
1742783591.720329
1742783591.762709
1742783591.792823
1742783591.828713
1742783591.856660
1742783591.895092
1742783591.926434
1742783591.961760
1742783591.988848
1742783592.027790
1742783592.061682
1742783592.094976
1742783592.122576
1742783592.161114
1742783592.193513
1742783592.227526
1742783592.252970
1742783592.295530
1742783592.325852
1742783592.361218
1742783592.386122
1742783592.428918
1742783592.458273
1742783592.494390
1742783592.520887
1742783592.563130
1742783592.592504
1742783592.629145
1742783592.653333
1742783592.695926
1742783592.726780
1742783592.762412
1742783592.787695
1742783592.829565
1742783592.859147
1742783592.895179
1742783592.922830
1742783592.963582
1742783592.992792
1742783593.028606
1742783593.053124
1742783593.093795
1742783593.129158
1742783593.158877
1742783593.189732
1742783593.227510
1742783593.259719
1742783593.296399
1742783593.320258
1742783593.363649
1742783593.392913
1742783593.429837
1742783593.453837
1742783593.496147
1742783593.526478
1742783593.562714
1742783593.589860
1742783593.629586
1742783593.660132
1742783593.692697
1742783593.726898
1742783593.757923
1742783593.798481
1742783593.826064
1742783593.860786
1742783593.892917
1742783593.929193
1742783593.962540
1742783593.991598
1742783594.028011
1742783594.062313
1742783594.094565
1742783594.125272
1742783594.161114
1742783594.194150
1742783594.228717
1742783594.258130
1742783594.297267
1742783594.325285
1742783594.360935
1742783594.390260
1742783594.429889
1742783594.459459
1742783594.495852
1742783594.520473
1742783594.563378
1742783594.592885
1742783594.627660
1742783594.657047
1742783594.697310
1742783594.723618
1742783594.764652
1742783594.787850
1742783594.826939
1742783594.863698
1742783594.894476
1742783594.924831
1742783594.963276
1742783594.994067
1742783595.027637
1742783595.057912
1742783595.098092
1742783595.126490
1742783595.162475
1742783595.191083
1742783595.231363
1742783595.259515
1742783595.295867
1742783595.321236
1742783595.359685
1742783595.395502
1742783595.430460
1742783595.454125
1742783595.496590
1742783595.528644
1742783595.562429
1742783595.589585
1742783595.627062
1742783595.663048
1742783595.693622
1742783595.725802
1742783595.763360
1742783595.796567
1742783595.831338
1742783595.854213
1742783595.896721
1742783595.930021
1742783595.963531
1742783595.989680
1742783596.031640
1742783596.061290
1742783596.096130
1742783596.125851
1742783596.164782
1742783596.193484
1742783596.230433
1742783596.258074
1742783596.297208
1742783596.326127
1742783596.364209
1742783596.388187
1742783596.427373
1742783596.460619
1742783596.498003
1742783596.521338
1742783596.560035
1742783596.596203
1742783596.629721
1742783596.657607
1742783596.695585
1742783596.730333
1742783596.764277
1742783596.790702
1742783596.831060
1742783596.855692
1742783596.891860
1742783596.923101
1742783596.964574
1742783596.994009
1742783597.027681
1742783597.057912
1742783597.097787
1742783597.128291
1742783597.163723
1742783597.188582
1742783597.227352
1742783597.261275
1742783597.295328
1742783597.324533
1742783597.363765
1742783597.393491
1742783597.431581
1742783597.455328
1742783597.495852
1742783597.530582
1742783597.564226
1742783597.590081
1742783597.632000
1742783597.660476
1742783597.694600
1742783597.725443
1742783597.764929
1742783597.795433
1742783597.830334
1742783597.858354
1742783597.899318
1742783597.928360
1742783597.963116
1742783597.992465
1742783598.030210
1742783598.063437
1742783598.098828
1742783598.124506
1742783598.165044
1742783598.197277
1742783598.232852
1742783598.258904
1742783598.298874
1742783598.329815
1742783598.363804
1742783598.392563
1742783598.429316
1742783598.464445
1742783598.494919
1742783598.525887
1742783598.565587
1742783598.594656
1742783598.631088
1742783598.656523
1742783598.698389
1742783598.729155
1742783598.763335
1742783598.798908
1742783598.822508
1742783598.863629
1742783598.899260
1742783598.929523
1742783598.964347
1742783598.993957
1742783599.030786
1742783599.064887
1742783599.096457
1742783599.127970
1742783599.161899
1742783599.197375
1742783599.230409
1742783599.258790
1742783599.299864
1742783599.328115
1742783599.362164
1742783599.393153
1742783599.433787
1742783599.460697
1742783599.500769
1742783599.522660
1742783599.564696
1742783599.598551
1742783599.628182
1742783599.660648
1742783599.700616
1742783599.726635
1742783599.765966
1742783599.789584
1742783599.830689
1742783599.862824
1742783599.898384
1742783599.923153
1742783599.963360
1742783599.999419
1742783600.027968
1742783600.060739
1742783600.099026
1742783600.131287
1742783600.165005
1742783600.192709
1742783600.230353
1742783600.266101
1742783600.299314
1742783600.325250
1742783600.365165
1742783600.397864
1742783600.433566
1742783600.456596
1742783600.498494
1742783600.531101
1742783600.562098
1742783600.594144
1742783600.632259
1742783600.663984
1742783600.698751
1742783600.726670
1742783600.765975
1742783600.796061
1742783600.832237
1742783600.860193
1742783600.899779
1742783600.929589
1742783600.967235
1742783600.990596
1742783601.032618
1742783601.059486
1742783601.097814
1742783601.125954
1742783601.165817
1742783601.197601
1742783601.234808
1742783601.256876
1742783601.299326
1742783601.331011
1742783601.365768
1742783601.391440
1742783601.432430
1742783601.463317
1742783601.503075
1742783601.523713
1742783601.565176
1742783601.599076
1742783601.630141
1742783601.661844
1742783601.702975
1742783601.727120
1742783601.769198
1742783601.790547
1742783601.836108
1742783601.860474
1742783601.898507
1742783601.928284
1742783601.968448
1742783601.995112
1742783602.032698
1742783602.061966
1742783602.102182
1742783602.127728
1742783602.169337
1742783602.192064
1742783602.235760
1742783602.260788
1742783602.299045
1742783602.328072
1742783602.368733
1742783602.394283
1742783602.436579
1742783602.457497
1742783602.500715
1742783602.527762
1742783602.569509
1742783602.590832
1742783602.635091
1742783602.661137
1742783602.699366
1742783602.726512
1742783602.769080
1742783602.794159
1742783602.831895
1742783602.861948
1742783602.902704
1742783602.927542
1742783602.965059
1742783602.995940
1742783603.032452
1742783603.064189
1742783603.101159
1742783603.125054
1742783603.168525
1742783603.195030
1742783603.236622
1742783603.257888
1742783603.303314
1742783603.327528
1742783603.365168
1742783603.395369
1742783603.436594
1742783603.460679
1742783603.499587
1742783603.528545
1742783603.565145
1742783603.601241
1742783603.629011
1742783603.667614
1742783603.694339
1742783603.735865
1742783603.761101
1742783603.801539
1742783603.827253
1742783603.870648
1742783603.894475
1742783603.930542
1742783603.966981
1742783603.995155
1742783604.031214
1742783604.063128
1742783604.103940
1742783604.127657
1742783604.170967
1742783604.191855
1742783604.236683
1742783604.261130
1742783604.302885
1742783604.325462
1742783604.371391
1742783604.394551
1742783604.437739
1742783604.458525
1742783604.503183
1742783604.527982
1742783604.568394
1742783604.591837
1742783604.637191
1742783604.661168
1742783604.699538
1742783604.729549
1742783604.769838
1742783604.795022
1742783604.838068
1742783604.858810
1742783604.902067
1742783604.928731
1742783604.971870
1742783604.992267
1742783605.037409
1742783605.061316
1742783605.100784
1742783605.126894
1742783605.172882
1742783605.194773
1742783605.236389
1742783605.259127
1742783605.303485
1742783605.327922
1742783605.370638
1742783605.392309
1742783605.436712
1742783605.462474
1742783605.501028
1742783605.526976
1742783605.571521
1742783605.594498
1742783605.635965
1742783605.660160
1742783605.705718
1742783605.728089
1742783605.770690
1742783605.792793
1742783605.838879
1742783605.861439
1742783605.905571
1742783605.926289
1742783605.973414
1742783605.994863
1742783606.037777
1742783606.060450
1742783606.106997
1742783606.128375
1742783606.172046
1742783606.193598
1742783606.240660
1742783606.261401
1742783606.306900
1742783606.326620
1742783606.373211
1742783606.394932
1742783606.439811
1742783606.459967
1742783606.507069
1742783606.528036
1742783606.571282
1742783606.593175
1742783606.639965
1742783606.661375
1742783606.705164
1742783606.726387
1742783606.770781
1742783606.795168
1742783606.836761
1742783606.859961
1742783606.907222
1742783606.927986
1742783606.970922
1742783606.993372
1742783607.040554
1742783607.061372
1742783607.104796
1742783607.139373
1742783607.160429
1742783607.203189
1742783607.229946
1742783607.271347
1742783607.295259
1742783607.336890
1742783607.361194
1742783607.407173
1742783607.428487
1742783607.467810
1742783607.495725
1742783607.541815
1742783607.560933
1742783607.605510
1742783607.627394
1742783607.674314
1742783607.695042
1742783607.731989
1742783607.769213
1742783607.795384
1742783607.841184
1742783607.860785
1742783607.907094
1742783607.928353
1742783607.970404
1742783607.994296
1742783608.040759
1742783608.062173
1742783608.107690
1742783608.127562
1742783608.174554
1742783608.195033
1742783608.239338
1742783608.261210
1742783608.305920
1742783608.328848
1742783608.373464
1742783608.394298
1742783608.440779
1742783608.461949
1742783608.508174
1742783608.527678
1742783608.571434
1742783608.595488
1742783608.635747
1742783608.661043
1742783608.706721
1742783608.728736
1742783608.771928
1742783608.794337
1742783608.841775
1742783608.861734
1742783608.907865
1742783608.927640
1742783608.974337
1742783608.995582
1742783609.041687
1742783609.061167
1742783609.104754
1742783609.131180
1742783609.172462
1742783609.194892
1742783609.241398
1742783609.262337
1742783609.309130
1742783609.328177
1742783609.374055
1742783609.395796
1742783609.442032
1742783609.461648
1742783609.504653
1742783609.530770
1742783609.572437
1742783609.594964
1742783609.640405
1742783609.662482
1742783609.709885
1742783609.728452
1742783609.775025
1742783609.795547
1742783609.842503
1742783609.861735
1742783609.908163
1742783609.929136
1742783609.975674
1742783609.995122
1742783610.041835
1742783610.062648
1742783610.109610
1742783610.128765
1742783610.174107
1742783610.196146
1742783610.240893
1742783610.262455
1742783610.309397
1742783610.328970
1742783610.375019
1742783610.395074
1742783610.442762
1742783610.462016
1742783610.508327
1742783610.528420
1742783610.571031
1742783610.596767
1742783610.642740
1742783610.661929
1742783610.709190
1742783610.728756
1742783610.775153
1742783610.795332
1742783610.842168
1742783610.862639
1742783610.908215
1742783610.928936
1742783610.975326
1742783610.995963
1742783611.042360
1742783611.062185
1742783611.109318
1742783611.129461
1742783611.172506
1742783611.195704
1742783611.239283
1742783611.263050
1742783611.309086
1742783611.328915
1742783611.372583
1742783611.396331
1742783611.442676
1742783611.462400
1742783611.509300
1742783611.529398
1742783611.575857
1742783611.595629
1742783611.642464
1742783611.662843
1742783611.706300
1742783611.729458
1742783611.775102
1742783611.796089
1742783611.838100
1742783611.862823
1742783611.907061
1742783611.929813
1742783611.974975
1742783611.996366
1742783612.043668
1742783612.063309
1742783612.106539
1742783612.129634
1742783612.174409
1742783612.196314
1742783612.243408
1742783612.263358
1742783612.306781
1742783612.334133
1742783612.375743
1742783612.396317
1742783612.436948
1742783612.470676
1742783612.502246
1742783612.529800
1742783612.572805
1742783612.596588
1742783612.641789
1742783612.662949
1742783612.709301
1742783612.729939
1742783612.772558
1742783612.796136
1742783612.839954
1742783612.866691
1742783612.908207
1742783612.929636
1742783612.976572
1742783612.996956
1742783613.041283
1742783613.063322
1742783613.110323
1742783613.130286
1742783613.176737
1742783613.196657
1742783613.243810
1742783613.264000
1742783613.310066
1742783613.330031
1742783613.377179
1742783613.397179
1742783613.440455
1742783613.463258
1742783613.509593
1742783613.530565
1742783613.576635
1742783613.596626
1742783613.638506
1742783613.667687
1742783613.710063
1742783613.730127
1742783613.777402
1742783613.797700
1742783613.842310
1742783613.863667
1742783613.909811
1742783613.931610
1742783613.974109
1742783613.997703
1742783614.044359
1742783614.064542
1742783614.111054
1742783614.130456
1742783614.174106
1742783614.202531
1742783614.243386
1742783614.263829
1742783614.310379
1742783614.331339
1742783614.374630
1742783614.398670
1742783614.441748
1742783614.466406
1742783614.508684
1742783614.530732
1742783614.577245
1742783614.598861
1742783614.643221
1742783614.664013
1742783614.711004
1742783614.732221
1742783614.776406
1742783614.797407
1742783614.843669
1742783614.865198
1742783614.911513
1742783614.930969
1742783614.977915
1742783614.998939
1742783615.042849
1742783615.064196
1742783615.107554
1742783615.135679
1742783615.177406
1742783615.197651
1742783615.242088
1742783615.266566
1742783615.311600
1742783615.331069
1742783615.378489
1742783615.399583
1742783615.442566
1742783615.470421
1742783615.497586
1742783615.543324
1742783615.566412
1742783615.607222
1742783615.636271
1742783615.674174
1742783615.698340
1742783615.742588
1742783615.768533
1742783615.806828
1742783615.833647
1742783615.877367
1742783615.900185
1742783615.941161
1742783615.967089
1742783616.008054
1742783616.037019
1742783616.071358
1742783616.104567
1742783616.141976
1742783616.170663
1742783616.204897
1742783616.236260
1742783616.278042
1742783616.300855
1742783616.341865
1742783616.367289
1742783616.411897
1742783616.433931
1742783616.475368
1742783616.500737
1742783616.542606
1742783616.567233
1742783616.601391
1742783616.642101
1742783616.668008
1742783616.710139
1742783616.731426
1742783616.777905
1742783616.800743
1742783616.843401
1742783616.864880
1742783616.908660
1742783616.934252
1742783616.978628
1742783616.998331
1742783617.045245
1742783617.067850
1742783617.110147
1742783617.131756
1742783617.178412
1742783617.201476
1742783617.245588
1742783617.265155
1742783617.308387
1742783617.337635
1742783617.377821
1742783617.398483
1742783617.445919
1742783617.468142
1742783617.511814
1742783617.532035
1742783617.578385
1742783617.601547
1742783617.643861
1742783617.665401
1742783617.708709
1742783617.737818
1742783617.778856
1742783617.798770
1742783617.842181
1742783617.866864
1742783617.901823
1742783617.932561
1742783617.977756
1742783618.001313
1742783618.046446
1742783618.065706
1742783618.109488
1742783618.138243
1742783618.178426
1742783618.199029
1742783618.246641
1742783618.269227
1742783618.310784
1742783618.334084
1742783618.376778
1742783618.405016
1742783618.442175
1742783618.468080
1742783618.509736
1742783618.538589
1742783618.577004
1742783618.599322
1742783618.644651
1742783618.669364
1742783618.710987
1742783618.732574
1742783618.778893
1742783618.803269
1742783618.846040
1742783618.866019
1742783618.909931
1742783618.938040
1742783618.975695
1742783619.002129
1742783619.045032
1742783619.069952
1742783619.112567
1742783619.133177
1742783619.177264
1742783619.202745
1742783619.245101
1742783619.266218
1742783619.312164
1742783619.336071
1742783619.377107
1742783619.399503
1742783619.447246
1742783619.468611
1742783619.511682
1742783619.533268
1742783619.577193
1742783619.604412
1742783619.646168
1742783619.666346
1742783619.713904
1742783619.735158
1742783619.778174
1742783619.800473
1742783619.843723
1742783619.871978
1742783619.913300
1742783619.933667
1742783619.976602
1742783620.005857
1742783620.036920
1742783620.072557
1742783620.103547
1742783620.143955
1742783620.172792
1742783620.207959
1742783620.238275
1742783620.276344
1742783620.309198
1742783620.336702
1742783620.378245
1742783620.405294
1742783620.443033
1742783620.470995
1742783620.511557
1742783620.537399
1742783620.579377
1742783620.600467
1742783620.644042
1742783620.673088
1742783620.711629
1742783620.733579
1742783620.780184
1742783620.805014
1742783620.846038
1742783620.866907
1742783620.912233
1742783620.936090
1742783620.977841
1742783621.000512
1742783621.044225
1742783621.070514
1742783621.108782
1742783621.136242
1742783621.178368
1742783621.207650
1742783621.245394
1742783621.268210
1742783621.312283
1742783621.338970
1742783621.376725
1742783621.402344
1742783621.444173
1742783621.474816
1742783621.510935
1742783621.534055
1742783621.579134
1742783621.604925
1742783621.646297
1742783621.667401
1742783621.710338
1742783621.740035
1742783621.779233
1742783621.800723
1742783621.845251
1742783621.873505
1742783621.909959
1742783621.935783
1742783621.980072
1742783622.005554
1742783622.038925
1742783622.072179
1742783622.112069
1742783622.139789
1742783622.176778
1742783622.201880
1742783622.244606
1742783622.274148
1742783622.311795
1742783622.334789
1742783622.379098
1742783622.405689
1742783622.444471
1742783622.471028
1742783622.513378
1742783622.539161
1742783622.577281
1742783622.603037
1742783622.646181
1742783622.672118
1742783622.711457
1742783622.735021
1742783622.780304
1742783622.806232
1742783622.846762
1742783622.868252
1742783622.914006
1742783622.939581
1742783622.978370
1742783623.004118
1742783623.045423
1742783623.075370
1742783623.111849
1742783623.138942
1742783623.176627
1742783623.209248
1742783623.244455
1742783623.272732
1742783623.312498
1742783623.341766
1742783623.377628
1742783623.402610
1742783623.445033
1742783623.475078
1742783623.508895
1742783623.539123
1742783623.576996
1742783623.607270
1742783623.646798
1742783623.668688
1742783623.713516
1742783623.740441
1742783623.778707
1742783623.813264
1742783623.835474
1742783623.880890
1742783623.906920
1742783623.946967
1742783623.974341
1742783624.012258
1742783624.039941
1742783624.080479
1742783624.108333
1742783624.140205
1742783624.175863
1742783624.212683
1742783624.242710
1742783624.273383
1742783624.310611
1742783624.343618
1742783624.376432
1742783624.407115
1742783624.445390
1742783624.473575
1742783624.513738
1742783624.535848
1742783624.582602
1742783624.606593
1742783624.646887
1742783624.668998
1742783624.714787
1742783624.740823
1742783624.779194
1742783624.802775
1742783624.845496
1742783624.876549
1742783624.907010
1742783624.940975
1742783624.977891
1742783625.008681
1742783625.046913
1742783625.069486
1742783625.114486
1742783625.139929
1742783625.179924
1742783625.206280
1742783625.247418
1742783625.274461
1742783625.315057
1742783625.336621
1742783625.379373
1742783625.409750
1742783625.445297
1742783625.469949
1742783625.512282
1742783625.542035
1742783625.579201
1742783625.602951
1742783625.642326
1742783625.679973
1742783625.709719
1742783625.741390
1742783625.779117
1742783625.809955
1742783625.846426
1742783625.870256
1742783625.913224
1742783625.943588
1742783625.976310
1742783626.008013
1742783626.044787
1742783626.078042
1742783626.113250
1742783626.140096
1742783626.180096
1742783626.209984
1742783626.242874
1742783626.276657
1742783626.310284
1742783626.346329
1742783626.378806
1742783626.408204
1742783626.445112
1742783626.480102
1742783626.508074
1742783626.545193
1742783626.574466
1742783626.615073
1742783626.641626
1742783626.676660
1742783626.708709
1742783626.745415
1742783626.775110
1742783626.808011
1742783626.846343
1742783626.877565
1742783626.912774
1742783626.938158
1742783626.976957
1742783627.012198
1742783627.045455
1742783627.073607
1742783627.113671
1742783627.142146
1742783627.179441
1742783627.206551
1742783627.246754
1742783627.275935
1742783627.312313
1742783627.341459
1742783627.379753
1742783627.410381
1742783627.446834
1742783627.472006
1742783627.512758
1742783627.546002
1742783627.577163
1742783627.605266
1742783627.646670
1742783627.676645
1742783627.713473
1742783627.737988
1742783627.778957
1742783627.814269
1742783627.844240
1742783627.875269
1742783627.913537
1742783627.942840
1742783627.980039
1742783628.007674
1742783628.048252
1742783628.075517
1742783628.113576
1742783628.138839
1742783628.179118
1742783628.213534
1742783628.244741
1742783628.274864
1742783628.312479
1742783628.347391
1742783628.376913
1742783628.410178
1742783628.445800
1742783628.480986
1742783628.511011
1742783628.541758
1742783628.579518
1742783628.613722
1742783628.642060
1742783628.675607
1742783628.714685
1742783628.742184
1742783628.781995
1742783628.804597
1742783628.846449
1742783628.877483
1742783628.912443
1742783628.940282
1742783628.981130
1742783629.010131
1742783629.049431
1742783629.071734
1742783629.110649
1742783629.143949
1742783629.178316
1742783629.209280
1742783629.248272
1742783629.277702
1742783629.312919
1742783629.341237
1742783629.381179
1742783629.411355
1742783629.446394
1742783629.473290
1742783629.514846
1742783629.543253
1742783629.583309
1742783629.604566
1742783629.644977
1742783629.679134
1742783629.714143
1742783629.739472
1742783629.780366
1742783629.813300
1742783629.847510
1742783629.875916
1742783629.914882
1742783629.945369
1742783629.980228
1742783630.009694
1742783630.046156
1742783630.082015
1742783630.111108
1742783630.143539
1742783630.181366
1742783630.212792
1742783630.248990
1742783630.276209
1742783630.315297
1742783630.344274
1742783630.376794
1742783630.413343
1742783630.443262
1742783630.483113
1742783630.510830
1742783630.545571
1742783630.579795
1742783630.615052
1742783630.645045
1742783630.676808
1742783630.711815
1742783630.748308
1742783630.777592
1742783630.809896
1742783630.848747
1742783630.876969
1742783630.911754
1742783630.941711
1742783630.982600
1742783631.011441
1742783631.046604
1742783631.072286
1742783631.113194
1742783631.148376
1742783631.178778
1742783631.209685
1742783631.250269
1742783631.276882
1742783631.316246
1742783631.339976
1742783631.381514
1742783631.411260
1742783631.447030
1742783631.476336
1742783631.513181
1742783631.549488
1742783631.579132
1742783631.607023
1742783631.649207
1742783631.677812
1742783631.713398
1742783631.739251
1742783631.779728
1742783631.816021
1742783631.845237
1742783631.875271
1742783631.916613
1742783631.944955
1742783631.981333
1742783632.006608
1742783632.048107
1742783632.078040
1742783632.113706
1742783632.149159
1742783632.172907
1742783632.214820
1742783632.249452
1742783632.279414
1742783632.315600
1742783632.344154
1742783632.382056
1742783632.415606
1742783632.448908
1742783632.477843
1742783632.515690
1742783632.544302
1742783632.582431
1742783632.609377
1742783632.646462
1742783632.682387
1742783632.711395
1742783632.744592
1742783632.779938
1742783632.815013
1742783632.845513
1742783632.877413
1742783632.917079
1742783632.943290
1742783632.983559
1742783633.006370
1742783633.048664
1742783633.079939
1742783633.118246
1742783633.139967
1742783633.185097
1742783633.210246
1742783633.251413
1742783633.273587
1742783633.316199
1742783633.345709
1742783633.383693
1742783633.407765
1742783633.447546
1742783633.480079
1742783633.516398
1742783633.540173
1742783633.582683
1742783633.614447
1742783633.649100
1742783633.675242
1742783633.715466
1742783633.749020
1742783633.783951
1742783633.807766
1742783633.847190
1742783633.883928
1742783633.911234
1742783633.949010
1742783633.977870
1742783634.015062
1742783634.047805
1742783634.078363
1742783634.117840
1742783634.144577
1742783634.185283
1742783634.207229
1742783634.250914
1742783634.277955
1742783634.317461
1742783634.343311
1742783634.382183
1742783634.409478
1742783634.450510
1742783634.477084
1742783634.517413
1742783634.544693
1742783634.586222
1742783634.607402
1742783634.650824
1742783634.678161
1742783634.715577
1742783634.742471
1742783634.783593
1742783634.810181
1742783634.852028
1742783634.873959
1742783634.917164
1742783634.944443
1742783634.985660
1742783635.007296
1742783635.050523
1742783635.077880
1742783635.117572
1742783635.140642
1742783635.184907
1742783635.211678
1742783635.254207
1742783635.274259
1742783635.316957
1742783635.345149
1742783635.387317
1742783635.407576
1742783635.452989
1742783635.477689
1742783635.515504
1742783635.545321
1742783635.583161
1742783635.613600
1742783635.653853
1742783635.674380
1742783635.716191
1742783635.745202
1742783635.786321
1742783635.807746
1742783635.853764
1742783635.877404
1742783635.914770
1742783635.945087
1742783635.984965
1742783636.011776
1742783636.049854
1742783636.075396
1742783636.120774
1742783636.144060
1742783636.186510
1742783636.208108
1742783636.255486
1742783636.276987
1742783636.318456
1742783636.342752
1742783636.388101
1742783636.410844
1742783636.453635
1742783636.475001
1742783636.518766
1742783636.545032
1742783636.583581
1742783636.608576
1742783636.651407
1742783636.678329
1742783636.717829
1742783636.742046
1742783636.786116
1742783636.811669
1742783636.853051
1742783636.874998
1742783636.917668
1742783636.944855
1742783636.987205
1742783637.008486
1742783637.054788
1742783637.077617
1742783637.115515
1742783637.146107
1742783637.183639
1742783637.214655
1742783637.253414
1742783637.275753
1742783637.321685
1742783637.344663
1742783637.386452
1742783637.410915
1742783637.449848
1742783637.480065
1742783637.520621
1742783637.542443
1742783637.588386
1742783637.611286
1742783637.652943
1742783637.675603
1742783637.720075
1742783637.744471
1742783637.787993
1742783637.808793
1742783637.853219
1742783637.878754
1742783637.921446
1742783637.942284
1742783637.987254
1742783638.011136
1742783638.054717
1742783638.075689
1742783638.121934
1742783638.144599
1742783638.183821
1742783638.211151
1742783638.253933
1742783638.278144
1742783638.315881
1742783638.347564
1742783638.384643
1742783638.413156
1742783638.452768
1742783638.477297
1742783638.524344
1742783638.543819
1742783638.590086
1742783638.609766
1742783638.656265
1742783638.677942
1742783638.724278
1742783638.743226
1742783638.789656
1742783638.811344
1742783638.853474
1742783638.876569
1742783638.923449
1742783638.944538
1742783638.985438
1742783639.009720
1742783639.055728
1742783639.078557
1742783639.120951
1742783639.143173
1742783639.186735
1742783639.211467
1742783639.251200
1742783639.278410
1742783639.316191
1742783639.353906
1742783639.379440
1742783639.416837
1742783639.445114
1742783639.485029
1742783639.514383
1742783639.550101
1742783639.578416
1742783639.617118
1742783639.651993
1742783639.678202
1742783639.720215
1742783639.744942
1742783639.790841
1742783639.810460
1742783639.857523
1742783639.878263
1742783639.924936
1742783639.943701
1742783639.991099
1742783640.011402
1742783640.058201
1742783640.077381
1742783640.124442
1742783640.144669
1742783640.190972
1742783640.210723
1742783640.257284
1742783640.278447
1742783640.324496
1742783640.344224
1742783640.389986
1742783640.412012
1742783640.457931
1742783640.483941
1742783640.510556
1742783640.557851
1742783640.578706
1742783640.619177
1742783640.646179
1742783640.682217
1742783640.716300
1742783640.750318
1742783640.784266
1742783640.811329
1742783640.857700
1742783640.878293
1742783640.922152
1742783640.944054
1742783640.991422
1742783641.011678
1742783641.057516
1742783641.077371
1742783641.124456
1742783641.145049
1742783641.188742
1742783641.211177
1742783641.258432
1742783641.278491
1742783641.323167
1742783641.344611
1742783641.391605
1742783641.412151
1742783641.457067
1742783641.477828
1742783641.524621
1742783641.545244
1742783641.591188
1742783641.611056
1742783641.657234
1742783641.678678
1742783641.723621
1742783641.744405
1742783641.791087
1742783641.812154
1742783641.858066
1742783641.877911
1742783641.925089
1742783641.945208
1742783641.988428
1742783642.011276
1742783642.058163
1742783642.079082
1742783642.125561
1742783642.144722
1742783642.191271
1742783642.212063
1742783642.259392
1742783642.278319
1742783642.324316
1742783642.345228
1742783642.392538
1742783642.411662
1742783642.458561
1742783642.478857
1742783642.521961
1742783642.545232
1742783642.591589
1742783642.612378
1742783642.658298
1742783642.678528
1742783642.721792
1742783642.747393
1742783642.789318
1742783642.811942
1742783642.858495
1742783642.878811
1742783642.925416
1742783642.945159
1742783642.992481
1742783643.012134
1742783643.058669
1742783643.078700
1742783643.122429
1742783643.149408
1742783643.192037
1742783643.211996
1742783643.259189
1742783643.279099
1742783643.322928
1742783643.345734
1742783643.391492
1742783643.412752
1742783643.456988
1742783643.478743
1742783643.522128
1742783643.546099
1742783643.589684
1742783643.612584
1742783643.655528
1742783643.679345
1742783643.723192
1742783643.745709
1742783643.791972
1742783643.812816
1742783643.859491
1742783643.879136
1742783643.923362
1742783643.946329
1742783643.992509
1742783644.012440
1742783644.055717
1742783644.079798
1742783644.121647
1742783644.145855
1742783644.193191
1742783644.212571
1742783644.259000
1742783644.279202
1742783644.322196
1742783644.351054
1742783644.391985
1742783644.412519
1742783644.459045
1742783644.479635
1742783644.523964
1742783644.545943
1742783644.589375
1742783644.616497
1742783644.659948
1742783644.679326
1742783644.722484
1742783644.749054
1742783644.791475
1742783644.812644
1742783644.859711
1742783644.879782
1742783644.926113
1742783644.946499
1742783644.992649
1742783645.013459
1742783645.057068
1742783645.080216
1742783645.126828
1742783645.146632
1742783645.189985
1742783645.213217
1742783645.260895
1742783645.280440
1742783645.326466
1742783645.346775
1742783645.390306
1742783645.417672
1742783645.458574
1742783645.480444
1742783645.522843
1742783645.550041
1742783645.592674
1742783645.613522
1742783645.656492
1742783645.686506
1742783645.722178
1742783645.747227
1742783645.793418
1742783645.813739
1742783645.857459
1742783645.880368
1742783645.926253
1742783645.947560
1742783645.993335
1742783646.013657
1742783646.059416
1742783646.080735
1742783646.125598
1742783646.147771
1742783646.194728
1742783646.214549
1742783646.259413
1742783646.280446
1742783646.324945
1742783646.347817
1742783646.392472
1742783646.415013
1742783646.458644
1742783646.481843
1742783646.525698
1742783646.548225
1742783646.592855
1742783646.614810
1742783646.658459
1742783646.680960
1742783646.725034
1742783646.748654
1742783646.791621
1742783646.813622
1742783646.860257
1742783646.881735
1742783646.923143
1742783646.947144
1742783646.993914
1742783647.014645
1742783647.059355
1742783647.080440
1742783647.126645
1742783647.147832
1742783647.194706
1742783647.213917
1742783647.257543
1742783647.283220
1742783647.321971
1742783647.349165
1742783647.391207
1742783647.416485
1742783647.456620
1742783647.481248
1742783647.527790
1742783647.549014
1742783647.595662
1742783647.614146
1742783647.660535
1742783647.682364
1742783647.726618
1742783647.747328
1742783647.794359
1742783647.815815
1742783647.858496
1742783647.880722
1742783647.927971
1742783647.949157
1742783647.991876
1742783648.014039
1742783648.061482
1742783648.082679
1742783648.125773
1742783648.147546
1742783648.190658
1742783648.218196
1742783648.260318
1742783648.280970
1742783648.328115
1742783648.350037
1742783648.394305
1742783648.414614
1742783648.457884
1742783648.486693
1742783648.527413
1742783648.547814
1742783648.590956
1742783648.620105
1742783648.660976
1742783648.681157
1742783648.726854
1742783648.749820
1742783648.795057
1742783648.821155
1742783648.847821
1742783648.892178
1742783648.919553
1742783648.961270
1742783648.983896
1742783649.019080
1742783649.059598
1742783649.081588
1742783649.128491
1742783649.148183
1742783649.188280
1742783649.225317
1742783649.254865
1742783649.283565
1742783649.325948
1742783649.350781
1742783649.391789
1742783649.414954
1742783649.461235
1742783649.484091
1742783649.525986
1742783649.548226
1742783649.591624
1742783649.619694
1742783649.661400
1742783649.681614
1742783649.728958
1742783649.750972
1742783649.793568
1742783649.815101
1742783649.862232
1742783649.884817
1742783649.927806
1742783649.948491
1742783649.996010
1742783650.017650
1742783650.054007
1742783650.082719
1742783650.120296
1742783650.161597
1742783650.185312
1742783650.222112
1742783650.256094
1742783650.292298
1742783650.321775
1742783650.351986
1742783650.393236
1742783650.420446
1742783650.462255
1742783650.482615
1742783650.526094
1742783650.554350
1742783650.591909
1742783650.619331
1742783650.660389
1742783650.686086
1742783650.726154
1742783650.750881
1742783650.792970
1742783650.821613
1742783650.862881
1742783650.882351
1742783650.927678
1742783650.952088
1742783650.994405
1742783651.015783
1742783651.063156
1742783651.084346
1742783651.129751
1742783651.149160
1742783651.192623
1742783651.219193
1742783651.261429
1742783651.282427
1742783651.326024
1742783651.352971
1742783651.395116
1742783651.415799
1742783651.463299
1742783651.484724
1742783651.528985
1742783651.549151
1742783651.593134
1742783651.622031
1742783651.661218
1742783651.682631
1742783651.729017
1742783651.753580
1742783651.795211
1742783651.816039
1742783651.861125
1742783651.886797
1742783651.928303
1742783651.949403
1742783651.997345
1742783652.019015
1742783652.060677
1742783652.082815
1742783652.130779
1742783652.152922
1742783652.194765
1742783652.216214
1742783652.261614
1742783652.287389
1742783652.328997
1742783652.349730
1742783652.394148
1742783652.420565
1742783652.462513
1742783652.483253
1742783652.526936
1742783652.556987
1742783652.592967
1742783652.619684
1742783652.661037
1742783652.689529
1742783652.729199
1742783652.750154
1742783652.794947
1742783652.821872
1742783652.860713
1742783652.883478
1742783652.930400
1742783652.953388
1742783652.995555
1742783653.016654
1742783653.060010
1742783653.089028
1742783653.126463
1742783653.150181
1742783653.192826
1742783653.223333
1742783653.260899
1742783653.283502
1742783653.330962
1742783653.353541
1742783653.395220
1742783653.416791
1742783653.463672
1742783653.487774
1742783653.528968
1742783653.550228
1742783653.595355
1742783653.620657
1742783653.663576
1742783653.683676
1742783653.730742
1742783653.754580
1742783653.796575
1742783653.817279
1742783653.862081
1742783653.888090
1742783653.926095
1742783653.951599
1742783653.995905
1742783654.021599
1742783654.061101
1742783654.084545
1742783654.127684
1742783654.157239
1742783654.195197
1742783654.218025
1742783654.262571
1742783654.288097
1742783654.326298
1742783654.354902
1742783654.392488
1742783654.422376
1742783654.460723
1742783654.488893
1742783654.528937
1742783654.556314
1742783654.595623
1742783654.621246
1742783654.658807
1742783654.693455
1742783654.724710
1742783654.758386
1742783654.789362
1742783654.828662
1742783654.858416
1742783654.886520
1742783654.929131
1742783654.955627
1742783654.993797
1742783655.017647
1742783655.062159
1742783655.089005
1742783655.127215
1742783655.151091
1742783655.196438
1742783655.222145
1742783655.262732
1742783655.284390
1742783655.330485
1742783655.355555
1742783655.396150
1742783655.417789
1742783655.462946
1742783655.489257
1742783655.529662
1742783655.551348
1742783655.596975
1742783655.622015
1742783655.663301
1742783655.684600
1742783655.730370
1742783655.755981
1742783655.794657
1742783655.817915
1742783655.863862
1742783655.889039
1742783655.928615
1742783655.951497
1742783655.997613
1742783656.022712
1742783656.062731
1742783656.084813
1742783656.130971
1742783656.156238
1742783656.195910
1742783656.218274
1742783656.264435
1742783656.289161
1742783656.327467
1742783656.352355
1742783656.397119
1742783656.423453
1742783656.463308
1742783656.485341
1742783656.531658
1742783656.555900
1742783656.595427
1742783656.620346
1742783656.661997
1742783656.691267
1742783656.727609
1742783656.751992
1742783656.797462
1742783656.823008
1742783656.863743
1742783656.885365
1742783656.931666
1742783656.956262
1742783656.994757
1742783657.018470
1742783657.065448
1742783657.088592
1742783657.130731
1742783657.161631
1742783657.185413
1742783657.228516
1742783657.261736
1742783657.290110
1742783657.330697
1742783657.352560
1742783657.396464
1742783657.423306
1742783657.463629
1742783657.485713
1742783657.528556
1742783657.559747
1742783657.595609
1742783657.619129
1742783657.664970
1742783657.688898
1742783657.726830
1742783657.753048
1742783657.796431
1742783657.823332
1742783657.863536
1742783657.886017
1742783657.928667
1742783657.959070
1742783657.995655
1742783658.019900
1742783658.062280
1742783658.091417
1742783658.126405
1742783658.156735
1742783658.195933
1742783658.225481
1742783658.263731
1742783658.286189
1742783658.326601
1742783658.361249
1742783658.395434
1742783658.424437
1742783658.461279
1742783658.493109
1742783658.529266
1742783658.557880
1742783658.594981
1742783658.629460
1742783658.661455
1742783658.689528
1742783658.728877
1742783658.759752
1742783658.792533
1742783658.823545
1742783658.861962
1742783658.891608
1742783658.930155
1742783658.952893
1742783658.995823
1742783659.026643
1742783659.060677
1742783659.086648
1742783659.129181
1742783659.157919
1742783659.199395
1742783659.219839
1742783659.262952
1742783659.292924
1742783659.328493
1742783659.353535
1742783659.395307
1742783659.426524
1742783659.461178
1742783659.486855
1742783659.528294
1742783659.562344
1742783659.595825
1742783659.620170
1742783659.664768
1742783659.689896
1742783659.730450
1742783659.753593
1742783659.795297
1742783659.824758
1742783659.863572
1742783659.887933
1742783659.929933
1742783659.960546
1742783659.996782
1742783660.020953
1742783660.062208
1742783660.096940
1742783660.125706
1742783660.158385
1742783660.194548
1742783660.230488
1742783660.260338
1742783660.289978
1742783660.329299
1742783660.358563
1742783660.398554
1742783660.420857
1742783660.463030
1742783660.496578
1742783660.526740
1742783660.558272
1742783660.595046
1742783660.629296
1742783660.663878
1742783660.691816
1742783660.730709
1742783660.761802
1742783660.796489
1742783660.824547
1742783660.864076
1742783660.895171
1742783660.929138
1742783660.957505
1742783660.997888
1742783661.027628
1742783661.062367
1742783661.088144
1742783661.128318
1742783661.161459
1742783661.195012
1742783661.221787
1742783661.260620
1742783661.295774
1742783661.330613
1742783661.354762
1742783661.395353
1742783661.430162
1742783661.462182
1742783661.491727
1742783661.530301
1742783661.560336
1742783661.593593
1742783661.625144
1742783661.666153
1742783661.692174
1742783661.730861
1742783661.754354
1742783661.795584
1742783661.830598
1742783661.860660
1742783661.891780
1742783661.931919
1742783661.959090
1742783661.998833
1742783662.021266
1742783662.062033
1742783662.097392
1742783662.127056
1742783662.159150
1742783662.198672
1742783662.226110
1742783662.266249
1742783662.288557
1742783662.330134
1742783662.359640
1742783662.398017
1742783662.425112
1742783662.466588
1742783662.492630
1742783662.532721
1742783662.557203
1742783662.598735
1742783662.626119
1742783662.666128
1742783662.689454
1742783662.730026
1742783662.765204
1742783662.795561
1742783662.824269
1742783662.861815
1742783662.897007
1742783662.927387
1742783662.958803
1742783662.996111
1742783663.031664
1742783663.061709
1742783663.089538
1742783663.131175
1742783663.160069
1742783663.194631
1742783663.225447
1742783663.263913
1742783663.293655
1742783663.328012
1742783663.358782
1742783663.399180
1742783663.426764
1742783663.466592
1742783663.488597
1742783663.529283
1742783663.565854
1742783663.594839
1742783663.625242
1742783663.666042
1742783663.694408
1742783663.731376
1742783663.755479
1742783663.794553
1742783663.828235
1742783663.863705
1742783663.889199
1742783663.931452
1742783663.961081
1742783663.996542
1742783664.025080
1742783664.063976
1742783664.096850
1742783664.131122
1742783664.156919
1742783664.199224
1742783664.228249
1742783664.263368
1742783664.290346
1742783664.332017
1742783664.359657
1742783664.400241
1742783664.422781
1742783664.464782
1742783664.494628
1742783664.529623
1742783664.561250
1742783664.594134
1742783664.630115
1742783664.665176
1742783664.694468
1742783664.729589
1742783664.765736
1742783664.796142
1742783664.829866
1742783664.862824
1742783664.899014
1742783664.928955
1742783664.960917
1742783664.996895
1742783665.031258
1742783665.062534
1742783665.090184
1742783665.131874
1742783665.162245
1742783665.201140
1742783665.222746
1742783665.264577
1742783665.294792
1742783665.335084
1742783665.356100
1742783665.399128
1742783665.427786
1742783665.465708
1742783665.498736
1742783665.523048
1742783665.567780
1742783665.593365
1742783665.628194
1742783665.665530
1742783665.694060
1742783665.732685
1742783665.763647
1742783665.791824
1742783665.831876
1742783665.862428
1742783665.900052
1742783665.923084
1742783665.965888
1742783665.996069
1742783666.035081
1742783666.056520
1742783666.101427
1742783666.126694
1742783666.168635
1742783666.189908
1742783666.236523
1742783666.259898
1742783666.301604
1742783666.323266
1742783666.367803
1742783666.393526
1742783666.435378
1742783666.456875
1742783666.499290
1742783666.529787
1742783666.568695
1742783666.590085
1742783666.632489
1742783666.663373
1742783666.696459
1742783666.728400
1742783666.764948
1742783666.800696
1742783666.828273
1742783666.861917
1742783666.900898
1742783666.927731
1742783666.965926
1742783666.990342
1742783667.036096
1742783667.060341
1742783667.100694
1742783667.123581
1742783667.169640
1742783667.193393
1742783667.234010
1742783667.257071
1742783667.302813
1742783667.327142
1742783667.368948
1742783667.390518
1742783667.437038
1742783667.460197
1742783667.498507
1742783667.524593
1742783667.563982
1742783667.600730
1742783667.627733
1742783667.661639
1742783667.698867
1742783667.732561
1742783667.764146
1742783667.792593
1742783667.831097
1742783667.866824
1742783667.895074
1742783667.928016
1742783667.968806
1742783667.994074
1742783668.036958
1742783668.057579
1742783668.100684
1742783668.127441
1742783668.168832
1742783668.191006
1742783668.238450
1742783668.259618
1742783668.302754
1742783668.324453
1742783668.370574
1742783668.394125
1742783668.432508
1742783668.462042
1742783668.501624
1742783668.528042
1742783668.566509
1742783668.594144
1742783668.634511
1742783668.661949
1742783668.702566
1742783668.726590
1742783668.765638
1742783668.802318
1742783668.828786
1742783668.863111
1742783668.898644
1742783668.936284
1742783668.960659
1742783668.998182
1742783669.030582
1742783669.069226
1742783669.094984
1742783669.126846
1742783669.168714
1742783669.194447
1742783669.237418
1742783669.257999
1742783669.305145
1742783669.326215
1742783669.369691
1742783669.391289
1742783669.433953
1742783669.464013
1742783669.504264
1742783669.525131
1742783669.569046
1742783669.594689
1742783669.636106
1742783669.658421
1742783669.705499
1742783669.727473
1742783669.772134
1742783669.791887
1742783669.839028
1742783669.859864
1742783669.906410
1742783669.925031
1742783669.970265
1742783669.994134
1742783670.033037
1742783670.058623
1742783670.105975
1742783670.126282
1742783670.170936
1742783670.192009
1742783670.239645
1742783670.259725
1742783670.305875
1742783670.325517
1742783670.371873
1742783670.394186
1742783670.433655
1742783670.458998
1742783670.506219
1742783670.527187
1742783670.566101
1742783670.594595
1742783670.636150
1742783670.661800
1742783670.701505
1742783670.725768
1742783670.771521
1742783670.794502
1742783670.834761
1742783670.859028
1742783670.904311
1742783670.927674
1742783670.966456
1742783670.994721
1742783671.033149
1742783671.068685
1742783671.095539
1742783671.132141
1742783671.166845
1742783671.198366
1742783671.238153
1742783671.259811
1742783671.307335
1742783671.327464
1742783671.371059
1742783671.392991
1742783671.440291
1742783671.461026
1742783671.501268
1742783671.527524
1742783671.573115
1742783671.594639
1742783671.633637
1742783671.662092
1742783671.705585
1742783671.728235
1742783671.767929
1742783671.793666
1742783671.840287
1742783671.860939
1742783671.906464
1742783671.926374
1742783671.973669
1742783671.994317
1742783672.040606
1742783672.059991
1742783672.106905
1742783672.127542
1742783672.171323
1742783672.192991
1742783672.240014
1742783672.260761
1742783672.306106
1742783672.326618
1742783672.371281
1742783672.394370
1742783672.439560
1742783672.459789
1742783672.506089
1742783672.527473
1742783672.571765
1742783672.593120
1742783672.636296
1742783672.661480
1742783672.707944
1742783672.726965
1742783672.765966
1742783672.801689
1742783672.829218
1742783672.863415
1742783672.902389
1742783672.928802
1742783672.970792
1742783672.993401
1742783673.039649
1742783673.061143
1742783673.106647
1742783673.126751
1742783673.169402
1742783673.194941
1742783673.240863
1742783673.260212
1742783673.303665
1742783673.328382
1742783673.373295
1742783673.393585
1742783673.434992
1742783673.461771
1742783673.507424
1742783673.527027
1742783673.570451
1742783673.594669
1742783673.637256
1742783673.660353
1742783673.702410
1742783673.727755
1742783673.771292
1742783673.793821
1742783673.838300
1742783673.860305
1742783673.905316
1742783673.927327
1742783673.974610
1742783673.994166
1742783674.027068
1742783674.067344
1742783674.099030
1742783674.138250
1742783674.160689
1742783674.204126
1742783674.228441
1742783674.273720
1742783674.293914
1742783674.337004
1742783674.361562
1742783674.408580
1742783674.427290
1742783674.468097
1742783674.495120
1742783674.534968
1742783674.560794
1742783674.603036
1742783674.628138
1742783674.674924
1742783674.694092
1742783674.735235
1742783674.762130
1742783674.808729
1742783674.827608
1742783674.867016
1742783674.902747
1742783674.928994
1742783674.960615
