1742785246.903497
1742785247.003312
1742785247.037247
1742785247.070579
1742785247.104358
1742785247.137020
1742785247.170356
1742785247.203365
1742785247.236890
1742785247.270667
1742785247.303751
1742785247.337250
1742785247.370738
1742785247.416753
1742785247.446790
1742785247.482335
1742785247.509615
1742785247.542288
1742785247.579638
1742785247.613064
1742785247.643584
1742785247.681891
1742785247.713987
1742785247.750724
1742785247.784519
1742785247.817410
1742785247.853160
1742785247.883710
1742785247.918937
1742785247.951635
1742785247.984626
1742785248.017637
1742785248.051175
1742785248.082458
1742785248.118775
1742785248.152032
1742785248.184366
1742785248.219110
1742785248.250325
1742785248.286602
1742785248.317726
1742785248.353156
1742785248.373958
1742785248.404450
1742785248.448973
1742785248.480499
1742785248.504357
1742785248.540771
1742785248.570618
1742785248.614784
1742785248.638219
1742785248.678697
1742785248.704081
1742785248.738653
1742785248.778710
1742785248.805223
1742785248.839337
1742785248.880018
1742785248.905173
1742785248.950900
1742785248.970949
1742785249.017142
1742785249.037752
1742785249.080059
1742785249.104164
1742785249.149907
1742785249.170955
1742785249.203859
1742785249.240562
1742785249.271986
1742785249.317472
1742785249.337641
1742785249.371458
1742785249.408015
1742785249.440015
1742785249.471242
1742785249.513841
1742785249.537193
1742785249.585459
1742785249.604672
1742785249.644752
1742785249.676274
1742785249.716588
1742785249.737950
1742785249.779856
1742785249.805377
1742785249.851408
1742785249.871672
1742785249.916369
1742785249.938341
1742785249.985412
1742785250.004989
1742785250.050898
1742785250.071818
1742785250.118374
1742785250.138316
1742785250.180807
1742785250.205606
1742785250.252172
1742785250.271614
1742785250.309238
1742785250.348717
1742785250.371801
1742785250.404693
1742785250.444068
1742785250.478057
1742785250.512391
1742785250.538174
1742785250.584144
1742785250.605525
1742785250.647833
1742785250.671660
1742785250.714139
1742785250.739117
1742785250.777840
1742785250.805072
1742785250.848493
1742785250.872169
1742785250.914205
1742785250.938419
1742785250.981522
1742785251.005373
1742785251.052553
1742785251.072043
1742785251.115592
1742785251.139204
1742785251.182550
1742785251.205280
1742785251.245738
1742785251.276996
1742785251.316399
1742785251.338928
1742785251.375442
1742785251.416770
1742785251.439400
1742785251.472001
1742785251.512861
1742785251.539576
1742785251.584851
1742785251.605470
1742785251.645536
1742785251.679368
1742785251.706851
1742785251.738767
1742785251.782119
1742785251.806468
1742785251.849221
1742785251.872343
1742785251.910063
1742785251.946879
1742785251.973395
1742785252.005591
1742785252.046068
1742785252.079226
1742785252.111521
1742785252.139031
1742785252.181231
1742785252.206087
1742785252.249270
1742785252.272569
1742785252.313355
1742785252.343762
1742785252.383264
1742785252.405917
1742785252.451015
1742785252.472810
1742785252.509788
1742785252.539378
1742785252.577381
1742785252.610751
1742785252.643201
1742785252.678227
1742785252.706299
1742785252.743506
1742785252.778879
1742785252.809633
1742785252.839631
1742785252.881376
1742785252.907902
1742785252.954107
1742785252.972942
1742785253.016031
1742785253.040763
1742785253.085316
1742785253.106487
1742785253.151809
1742785253.174619
1742785253.220850
1742785253.239837
1742785253.283998
1742785253.308347
1742785253.353355
1742785253.373273
1742785253.417532
1742785253.441190
1742785253.487218
1742785253.506570
1742785253.550945
1742785253.574779
1742785253.620573
1742785253.640152
1742785253.685240
1742785253.708634
1742785253.754847
1742785253.773533
1742785253.819395
1742785253.841865
1742785253.887447
1742785253.906765
1742785253.953481
1742785253.975916
1742785254.019785
1742785254.040407
1742785254.080116
1742785254.114169
1742785254.147355
1742785254.173442
1742785254.216439
1742785254.242583
1742785254.285099
1742785254.306900
1742785254.354004
1742785254.375511
1742785254.422303
1742785254.440449
1742785254.487555
1742785254.509195
1742785254.550865
1742785254.573751
1742785254.617422
1742785254.644365
1742785254.686071
1742785254.707173
1742785254.750601
1742785254.777232
1742785254.819307
1742785254.840612
1742785254.887686
1742785254.909578
1742785254.949001
1742785254.973966
1742785255.021852
1742785255.041066
1742785255.086380
1742785255.107481
1742785255.151548
1742785255.177062
1742785255.219523
1742785255.240804
1742785255.284443
1742785255.312281
1742785255.353954
1742785255.374250
1742785255.418183
1742785255.443779
1742785255.489005
1742785255.507748
1742785255.553726
1742785255.577535
1742785255.622063
1742785255.641206
1742785255.685750
1742785255.710516
1742785255.753070
1742785255.774443
1742785255.818465
1742785255.844833
1742785255.887487
1742785255.907931
1742785255.951127
1742785255.976134
1742785256.009787
1742785256.045194
1742785256.086271
1742785256.111326
1742785256.153717
1742785256.174685
1742785256.217893
1742785256.244052
1742785256.288413
1742785256.308120
1742785256.355480
1742785256.378579
1742785256.420327
1742785256.441558
1742785256.487545
1742785256.512177
1742785256.554080
1742785256.574881
1742785256.616491
1742785256.648973
1742785256.684286
1742785256.708360
1742785256.755588
1742785256.778445
1742785256.820136
1742785256.841645
1742785256.885617
1742785256.916287
1742785256.951989
1742785256.984063
1742785257.011960
1742785257.051161
1742785257.084437
1742785257.118240
1742785257.142975
1742785257.185693
1742785257.215436
1742785257.252602
1742785257.275965
1742785257.322102
1742785257.346279
1742785257.386061
1742785257.409099
1742785257.452604
1742785257.482173
1742785257.518966
1742785257.542278
1742785257.589070
1742785257.612930
1742785257.654312
1742785257.675813
1742785257.722908
1742785257.746070
1742785257.788150
1742785257.808962
1742785257.851702
1742785257.881063
1742785257.917860
1742785257.944718
1742785257.986479
1742785258.015483
1742785258.052356
1742785258.076877
1742785258.121348
1742785258.146254
1742785258.188457
1742785258.209255
1742785258.253582
1742785258.282177
1742785258.319671
1742785258.343498
1742785258.387460
1742785258.414254
1742785258.454178
1742785258.477255
1742785258.520581
1742785258.548497
1742785258.586072
1742785258.613580
1742785258.652691
1742785258.682894
1742785258.721143
1742785258.744882
1742785258.789736
1742785258.813235
1742785258.854737
1742785258.876389
1742785258.921244
1742785258.947084
1742785258.985433
1742785259.009650
1742785259.054268
1742785259.080859
1742785259.118520
1742785259.142871
1742785259.187722
1742785259.214011
1742785259.255203
1742785259.276201
1742785259.321337
1742785259.347950
1742785259.388264
1742785259.409619
1742785259.454426
1742785259.481669
1742785259.520920
1742785259.543123
1742785259.587974
1742785259.615765
1742785259.648782
1742785259.679070
1742785259.719965
1742785259.747777
1742785259.788926
1742785259.809913
1742785259.853881
1742785259.883269
1742785259.920785
1742785259.943302
1742785259.988798
1742785260.012502
1742785260.052793
1742785260.076624
1742785260.122111
1742785260.147603
1742785260.188572
1742785260.210116
1742785260.254123
1742785260.283083
1742785260.320415
1742785260.343469
1742785260.388016
1742785260.415938
1742785260.454327
1742785260.476926
1742785260.522826
1742785260.548485
1742785260.585214
1742785260.612152
1742785260.653629
1742785260.684002
1742785260.720205
1742785260.744392
1742785260.790614
1742785260.814968
1742785260.855500
1742785260.877264
1742785260.923170
1742785260.948398
1742785260.987039
1742785261.010606
1742785261.057281
1742785261.080829
1742785261.121044
1742785261.144069
1742785261.190324
1742785261.215718
1742785261.253462
1742785261.279208
1742785261.320384
1742785261.350835
1742785261.387139
1742785261.412446
1742785261.454016
1742785261.484152
1742785261.521383
1742785261.544211
1742785261.590467
1742785261.615718
1742785261.654617
1742785261.677486
1742785261.723801
1742785261.748965
1742785261.789572
1742785261.810837
1742785261.856968
1742785261.882029
1742785261.921902
1742785261.944608
1742785261.987755
1742785262.017497
1742785262.055598
1742785262.078084
1742785262.119764
1742785262.150492
1742785262.187152
1742785262.212290
1742785262.254186
1742785262.284213
1742785262.322519
1742785262.345564
1742785262.389605
1742785262.416021
1742785262.456599
1742785262.478084
1742785262.524281
1742785262.549190
1742785262.589698
1742785262.612093
1742785262.651066
1742785262.689065
1742785262.717672
1742785262.750282
1742785262.786963
1742785262.817061
1742785262.853857
1742785262.878300
1742785262.919608
1742785262.950992
1742785262.987559
1742785263.011489
1742785263.057933
1742785263.082612
1742785263.121935
1742785263.144881
1742785263.188380
1742785263.218120
1742785263.255105
1742785263.278600
1742785263.321384
1742785263.353531
1742785263.385689
1742785263.412741
1742785263.454756
1742785263.484866
1742785263.521447
1742785263.545155
1742785263.589102
1742785263.617811
1742785263.653277
1742785263.679733
1742785263.722026
1742785263.751199
1742785263.788929
1742785263.812418
1742785263.851202
1742785263.887833
1742785263.916955
1742785263.950740
1742785263.988892
1742785264.019491
1742785264.055240
1742785264.080343
1742785264.119215
1742785264.154179
1742785264.189046
1742785264.215634
1742785264.255368
1742785264.285656
1742785264.318232
1742785264.353014
1742785264.385736
1742785264.417446
1742785264.454949
1742785264.482014
1742785264.521923
1742785264.551695
1742785264.587664
1742785264.615994
1742785264.655701
1742785264.685787
1742785264.722253
1742785264.747527
1742785264.789200
1742785264.819689
1742785264.855057
1742785264.881656
1742785264.920912
1742785264.956065
1742785264.986472
1742785265.016118
1742785265.054896
1742785265.084933
1742785265.121044
1742785265.155180
1742785265.179342
1742785265.222569
1742785265.252448
1742785265.287511
1742785265.321798
1742785265.349443
1742785265.389934
1742785265.417248
1742785265.454863
1742785265.481741
1742785265.521565
1742785265.550753
1742785265.590960
1742785265.613020
1742785265.655025
1742785265.687919
1742785265.719159
1742785265.750907
1742785265.789808
1742785265.819860
1742785265.855466
1742785265.880722
1742785265.920726
1742785265.955922
1742785265.986905
1742785266.017182
1742785266.057710
1742785266.082251
1742785266.123174
1742785266.148286
1742785266.188679
1742785266.222533
1742785266.253720
1742785266.284847
1742785266.321325
1742785266.354001
1742785266.389019
1742785266.417946
1742785266.454976
1742785266.490188
1742785266.520524
1742785266.551305
1742785266.588693
1742785266.618362
1742785266.658170
1742785266.680933
1742785266.719779
1742785266.754867
1742785266.789746
1742785266.817083
1742785266.857303
1742785266.886773
1742785266.921410
1742785266.948802
1742785266.985136
1742785267.021174
1742785267.057276
1742785267.080178
1742785267.120089
1742785267.156382
1742785267.185620
1742785267.216967
1742785267.255582
1742785267.289857
1742785267.320104
1742785267.350420
1742785267.389996
1742785267.419769
1742785267.451611
1742785267.485228
1742785267.524082
1742785267.553632
1742785267.589312
1742785267.613950
1742785267.654073
1742785267.689071
1742785267.721335
1742785267.748143
1742785267.790029
1742785267.820865
1742785267.856590
1742785267.882767
1742785267.922998
1742785267.954315
1742785267.988826
1742785268.018610
1742785268.055953
1742785268.089558
1742785268.122364
1742785268.150860
1742785268.191940
1742785268.220614
1742785268.255141
1742785268.284869
1742785268.323782
1742785268.352401
1742785268.389957
1742785268.417064
1742785268.458167
1742785268.487871
1742785268.524034
1742785268.550648
1742785268.590526
1742785268.619200
1742785268.658163
1742785268.685076
1742785268.722566
1742785268.756826
1742785268.788568
1742785268.819218
1742785268.855006
1742785268.890286
1742785268.923846
1742785268.949458
1742785268.990880
1742785269.019663
1742785269.055227
1742785269.082025
1742785269.123943
1742785269.153484
1742785269.192035
1742785269.214589
1742785269.257816
1742785269.288031
1742785269.323943
1742785269.349518
1742785269.390684
1742785269.420118
1742785269.456141
1742785269.484635
1742785269.525367
1742785269.554836
1742785269.591506
1742785269.614974
1742785269.658400
1742785269.687358
1742785269.725661
1742785269.748598
1742785269.789917
1742785269.824360
1742785269.854685
1742785269.886328
1742785269.920498
1742785269.955955
1742785269.991528
1742785270.017344
1742785270.052329
1742785270.087313
1742785270.119087
1742785270.156624
1742785270.186564
1742785270.226547
1742785270.252734
1742785270.289955
1742785270.320892
1742785270.357333
1742785270.390526
1742785270.418295
1742785270.458787
1742785270.486428
1742785270.525491
1742785270.549892
1742785270.592947
1742785270.618195
1742785270.659723
1742785270.682655
1742785270.724350
1742785270.758048
1742785270.791310
1742785270.817664
1742785270.859041
1742785270.888634
1742785270.927832
1742785270.948873
1742785270.992367
1742785271.019301
1742785271.059879
1742785271.082432
1742785271.126145
1742785271.152535
1742785271.194051
1742785271.216053
1742785271.258781
1742785271.288699
1742785271.327556
1742785271.350085
1742785271.392082
1742785271.423685
1742785271.455419
1742785271.488076
1742785271.523584
1742785271.556320
1742785271.592100
1742785271.616805
1742785271.655126
1742785271.692674
1742785271.720262
1742785271.755516
1742785271.790733
1742785271.826209
1742785271.853751
1742785271.887133
1742785271.921369
1742785271.962078
1742785271.985826
1742785272.026312
1742785272.052536
1742785272.094066
1742785272.120617
1742785272.156336
1742785272.190552
1742785272.226333
1742785272.253636
1742785272.289624
1742785272.324536
1742785272.358225
1742785272.390527
1742785272.418968
1742785272.461143
1742785272.485981
1742785272.524592
1742785272.554425
1742785272.594182
1742785272.619095
1742785272.657730
1742785272.687332
1742785272.727847
1742785272.753284
1742785272.791773
1742785272.819702
1742785272.860116
1742785272.887341
1742785272.927169
1742785272.950061
1742785272.996914
1742785273.019026
1742785273.060157
1742785273.083133
1742785273.127297
1742785273.153004
1742785273.194759
1742785273.216980
1742785273.259913
1742785273.286977
1742785273.325161
1742785273.354216
1742785273.393867
1742785273.420609
1742785273.462884
1742785273.489716
1742785273.516861
1742785273.561539
1742785273.586072
1742785273.627987
1742785273.653976
1742785273.691786
1742785273.721100
1742785273.762261
1742785273.786867
1742785273.828174
1742785273.852337
1742785273.890911
1742785273.926565
1742785273.952911
1742785273.993542
1742785274.020930
1742785274.060833
1742785274.086296
1742785274.126864
1742785274.154278
1742785274.195761
1742785274.218969
1742785274.258263
1742785274.292038
1742785274.328487
1742785274.353251
1742785274.391837
1742785274.428574
1742785274.454611
1742785274.493410
1742785274.520085
1742785274.561169
1742785274.587578
1742785274.624968
1742785274.655552
1742785274.696075
1742785274.720086
1742785274.755081
1742785274.794801
1742785274.821295
1742785274.859753
1742785274.886642
1742785274.927211
1742785274.954045
1742785274.992387
1742785275.018543
1742785275.064654
1742785275.086745
1742785275.129146
1742785275.151001
1742785275.195677
1742785275.220485
1742785275.259228
1742785275.285538
1742785275.331128
1742785275.353398
1742785275.394814
1742785275.418494
1742785275.464459
1742785275.486935
1742785275.529781
1742785275.551291
1742785275.597888
1742785275.620336
1742785275.659885
1742785275.685336
1742785275.731044
1742785275.753445
1742785275.799654
1742785275.818118
1742785275.858237
1742785275.895457
1742785275.921418
1742785275.959271
1742785275.986827
1742785276.024995
1742785276.064576
1742785276.085058
1742785276.130462
1742785276.153705
1742785276.193551
1742785276.220504
1742785276.255045
1742785276.298036
1742785276.320644
1742785276.362525
1742785276.386678
1742785276.428983
1742785276.455027
1742785276.493452
1742785276.520574
1742785276.559959
1742785276.592433
1742785276.620436
1742785276.662022
1742785276.688120
1742785276.727505
1742785276.753779
1742785276.796133
1742785276.820692
1742785276.862257
1742785276.887293
1742785276.932895
1742785276.953538
1742785276.998605
1742785277.019077
1742785277.065652
1742785277.087187
1742785277.133039
1742785277.152281
1742785277.199048
1742785277.220451
1742785277.267086
1742785277.285647
1742785277.324504
1742785277.364805
1742785277.387008
1742785277.430281
1742785277.453154
1742785277.499204
1742785277.520477
1742785277.558861
1742785277.594374
1742785277.621853
1742785277.665868
1742785277.685994
1742785277.732657
1742785277.753935
1742785277.794827
1742785277.820298
1742785277.864527
1742785277.887629
1742785277.932769
1742785277.953234
1742785277.996230
1742785278.020885
1742785278.066789
1742785278.086279
1742785278.132979
1742785278.153763
1742785278.199852
1742785278.219657
1742785278.266912
1742785278.287186
1742785278.329711
1742785278.353357
1742785278.399959
1742785278.420898
1742785278.466565
1742785278.486434
1742785278.533339
1742785278.554330
1742785278.600209
1742785278.619837
1742785278.665140
1742785278.687075
1742785278.723942
1742785278.753570
1742785278.786252
1742785278.819286
1742785278.852655
1742785278.885952
1742785278.933568
1742785278.954113
1742785278.999475
1742785279.020010
1742785279.065902
1742785279.087949
1742785279.134038
1742785279.153347
1742785279.200318
1742785279.220932
1742785279.263891
1742785279.286954
1742785279.329231
1742785279.355130
1742785279.397138
1742785279.420231
1742785279.466937
1742785279.487858
1742785279.534216
1742785279.553603
1742785279.598951
1742785279.621299
1742785279.664702
1742785279.686856
1742785279.731635
1742785279.754327
1742785279.799403
1742785279.820321
1742785279.867501
1742785279.887619
1742785279.933599
1742785279.953741
1742785280.000515
1742785280.020457
1742785280.065759
1742785280.087191
1742785280.133658
1742785280.154489
1742785280.200676
1742785280.220790
1742785280.265670
1742785280.288224
1742785280.331694
1742785280.354139
1742785280.401211
1742785280.421030
1742785280.467217
1742785280.487504
1742785280.531283
1742785280.554921
1742785280.600949
1742785280.621094
1742785280.665723
1742785280.688128
1742785280.732545
1742785280.754581
1742785280.796814
1742785280.823630
1742785280.866433
1742785280.887771
1742785280.934619
1742785280.954927
1742785281.000167
1742785281.021255
1742785281.064525
1742785281.088554
1742785281.134212
1742785281.154428
1742785281.198053
1742785281.221874
1742785281.267356
1742785281.287684
1742785281.333943
1742785281.354966
1742785281.399952
1742785281.421432
1742785281.465165
1742785281.488676
1742785281.534952
1742785281.554578
1742785281.601593
1742785281.621645
1742785281.667885
1742785281.687913
1742785281.735547
1742785281.754949
1742785281.801279
1742785281.831622
1742785281.854761
1742785281.897872
1742785281.929359
1742785281.966020
1742785281.989200
1742785282.033734
1742785282.055325
1742785282.101520
1742785282.122080
1742785282.168680
1742785282.188461
1742785282.233133
1742785282.256697
1742785282.297554
1742785282.321823
1742785282.368543
1742785282.389029
1742785282.430425
1742785282.455281
1742785282.501984
1742785282.522206
1742785282.565636
1742785282.588674
1742785282.631482
1742785282.662828
1742785282.689167
1742785282.735187
1742785282.755600
1742785282.801797
1742785282.822248
1742785282.865615
1742785282.890703
1742785282.931274
1742785282.955584
1742785283.000875
1742785283.022196
1742785283.064530
1742785283.089004
1742785283.133138
1742785283.156089
1742785283.201399
1742785283.221893
1742785283.268743
1742785283.289181
1742785283.333939
1742785283.355645
1742785283.401374
1742785283.422351
1742785283.469243
1742785283.488747
1742785283.532453
1742785283.555971
1742785283.598300
1742785283.622374
1742785283.668747
1742785283.689477
1742785283.736011
1742785283.755581
1742785283.799404
1742785283.822718
1742785283.866448
1742785283.889039
1742785283.935033
1742785283.956237
1742785284.000348
1742785284.022417
1742785284.069500
1742785284.089713
1742785284.129688
1742785284.156867
1742785284.199645
1742785284.226099
1742785284.267388
1742785284.289233
1742785284.336181
1742785284.356738
1742785284.399231
1742785284.422926
1742785284.467614
1742785284.490519
1742785284.533465
1742785284.556887
1742785284.602305
1742785284.623641
1742785284.668987
1742785284.689555
1742785284.732551
1742785284.757045
1742785284.801617
1742785284.822723
1742785284.869522
1742785284.890122
1742785284.936151
1742785284.956196
1742785285.001823
1742785285.023901
1742785285.070176
1742785285.089523
1742785285.132879
1742785285.158455
1742785285.200332
1742785285.222934
1742785285.265791
1742785285.291004
1742785285.334182
1742785285.356406
1742785285.402412
1742785285.424181
1742785285.467646
1742785285.489570
1742785285.536580
1742785285.558673
1742785285.601775
1742785285.623232
1742785285.666299
1742785285.693896
1742785285.735996
1742785285.756513
1742785285.802135
1742785285.824740
1742785285.870214
1742785285.890135
1742785285.933289
1742785285.962078
1742785286.002405
1742785286.023362
1742785286.070646
1742785286.091969
1742785286.134937
1742785286.156643
1742785286.203019
1742785286.225396
1742785286.268298
1742785286.290082
1742785286.335329
1742785286.358705
1742785286.399789
1742785286.423618
1742785286.470268
1742785286.492309
1742785286.537946
1742785286.556972
1742785286.601957
1742785286.625993
1742785286.669236
1742785286.690537
1742785286.737589
1742785286.759746
1742785286.800970
1742785286.825146
1742785286.867981
1742785286.895568
1742785286.937585
1742785286.957131
1742785286.999917
1742785287.029948
1742785287.070312
1742785287.090593
1742785287.136537
1742785287.160165
1742785287.202009
1742785287.223935
1742785287.269392
1742785287.293049
1742785287.335609
1742785287.357445
1742785287.404786
1742785287.426139
1742785287.466742
1742785287.493108
1742785287.534822
1742785287.560128
1742785287.604133
1742785287.624172
1742785287.667529
1742785287.696713
1742785287.729277
1742785287.757542
1742785287.798814
1742785287.833909
1742785287.864651
1742785287.893116
1742785287.929356
1742785287.962847
1742785288.003988
1742785288.024235
1742785288.070007
1742785288.093781
1742785288.134983
1742785288.158980
1742785288.201697
1742785288.228583
1742785288.271041
1742785288.291426
1742785288.334885
1742785288.364236
1742785288.400372
1742785288.426805
1742785288.468443
1742785288.497768
1742785288.534976
1742785288.559376
1742785288.600895
1742785288.629584
1742785288.670172
1742785288.691594
1742785288.738710
1742785288.761767
1742785288.802515
1742785288.825142
1742785288.868358
1742785288.897155
1742785288.936826
1742785288.958168
1742785288.996372
1742785289.031081
1742785289.062106
1742785289.091473
1742785289.138282
1742785289.161502
1742785289.205009
1742785289.224956
1742785289.268210
1742785289.297989
1742785289.334118
1742785289.358873
1742785289.402739
1742785289.430225
1742785289.471409
1742785289.491739
1742785289.537731
1742785289.562520
1742785289.597438
1742785289.624691
1742785289.663839
1742785289.704234
1742785289.729266
1742785289.762250
1742785289.803691
1742785289.829600
1742785289.871889
1742785289.892174
1742785289.936881
1742785289.962894
1742785290.004210
1742785290.025320
1742785290.069278
1742785290.097621
1742785290.134068
1742785290.170675
1742785290.192179
1742785290.239161
1742785290.262904
1742785290.304731
1742785290.330071
1742785290.363650
1742785290.402793
1742785290.432184
1742785290.468612
1742785290.492503
1742785290.531863
1742785290.568797
1742785290.598422
1742785290.628767
1742785290.670235
1742785290.697343
1742785290.737260
1742785290.758977
1742785290.805555
1742785290.830436
1742785290.869901
1742785290.892911
1742785290.939272
1742785290.963536
1742785291.005139
1742785291.025790
1742785291.073277
1742785291.095603
1742785291.136295
1742785291.159477
1742785291.206096
1742785291.229647
1742785291.271359
1742785291.292602
1742785291.339027
1742785291.362907
1742785291.402929
1742785291.426057
1742785291.470961
1742785291.496950
1742785291.538581
1742785291.559380
1742785291.605958
1742785291.628869
1742785291.669923
1742785291.692650
1742785291.740092
1742785291.762307
1742785291.804978
1742785291.826121
1742785291.873076
1742785291.896087
1742785291.938403
1742785291.959607
1742785292.002825
1742785292.032781
1742785292.070270
1742785292.093089
1742785292.136366
1742785292.165375
1742785292.204282
1742785292.226783
1742785292.270774
1742785292.299472
1742785292.337199
1742785292.362172
1742785292.404979
1742785292.430341
1742785292.468573
1742785292.496406
1742785292.536653
1742785292.566385
1742785292.604192
1742785292.626628
1742785292.670424
1742785292.699832
1742785292.735990
1742785292.759849
1742785292.803891
1742785292.832883
1742785292.869179
1742785292.893309
1742785292.939779
1742785292.960827
1742785293.004967
1742785293.026578
1742785293.071058
1742785293.098103
1742785293.135737
1742785293.159998
1742785293.204533
1742785293.231573
1742785293.272242
1742785293.293523
1742785293.339706
1742785293.364416
1742785293.405978
1742785293.427040
1742785293.473352
1742785293.497686
1742785293.538587
1742785293.560353
1742785293.605818
1742785293.630830
1742785293.669584
1742785293.693533
1742785293.739104
1742785293.765165
1742785293.805527
1742785293.827193
1742785293.873277
1742785293.897952
1742785293.937991
1742785293.960643
1742785294.006691
1742785294.031299
1742785294.069938
1742785294.094172
1742785294.140049
1742785294.164810
1742785294.204269
1742785294.227602
1742785294.274307
1742785294.298430
1742785294.339571
1742785294.360953
1742785294.407231
1742785294.431752
1742785294.470292
1742785294.494362
1742785294.541049
1742785294.565104
1742785294.604360
1742785294.627686
1742785294.674182
1742785294.698022
1742785294.737596
1742785294.762629
1742785294.805007
1742785294.833747
1742785294.870194
1742785294.894962
1742785294.937873
1742785294.967249
1742785295.003192
1742785295.028145
1742785295.070383
1742785295.101919
1742785295.137485
1742785295.161137
1742785295.203917
1742785295.234195
1742785295.270525
1742785295.295601
1742785295.337527
1742785295.367281
1742785295.406404
1742785295.428112
1742785295.471785
1742785295.501509
1742785295.537660
1742785295.561438
1742785295.603456
1742785295.631613
1742785295.672401
1742785295.694841
1742785295.737397
1742785295.767709
1742785295.804142
1742785295.828519
1742785295.873548
1742785295.898763
1742785295.939218
1742785295.962023
1742785296.004828
1742785296.034947
1742785296.069857
1742785296.097361
1742785296.134411
1742785296.170326
1742785296.202804
1742785296.232072
1742785296.272865
1742785296.300224
1742785296.341035
1742785296.362134
1742785296.406968
1742785296.433153
1742785296.474355
1742785296.495441
1742785296.538602
1742785296.567902
1742785296.603778
1742785296.630954
1742785296.673396
1742785296.701266
1742785296.738405
1742785296.764508
1742785296.805003
1742785296.836478
1742785296.869241
1742785296.900578
1742785296.938826
1742785296.969678
1742785297.005236
1742785297.031817
1742785297.071098
1742785297.105457
1742785297.135478
1742785297.166930
1742785297.207046
1742785297.233313
1742785297.274029
1742785297.296186
1742785297.338514
1742785297.369119
1742785297.401476
1742785297.434371
1742785297.470386
1742785297.504653
1742785297.533606
1742785297.568011
1742785297.604644
1742785297.631392
1742785297.671576
1742785297.697452
1742785297.737076
1742785297.771890
1742785297.805129
1742785297.833006
1742785297.873999
1742785297.899489
1742785297.940818
1742785297.963932
1742785298.002983
1742785298.035776
1742785298.073110
1742785298.098095
1742785298.137177
1742785298.171427
1742785298.205683
1742785298.234461
1742785298.270630
1742785298.302967
1742785298.338726
1742785298.367717
1742785298.406466
1742785298.435470
1742785298.471571
1742785298.506934
1742785298.529875
1742785298.575169
1742785298.601976
1742785298.635010
1742785298.671932
1742785298.701611
1742785298.737206
1742785298.772826
1742785298.805167
1742785298.834767
1742785298.872804
1742785298.902468
1742785298.938926
1742785298.965882
1742785299.006005
1742785299.035665
1742785299.072275
1742785299.100292
1742785299.137617
1742785299.171040
1742785299.206804
1742785299.232055
1742785299.272905
1742785299.302597
1742785299.336963
1742785299.368005
1742785299.407247
1742785299.436599
1742785299.473895
1742785299.500539
1742785299.540565
1742785299.568689
1742785299.605189
1742785299.631864
1742785299.673288
1742785299.702894
1742785299.737796
1742785299.768386
1742785299.805951
1742785299.837162
1742785299.872499
1742785299.902242
1742785299.938859
1742785299.974243
1742785300.004352
1742785300.030763
1742785300.065532
1742785300.101688
1742785300.133598
1742785300.171395
1742785300.201479
1742785300.240767
1742785300.269087
1742785300.304286
1742785300.336544
1742785300.370253
1742785300.405194
1742785300.431170
1742785300.466716
1742785300.498821
1742785300.538742
1742785300.569438
1742785300.602983
1742785300.633006
1742785300.673957
1742785300.701907
1742785300.741275
1742785300.770755
1742785300.806166
1742785300.835464
1742785300.872093
1742785300.907616
1742785300.936670
1742785300.972553
1742785301.002940
1742785301.038295
1742785301.073499
1742785301.100298
1742785301.140359
1742785301.170785
1742785301.206027
1742785301.231581
1742785301.272833
1742785301.302208
1742785301.341506
1742785301.364426
1742785301.405933
1742785301.438137
1742785301.472064
1742785301.497948
1742785301.534266
1742785301.570513
1742785301.601409
1742785301.631865
1742785301.666713
1742785301.704159
1742785301.740251
1742785301.766849
1742785301.807104
1742785301.837841
1742785301.873595
1742785301.899701
1742785301.941078
1742785301.970714
1742785302.006015
1742785302.032401
1742785302.074503
1742785302.104468
1742785302.137574
1742785302.168311
1742785302.205315
1742785302.240997
1742785302.271239
1742785302.301844
1742785302.342749
1742785302.369049
1742785302.409513
1742785302.431467
1742785302.475826
1742785302.502068
1742785302.542830
1742785302.564917
1742785302.608981
1742785302.633473
1742785302.671474
1742785302.703056
1742785302.742941
1742785302.770192
1742785302.808811
1742785302.832568
1742785302.873462
1742785302.908366
1742785302.938523
1742785302.969129
1742785303.009528
1742785303.036915
1742785303.076775
1742785303.098518
1742785303.139782
1742785303.174538
1742785303.205078
1742785303.236535
1742785303.274243
1742785303.303783
1742785303.341773
1742785303.369489
1742785303.407336
1742785303.437791
1742785303.475151
1742785303.502220
1742785303.541934
1742785303.569948
1742785303.608520
1742785303.633205
1742785303.677031
1742785303.703056
1742785303.740650
1742785303.769911
1742785303.809626
1742785303.836836
1742785303.874728
1742785303.903790
1742785303.939256
1742785303.973925
1742785304.007632
1742785304.037846
1742785304.073606
1742785304.105939
1742785304.142030
1742785304.168169
1742785304.209930
1742785304.236699
1742785304.276226
1742785304.300791
1742785304.342418
1742785304.370857
1742785304.410615
1742785304.432935
1742785304.477317
1742785304.502758
1742785304.543645
1742785304.567910
1742785304.605829
1742785304.639754
1742785304.672501
1742785304.704999
1742785304.742512
1742785304.770901
1742785304.809300
1742785304.835933
1742785304.876626
1742785304.903257
1742785304.941588
1742785304.971386
1742785305.008438
1742785305.037723
1742785305.078259
1742785305.100305
1742785305.139492
1742785305.174425
1742785305.207803
1742785305.236409
1742785305.275983
1742785305.303808
1742785305.344645
1742785305.366719
1742785305.413598
1742785305.435652
1742785305.477780
1742785305.500021
1742785305.544484
1742785305.569382
1742785305.610903
1742785305.633451
1742785305.678856
1742785305.702803
1742785305.744723
1742785305.766968
1742785305.812484
1742785305.836225
1742785305.878518
1742785305.900156
1742785305.946270
1742785305.969841
1742785306.011973
1742785306.033458
1742785306.080609
1742785306.102643
1742785306.137289
1742785306.172195
1742785306.211340
1742785306.236764
1742785306.273912
1742785306.305041
1742785306.342070
1742785306.372697
1742785306.410862
1742785306.435045
1742785306.476430
1742785306.504415
1742785306.545372
1742785306.567360
1742785306.612553
1742785306.633709
1742785306.677088
1742785306.701665
1742785306.744011
1742785306.771004
1742785306.813321
1742785306.839596
1742785306.867170
1742785306.911622
1742785306.938365
1742785306.980639
1742785307.003231
1742785307.040711
1742785307.074403
1742785307.111241
1742785307.137103
1742785307.179114
1742785307.201499
1742785307.247583
1742785307.269991
1742785307.308284
1742785307.338731
1742785307.376569
1742785307.403632
1742785307.439903
1742785307.475714
1742785307.505920
1742785307.545693
1742785307.567496
1742785307.611202
1742785307.635431
1742785307.668743
1742785307.700874
1742785307.734065
1742785307.769174
1742785307.814128
1742785307.834295
1742785307.876185
1742785307.906610
1742785307.945830
1742785307.967820
1742785308.014035
1742785308.036630
1742785308.079248
1742785308.101275
1742785308.146394
1742785308.170030
1742785308.212572
1742785308.234740
1742785308.281396
1742785308.303414
1742785308.342377
1742785308.367604
1742785308.410158
1742785308.437861
1742785308.480145
1742785308.501663
1742785308.546376
1742785308.570344
1742785308.613195
1742785308.635307
1742785308.676805
1742785308.706059
1742785308.745959
1742785308.768904
1742785308.816353
1742785308.836272
1742785308.882672
1742785308.901817
1742785308.947639
1742785308.970296
1742785309.009330
1742785309.037083
1742785309.076266
1742785309.107994
1742785309.141908
1742785309.170289
1742785309.213008
1742785309.237127
1742785309.276665
1742785309.302122
1742785309.348109
1742785309.369890
1742785309.409414
1742785309.435782
1742785309.476283
1742785309.508480
1742785309.547512
1742785309.568673
1742785309.615323
1742785309.635200
1742785309.682682
1742785309.702490
1742785309.749554
1742785309.769291
1742785309.816479
1742785309.835608
1742785309.881778
1742785309.903811
1742785309.949472
1742785309.969075
1742785310.015958
1742785310.037052
1742785310.083552
1742785310.102422
1742785310.149286
1742785310.169905
1742785310.216302
1742785310.235861
1742785310.282771
1742785310.304099
1742785310.347719
1742785310.369060
1742785310.416200
1742785310.437200
1742785310.481385
1742785310.502694
1742785310.549086
1742785310.570218
1742785310.609794
1742785310.637487
1742785310.679932
1742785310.705410
1742785310.747856
1742785310.769961
1742785310.813276
1742785310.837396
1742785310.883052
1742785310.903111
1742785310.949650
1742785310.970745
1742785311.015962
1742785311.036392
1742785311.082924
1742785311.104214
1742785311.149750
1742785311.169961
1742785311.214640
1742785311.237603
1742785311.283231
1742785311.302978
1742785311.349713
1742785311.370521
1742785311.416549
1742785311.436570
1742785311.483106
1742785311.503968
1742785311.549610
1742785311.569747
1742785311.616996
1742785311.637382
1742785311.683378
1742785311.703459
1742785311.745178
1742785311.773949
1742785311.808515
1742785311.840544
1742785311.876164
1742785311.907631
1742785311.939089
1742785311.969843
1742785312.002855
1742785312.036113
1742785312.069390
1742785312.102830
1742785312.136190
1742785312.169476
1742785312.202854
1742785312.236184
1742785312.283244
1742785312.304276
1742785312.347538
1742785312.370547
1742785312.410491
1742785312.440957
1742785312.471172
1742785312.503300
1742785312.536348
1742785312.569741
1742785312.602983
1742785312.636437
1742785312.683479
1742785312.704397
1742785312.751383
1742785312.770637
1742785312.813966
1742785312.838345
1742785312.882820
1742785312.904125
1742785312.949927
1742785312.971147
1742785313.014653
1742785313.037415
1742785313.084735
1742785313.104385
1742785313.147927
1742785313.170988
1742785313.218154
1742785313.237435
1742785313.277088
1742785313.304776
1742785313.349559
1742785313.371207
1742785313.411995
1742785313.436749
1742785313.475673
1742785313.508935
1742785313.540081
1742785313.573813
1742785313.615865
1742785313.637871
1742785313.685221
1742785313.704344
1742785313.749666
1742785313.771731
1742785313.807988
1742785313.841541
1742785313.881723
1742785313.906537
1742785313.947264
1742785313.970798
1742785314.008180
1742785314.049370
1742785314.070516
1742785314.110635
1742785314.142363
1742785314.177342
1742785314.210552
1742785314.237783
1742785314.276422
1742785314.308315
1742785314.343445
1742785314.371681
1742785314.409409
1742785314.442682
1742785314.475858
1742785314.504590
1742785314.542285
1742785314.577286
1742785314.611194
1742785314.638235
1742785314.679720
1742785314.704919
1742785314.745245
1742785314.771578
1742785314.808601
1742785314.844388
1742785314.876879
1742785314.907457
1742785314.943610
1742785314.974568
1742785315.010646
1742785315.040211
1742785315.076945
1742785315.107909
1742785315.144045
1742785315.176392
1742785315.205007
1742785315.250418
1742785315.272135
1742785315.318380
1742785315.338968
1742785315.382483
1742785315.405488
1742785315.452358
1742785315.472296
1742785315.514537
1742785315.538788
1742785315.581430
1742785315.607757
1742785315.644238
1742785315.679269
1742785315.715008
1742785315.743599
1742785315.776616
1742785315.814660
1742785315.841505
1742785315.879631
1742785315.905485
1742785315.943066
1742785315.975036
1742785316.017925
1742785316.038697
1742785316.084806
1742785316.106044
1742785316.149835
1742785316.172813
1742785316.218971
1742785316.239680
1742785316.283759
1742785316.306063
1742785316.349457
1742785316.376564
1742785316.418100
1742785316.439163
1742785316.484982
1742785316.506416
1742785316.549321
1742785316.573331
1742785316.618418
1742785316.639615
1742785316.686249
1742785316.706166
1742785316.748795
1742785316.778787
1742785316.814996
1742785316.840556
1742785316.883910
1742785316.908949
1742785316.950597
1742785316.974258
1742785317.017018
1742785317.044337
1742785317.085892
1742785317.107485
1742785317.150128
1742785317.177435
1742785317.219754
1742785317.239591
1742785317.285604
1742785317.307102
1742785317.354085
1742785317.372828
1742785317.418716
1742785317.440268
1742785317.484422
1742785317.505960
1742785317.552532
1742785317.573842
1742785317.619777
1742785317.639464
1742785317.685176
1742785317.707493
1742785317.753148
1742785317.772998
1742785317.816956
1742785317.840606
1742785317.886359
1742785317.906327
1742785317.952739
1742785317.974617
1742785318.017643
1742785318.039599
1742785318.086572
1742785318.108049
1742785318.150493
1742785318.172942
1742785318.218831
1742785318.241126
1742785318.285460
1742785318.306424
1742785318.352552
1742785318.374578
1742785318.417481
1742785318.440146
1742785318.485689
1742785318.508572
1742785318.553667
1742785318.573471
1742785318.620096
1742785318.642512
1742785318.685779
1742785318.706746
1742785318.752214
1742785318.775306
1742785318.820649
1742785318.840369
1742785318.883229
1742785318.912813
1742785318.952720
1742785318.973859
1742785319.021085
1742785319.042690
1742785319.079054
1742785319.113964
1742785319.145830
1742785319.185486
1742785319.211733
1742785319.243678
1742785319.284658
1742785319.309938
1742785319.352573
1742785319.374231
1742785319.418030
1742785319.442638
1742785319.483379
1742785319.508357
1742785319.551362
1742785319.576819
1742785319.619360
1742785319.640954
1742785319.684221
1742785319.712583
1742785319.753162
1742785319.774081
1742785319.817838
1742785319.846237
1742785319.887525
1742785319.907401
1742785319.950728
1742785319.980213
1742785320.018650
1742785320.041076
1742785320.087183
1742785320.110174
1742785320.153283
1742785320.174014
1742785320.217176
1742785320.246941
1742785320.285479
1742785320.307513
1742785320.353672
1742785320.376626
1742785320.419106
1742785320.441155
1742785320.487583
1742785320.510519
1742785320.553281
1742785320.574498
1742785320.617988
1742785320.645439
1742785320.685911
1742785320.709581
1742785320.752090
1742785320.780116
1742785320.821861
1742785320.841387
1742785320.888055
1742785320.911636
1742785320.952448
1742785320.977004
1742785321.019583
1742785321.043616
1742785321.087917
1742785321.109448
1742785321.152424
1742785321.178574
1742785321.220443
1742785321.243731
1742785321.286180
1742785321.311937
1742785321.352259
1742785321.376111
1742785321.418492
1742785321.448284
1742785321.483858
1742785321.508103
1742785321.551303
1742785321.580499
1742785321.617988
1742785321.641407
1742785321.687245
1742785321.711887
1742785321.752229
1742785321.774808
1742785321.821291
1742785321.845039
1742785321.886541
1742785321.908201
1742785321.950717
1742785321.983243
1742785322.017864
1742785322.042373
1742785322.089108
1742785322.111614
1742785322.151435
1742785322.174989
1742785322.219369
1742785322.246033
1742785322.283322
1742785322.309632
1742785322.352170
1742785322.381828
1742785322.413787
1742785322.445002
1742785322.485584
1742785322.514101
1742785322.551100
1742785322.577785
1742785322.619772
1742785322.646382
1742785322.687004
1742785322.709114
1742785322.754127
1742785322.779646
1742785322.821840
1742785322.842289
1742785322.886054
1742785322.912249
1742785322.952552
1742785322.977266
1742785323.021777
1742785323.046851
1742785323.085115
1742785323.113193
1742785323.150403
1742785323.185457
1742785323.216498
1742785323.246478
1742785323.287340
1742785323.313543
1742785323.350516
1742785323.377882
1742785323.420072
1742785323.447342
1742785323.487995
1742785323.518727
1742785323.542333
1742785323.589956
1742785323.613272
1742785323.655641
1742785323.680734
1742785323.720442
1742785323.746019
1742785323.788182
1742785323.813425
1742785323.851139
1742785323.881084
1742785323.918936
1742785323.947970
1742785323.983424
1742785324.015804
1742785324.052544
1742785324.083639
1742785324.112023
1742785324.152514
1742785324.182092
1742785324.219266
1742785324.243575
1742785324.285794
1742785324.315649
1742785324.350688
1742785324.379884
1742785324.420130
1742785324.449540
1742785324.487005
1742785324.510106
1742785324.552908
1742785324.579061
1742785324.621597
1742785324.643382
1742785324.687329
1742785324.716487
1742785324.754418
1742785324.777325
1742785324.822068
1742785324.848024
1742785324.887948
1742785324.910568
1742785324.955811
1742785324.980861
1742785325.021619
1742785325.044845
1742785325.087414
1742785325.116881
1742785325.151792
1742785325.181072
1742785325.215272
1742785325.255443
1742785325.281651
1742785325.314699
1742785325.350089
1742785325.386573
1742785325.415722
1742785325.446924
1742785325.487650
1742785325.514631
1742785325.551054
1742785325.577421
1742785325.622299
1742785325.647847
1742785325.688993
1742785325.709986
1742785325.755581
1742785325.781916
1742785325.821181
1742785325.844204
1742785325.889451
1742785325.914687
1742785325.954947
1742785325.977032
1742785326.023123
1742785326.048304
1742785326.084768
1742785326.110822
1742785326.154411
1742785326.181021
1742785326.221705
1742785326.243756
1742785326.289590
1742785326.315490
1742785326.354857
1742785326.377277
1742785326.423290
1742785326.448398
1742785326.487752
1742785326.510483
1742785326.557013
1742785326.582049
1742785326.619801
1742785326.644531
1742785326.686938
1742785326.717209
1742785326.753025
1742785326.778801
1742785326.820908
1742785326.851426
1742785326.887564
1742785326.914928
1742785326.952251
1742785326.986905
1742785327.018377
1742785327.048639
1742785327.087941
1742785327.117427
1742785327.153618
1742785327.181012
1742785327.220761
1742785327.252582
1742785327.285535
1742785327.312826
1742785327.354119
1742785327.383503
1742785327.420766
1742785327.444766
1742785327.489094
1742785327.515846
1742785327.555888
1742785327.577826
1742785327.623078
1742785327.648631
1742785327.689930
1742785327.711289
1742785327.755790
1742785327.782939
1742785327.823115
1742785327.844723
1742785327.886776
1742785327.919777
1742785327.953932
1742785327.979631
1742785328.021102
1742785328.051299
1742785328.086551
1742785328.111858
1742785328.155547
1742785328.182802
1742785328.223262
1742785328.245000
1742785328.287548
1742785328.320817
1742785328.352643
1742785328.382814
1742785328.421550
1742785328.451484
1742785328.488947
1742785328.513745
1742785328.552772
1742785328.587267
1742785328.619873
1742785328.650261
1742785328.687814
1742785328.718415
1742785328.754467
1742785328.783292
1742785328.822246
1742785328.852346
1742785328.889110
1742785328.914109
1742785328.954298
1742785328.983579
1742785329.023422
1742785329.046502
1742785329.086029
1742785329.120807
1742785329.154036
1742785329.182054
1742785329.223201
1742785329.251417
1742785329.284699
1742785329.317054
1742785329.354634
1742785329.387083
1742785329.418495
1742785329.450476
1742785329.489053
1742785329.519144
1742785329.555910
1742785329.580755
1742785329.621377
1742785329.655333
1742785329.687534
1742785329.716572
1742785329.755575
1742785329.785231
1742785329.822339
1742785329.850349
1742785329.886778
1742785329.921789
1742785329.953192
1742785329.981164
1742785330.023097
1742785330.048303
1742785330.084161
1742785330.116327
1742785330.152473
1742785330.185040
1742785330.222802
1742785330.249212
1742785330.289075
1742785330.318630
1742785330.354891
1742785330.383158
1742785330.424020
1742785330.450609
1742785330.487767
1742785330.517319
1742785330.554240
1742785330.588350
1742785330.622991
1742785330.650693
1742785330.687785
1742785330.721850
1742785330.756572
1742785330.782178
1742785330.822303
1742785330.853217
1742785330.888465
1742785330.917469
1742785330.954130
1742785330.989641
1742785331.019218
1742785331.051860
1742785331.086996
1742785331.122338
1742785331.153388
1742785331.185120
1742785331.221666
1742785331.255388
1742785331.289396
1742785331.315187
1742785331.355653
1742785331.387382
1742785331.421970
1742785331.447402
1742785331.488469
1742785331.522857
1742785331.552074
1742785331.584021
1742785331.624104
1742785331.651430
1742785331.688773
1742785331.713409
1742785331.752539
1742785331.788776
1742785331.823096
1742785331.858107
1742785331.879972
1742785331.919475
1742785331.955178
1742785331.990419
1742785332.020485
1742785332.051233
1742785332.087978
1742785332.122976
1742785332.153601
1742785332.180481
1742785332.222842
1742785332.252393
1742785332.285756
1742785332.316561
1742785332.357798
1742785332.385386
1742785332.419271
1742785332.450912
1742785332.489837
1742785332.518981
1742785332.556978
1742785332.580571
1742785332.621323
1742785332.656362
1742785332.690329
1742785332.714267
1742785332.755499
1742785332.789673
1742785332.819651
1742785332.851818
1742785332.889446
1742785332.920974
1742785332.953317
1742785332.984461
1742785333.023926
1742785333.052832
1742785333.087119
1742785333.118813
1742785333.156942
1742785333.184628
1742785333.220070
1742785333.247428
1742785333.283689
1742785333.319808
1742785333.351082
1742785333.381732
1742785333.419520
1742785333.450044
1742785333.490314
1742785333.514140
1742785333.557992
1742785333.586985
1742785333.621993
1742785333.647792
1742785333.688258
1742785333.724101
1742785333.754254
1742785333.784282
1742785333.825357
1742785333.853371
1742785333.887192
1742785333.918085
1742785333.955199
1742785333.990612
1742785334.022083
1742785334.051968
1742785334.091640
1742785334.121995
1742785334.156519
1742785334.181433
1742785334.226026
1742785334.251545
1742785334.291738
1742785334.314591
1742785334.357911
1742785334.387331
1742785334.424592
1742785334.448651
1742785334.489253
1742785334.521412
1742785334.554030
1742785334.584787
1742785334.625613
1742785334.652975
1742785334.692625
1742785334.715358
1742785334.756680
1742785334.783266
1742785334.821912
1742785334.851696
1742785334.891798
1742785334.918722
1742785334.958309
1742785334.984323
1742785335.025895
1742785335.053149
1742785335.087186
1742785335.122492
1742785335.154272
1742785335.187430
1742785335.224866
1742785335.251748
1742785335.293350
1742785335.316725
1742785335.357572
1742785335.384747
1742785335.420564
1742785335.457213
1742785335.487390
1742785335.519917
1742785335.555387
1742785335.591857
1742785335.619034
1742785335.652551
1742785335.693139
1742785335.718750
1742785335.760506
1742785335.781749
1742785335.823913
1742785335.855119
1742785335.891419
1742785335.916754
1742785335.957698
1742785335.986753
1742785336.020555
1742785336.053273
1742785336.089591
1742785336.125167
1742785336.155255
1742785336.182542
1742785336.225433
1742785336.254959
1742785336.290891
1742785336.315290
1742785336.358989
1742785336.388098
1742785336.425429
1742785336.448672
1742785336.491669
1742785336.521902
1742785336.559227
1742785336.582358
1742785336.625011
1742785336.655470
1742785336.694211
1742785336.715924
1742785336.760838
1742785336.785656
1742785336.826697
1742785336.849658
1742785336.888049
1742785336.920082
1742785336.959330
1742785336.985452
1742785337.028647
1742785337.052667
1742785337.093882
1742785337.118353
1742785337.161509
1742785337.185646
1742785337.224079
1742785337.253947
1742785337.293912
1742785337.319167
1742785337.357573
1742785337.385453
1742785337.427142
1742785337.452705
1742785337.489738
1742785337.519807
1742785337.558032
1742785337.590915
1742785337.623655
1742785337.653541
1742785337.694469
1742785337.719001
1742785337.755236
1742785337.787156
1742785337.827436
1742785337.851983
1742785337.893114
1742785337.918206
1742785337.962191
1742785337.985966
1742785338.027183
1742785338.049815
1742785338.095245
1742785338.119701
1742785338.159790
1742785338.184233
1742785338.225588
1742785338.253168
1742785338.291299
1742785338.321031
1742785338.361342
1742785338.386474
1742785338.427424
1742785338.450155
1742785338.496224
1742785338.519365
1742785338.558109
1742785338.585506
1742785338.624472
1742785338.660942
1742785338.686583
1742785338.727205
1742785338.752941
1742785338.794008
1742785338.819951
1742785338.858629
1742785338.886335
1742785338.926923
1742785338.954314
1742785338.991684
1742785339.020922
1742785339.062587
1742785339.086611
1742785339.125461
1742785339.153209
1742785339.196144
1742785339.219904
1742785339.262185
1742785339.285561
1742785339.323609
1742785339.362821
1742785339.383981
1742785339.429257
1742785339.453271
1742785339.491011
1742785339.521218
1742785339.561619
1742785339.587012
1742785339.629164
1742785339.651081
1742785339.697286
1742785339.719861
1742785339.762807
1742785339.784012
1742785339.829412
1742785339.853216
1742785339.895783
1742785339.917786
1742785339.959434
1742785339.988039
1742785340.029925
1742785340.050752
1742785340.094230
1742785340.120888
1742785340.164166
1742785340.190577
1742785340.217579
1742785340.262910
1742785340.287261
1742785340.328865
1742785340.354252
1742785340.392457
1742785340.420141
1742785340.461548
1742785340.487762
1742785340.527720
1742785340.553429
1742785340.594965
1742785340.621127
1742785340.662275
1742785340.686459
1742785340.728058
1742785340.754712
1742785340.792659
1742785340.820065
1742785340.862612
1742785340.887274
1742785340.928035
1742785340.953120
1742785340.995777
1742785341.021298
1742785341.061810
1742785341.086318
1742785341.125730
1742785341.157616
1742785341.189077
1742785341.227724
1742785341.253442
1742785341.292703
1742785341.320405
1742785341.357973
1742785341.394762
1742785341.421328
1742785341.458756
1742785341.489343
1742785341.529004
1742785341.553736
1742785341.589513
1742785341.628114
1742785341.654343
1742785341.696742
1742785341.718851
1742785341.765693
1742785341.786495
1742785341.832429
1742785341.851815
1742785341.898982
1742785341.919807
1742785341.963138
1742785341.985616
1742785342.032384
1742785342.053176
1742785342.095644
1742785342.118687
1742785342.164121
1742785342.186820
1742785342.232148
1742785342.251982
1742785342.297595
1742785342.320128
1742785342.362584
1742785342.385522
1742785342.432848
1742785342.453152
1742785342.499197
1742785342.519039
1742785342.565782
1742785342.587026
1742785342.629276
1742785342.653277
1742785342.698736
1742785342.720484
1742785342.763417
1742785342.785851
1742785342.832709
1742785342.853652
1742785342.895369
1742785342.920572
1742785342.963651
1742785342.987260
1742785343.032721
1742785343.052803
1742785343.099920
1742785343.120371
1742785343.166058
1742785343.186434
1742785343.231514
1742785343.254088
1742785343.299520
1742785343.319711
1742785343.366123
1742785343.387491
1742785343.433215
1742785343.452827
1742785343.499483
1742785343.520653
1742785343.566391
1742785343.586108
1742785343.633076
1742785343.653408
1742785343.698579
1742785343.719672
1742785343.764379
1742785343.787320
1742785343.832547
1742785343.852809
1742785343.899921
1742785343.920223
1742785343.965551
1742785343.986421
1742785344.033518
1742785344.053589
1742785344.096652
1742785344.119698
1742785344.164592
1742785344.187310
1742785344.232850
1742785344.253089
1742785344.296438
1742785344.320104
1742785344.365221
1742785344.386579
1742785344.422810
1742785344.458754
1742785344.490680
1742785344.522846
1742785344.563334
1742785344.587693
1742785344.624517
1742785344.658939
1742785344.692171
1742785344.725527
1742785344.765389
1742785344.786927
1742785344.833432
1742785344.854225
1742785344.900566
1742785344.920225
1742785344.963747
1742785344.987748
1742785345.033615
1742785345.053616
1742785345.097356
1742785345.121082
1742785345.167314
1742785345.187222
1742785345.233976
1742785345.254233
1742785345.297529
1742785345.321068
1742785345.367837
1742785345.387485
1742785345.433382
1742785345.454153
1742785345.499264
1742785345.521286
1742785345.567804
1742785345.587262
1742785345.625297
1742785345.666716
1742785345.687797
1742785345.726406
1742785345.759399
1742785345.799263
1742785345.821201
1742785345.859921
1742785345.888771
1742785345.931304
1742785345.954689
1742785345.994939
1742785346.021133
1742785346.064720
1742785346.091208
1742785346.125540
1742785346.159638
1742785346.200279
1742785346.221433
1742785346.264167
1742785346.287932
1742785346.334631
1742785346.354260
1742785346.398785
1742785346.421022
1742785346.464793
1742785346.488307
1742785346.526540
1742785346.560491
1742785346.599303
1742785346.621530
1742785346.661588
1742785346.689634
1742785346.730938
1742785346.759814
1742785346.788304
1742785346.832070
1742785346.855095
1742785346.901310
1742785346.921119
1742785346.963962
1742785346.992416
1742785347.033932
1742785347.054617
1742785347.101543
1742785347.121282
1742785347.165358
1742785347.188170
1742785347.233075
1742785347.255259
1742785347.301816
1742785347.321691
1742785347.364605
1742785347.392753
1742785347.434392
1742785347.455288
1742785347.499806
1742785347.522054
1742785347.565040
1742785347.588554
1742785347.635129
1742785347.655313
1742785347.699288
1742785347.722237
1742785347.768041
1742785347.788795
1742785347.832973
1742785347.855550
1742785347.898787
1742785347.925582
1742785347.967282
1742785347.988872
1742785348.033137
1742785348.055721
1742785348.101660
1742785348.121356
1742785348.157334
1742785348.193139
1742785348.226475
1742785348.256362
1742785348.292788
1742785348.325352
1742785348.360717
1742785348.387873
1742785348.424604
1742785348.466329
1742785348.488990
1742785348.533252
1742785348.555567
1742785348.596451
1742785348.632320
1742785348.659742
1742785348.700942
1742785348.722307
1742785348.766873
1742785348.790374
1742785348.835607
1742785348.857043
1742785348.899542
1742785348.925223
1742785348.967462
1742785348.990684
1742785349.033453
1742785349.057039
1742785349.099718
1742785349.123650
1742785349.166585
1742785349.190575
1742785349.234024
1742785349.256916
1742785349.303452
1742785349.323764
1742785349.366047
1742785349.390724
1742785349.433286
1742785349.461791
1742785349.501762
1742785349.522593
1742785349.569801
1742785349.590498
1742785349.635971
1742785349.655930
1742785349.701777
1742785349.723292
1742785349.768928
1742785349.789172
1742785349.832453
1742785349.857637
1742785349.899812
1742785349.922829
1742785349.960689
1742785349.993024
1742785350.035443
1742785350.056038
1742785350.102764
1742785350.124065
1742785350.167399
1742785350.190415
1742785350.236573
1742785350.257868
1742785350.304989
1742785350.322992
1742785350.369892
1742785350.391678
1742785350.436896
1742785350.456235
1742785350.503653
1742785350.525109
1742785350.563552
1742785350.591205
1742785350.633502
1742785350.660211
1742785350.703986
1742785350.723181
1742785350.768262
1742785350.791767
1742785350.835719
1742785350.857018
1742785350.903574
1742785350.925204
1742785350.967329
1742785350.991628
1742785351.034099
1742785351.060358
1742785351.102900
1742785351.123635
1742785351.166999
1742785351.195577
1742785351.237107
1742785351.256865
1742785351.302202
1742785351.325796
1742785351.368125
1742785351.391587
1742785351.437326
1742785351.459407
1742785351.502082
1742785351.523286
1742785351.570429
1742785351.592563
1742785351.634072
1742785351.656641
1742785351.702243
1742785351.726020
1742785351.769757
1742785351.790060
1742785351.836439
1742785351.859464
1742785351.903633
1742785351.923698
1742785351.962181
1742785352.002654
1742785352.026058
1742785352.066929
1742785352.092960
1742785352.134731
1742785352.164126
1742785352.193261
1742785352.234714
1742785352.263402
1742785352.301890
1742785352.323770
1742785352.366885
1742785352.396634
1742785352.434528
1742785352.457183
1742785352.500821
1742785352.530030
1742785352.570296
1742785352.590636
1742785352.634136
1742785352.662994
1742785352.704133
1742785352.724600
1742785352.767972
1742785352.797350
1742785352.834919
1742785352.858676
1742785352.901633
1742785352.931117
1742785352.967208
1742785352.993590
1742785353.035365
1742785353.060472
1742785353.105211
1742785353.124633
1742785353.171923
1742785353.193838
1742785353.237909
1742785353.258056
1742785353.305722
1742785353.327886
1742785353.369732
1742785353.393783
1742785353.436383
1742785353.461685
1742785353.503453
1742785353.524475
1742785353.570035
1742785353.594521
1742785353.636399
1742785353.657708
1742785353.705338
1742785353.727235
1742785353.770730
1742785353.790974
1742785353.837408
1742785353.861778
1742785353.903772
1742785353.924587
1742785353.967393
1742785353.998971
1742785354.034566
1742785354.058174
1742785354.101646
1742785354.130972
1742785354.166721
1742785354.194946
1742785354.236684
1742785354.261799
1742785354.304255
1742785354.324777
1742785354.369677
1742785354.395217
1742785354.436815
1742785354.458084
1742785354.504168
1742785354.528055
1742785354.570265
1742785354.591528
1742785354.634355
1742785354.663160
1742785354.700615
1742785354.725724
1742785354.768687
1742785354.796746
1742785354.837248
1742785354.858533
1742785354.899566
1742785354.933965
1742785354.968547
1742785354.993727
1742785355.037130
1742785355.062754
1742785355.104689
1742785355.125753
1742785355.169046
1742785355.198191
1742785355.236240
1742785355.262898
1742785355.303685
1742785355.329754
1742785355.371600
1742785355.393190
1742785355.439489
1742785355.462103
1742785355.503314
1742785355.525433
1742785355.569989
1742785355.597321
1742785355.632399
1742785355.658950
1742785355.703263
1742785355.728688
1742785355.770423
1742785355.792020
1742785355.839052
1742785355.862925
1742785355.904865
1742785355.925468
1742785355.969120
1742785355.997314
1742785356.036638
1742785356.059425
1742785356.102466
1742785356.131889
1742785356.171153
1742785356.192273
1742785356.236518
1742785356.264960
1742785356.299655
1742785356.325946
1742785356.371921
1742785356.396751
1742785356.438015
1742785356.459032
1742785356.505680
1742785356.529211
1742785356.570750
1742785356.592524
1742785356.638009
1742785356.663224
1742785356.703706
1742785356.726135
1742785356.770162
1742785356.798574
1742785356.837368
1742785356.871988
1742785356.893025
1742785356.938460
1742785356.965955
1742785357.003927
1742785357.033340
1742785357.065967
1742785357.100988
1742785357.136919
1742785357.166336
1742785357.198907
1742785357.234977
1742785357.269838
1742785357.299592
1742785357.330975
1742785357.370358
1742785357.399509
1742785357.437591
1742785357.460643
1742785357.503219
1742785357.530977
1742785357.569794
1742785357.596326
1742785357.633692
1742785357.670093
1742785357.700551
1742785357.731271
1742785357.768081
1742785357.803920
1742785357.833983
1742785357.864507
1742785357.901915
1742785357.932752
1742785357.971209
1742785357.993846
1742785358.038480
1742785358.064550
1742785358.103736
1742785358.128631
1742785358.168754
1742785358.202995
1742785358.233442
1742785358.267157
1742785358.300417
1742785358.338643
1742785358.364346
1742785358.401519
1742785358.431610
1742785358.471462
1742785358.500238
1742785358.531579
1742785358.571332
1742785358.598530
1742785358.638664
1742785358.660377
1742785358.706281
1742785358.731534
1742785358.769415
1742785358.795750
1742785358.837618
1742785358.867749
1742785358.903550
1742785358.928458
1742785358.969741
1742785359.000337
1742785359.037088
1742785359.060709
1742785359.105945
1742785359.132158
1742785359.171967
1742785359.193874
1742785359.240179
1742785359.265193
1742785359.302646
1742785359.327634
1742785359.369754
1742785359.400359
1742785359.437214
1742785359.461026
1742785359.504332
1742785359.533599
1742785359.570358
1742785359.594189
1742785359.637740
1742785359.666737
1742785359.704833
1742785359.727534
1742785359.770282
1742785359.800504
1742785359.836887
1742785359.860832
1742785359.905053
1742785359.932524
1742785359.972736
1742785359.994318
1742785360.034895
1742785360.066075
1742785360.098303
1742785360.128642
1742785360.173002
1742785360.198501
1742785360.238024
1742785360.261128
1742785360.304004
1742785360.334576
1742785360.369753
1742785360.395042
1742785360.437875
1742785360.467482
1742785360.503850
1742785360.527434
1742785360.563763
1742785360.597863
1742785360.636880
1742785360.663199
1742785360.704510
1742785360.734985
1742785360.772126
1742785360.795475
1742785360.836884
1742785360.870119
1742785360.904282
1742785360.931981
1742785360.971121
1742785361.002112
1742785361.036244
1742785361.061834
1742785361.105672
1742785361.135197
1742785361.167836
1742785361.200150
1742785361.237965
1742785361.268496
1742785361.303983
1742785361.333579
1742785361.369302
1742785361.404156
1742785361.437546
1742785361.466491
1742785361.502428
1742785361.534663
1742785361.570941
1742785361.597289
1742785361.637761
1742785361.667867
1742785361.703180
1742785361.731690
1742785361.772156
1742785361.801366
1742785361.836381
1742785361.865182
1742785361.904263
1742785361.934888
1742785361.972080
1742785361.996550
1742785362.035281
1742785362.071284
1742785362.101738
1742785362.132404
1742785362.171749
1742785362.201617
1742785362.238512
1742785362.262564
1742785362.302491
1742785362.334948
1742785362.370909
1742785362.400376
1742785362.437863
1742785362.471054
1742785362.503229
1742785362.533407
1742785362.570850
1742785362.603769
1742785362.636366
1742785362.666641
1742785362.703150
1742785362.738697
1742785362.770612
1742785362.800300
1742785362.839118
1742785362.868732
1742785362.901551
1742785362.933577
1742785362.971072
1742785363.000686
1742785363.039958
1742785363.063660
1742785363.102681
1742785363.135970
1742785363.169510
1742785363.200423
1742785363.239795
1742785363.267490
1742785363.304030
1742785363.334260
1742785363.371793
1742785363.404977
1742785363.438769
1742785363.464580
1742785363.504853
1742785363.532886
1742785363.573917
1742785363.596364
1742785363.638422
1742785363.669225
1742785363.701716
1742785363.734088
1742785363.773919
1742785363.800344
1742785363.838312
1742785363.863493
1742785363.902494
1742785363.939344
1742785363.969070
1742785364.000817
1742785364.038932
1742785364.069348
1742785364.104277
1742785364.133990
1742785364.171001
1742785364.206031
1742785364.235626
1742785364.267487
1742785364.305508
1742785364.337503
1742785364.371186
1742785364.397185
1742785364.437733
1742785364.470671
1742785364.503943
1742785364.530383
1742785364.570978
1742785364.605399
1742785364.637233
1742785364.667724
1742785364.703898
1742785364.738323
1742785364.773285
1742785364.798513
1742785364.838973
1742785364.868468
1742785364.902170
1742785364.937463
1742785364.970290
1742785365.005667
1742785365.037101
1742785365.068268
1742785365.103115
1742785365.137666
1742785365.172459
1742785365.204159
1742785365.230500
1742785365.272970
1742785365.305626
1742785365.340614
1742785365.369575
1742785365.403936
1742785365.435687
1742785365.471686
1742785365.503565
1742785365.534536
1742785365.575276
1742785365.597727
1742785365.639770
1742785365.663474
1742785365.699209
1742785365.734989
1742785365.769478
1742785365.800148
1742785365.837146
1742785365.872239
1742785365.904483
1742785365.931330
1742785365.972099
1742785366.005354
1742785366.039385
1742785366.067051
1742785366.106113
1742785366.136798
1742785366.173027
1742785366.201729
1742785366.240990
1742785366.270597
1742785366.306674
1742785366.334107
1742785366.372488
1742785366.407880
1742785366.438164
1742785366.467295
1742785366.503570
1742785366.536633
1742785366.571809
1742785366.600479
1742785366.640799
1742785366.670100
1742785366.705069
1742785366.735563
1742785366.772858
1742785366.806045
1742785366.838904
1742785366.869158
1742785366.909653
1742785366.934735
1742785366.975999
1742785366.998052
1742785367.039135
1742785367.074146
1742785367.104451
1742785367.137405
1742785367.172816
1742785367.205845
1742785367.241965
1742785367.267786
1742785367.308561
1742785367.335777
1742785367.373352
1742785367.400734
1742785367.440960
1742785367.470387
1742785367.505189
1742785367.536567
1742785367.569077
1742785367.608336
1742785367.632582
1742785367.674222
1742785367.701016
1742785367.741895
1742785367.769527
1742785367.804612
1742785367.838714
1742785367.874767
1742785367.904174
1742785367.937491
1742785367.971710
1742785368.008388
1742785368.037591
1742785368.069967
1742785368.106047
1742785368.138553
1742785368.175901
1742785368.198483
1742785368.241167
1742785368.272865
1742785368.307777
1742785368.331736
1742785368.374660
1742785368.404957
1742785368.443485
1742785368.465014
1742785368.510494
1742785368.535366
1742785368.576356
1742785368.598463
1742785368.641656
1742785368.672029
1742785368.710790
1742785368.731782
1742785368.777483
1742785368.801907
1742785368.843272
1742785368.865200
1742785368.909765
1742785368.935130
1742785368.972542
1742785369.002198
1742785369.043846
1742785369.068750
1742785369.110552
1742785369.132280
1742785369.176699
1742785369.202332
1742785369.244670
1742785369.265641
1742785369.308893
1742785369.336577
1742785369.376340
1742785369.399296
1742785369.442627
1742785369.469805
1742785369.510859
1742785369.532585
1742785369.575648
1742785369.603728
1742785369.643594
1742785369.665738
1742785369.708823
1742785369.736770
1742785369.775365
1742785369.799226
1742785369.843492
1742785369.869379
1742785369.910607
1742785369.932446
1742785369.979006
1742785370.002096
1742785370.042998
1742785370.065702
1742785370.112007
1742785370.135455
1742785370.177079
1742785370.199176
1742785370.242051
1742785370.270452
1742785370.311941
1742785370.332661
1742785370.375142
1742785370.407254
1742785370.441499
1742785370.466527
1742785370.509284
1742785370.536855
1742785370.578322
1742785370.599602
1742785370.643178
1742785370.668885
1742785370.710584
1742785370.733878
1742785370.773797
1742785370.808133
1742785370.838728
1742785370.872270
1742785370.907291
1742785370.943267
1742785370.970066
1742785371.007031
1742785371.037910
1742785371.076208
1742785371.103410
1742785371.143033
1742785371.169440
1742785371.207823
1742785371.244994
1742785371.267479
1742785371.309586
1742785371.336779
1742785371.376003
1742785371.403096
1742785371.445234
1742785371.469511
1742785371.511633
1742785371.534414
1742785371.576611
1742785371.603792
1742785371.645122
1742785371.666805
1742785371.711283
1742785371.736417
1742785371.774331
1742785371.802263
1742785371.844420
1742785371.870253
1742785371.909497
1742785371.935344
1742785371.974609
1742785372.006862
1742785372.043948
1742785372.067876
1742785372.107351
1742785372.143671
1742785372.171241
1742785372.208044
1742785372.240075
1742785372.277004
1742785372.304357
1742785372.340770
1742785372.373042
1742785372.412378
1742785372.436561
1742785372.471946
1742785372.504185
1742785372.542831
1742785372.570609
1742785372.604755
1742785372.643108
1742785372.670294
1742785372.711011
1742785372.734417
1742785372.779847
1742785372.802503
1742785372.844906
1742785372.867454
1742785372.914398
1742785372.936405
1742785372.975859
1742785373.002862
1742785373.041863
1742785373.078319
1742785373.104334
1742785373.142180
1742785373.170158
1742785373.209664
1742785373.237993
1742785373.275659
1742785373.303461
1742785373.347001
1742785373.369877
1742785373.411642
1742785373.436659
1742785373.479031
1742785373.503483
1742785373.543129
1742785373.567904
1742785373.609951
1742785373.641097
1742785373.680195
1742785373.703512
1742785373.745131
1742785373.768660
1742785373.815689
1742785373.836273
1742785373.874279
1742785373.905558
1742785373.944482
1742785373.970461
1742785374.009683
1742785374.036677
1742785374.077100
1742785374.109786
1742785374.136210
1742785374.180631
1742785374.203485
1742785374.246145
1742785374.268416
1742785374.314858
1742785374.336812
1742785374.378098
1742785374.401956
1742785374.447778
1742785374.469980
1742785374.508920
1742785374.535196
1742785374.582423
1742785374.602782
1742785374.647193
1742785374.668358
1742785374.714624
1742785374.736709
1742785374.781826
1742785374.801870
1742785374.847305
1742785374.870228
1742785374.914437
1742785374.935204
1742785374.982560
1742785375.003121
1742785375.045900
1742785375.068910
1742785375.111952
1742785375.137910
1742785375.182455
1742785375.202290
1742785375.249867
1742785375.269997
1742785375.316003
1742785375.335869
1742785375.381816
1742785375.403603
1742785375.449700
1742785375.469553
1742785375.514772
1742785375.536703
1742785375.582987
1742785375.602731
1742785375.644329
1742785375.677520
1742785375.708754
1742785375.737045
1742785375.778899
1742785375.804325
1742785375.851257
1742785375.869334
1742785375.915687
1742785375.936827
1742785375.980585
1742785376.002686
1742785376.049422
1742785376.070352
1742785376.116613
1742785376.136187
1742785376.183012
1742785376.203957
1742785376.248272
1742785376.269408
1742785376.315752
1742785376.337182
1742785376.380985
1742785376.402911
1742785376.449866
1742785376.470320
1742785376.512127
1742785376.536467
1742785376.579062
1742785376.604662
1742785376.645272
1742785376.669525
1742785376.714427
1742785376.737370
1742785376.783485
1742785376.802931
1742785376.848643
1742785376.870689
1742785376.917240
1742785376.936369
1742785376.981558
1742785377.004214
1742785377.046285
1742785377.069806
1742785377.117072
1742785377.136978
1742785377.180368
1742785377.203322
1742785377.249865
1742785377.270733
1742785377.318098
1742785377.336784
1742785377.383985
1742785377.403978
1742785377.449830
1742785377.470334
1742785377.517168
1742785377.536878
1742785377.583523
1742785377.603791
1742785377.649159
1742785377.670786
1742785377.716663
1742785377.736896
1742785377.782972
1742785377.804285
1742785377.850777
1742785377.870192
1742785377.916786
1742785377.937560
1742785377.983769
1742785378.003595
1742785378.046970
1742785378.071005
1742785378.114395
1742785378.137324
1742785378.182989
1742785378.204472
1742785378.250591
1742785378.270522
1742785378.317672
1742785378.337513
1742785378.384334
1742785378.403918
1742785378.447472
1742785378.474296
1742785378.517012
1742785378.537128
1742785378.584492
1742785378.603913
1742785378.651044
1742785378.670733
1742785378.717864
1742785378.737319
1742785378.783878
1742785378.803952
1742785378.849826
1742785378.871446
1742785378.917555
1742785378.937430
1742785378.984771
1742785379.004827
1742785379.049839
1742785379.070881
1742785379.114078
1742785379.141278
1742785379.183510
1742785379.204718
1742785379.248037
1742785379.271620
1742785379.317166
1742785379.338150
1742785379.381674
1742785379.404735
1742785379.446915
1742785379.471573
1742785379.515134
1742785379.541297
1742785379.583553
1742785379.605043
1742785379.649090
1742785379.672440
1742785379.717774
1742785379.738021
1742785379.780815
1742785379.805084
1742785379.850882
1742785379.871216
1742785379.917988
1742785379.938084
1742785379.982681
1742785380.005027
1742785380.050398
1742785380.071515
1742785380.117853
1742785380.138075
1742785380.184926
1742785380.205455
1742785380.251263
1742785380.271391
1742785380.315012
1742785380.339343
1742785380.384704
1742785380.404819
1742785380.451772
1742785380.471845
1742785380.514869
1742785380.538507
1742785380.581310
1742785380.607333
1742785380.649944
1742785380.671813
1742785380.715066
1742785380.738931
1742785380.781361
1742785380.805865
1742785380.849118
1742785380.876214
1742785380.915510
1742785380.939148
1742785380.985855
1742785381.005927
1742785381.049913
1742785381.072265
1742785381.115635
1742785381.144262
1742785381.182976
1742785381.206201
1742785381.248966
1742785381.277151
1742785381.318582
1742785381.338806
1742785381.384552
1742785381.406136
1742785381.452314
1742785381.472124
1742785381.519385
1742785381.539220
1742785381.584699
1742785381.605664
1742785381.648557
1742785381.673049
1742785381.719933
1742785381.739267
1742785381.782728
1742785381.810570
1742785381.852841
1742785381.881736
1742785381.905674
1742785381.949044
1742785381.978438
1742785382.018225
1742785382.040507
1742785382.086171
1742785382.106534
1742785382.149954
1742785382.178908
1742785382.214274
1742785382.240759
1742785382.283746
1742785382.310212
1742785382.349647
1742785382.373748
1742785382.419295
1742785382.441087
1742785382.484370
1742785382.507772
1742785382.553508
1742785382.575013
1742785382.617423
1742785382.641316
1742785382.685215
1742785382.707533
1742785382.750958
1742785382.774734
1742785382.819409
1742785382.841752
1742785382.883026
1742785382.908326
1742785382.953829
1742785382.974968
1742785383.017010
1742785383.041477
1742785383.082274
1742785383.113797
1742785383.142326
1742785383.184216
1742785383.212438
1742785383.250320
1742785383.275400
1742785383.318246
1742785383.342223
1742785383.385050
1742785383.408642
1742785383.450573
1742785383.478901
1742785383.518640
1742785383.541265
1742785383.585516
1742785383.608301
1742785383.650175
1742785383.674923
1742785383.720095
1742785383.742079
1742785383.785116
1742785383.806484
1742785383.853638
1742785383.875493
1742785383.917883
1742785383.939747
1742785383.983208
1742785384.011107
1742785384.053076
1742785384.073165
1742785384.120679
1742785384.142285
1742785384.186990
1742785384.206659
1742785384.253431
1742785384.275613
1742785384.319838
1742785384.339982
1742785384.386656
1742785384.409456
1742785384.451565
1742785384.473592
1742785384.521067
1742785384.543115
1742785384.585697
1742785384.606739
1742785384.653724
1742785384.676112
1742785384.719880
1742785384.740186
1742785384.786696
1742785384.809711
1742785384.852383
1742785384.873581
1742785384.916700
1742785384.946188
1742785384.985259
1742785385.007013
1742785385.052406
1742785385.076434
1742785385.119692
1742785385.140432
1742785385.185945
1742785385.209588
1742785385.252306
1742785385.273943
1742785385.317879
1742785385.347154
1742785385.384473
1742785385.410294
1742785385.450812
1742785385.479677
1742785385.517217
1742785385.542655
1742785385.587732
1742785385.609874
1742785385.652323
1742785385.673995
1742785385.715880
1742785385.748108
1742785385.783656
1742785385.807278
1742785385.850572
1742785385.879204
1742785385.919969
1742785385.940796
1742785385.984219
1742785386.012998
1742785386.052506
1742785386.074034
1742785386.118919
1742785386.144739
1742785386.185829
1742785386.207536
1742785386.250436
1742785386.277357
1742785386.319284
1742785386.340987
1742785386.387565
1742785386.410923
1742785386.454947
1742785386.474418
1742785386.521701
1742785386.543907
1742785386.588518
1742785386.607833
1742785386.654783
1742785386.676565
1742785386.720304
1742785386.741122
1742785386.784930
1742785386.812560
1742785386.853645
1742785386.874665
1742785386.918337
1742785386.948025
1742785386.985224
1742785387.008030
1742785387.054835
1742785387.077813
1742785387.120301
1742785387.141577
1742785387.184766
1742785387.211475
1742785387.253623
1742785387.275132
1742785387.322069
1742785387.345877
1742785387.387939
1742785387.408267
1742785387.454155
1742785387.477564
1742785387.519451
1742785387.542021
1742785387.586032
1742785387.615308
1742785387.651524
1742785387.676255
1742785387.718932
1742785387.745584
1742785387.787913
1742785387.808526
1742785387.856012
1742785387.877996
1742785387.920082
1742785387.941794
1742785387.985876
1742785388.008745
1742785388.055826
1742785388.075316
1742785388.120512
1742785388.145789
1742785388.187175
1742785388.208514
1742785388.255518
1742785388.278709
1742785388.320506
1742785388.342009
1742785388.389124
1742785388.412356
1742785388.453466
1742785388.475348
1742785388.522187
1742785388.545731
1742785388.576301
1742785388.620913
1742785388.646187
1742785388.688272
1742785388.708848
1742785388.753718
1742785388.779257
1742785388.820523
1742785388.842235
1742785388.885114
1742785388.915773
1742785388.953262
1742785388.975528
1742785389.022234
1742785389.046599
1742785389.087809
1742785389.109262
1742785389.153592
1742785389.181513
1742785389.220011
1742785389.242333
1742785389.289012
1742785389.313795
1742785389.354312
1742785389.375750
1742785389.421589
1742785389.447251
1742785389.487643
1742785389.509513
1742785389.555533
1742785389.580390
1742785389.620849
1742785389.644151
1742785389.685640
1742785389.715565
1742785389.751915
1742785389.777706
1742785389.819838
1742785389.848809
1742785389.882890
1742785389.910624
1742785389.955013
1742785389.980189
1742785390.019949
1742785390.042889
1742785390.080378
1742785390.112796
1742785390.148575
1742785390.187515
1742785390.213107
1742785390.242706
1742785390.288102
1742785390.313869
1742785390.352783
1742785390.383324
1742785390.413975
1742785390.450379
1742785390.485876
1742785390.516250
1742785390.545445
1742785390.586753
1742785390.616217
1742785390.654359
1742785390.676496
1742785390.722218
1742785390.747810
1742785390.788441
1742785390.810013
1742785390.856001
1742785390.880905
1742785390.921122
1742785390.943403
1742785390.988934
1742785391.014341
1742785391.055108
1742785391.076793
1742785391.122784
1742785391.147910
1742785391.186403
1742785391.211555
1742785391.255659
1742785391.281128
1742785391.321472
1742785391.343735
1742785391.390083
1742785391.414396
1742785391.455709
1742785391.477149
1742785391.524209
1742785391.547738
1742785391.587207
1742785391.611906
1742785391.653467
1742785391.684703
1742785391.719971
1742785391.748484
1742785391.783915
1742785391.820346
1742785391.847186
1742785391.883137
1742785391.917926
1742785391.952755
1742785391.983996
1742785392.010765
1742785392.053270
1742785392.083333
1742785392.120829
1742785392.143929
1742785392.187967
1742785392.215378
1742785392.255978
1742785392.277274
1742785392.323357
1742785392.347354
1742785392.386944
1742785392.410598
1742785392.453953
1742785392.483763
1742785392.517491
1742785392.544166
1742785392.587027
1742785392.616546
1742785392.653342
1742785392.677424
1742785392.721417
1742785392.748775
1742785392.789222
1742785392.810871
1742785392.854267
1742785392.883732
1742785392.919223
1742785392.944268
1742785392.987630
1742785393.015959
1742785393.055724
1742785393.077771
1742785393.121143
1742785393.151170
1742785393.187112
1742785393.211234
1742785393.253858
1742785393.285889
1742785393.318116
1742785393.347248
1742785393.385317
1742785393.420984
1742785393.451446
1742785393.481618
1742785393.520997
1742785393.551583
1742785393.588947
1742785393.611568
1742785393.655300
1742785393.685215
1742785393.717620
1742785393.749418
1742785393.788571
1742785393.817062
1742785393.856514
1742785393.878407
1742785393.920854
1742785393.951911
1742785393.983783
1742785394.015824
1742785394.055296
1742785394.083382
1742785394.122758
1742785394.145040
1742785394.189773
1742785394.216240
1742785394.257012
1742785394.278456
1742785394.320725
1742785394.351850
1742785394.385960
1742785394.414822
1742785394.453662
1742785394.482982
1742785394.523643
1742785394.545202
1742785394.587242
1742785394.619319
1742785394.652730
1742785394.678374
1742785394.723591
1742785394.749351
1742785394.789436
1742785394.812178
1742785394.854204
1742785394.883478
1742785394.924070
1742785394.945392
1742785394.987279
1742785395.016709
1742785395.056689
1742785395.078852
1742785395.122777
1742785395.150006
1742785395.189543
1742785395.212295
1742785395.257307
1742785395.281272
1742785395.322221
1742785395.345655
1742785395.388150
1742785395.417317
1742785395.456445
1742785395.480043
1742785395.522754
1742785395.552543
1742785395.588425
1742785395.614289
1742785395.654851
1742785395.687393
1742785395.721848
1742785395.749821
1742785395.783065
1742785395.822799
1742785395.852740
1742785395.882549
1742785395.923374
1742785395.950052
1742785395.990214
1742785396.012467
1742785396.054718
1742785396.083820
1742785396.121219
1742785396.146133
1742785396.184857
1742785396.221372
1742785396.255050
1742785396.279834
1742785396.320765
1742785396.354589
1742785396.388257
1742785396.414041
1742785396.456310
1742785396.484552
1742785396.523481
1742785396.546165
1742785396.588134
1742785396.620127
1742785396.655559
1742785396.679465
1742785396.721567
1742785396.754609
1742785396.784316
1742785396.815654
1742785396.856804
1742785396.884069
1742785396.921150
1742785396.946470
1742785396.985451
1742785397.018160
1742785397.055835
1742785397.080067
1742785397.119594
1742785397.154733
1742785397.189041
1742785397.213644
1742785397.255291
1742785397.284796
1742785397.324450
1742785397.346929
1742785397.390507
1742785397.417546
1742785397.456692
1742785397.483589
1742785397.523755
1742785397.553438
1742785397.588776
1742785397.617846
1742785397.655125
1742785397.689726
1742785397.720418
1742785397.751880
1742785397.790147
1742785397.819189
1742785397.854054
1742785397.883347
1742785397.920080
1742785397.955921
1742785397.981437
1742785398.018466
1742785398.051717
1742785398.083922
1742785398.122816
1742785398.147542
1742785398.189210
1742785398.218701
1742785398.253307
1742785398.283640
1742785398.324703
1742785398.352650
1742785398.387712
1742785398.416496
1742785398.458070
1742785398.485381
1742785398.520298
1742785398.556472
1742785398.580589
1742785398.621089
1742785398.656447
1742785398.688807
1742785398.720083
1742785398.751609
1742785398.791304
1742785398.816221
1742785398.854283
1742785398.881153
1742785398.922540
1742785398.955357
1742785398.987314
1742785399.018219
1742785399.054246
1742785399.089930
1742785399.123829
1742785399.148094
1742785399.189744
1742785399.220436
1742785399.256435
1742785399.284659
1742785399.322193
1742785399.357113
1742785399.389620
1742785399.418347
1742785399.456415
1742785399.485588
1742785399.522511
1742785399.551836
1742785399.592556
1742785399.618245
1742785399.657885
1742785399.685280
1742785399.722934
1742785399.753681
1742785399.788921
1742785399.816438
1742785399.856572
1742785399.887498
1742785399.923689
1742785399.948128
1742785399.989702
1742785400.018958
1742785400.057237
1742785400.081116
1742785400.121415
1742785400.156877
1742785400.187748
1742785400.216624
1742785400.258600
1742785400.287791
1742785400.323677
1742785400.348208
1742785400.388040
1742785400.424263
1742785400.450931
1742785400.488075
1742785400.521651
1742785400.557426
1742785400.588403
1742785400.617726
1742785400.657748
1742785400.687370
1742785400.724931
1742785400.748110
1742785400.793654
1742785400.818353
1742785400.855449
1742785400.882747
1742785400.925113
1742785400.953916
1742785400.990861
1742785401.015239
1742785401.055961
1742785401.092405
1742785401.114967
1742785401.158184
1742785401.188151
1742785401.225049
1742785401.248521
1742785401.291605
1742785401.321861
1742785401.355116
1742785401.386580
1742785401.422538
1742785401.455077
1742785401.493926
1742785401.516264
1742785401.561168
1742785401.585462
1742785401.627406
1742785401.649766
1742785401.691486
1742785401.720142
1742785401.760062
1742785401.785129
1742785401.826925
1742785401.850243
1742785401.889278
1742785401.924210
1742785401.952203
1742785401.991466
1742785402.020125
1742785402.052572
1742785402.093298
1742785402.118564
1742785402.161538
1742785402.182275
1742785402.227296
1742785402.252254
1742785402.293296
1742785402.315535
1742785402.361910
1742785402.384930
1742785402.422702
1742785402.448970
1742785402.494803
1742785402.518662
1742785402.559805
1742785402.582263
1742785402.624888
1742785402.653079
1742785402.694726
1742785402.715842
1742785402.762127
1742785402.785372
1742785402.829309
1742785402.849206
1742785402.893237
1742785402.919012
1742785402.956653
1742785402.983692
1742785403.022233
1742785403.062565
1742785403.085794
1742785403.120356
1742785403.159137
1742785403.186307
1742785403.224796
1742785403.250147
1742785403.292616
1742785403.319836
1742785403.360252
1742785403.382904
1742785403.429620
1742785403.452616
1742785403.490427
1742785403.520614
1742785403.560264
1742785403.586664
1742785403.627846
1742785403.650814
1742785403.695435
1742785403.719052
1742785403.757561
1742785403.789715
1742785403.822267
1742785403.861837
1742785403.886049
1742785403.921062
1742785403.959908
1742785403.986534
1742785404.028277
1742785404.050051
1742785404.093971
1742785404.119401
1742785404.158192
1742785404.183079
1742785404.229570
1742785404.252490
1742785404.291339
1742785404.316509
1742785404.363496
1742785404.385261
1742785404.423327
1742785404.450775
1742785404.495825
1742785404.519392
1742785404.563344
1742785404.583447
1742785404.626844
1742785404.652876
1742785404.691619
1742785404.716749
1742785404.763768
1742785404.785736
1742785404.828706
1742785404.850209
1742785404.890867
1742785404.925256
1742785404.954752
1742785404.987949
1742785405.028655
1742785405.052289
1742785405.095338
1742785405.117058
1742785405.163623
1742785405.186026
1742785405.229168
1742785405.250668
1742785405.296898
1742785405.319320
1742785405.363180
1742785405.384025
1742785405.430889
1742785405.451921
1742785405.494887
1742785405.517925
1742785405.564082
1742785405.586101
1742785405.624892
1742785405.652725
1742785405.695520
1742785405.719450
1742785405.758895
1742785405.786476
1742785405.829587
1742785405.852672
1742785405.896927
1742785405.917812
1742785405.965049
1742785405.986356
1742785406.024557
1742785406.052872
1742785406.094949
1742785406.119626
1742785406.163746
1742785406.184487
1742785406.231147
1742785406.252312
1742785406.298767
1742785406.317862
1742785406.364457
1742785406.386279
1742785406.431270
1742785406.451385
1742785406.497810
1742785406.519765
1742785406.562906
1742785406.584645
1742785406.630863
1742785406.652511
1742785406.698493
1742785406.718111
1742785406.765173
1742785406.786534
1742785406.828888
1742785406.862196
1742785406.887600
1742785406.917910
1742785406.965069
1742785406.986765
1742785407.031818
1742785407.053188
1742785407.095381
1742785407.119916
1742785407.166106
1742785407.186434
1742785407.224330
1742785407.259869
1742785407.287138
1742785407.328995
1742785407.351920
1742785407.398930
1742785407.419916
1742785407.463492
1742785407.485440
1742785407.532502
1742785407.552920
1742785407.598321
1742785407.618959
1742785407.661995
1742785407.687309
1742785407.728552
1742785407.753021
1742785407.798978
1742785407.820083
1742785407.863767
1742785407.885948
1742785407.925031
1742785407.960682
1742785407.988306
1742785408.026216
1742785408.053688
1742785408.099933
1742785408.120142
1742785408.160225
1742785408.186973
1742785408.232595
1742785408.253715
1742785408.298348
1742785408.319184
1742785408.365980
1742785408.386930
1742785408.432500
1742785408.452697
1742785408.500166
1742785408.519914
1742785408.561643
1742785408.586249
1742785408.632243
1742785408.653383
1742785408.690028
1742785408.727806
1742785408.754176
1742785408.800609
1742785408.818922
1742785408.863446
1742785408.886830
1742785408.931993
1742785408.952500
1742785408.998865
1742785409.019509
1742785409.065356
1742785409.085864
1742785409.130615
1742785409.153753
1742785409.200225
1742785409.219148
1742785409.260217
1742785409.287371
1742785409.334413
1742785409.352531
1742785409.394982
1742785409.420354
1742785409.465767
1742785409.485944
1742785409.526818
1742785409.554764
1742785409.594999
1742785409.619243
1742785409.663444
1742785409.686759
1742785409.731067
1742785409.752673
1742785409.795566
1742785409.820760
1742785409.859983
1742785409.886062
1742785409.925618
1742785409.959626
1742785409.987571
1742785410.019371
1742785410.063888
1742785410.087204
1742785410.131430
1742785410.152857
1742785410.195394
1742785410.221048
1742785410.267079
1742785410.286336
1742785410.327810
1742785410.353902
1742785410.401059
1742785410.419629
1742785410.461763
1742785410.487359
1742785410.532593
1742785410.553082
1742785410.595245
1742785410.620851
1742785410.665890
1742785410.686425
1742785410.728482
1742785410.754402
1742785410.797915
1742785410.819886
1742785410.859324
1742785410.893470
1742785410.926910
1742785410.953331
1742785410.996372
1742785411.020965
1742785411.063479
1742785411.086691
1742785411.129599
1742785411.154268
1742785411.190690
1742785411.226832
1742785411.262711
1742785411.287631
1742785411.324129
1742785411.357938
1742785411.399481
1742785411.420811
1742785411.457057
1742785411.491036
1742785411.532871
1742785411.554203
1742785411.591399
1742785411.627575
1742785411.658253
1742785411.696900
1742785411.720314
1742785411.767441
1742785411.787545
1742785411.830458
1742785411.853986
1742785411.898207
1742785411.920814
1742785411.967892
1742785411.987323
1742785412.033511
1742785412.054342
1742785412.100575
1742785412.120584
1742785412.163923
1742785412.187519
1742785412.234664
1742785412.254063
1742785412.291773
1742785412.333502
1742785412.354368
1742785412.387909
1742785412.433341
1742785412.454444
1742785412.501311
1742785412.520821
1742785412.566977
1742785412.587885
1742785412.632427
1742785412.654283
1742785412.699485
1742785412.721615
1742785412.757448
1742785412.798124
1742785412.821664
1742785412.867662
1742785412.887807
1742785412.934359
1742785412.954854
1742785413.001599
1742785413.021298
1742785413.061912
1742785413.088762
1742785413.134689
1742785413.154510
1742785413.198663
1742785413.221600
1742785413.266269
1742785413.287962
1742785413.333931
1742785413.354954
1742785413.401986
1742785413.421346
1742785413.464455
1742785413.488520
1742785413.530748
1742785413.554635
1742785413.601682
1742785413.622109
1742785413.668283
1742785413.688108
1742785413.731313
1742785413.754749
1742785413.801320
1742785413.822071
1742785413.864159
1742785413.888226
1742785413.934763
1742785413.955487
1742785414.002378
1742785414.021788
1742785414.068506
1742785414.089383
1742785414.132442
1742785414.155182
1742785414.201079
1742785414.222831
1742785414.269775
1742785414.288647
1742785414.332708
1742785414.356624
1742785414.400772
1742785414.422068
1742785414.465701
1742785414.489081
1742785414.535080
1742785414.555550
1742785414.599291
1742785414.623867
1742785414.668927
1742785414.688805
1742785414.735465
1742785414.756297
1742785414.803304
1742785414.822200
1742785414.867084
1742785414.889720
1742785414.933108
1742785414.955681
1742785414.997770
1742785415.023430
1742785415.069636
1742785415.088828
1742785415.130120
1742785415.162501
1742785415.198041
1742785415.230575
1742785415.255583
1742785415.298497
1742785415.323358
1742785415.366843
1742785415.390505
1742785415.422533
1742785415.462844
1742785415.495758
1742785415.531351
1742785415.555707
1742785415.596839
1742785415.626346
1742785415.665384
1742785415.689202
1742785415.730271
1742785415.761930
1742785415.798721
1742785415.822626
1742785415.860903
1742785415.896861
1742785415.927460
1742785415.955945
1742785415.997343
