1742985900.780498
1742985900.879415
1742985900.913273
1742985900.947717
1742985900.981585
1742985901.013566
1742985901.046288
1742985901.080001
1742985901.113146
1742985901.146542
1742985901.185488
1742985901.212679
1742985901.247613
1742985901.280076
1742985901.318748
1742985901.347674
1742985901.394289
1742985901.421071
1742985901.451214
1742985901.487808
1742985901.522899
1742985901.553703
1742985901.594845
1742985901.623810
1742985901.662114
1742985901.694695
1742985901.729993
1742985901.759991
1742985901.795827
1742985901.827213
1742985901.862515
1742985901.895079
1742985901.928434
1742985901.962598
1742985901.993716
1742985902.028802
1742985902.061669
1742985902.095036
1742985902.127426
1742985902.162414
1742985902.196036
1742985902.227201
1742985902.249617
1742985902.280949
1742985902.323369
1742985902.359328
1742985902.380926
1742985902.413962
1742985902.457239
1742985902.483025
1742985902.524914
1742985902.547210
1742985902.586662
1742985902.617321
1742985902.658645
1742985902.680531
1742985902.722189
1742985902.749615
1742985902.791412
1742985902.813975
1742985902.855093
1742985902.885831
1742985902.926478
1742985902.947447
1742985902.987909
1742985903.019204
1742985903.059842
1742985903.080758
1742985903.121253
1742985903.153056
1742985903.183198
1742985903.214019
1742985903.252439
1742985903.286334
1742985903.314267
1742985903.348098
1742985903.389805
1742985903.416331
1742985903.447574
1742985903.482914
1742985903.524952
1742985903.549841
1742985903.581161
1742985903.621810
1742985903.649562
1742985903.681249
1742985903.714303
1742985903.748575
1742985903.788163
1742985903.816618
1742985903.847668
1742985903.885081
1742985903.917359
1742985903.947768
1742985903.982764
1742985904.023409
1742985904.050210
1742985904.081196
1742985904.119058
1742985904.154710
1742985904.187943
1742985904.214454
1742985904.254019
1742985904.288994
1742985904.317863
1742985904.348005
1742985904.389554
1742985904.418019
1742985904.448100
1742985904.484073
1742985904.522441
1742985904.554448
1742985904.581484
1742985904.626157
1742985904.650845
1742985904.692646
1742985904.714721
1742985904.758131
1742985904.783678
1742985904.823029
1742985904.848142
1742985904.893763
1742985904.917475
1742985904.956224
1742985904.981642
1742985905.025710
1742985905.051992
1742985905.093864
1742985905.114988
1742985905.158423
1742985905.182799
1742985905.224960
1742985905.248391
1742985905.291476
1742985905.319431
1742985905.361579
1742985905.382058
1742985905.428746
1742985905.451459
1742985905.495642
1742985905.515404
1742985905.560730
1742985905.584417
1742985905.627983
1742985905.648806
1742985905.693014
1742985905.715292
1742985905.754122
1742985905.782480
1742985905.825767
1742985905.853745
1742985905.892674
1742985905.915759
1742985905.959596
1742985905.985933
1742985906.027865
1742985906.049110
1742985906.092823
1742985906.120139
1742985906.161946
1742985906.182617
1742985906.229779
1742985906.253641
1742985906.295649
1742985906.316024
1742985906.352863
1742985906.394061
1742985906.421614
1742985906.455389
1742985906.490919
1742985906.524725
1742985906.557306
1742985906.585179
1742985906.626799
1742985906.655619
1742985906.694432
1742985906.716161
1742985906.760334
1742985906.786916
1742985906.828809
1742985906.849673
1742985906.896241
1742985906.919927
1742985906.961524
1742985906.982840
1742985907.026467
1742985907.054759
1742985907.095331
1742985907.116390
1742985907.162512
1742985907.187542
1742985907.225501
1742985907.250049
1742985907.296368
1742985907.319631
1742985907.360877
1742985907.383225
1742985907.430482
1742985907.453650
1742985907.495457
1742985907.516819
1742985907.562006
1742985907.587375
1742985907.629091
1742985907.650167
1742985907.697189
1742985907.720266
1742985907.762173
1742985907.783502
1742985907.829254
1742985907.854909
1742985907.893258
1742985907.917716
1742985907.962691
1742985907.988102
1742985908.025217
1742985908.052497
1742985908.092253
1742985908.121927
1742985908.160453
1742985908.183975
1742985908.227023
1742985908.256328
1742985908.293304
1742985908.317029
1742985908.361458
1742985908.388414
1742985908.429381
1742985908.450256
1742985908.493934
1742985908.523193
1742985908.560120
1742985908.584069
1742985908.629801
1742985908.654610
1742985908.693733
1742985908.717627
1742985908.763605
1742985908.787730
1742985908.825972
1742985908.852807
1742985908.894843
1742985908.922944
1742985908.962960
1742985908.984076
1742985909.030100
1742985909.055813
1742985909.097154
1742985909.117476
1742985909.161565
1742985909.190739
1742985909.227144
1742985909.252797
1742985909.293572
1742985909.324268
1742985909.360084
1742985909.389181
1742985909.427800
1742985909.457408
1742985909.493375
1742985909.519551
1742985909.561381
1742985909.590778
1742985909.626593
1742985909.651979
1742985909.696401
1742985909.722319
1742985909.762111
1742985909.784492
1742985909.830433
1742985909.855736
1742985909.896528
1742985909.917757
1742985909.964078
1742985909.989146
1742985910.029600
1742985910.051096
1742985910.097333
1742985910.122576
1742985910.162854
1742985910.184627
1742985910.227899
1742985910.256056
1742985910.296329
1742985910.317867
1742985910.364222
1742985910.389271
1742985910.429441
1742985910.451452
1742985910.493028
1742985910.526699
1742985910.558032
1742985910.589191
1742985910.626825
1742985910.657791
1742985910.694977
1742985910.718097
1742985910.764773
1742985910.788644
1742985910.826941
1742985910.859403
1742985910.890050
1742985910.927182
1742985910.958168
1742985910.994053
1742985911.022247
1742985911.061448
1742985911.091540
1742985911.127913
1742985911.156810
1742985911.194282
1742985911.224532
1742985911.262278
1742985911.287699
1742985911.326027
1742985911.361075
1742985911.395255
1742985911.421435
1742985911.462016
1742985911.491466
1742985911.527860
1742985911.556584
1742985911.594994
1742985911.626045
1742985911.660059
1742985911.689885
1742985911.728170
1742985911.759858
1742985911.795424
1742985911.823809
1742985911.860316
1742985911.895476
1742985911.924833
1742985911.957034
1742985911.995571
1742985912.023183
1742985912.063835
1742985912.085749
1742985912.128453
1742985912.157810
1742985912.196558
1742985912.220730
1742985912.262886
1742985912.291259
1742985912.330208
1742985912.353734
1742985912.392225
1742985912.428211
1742985912.462247
1742985912.490719
1742985912.527080
1742985912.559447
1742985912.595605
1742985912.623131
1742985912.663341
1742985912.690112
1742985912.731207
1742985912.754203
1742985912.793031
1742985912.824414
1742985912.863568
1742985912.886242
1742985912.928182
1742985912.960639
1742985912.992599
1742985913.022704
1742985913.063467
1742985913.090531
1742985913.128334
1742985913.153678
1742985913.196064
1742985913.224895
1742985913.263534
1742985913.286272
1742985913.328586
1742985913.359376
1742985913.395158
1742985913.423334
1742985913.463998
1742985913.492197
1742985913.528096
1742985913.557061
1742985913.593843
1742985913.628799
1742985913.657980
1742985913.690550
1742985913.727844
1742985913.762069
1742985913.794550
1742985913.822141
1742985913.862577
1742985913.893438
1742985913.929523
1742985913.954143
1742985913.993576
1742985914.025855
1742985914.061829
1742985914.089042
1742985914.130016
1742985914.158878
1742985914.194814
1742985914.224890
1742985914.262636
1742985914.294036
1742985914.329408
1742985914.356199
1742985914.396258
1742985914.424594
1742985914.462444
1742985914.491546
1742985914.528079
1742985914.561488
1742985914.596006
1742985914.622061
1742985914.660047
1742985914.694429
1742985914.729166
1742985914.758784
1742985914.794908
1742985914.828390
1742985914.863694
1742985914.887479
1742985914.929624
1742985914.958838
1742985914.996526
1742985915.020280
1742985915.064295
1742985915.092398
1742985915.129691
1742985915.153696
1742985915.198568
1742985915.224885
1742985915.264796
1742985915.287374
1742985915.327820
1742985915.361726
1742985915.397441
1742985915.422955
1742985915.463435
1742985915.492432
1742985915.531376
1742985915.554414
1742985915.595313
1742985915.630398
1742985915.659790
1742985915.691711
1742985915.730045
1742985915.760922
1742985915.794611
1742985915.824541
1742985915.862348
1742985915.896114
1742985915.927289
1742985915.957997
1742985915.997559
1742985916.024359
1742985916.064917
1742985916.087467
1742985916.129781
1742985916.158719
1742985916.196354
1742985916.224474
1742985916.261462
1742985916.295105
1742985916.329846
1742985916.357139
1742985916.398040
1742985916.425743
1742985916.461081
1742985916.492475
1742985916.531897
1742985916.558038
1742985916.598519
1742985916.623981
1742985916.660887
1742985916.696054
1742985916.731390
1742985916.758577
1742985916.796507
1742985916.828842
1742985916.863282
1742985916.891558
1742985916.931978
1742985916.960742
1742985916.996877
1742985917.023964
1742985917.064045
1742985917.094831
1742985917.129645
1742985917.159351
1742985917.198994
1742985917.227833
1742985917.262986
1742985917.291891
1742985917.329893
1742985917.360432
1742985917.396657
1742985917.425978
1742985917.465257
1742985917.493793
1742985917.527673
1742985917.559728
1742985917.594846
1742985917.630764
1742985917.659902
1742985917.693719
1742985917.730382
1742985917.759277
1742985917.799521
1742985917.821765
1742985917.862770
1742985917.896264
1742985917.930029
1742985917.959069
1742985918.000536
1742985918.025591
1742985918.065365
1742985918.090851
1742985918.131212
1742985918.161353
1742985918.196396
1742985918.226513
1742985918.266049
1742985918.294722
1742985918.329930
1742985918.360924
1742985918.396460
1742985918.431160
1742985918.461499
1742985918.494756
1742985918.529055
1742985918.564317
1742985918.595002
1742985918.628927
1742985918.662459
1742985918.697446
1742985918.728906
1742985918.759170
1742985918.796581
1742985918.830828
1742985918.863413
1742985918.891039
1742985918.931717
1742985918.961454
1742985918.996921
1742985919.029384
1742985919.055523
1742985919.097330
1742985919.130325
1742985919.163853
1742985919.199204
1742985919.226483
1742985919.264958
1742985919.293526
1742985919.332879
1742985919.358855
1742985919.400111
1742985919.426124
1742985919.467213
1742985919.490144
1742985919.531658
1742985919.562969
1742985919.598588
1742985919.626319
1742985919.665428
1742985919.695424
1742985919.732225
1742985919.759253
1742985919.800849
1742985919.825933
1742985919.867041
1742985919.889459
1742985919.931831
1742985919.961886
1742985920.000064
1742985920.023931
1742985920.064706
1742985920.094497
1742985920.131397
1742985920.160255
1742985920.200592
1742985920.226072
1742985920.266885
1742985920.292450
1742985920.332683
1742985920.362290
1742985920.401137
1742985920.425690
1742985920.466766
1742985920.493757
1742985920.535160
1742985920.557009
1742985920.599367
1742985920.626767
1742985920.666338
1742985920.690110
1742985920.735541
1742985920.759468
1742985920.802473
1742985920.822954
1742985920.868796
1742985920.890040
1742985920.928447
1742985920.956908
1742985920.994341
1742985921.033844
1742985921.059509
1742985921.094761
1742985921.133109
1742985921.161641
1742985921.199214
1742985921.224569
1742985921.267518
1742985921.293887
1742985921.335170
1742985921.357357
1742985921.396723
1742985921.432715
1742985921.462643
1742985921.496048
1742985921.530777
1742985921.564804
1742985921.600792
1742985921.624300
1742985921.663156
1742985921.696492
1742985921.732872
1742985921.757683
1742985921.796387
1742985921.832966
1742985921.863240
1742985921.894486
1742985921.935115
1742985921.960126
1742985922.002098
1742985922.023637
1742985922.067048
1742985922.093541
1742985922.134742
1742985922.157263
1742985922.203177
1742985922.226334
1742985922.265165
1742985922.293548
1742985922.334972
1742985922.360210
1742985922.398699
1742985922.428151
1742985922.468764
1742985922.493984
1742985922.532270
1742985922.562254
1742985922.600983
1742985922.627678
1742985922.667403
1742985922.693073
1742985922.736314
1742985922.760148
1742985922.803361
1742985922.824116
1742985922.868221
1742985922.894202
1742985922.932425
1742985922.958961
1742985923.002357
1742985923.026955
1742985923.069454
1742985923.091358
1742985923.138161
1742985923.160009
1742985923.200807
1742985923.226898
1742985923.268191
1742985923.292884
1742985923.329508
1742985923.360832
1742985923.395689
1742985923.427976
1742985923.462119
1742985923.491780
1742985923.528435
1742985923.564209
1742985923.595504
1742985923.629316
1742985923.664430
1742985923.701639
1742985923.728090
1742985923.763291
1742985923.799424
1742985923.834989
1742985923.861324
1742985923.899326
1742985923.929623
1742985923.970880
1742985923.993755
1742985924.034573
1742985924.060370
1742985924.097945
1742985924.135665
1742985924.158324
1742985924.203576
1742985924.227275
1742985924.269533
1742985924.291619
1742985924.338510
1742985924.360390
1742985924.402529
1742985924.425686
1742985924.472246
1742985924.493479
1742985924.531871
1742985924.565016
1742985924.598678
1742985924.630863
1742985924.671322
1742985924.691944
1742985924.738381
1742985924.760296
1742985924.803123
1742985924.825204
1742985924.870142
1742985924.894011
1742985924.936362
1742985924.958742
1742985925.005913
1742985925.027057
1742985925.066531
1742985925.092751
1742985925.139147
1742985925.160437
1742985925.200157
1742985925.225934
1742985925.272040
1742985925.293723
1742985925.338576
1742985925.358796
1742985925.405970
1742985925.426990
1742985925.473191
1742985925.492266
1742985925.538710
1742985925.560308
1742985925.603786
1742985925.625758
1742985925.671689
1742985925.694047
1742985925.734046
1742985925.760526
1742985925.802630
1742985925.827449
1742985925.872448
1742985925.892350
1742985925.938945
1742985925.960457
1742985926.005184
1742985926.025750
1742985926.072953
1742985926.093943
1742985926.135957
1742985926.159267
1742985926.206646
1742985926.226941
1742985926.270304
1742985926.292800
1742985926.339920
1742985926.359589
1742985926.407064
1742985926.426429
1742985926.473233
1742985926.494081
1742985926.540344
1742985926.559998
1742985926.606787
1742985926.627341
1742985926.673303
1742985926.693318
1742985926.740561
1742985926.760421
1742985926.806230
1742985926.826478
1742985926.871746
1742985926.894202
1742985926.940397
1742985926.959858
1742985927.007158
1742985927.027109
1742985927.073454
1742985927.093002
1742985927.139755
1742985927.160509
1742985927.205132
1742985927.226709
1742985927.273505
1742985927.294356
1742985927.340711
1742985927.365491
1742985927.393056
1742985927.439487
1742985927.461358
1742985927.505314
1742985927.528159
1742985927.568224
1742985927.594574
1742985927.641276
1742985927.660461
1742985927.701614
1742985927.728182
1742985927.774720
1742985927.793847
1742985927.831389
1742985927.869506
1742985927.894769
1742985927.941208
1742985927.960179
1742985928.007224
1742985928.027459
1742985928.074128
1742985928.093641
1742985928.140937
1742985928.160586
1742985928.207426
1742985928.226852
1742985928.270187
1742985928.295996
1742985928.337630
1742985928.360508
1742985928.405673
1742985928.428061
1742985928.471440
1742985928.493948
1742985928.527499
1742985928.560252
1742985928.593416
1742985928.638257
1742985928.660541
1742985928.705801
1742985928.728268
1742985928.764561
1742985928.795862
1742985928.828150
1742985928.871442
1742985928.893986
1742985928.937389
1742985928.963371
1742985929.005645
1742985929.027280
1742985929.074808
1742985929.094321
1742985929.141161
1742985929.160771
1742985929.206633
1742985929.228271
1742985929.274692
1742985929.294177
1742985929.340914
1742985929.361529
1742985929.405296
1742985929.427823
1742985929.474685
1742985929.494679
1742985929.539960
1742985929.561119
1742985929.608031
1742985929.628087
1742985929.674603
1742985929.694304
1742985929.741524
1742985929.761449
1742985929.807016
1742985929.827686
1742985929.874319
1742985929.894724
1742985929.940998
1742985929.961111
1742985930.004586
1742985930.028772
1742985930.074494
1742985930.094457
1742985930.141592
1742985930.161411
1742985930.204698
1742985930.228141
1742985930.275154
1742985930.294722
1742985930.341077
1742985930.361424
1742985930.405339
1742985930.428696
1742985930.473578
1742985930.494889
1742985930.542122
1742985930.561671
1742985930.608845
1742985930.628107
1742985930.671769
1742985930.695263
1742985930.741661
1742985930.761680
1742985930.808881
1742985930.828364
1742985930.872357
1742985930.895025
1742985930.937428
1742985930.964263
1742985931.006613
1742985931.028225
1742985931.071968
1742985931.095623
1742985931.141967
1742985931.161765
1742985931.208891
1742985931.228839
1742985931.271790
1742985931.295549
1742985931.341688
1742985931.362146
1742985931.405900
1742985931.428896
1742985931.473173
1742985931.495800
1742985931.539081
1742985931.562103
1742985931.609152
1742985931.628927
1742985931.676090
1742985931.695297
1742985931.742614
1742985931.762379
1742985931.809078
1742985931.828666
1742985931.875190
1742985931.896131
1742985931.940504
1742985931.962214
1742985932.005884
1742985932.031312
1742985932.076176
1742985932.095449
1742985932.141061
1742985932.163043
1742985932.207638
1742985932.229240
1742985932.275913
1742985932.296371
1742985932.343937
1742985932.362612
1742985932.409431
1742985932.430004
1742985932.476037
1742985932.496333
1742985932.539216
1742985932.564174
1742985932.607859
1742985932.629669
1742985932.674436
1742985932.696847
1742985932.740615
1742985932.762622
1742985932.807915
1742985932.830378
1742985932.875702
1742985932.895806
1742985932.936275
1742985932.969263
1742985933.004847
1742985933.029092
1742985933.073066
1742985933.098242
1742985933.142662
1742985933.162691
1742985933.205963
1742985933.233350
1742985933.274101
1742985933.296741
1742985933.343758
1742985933.363605
1742985933.410847
1742985933.429769
1742985933.476143
1742985933.496939
1742985933.539943
1742985933.563833
1742985933.607316
1742985933.632300
1742985933.671690
1742985933.697728
1742985933.741662
1742985933.764047
1742985933.807997
1742985933.829841
1742985933.875055
1742985933.897446
1742985933.940630
1742985933.963706
1742985934.010819
1742985934.031605
1742985934.075111
1742985934.097067
1742985934.144060
1742985934.164669
1742985934.210337
1742985934.230054
1742985934.277243
1742985934.298558
1742985934.342481
1742985934.363345
1742985934.407597
1742985934.434953
1742985934.475895
1742985934.496717
1742985934.540696
1742985934.567554
1742985934.609844
1742985934.630199
1742985934.674345
1742985934.701613
1742985934.744041
1742985934.763586
1742985934.807330
1742985934.835237
1742985934.877062
1742985934.897068
1742985934.942615
1742985934.965627
1742985935.010529
1742985935.030289
1742985935.073961
1742985935.102300
1742985935.142902
1742985935.163740
1742985935.206392
1742985935.233840
1742985935.276336
1742985935.297217
1742985935.340708
1742985935.368394
1742985935.408951
1742985935.430489
1742985935.477794
1742985935.499714
1742985935.543767
1742985935.564241
1742985935.610457
1742985935.633352
1742985935.678233
1742985935.702847
1742985935.730693
1742985935.778073
1742985935.800028
1742985935.842808
1742985935.867182
1742985935.903003
1742985935.938771
1742985935.971540
1742985936.007242
1742985936.030954
1742985936.075345
1742985936.100220
1742985936.141707
1742985936.164513
1742985936.211455
1742985936.233746
1742985936.276115
1742985936.298076
1742985936.344634
1742985936.367255
1742985936.409856
1742985936.432361
1742985936.476351
1742985936.500086
1742985936.543639
1742985936.564854
1742985936.611934
1742985936.633896
1742985936.677698
1742985936.698152
1742985936.741828
1742985936.769485
1742985936.810381
1742985936.831170
1742985936.876859
1742985936.900334
1742985936.944640
1742985936.964651
1742985937.008311
1742985937.036898
1742985937.078459
1742985937.097994
1742985937.144911
1742985937.167102
1742985937.211148
1742985937.231793
1742985937.279041
1742985937.301683
1742985937.343855
1742985937.365508
1742985937.409004
1742985937.437818
1742985937.474635
1742985937.501775
1742985937.543121
1742985937.567438
1742985937.612048
1742985937.631725
1742985937.678649
1742985937.702016
1742985937.743760
1742985937.765090
1742985937.808511
1742985937.837391
1742985937.874206
1742985937.898335
1742985937.942417
1742985937.968230
1742985938.010081
1742985938.031588
1742985938.079362
1742985938.101839
1742985938.143940
1742985938.165270
1742985938.208492
1742985938.238092
1742985938.274075
1742985938.301764
1742985938.343788
1742985938.368855
1742985938.411213
1742985938.432344
1742985938.477794
1742985938.501788
1742985938.543692
1742985938.565714
1742985938.613022
1742985938.634921
1742985938.675633
1742985938.699474
1742985938.743474
1742985938.769873
1742985938.811654
1742985938.832407
1742985938.876432
1742985938.904971
1742985938.942942
1742985938.966146
1742985939.012323
1742985939.036190
1742985939.078334
1742985939.098926
1742985939.145212
1742985939.168719
1742985939.210213
1742985939.232357
1742985939.279501
1742985939.303209
1742985939.344974
1742985939.365802
1742985939.411120
1742985939.436914
1742985939.474945
1742985939.503430
1742985939.541223
1742985939.570239
1742985939.612048
1742985939.633084
1742985939.680473
1742985939.702343
1742985939.744199
1742985939.766192
1742985939.813153
1742985939.836656
1742985939.874450
1742985939.899644
1742985939.945636
1742985939.969992
1742985940.007699
1742985940.032605
1742985940.077753
1742985940.102750
1742985940.143860
1742985940.165963
1742985940.211242
1742985940.236661
1742985940.277602
1742985940.299453
1742985940.344460
1742985940.370770
1742985940.408906
1742985940.434360
1742985940.475953
1742985940.504649
1742985940.542488
1742985940.568921
1742985940.611103
1742985940.637820
1742985940.678033
1742985940.700132
1742985940.741907
1742985940.775148
1742985940.808947
1742985940.837183
1742985940.874705
1742985940.908669
1742985940.939427
1742985940.971434
1742985941.007611
1742985941.043025
1742985941.073076
1742985941.104315
1742985941.141663
1742985941.173076
1742985941.210342
1742985941.233878
1742985941.279026
1742985941.304817
1742985941.344015
1742985941.367125
1742985941.413064
1742985941.437763
1742985941.476206
1742985941.501016
1742985941.544916
1742985941.571235
1742985941.612678
1742985941.633936
1742985941.679159
1742985941.700305
1742985941.744862
1742985941.767201
1742985941.813159
1742985941.838352
1742985941.878747
1742985941.900327
1742985941.944903
1742985941.971758
1742985942.011294
1742985942.033660
1742985942.079577
1742985942.104597
1742985942.144236
1742985942.167136
1742985942.212993
1742985942.238439
1742985942.278933
1742985942.300620
1742985942.345270
1742985942.373320
1742985942.411826
1742985942.434980
1742985942.474731
1742985942.510542
1742985942.540719
1742985942.570202
1742985942.612182
1742985942.638621
1742985942.679958
1742985942.700925
1742985942.743703
1742985942.773885
1742985942.810199
1742985942.835806
1742985942.878299
1742985942.906619
1742985942.942773
1742985942.969334
1742985943.011141
1742985943.040582
1742985943.077081
1742985943.101589
1742985943.143305
1742985943.172589
1742985943.212373
1742985943.234789
1742985943.277436
1742985943.307144
1742985943.342295
1742985943.371857
1742985943.410152
1742985943.439409
1742985943.478294
1742985943.502871
1742985943.543514
1742985943.575776
1742985943.610814
1742985943.638617
1742985943.678665
1742985943.707343
1742985943.742772
1742985943.771279
1742985943.810088
1742985943.843318
1742985943.877693
1742985943.902632
1742985943.943146
1742985943.976592
1742985944.006740
1742985944.042738
1742985944.068027
1742985944.111883
1742985944.140421
1742985944.176360
1742985944.207433
1742985944.240940
1742985944.276510
1742985944.308410
1742985944.342336
1742985944.374307
1742985944.409843
1742985944.445497
1742985944.474677
1742985944.509008
1742985944.539901
1742985944.578296
1742985944.608687
1742985944.639869
1742985944.678390
1742985944.707672
1742985944.743071
1742985944.773584
1742985944.812256
1742985944.841340
1742985944.877363
1742985944.906743
1742985944.941821
1742985944.977913
1742985945.009822
1742985945.039698
1742985945.078388
1742985945.108169
1742985945.142467
1742985945.171303
1742985945.209331
1742985945.242908
1742985945.274836
1742985945.306920
1742985945.343450
1742985945.374278
1742985945.411649
1742985945.437877
1742985945.476494
1742985945.507994
1742985945.542769
1742985945.573345
1742985945.607488
1742985945.644767
1742985945.677520
1742985945.705301
1742985945.745097
1742985945.774239
1742985945.811079
1742985945.840430
1742985945.877249
1742985945.909585
1742985945.943810
1742985945.973567
1742985946.012230
1742985946.042060
1742985946.077971
1742985946.105097
1742985946.143534
1742985946.177885
1742985946.211595
1742985946.237424
1742985946.276949
1742985946.309463
1742985946.343719
1742985946.372746
1742985946.412979
1742985946.442021
1742985946.477137
1742985946.507287
1742985946.544649
1742985946.576537
1742985946.608759
1742985946.640237
1742985946.677601
1742985946.712087
1742985946.739944
1742985946.777643
1742985946.807462
1742985946.845213
1742985946.874660
1742985946.909247
1742985946.942607
1742985946.978663
1742985947.011906
1742985947.037223
1742985947.076687
1742985947.108938
1742985947.143709
1742985947.172455
1742985947.213974
1742985947.241387
1742985947.278583
1742985947.306967
1742985947.343825
1742985947.378906
1742985947.408016
1742985947.441312
1742985947.476918
1742985947.509941
1742985947.541654
1742985947.571863
1742985947.612408
1742985947.640842
1742985947.677170
1742985947.703066
1742985947.740485
1742985947.777354
1742985947.809057
1742985947.837330
1742985947.876969
1742985947.909659
1742985947.943281
1742985947.970530
1742985948.010999
1742985948.041614
1742985948.079316
1742985948.103642
1742985948.142110
1742985948.178932
1742985948.211059
1742985948.239340
1742985948.280161
1742985948.309152
1742985948.345387
1742985948.370778
1742985948.412935
1742985948.442273
1742985948.479467
1742985948.503945
1742985948.542906
1742985948.578078
1742985948.612978
1742985948.638263
1742985948.680009
1742985948.709376
1742985948.741772
1742985948.777597
1742985948.810553
1742985948.845735
1742985948.880770
1742985948.905749
1742985948.947437
1742985948.976916
1742985949.011123
1742985949.039656
1742985949.081386
1742985949.109930
1742985949.143925
1742985949.171148
1742985949.212194
1742985949.242743
1742985949.276298
1742985949.308066
1742985949.348689
1742985949.375964
1742985949.410957
1742985949.440606
1742985949.481325
1742985949.508714
1742985949.548596
1742985949.570984
1742985949.612538
1742985949.645405
1742985949.677768
1742985949.708699
1742985949.747770
1742985949.777048
1742985949.812337
1742985949.841133
1742985949.881130
1742985949.909498
1742985949.945877
1742985949.975044
1742985950.014606
1742985950.042458
1742985950.081745
1742985950.105464
1742985950.147163
1742985950.176455
1742985950.211412
1742985950.239285
1742985950.277729
1742985950.312659
1742985950.344414
1742985950.371466
1742985950.412960
1742985950.444988
1742985950.480042
1742985950.506010
1742985950.547423
1742985950.576854
1742985950.612717
1742985950.642350
1742985950.678439
1742985950.712367
1742985950.744101
1742985950.777807
1742985950.811987
1742985950.847501
1742985950.875875
1742985950.904818
1742985950.941273
1742985950.977377
1742985951.012316
1742985951.040149
1742985951.079584
1742985951.113225
1742985951.145111
1742985951.173946
1742985951.215474
1742985951.244821
1742985951.280519
1742985951.307433
1742985951.347944
1742985951.376244
1742985951.413887
1742985951.440722
1742985951.481028
1742985951.512489
1742985951.548200
1742985951.574356
1742985951.615579
1742985951.645122
1742985951.680993
1742985951.706801
1742985951.749698
1742985951.776026
1742985951.815846
1742985951.840139
1742985951.878269
1742985951.914298
1742985951.946797
1742985951.976553
1742985952.016070
1742985952.041137
1742985952.079094
1742985952.109375
1742985952.147099
1742985952.178802
1742985952.214884
1742985952.238698
1742985952.280192
1742985952.311347
1742985952.350293
1742985952.380480
1742985952.405470
1742985952.448579
1742985952.478025
1742985952.516210
1742985952.543240
1742985952.577697
1742985952.613492
1742985952.648342
1742985952.676431
1742985952.713958
1742985952.743947
1742985952.783565
1742985952.810267
1742985952.846611
1742985952.877322
1742985952.916433
1742985952.942876
1742985952.977208
1742985953.014063
1742985953.043666
1742985953.084810
1742985953.105807
1742985953.148456
1742985953.178189
1742985953.218822
1742985953.239208
1742985953.283311
1742985953.308956
1742985953.346994
1742985953.376819
1742985953.416850
1742985953.443274
1742985953.483129
1742985953.507166
1742985953.547763
1742985953.581602
1742985953.613094
1742985953.644027
1742985953.683791
1742985953.709148
1742985953.750745
1742985953.774346
1742985953.817326
1742985953.842692
1742985953.883286
1742985953.909396
1742985953.949576
1742985953.976093
1742985954.017104
1742985954.041969
1742985954.083230
1742985954.110183
1742985954.151320
1742985954.173500
1742985954.216493
1742985954.243496
1742985954.285365
1742985954.306386
1742985954.349108
1742985954.378555
1742985954.417819
1742985954.439721
1742985954.482698
1742985954.509363
1742985954.550774
1742985954.573645
1742985954.620291
1742985954.642504
1742985954.680846
1742985954.711270
1742985954.749596
1742985954.776514
1742985954.814773
1742985954.844741
1742985954.883081
1742985954.909827
1742985954.950380
1742985954.974778
1742985955.013662
1742985955.046315
1742985955.077291
1742985955.111767
1742985955.143389
1742985955.176264
1742985955.212645
1742985955.243165
1742985955.277757
1742985955.312552
1742985955.345958
1742985955.374882
1742985955.411812
1742985955.443815
1742985955.479042
1742985955.507239
1742985955.544260
1742985955.579730
1742985955.610603
1742985955.640514
1742985955.677942
1742985955.713138
1742985955.743961
1742985955.773948
1742985955.813316
1742985955.844733
1742985955.879626
1742985955.909274
1742985955.952824
1742985955.976414
1742985956.018488
1742985956.041762
1742985956.087200
1742985956.109661
1742985956.148896
1742985956.178665
1742985956.216164
1742985956.243762
1742985956.282813
1742985956.309894
1742985956.348919
1742985956.381973
1742985956.413531
1742985956.446251
1742985956.481841
1742985956.516796
1742985956.544486
1742985956.578870
1742985956.615144
1742985956.646992
1742985956.681970
1742985956.712410
1742985956.750882
1742985956.777036
1742985956.816324
1742985956.843069
1742985956.882424
1742985956.913521
1742985956.954356
1742985956.974528
1742985957.020561
1742985957.042836
1742985957.089084
1742985957.107963
1742985957.153925
1742985957.176562
1742985957.218604
1742985957.241148
1742985957.287816
1742985957.309699
1742985957.349674
1742985957.374604
1742985957.419304
1742985957.443315
1742985957.482339
1742985957.512103
1742985957.546774
1742985957.586158
1742985957.609607
1742985957.652359
1742985957.676222
1742985957.721316
1742985957.743391
1742985957.781478
1742985957.815338
1742985957.851669
1742985957.877791
1742985957.916841
1742985957.943531
1742985957.983368
1742985958.010291
1742985958.046012
1742985958.082197
1742985958.118146
1742985958.143630
1742985958.181276
1742985958.212369
1742985958.252754
1742985958.276863
1742985958.313124
1742985958.352604
1742985958.376540
1742985958.421233
1742985958.441988
1742985958.488422
1742985958.509823
1742985958.549573
1742985958.576712
1742985958.616220
1742985958.649041
1742985958.686139
1742985958.709044
1742985958.755734
1742985958.776792
1742985958.820167
1742985958.842319
1742985958.888867
1742985958.910139
1742985958.955877
1742985958.975647
1742985959.022468
1742985959.043464
1742985959.087157
1742985959.109328
1742985959.156357
1742985959.176642
1742985959.221796
1742985959.242561
1742985959.288866
1742985959.310154
1742985959.356304
1742985959.375838
1742985959.423375
1742985959.443191
1742985959.488110
1742985959.509350
1742985959.556258
1742985959.576831
1742985959.621989
1742985959.642781
1742985959.689901
1742985959.710003
1742985959.756447
1742985959.776195
1742985959.823184
1742985959.843366
1742985959.886200
1742985959.910334
1742985959.954005
1742985959.977259
1742985960.023722
1742985960.043108
1742985960.089629
1742985960.110395
1742985960.155192
1742985960.176241
1742985960.219737
1742985960.243795
1742985960.289422
1742985960.309531
1742985960.356372
1742985960.377045
1742985960.421996
1742985960.442883
1742985960.489900
1742985960.510444
1742985960.554238
1742985960.576478
1742985960.623497
1742985960.643794
1742985960.690664
1742985960.717465
1742985960.743087
1742985960.782609
1742985960.819673
1742985960.844985
1742985960.891078
1742985960.910413
1742985960.956803
1742985960.977532
1742985961.020410
1742985961.044010
1742985961.087887
1742985961.110974
1742985961.158058
1742985961.177140
1742985961.224501
1742985961.243542
1742985961.290474
1742985961.310030
1742985961.353653
1742985961.379606
1742985961.421766
1742985961.443375
1742985961.490144
1742985961.510869
1742985961.554772
1742985961.576894
1742985961.620837
1742985961.644328
1742985961.691580
1742985961.710217
1742985961.757851
1742985961.777145
1742985961.820909
1742985961.843576
1742985961.889840
1742985961.910938
1742985961.958016
1742985961.976997
1742985962.020633
1742985962.044773
1742985962.087897
1742985962.110640
1742985962.157998
1742985962.177274
1742985962.223826
1742985962.243824
1742985962.290991
1742985962.310635
1742985962.354308
1742985962.377339
1742985962.423856
1742985962.444004
1742985962.490277
1742985962.510582
1742985962.557024
1742985962.577504
1742985962.624401
1742985962.644048
1742985962.687015
1742985962.711215
1742985962.757942
1742985962.777375
1742985962.824001
1742985962.844617
1742985962.890828
1742985962.911121
1742985962.952919
1742985962.978171
1742985963.025197
1742985963.044449
1742985963.091412
1742985963.111330
1742985963.158288
1742985963.177624
1742985963.221293
1742985963.247466
1742985963.289781
1742985963.311003
1742985963.358051
1742985963.378038
1742985963.421014
1742985963.444388
1742985963.486370
1742985963.516387
1742985963.556448
1742985963.577679
1742985963.620907
1742985963.644782
1742985963.692123
1742985963.711258
1742985963.758233
1742985963.777984
1742985963.824660
1742985963.844572
1742985963.891642
1742985963.911671
1742985963.959096
1742985963.978166
1742985964.023791
1742985964.044969
1742985964.092177
1742985964.111436
1742985964.158577
1742985964.178588
1742985964.225598
1742985964.245045
1742985964.292095
1742985964.311945
1742985964.359248
1742985964.378365
1742985964.425384
1742985964.445533
1742985964.493303
1742985964.511698
1742985964.555641
1742985964.579055
1742985964.625162
1742985964.645040
1742985964.689622
1742985964.712199
1742985964.759243
1742985964.778339
1742985964.825767
1742985964.846042
1742985964.890361
1742985964.911974
1742985964.954300
1742985964.980720
1742985965.023097
1742985965.045962
1742985965.092223
1742985965.112715
1742985965.158970
1742985965.178697
1742985965.220961
1742985965.246752
1742985965.283553
1742985965.311678
1742985965.348139
1742985965.389321
1742985965.416027
1742985965.446914
1742985965.490676
1742985965.513025
1742985965.559645
1742985965.578843
1742985965.624667
1742985965.646528
1742985965.689243
1742985965.713005
1742985965.759862
1742985965.779757
1742985965.822875
1742985965.847402
1742985965.889668
1742985965.914966
1742985965.957691
1742985965.979704
1742985966.026709
1742985966.047252
1742985966.093785
1742985966.112545
1742985966.158836
1742985966.180792
1742985966.224789
1742985966.245708
1742985966.289582
1742985966.316435
1742985966.358134
1742985966.379018
1742985966.422967
1742985966.449823
1742985966.491570
1742985966.512627
1742985966.555811
1742985966.582041
1742985966.621451
1742985966.648173
1742985966.690326
1742985966.715467
1742985966.758947
1742985966.779654
1742985966.826499
1742985966.847917
1742985966.891044
1742985966.914162
1742985966.960347
1742985966.981857
1742985967.024542
1742985967.048714
1742985967.088071
1742985967.119090
1742985967.157023
1742985967.181791
1742985967.224077
1742985967.250194
1742985967.292978
1742985967.313028
1742985967.360272
1742985967.381973
1742985967.424071
1742985967.446249
1742985967.490163
1742985967.516823
1742985967.560061
1742985967.579707
1742985967.623468
1742985967.651330
1742985967.692540
1742985967.713131
1742985967.758236
1742985967.781974
1742985967.828359
1742985967.846616
1742985967.890277
1742985967.917510
1742985967.959656
1742985967.979985
1742985968.023437
1742985968.051046
1742985968.093003
1742985968.113377
1742985968.157563
1742985968.182606
1742985968.227347
1742985968.246793
1742985968.290265
1742985968.315905
1742985968.358573
1742985968.380005
1742985968.427750
1742985968.449273
1742985968.491616
1742985968.513410
1742985968.560841
1742985968.582893
1742985968.626066
1742985968.646900
1742985968.690552
1742985968.717845
1742985968.756086
1742985968.781739
1742985968.821226
1742985968.857056
1742985968.886737
1742985968.916472
1742985968.958643
1742985968.983230
1742985969.027549
1742985969.057317
1742985969.080590
1742985969.126033
1742985969.150524
1742985969.193253
1742985969.217031
1742985969.258540
1742985969.281482
1742985969.325096
1742985969.350456
1742985969.388406
1742985969.416604
1742985969.459187
1742985969.483836
1742985969.513821
1742985969.560020
1742985969.583856
1742985969.627739
1742985969.647297
1742985969.695155
1742985969.716380
1742985969.758117
1742985969.780824
1742985969.823814
1742985969.853130
1742985969.894567
1742985969.914281
1742985969.958171
1742985969.984481
1742985970.026667
1742985970.047686
1742985970.092973
1742985970.116870
1742985970.161118
1742985970.181157
1742985970.225239
1742985970.251675
1742985970.293139
1742985970.314363
1742985970.358148
1742985970.385309
1742985970.427221
1742985970.448541
1742985970.494932
1742985970.515916
1742985970.559578
1742985970.581117
1742985970.624784
1742985970.653040
1742985970.690702
1742985970.715090
1742985970.761596
1742985970.783256
1742985970.826220
1742985970.848210
1742985970.895164
1742985970.917188
1742985970.961627
1742985970.981511
1742985971.028624
1742985971.051899
1742985971.094551
1742985971.114859
1742985971.158704
1742985971.187597
1742985971.227544
1742985971.248200
1742985971.293978
1742985971.316796
1742985971.360567
1742985971.381666
1742985971.427913
1742985971.451421
1742985971.493779
1742985971.514946
1742985971.557310
1742985971.589374
1742985971.624779
1742985971.648635
1742985971.694960
1742985971.718342
1742985971.760309
1742985971.781737
1742985971.825300
1742985971.853885
1742985971.891880
1742985971.916630
1742985971.960021
1742985971.987640
1742985972.025520
1742985972.049223
1742985972.094344
1742985972.118909
1742985972.160662
1742985972.182136
1742985972.228176
1742985972.252835
1742985972.294902
1742985972.315609
1742985972.362415
1742985972.385760
1742985972.427150
1742985972.448684
1742985972.495812
1742985972.518776
1742985972.560234
1742985972.582203
1742985972.629234
1742985972.652546
1742985972.694487
1742985972.715637
1742985972.761195
1742985972.786251
1742985972.824628
1742985972.850488
1742985972.894914
1742985972.919670
1742985972.957522
1742985972.986538
1742985973.024263
1742985973.057432
1742985973.091717
1742985973.118106
1742985973.160104
1742985973.187996
1742985973.226777
1742985973.249332
1742985973.295112
1742985973.320611
1742985973.361007
1742985973.382716
1742985973.429037
1742985973.453847
1742985973.491919
1742985973.516980
1742985973.561593
1742985973.586534
1742985973.628134
1742985973.649630
1742985973.693124
1742985973.722015
1742985973.759673
1742985973.783615
1742985973.828712
1742985973.853969
1742985973.894497
1742985973.916563
1742985973.962452
1742985973.987506
1742985974.027927
1742985974.049563
1742985974.095295
1742985974.120521
1742985974.158831
1742985974.183855
1742985974.228558
1742985974.254451
1742985974.295126
1742985974.316569
1742985974.361603
1742985974.387786
1742985974.428076
1742985974.449743
1742985974.495131
1742985974.520650
1742985974.562160
1742985974.583164
1742985974.629009
1742985974.654611
1742985974.693545
1742985974.716943
1742985974.763096
1742985974.787636
1742985974.826401
1742985974.854069
1742985974.893892
1742985974.923077
1742985974.959820
1742985974.987748
1742985975.024917
1742985975.059915
1742985975.090072
1742985975.121887
1742985975.158572
1742985975.191274
1742985975.226769
1742985975.250289
1742985975.296769
1742985975.321546
1742985975.361719
1742985975.383699
1742985975.428700
1742985975.454854
1742985975.494620
1742985975.517155
1742985975.563517
1742985975.588624
1742985975.628938
1742985975.650424
1742985975.696571
1742985975.721936
1742985975.762439
1742985975.784028
1742985975.826892
1742985975.856916
1742985975.892913
1742985975.921395
1742985975.960217
1742985975.991121
1742985976.026082
1742985976.053709
1742985976.094496
1742985976.123576
1742985976.159926
1742985976.186336
1742985976.226136
1742985976.256777
1742985976.292808
1742985976.317820
1742985976.357007
1742985976.391622
1742985976.426281
1742985976.452848
1742985976.494880
1742985976.523536
1742985976.560397
1742985976.587551
1742985976.628273
1742985976.657130
1742985976.693709
1742985976.720852
1742985976.761630
1742985976.785819
1742985976.827509
1742985976.856377
1742985976.893665
1742985976.925022
1742985976.959497
1742985976.984822
1742985977.027676
1742985977.057327
1742985977.093728
1742985977.120463
1742985977.159549
1742985977.193256
1742985977.222831
1742985977.258371
1742985977.289307
1742985977.330573
1742985977.356141
1742985977.393497
1742985977.418124
1742985977.460812
1742985977.489307
1742985977.529691
1742985977.556949
1742985977.592746
1742985977.622781
1742985977.662726
1742985977.691345
1742985977.723060
1742985977.759474
1742985977.790468
1742985977.827290
1742985977.854487
1742985977.894160
1742985977.924739
1742985977.957445
1742985977.985070
1742985978.024533
1742985978.059855
1742985978.093353
1742985978.118356
1742985978.160835
1742985978.192987
1742985978.225919
1742985978.252564
1742985978.295958
1742985978.323219
1742985978.363379
1742985978.385096
1742985978.427097
1742985978.456814
1742985978.496109
1742985978.518792
1742985978.556731
1742985978.593719
1742985978.627630
1742985978.652830
1742985978.694250
1742985978.726989
1742985978.758615
1742985978.790195
1742985978.826467
1742985978.861307
1742985978.887539
1742985978.928496
1742985978.956780
1742985978.994215
1742985979.028800
1742985979.056970
1742985979.095629
1742985979.125485
1742985979.157817
1742985979.189051
1742985979.229463
1742985979.257091
1742985979.297167
1742985979.318994
1742985979.361319
1742985979.390841
1742985979.427251
1742985979.452273
1742985979.497297
1742985979.522795
1742985979.563477
1742985979.585611
1742985979.630910
1742985979.656982
1742985979.695729
1742985979.719179
1742985979.761546
1742985979.793104
1742985979.826731
1742985979.855025
1742985979.895591
1742985979.924323
1742985979.962148
1742985979.987212
1742985980.027139
1742985980.058505
1742985980.089779
1742985980.122817
1742985980.163792
1742985980.190549
1742985980.229324
1742985980.255786
1742985980.296459
1742985980.324284
1742985980.363419
1742985980.387070
1742985980.425493
1742985980.458305
1742985980.494921
1742985980.520346
1742985980.561609
1742985980.590717
1742985980.626821
1742985980.654582
1742985980.695869
1742985980.724951
1742985980.757619
1742985980.791101
1742985980.827429
1742985980.862063
1742985980.889463
1742985980.921232
1742985980.958060
1742985980.989584
1742985981.027737
1742985981.056885
1742985981.098565
1742985981.124214
1742985981.163069
1742985981.189980
1742985981.229185
1742985981.259760
1742985981.290120
1742985981.323993
1742985981.363745
1742985981.392179
1742985981.426726
1742985981.456967
1742985981.494358
1742985981.528159
1742985981.561494
1742985981.589770
1742985981.630480
1742985981.657930
1742985981.695706
1742985981.723498
1742985981.760577
1742985981.795066
1742985981.829739
1742985981.856781
1742985981.896790
1742985981.927273
1742985981.962728
1742985981.989912
1742985982.027713
1742985982.058321
1742985982.094750
1742985982.123614
1742985982.162249
1742985982.192897
1742985982.227398
1742985982.256222
1742985982.295935
1742985982.325885
1742985982.360561
1742985982.389590
1742985982.430700
1742985982.459560
1742985982.495695
1742985982.523737
1742985982.561332
1742985982.597034
1742985982.625988
1742985982.658260
1742985982.696036
1742985982.727277
1742985982.762237
1742985982.791850
1742985982.828280
1742985982.863171
1742985982.893057
1742985982.928014
1742985982.960741
1742985982.997102
1742985983.027007
1742985983.058331
1742985983.095852
1742985983.126291
1742985983.164565
1742985983.187593
1742985983.229305
1742985983.260592
1742985983.293141
1742985983.324140
1742985983.364182
1742985983.393698
1742985983.430112
1742985983.454288
1742985983.495865
1742985983.526432
1742985983.561488
1742985983.589844
1742985983.631794
1742985983.660127
1742985983.695228
1742985983.724541
1742985983.765352
1742985983.791808
1742985983.829802
1742985983.856808
1742985983.897961
1742985983.927052
1742985983.959481
1742985983.995401
1742985984.025311
1742985984.065050
1742985984.093937
1742985984.126019
1742985984.162023
1742985984.194748
1742985984.230848
1742985984.258791
1742985984.297247
1742985984.329633
1742985984.365023
1742985984.391281
1742985984.433488
1742985984.458244
1742985984.499884
1742985984.522650
1742985984.560439
1742985984.596794
1742985984.627442
1742985984.659882
1742985984.696697
1742985984.729276
1742985984.761780
1742985984.791859
1742985984.833418
1742985984.858429
1742985984.900179
1742985984.921645
1742985984.964486
1742985984.994387
1742985985.032169
1742985985.056462
1742985985.094888
1742985985.134106
1742985985.158248
1742985985.198730
1742985985.224880
1742985985.266754
1742985985.292494
1742985985.326560
1742985985.365269
1742985985.393772
1742985985.434462
1742985985.455056
1742985985.499971
1742985985.524792
1742985985.565963
1742985985.588571
1742985985.631320
1742985985.662507
1742985985.698954
1742985985.727636
1742985985.755417
1742985985.801202
1742985985.824810
1742985985.867208
1742985985.892724
1742985985.933697
1742985985.957190
1742985985.997896
1742985986.032238
1742985986.057842
1742985986.099121
1742985986.126125
1742985986.167104
1742985986.189289
1742985986.232782
1742985986.258853
1742985986.299432
1742985986.322421
1742985986.368927
1742985986.392038
1742985986.433615
1742985986.455622
1742985986.501875
1742985986.525540
1742985986.567503
1742985986.589079
1742985986.635439
1742985986.658753
1742985986.696936
1742985986.726837
1742985986.765336
1742985986.793127
1742985986.834788
1742985986.855946
1742985986.899165
1742985986.925830
1742985986.964109
1742985986.989567
1742985987.026899
1742985987.067980
1742985987.092521
1742985987.133067
1742985987.158612
1742985987.202398
1742985987.225613
1742985987.266893
1742985987.291833
1742985987.333643
1742985987.359634
1742985987.394093
1742985987.427578
1742985987.465351
1742985987.494784
1742985987.527310
1742985987.567573
1742985987.592603
1742985987.634093
1742985987.656582
1742985987.698850
1742985987.726132
1742985987.764023
1742985987.793731
1742985987.834285
1742985987.859871
1742985987.897715
1742985987.925565
1742985987.963989
1742985987.999888
1742985988.026442
1742985988.066935
1742985988.092228
1742985988.130170
1742985988.166511
1742985988.190863
1742985988.237267
1742985988.258799
1742985988.301921
1742985988.323286
1742985988.370259
1742985988.392304
1742985988.430891
1742985988.457345
1742985988.498901
1742985988.529054
1742985988.566612
1742985988.590102
1742985988.636461
1742985988.659149
1742985988.697620
1742985988.727519
1742985988.767484
1742985988.792597
1742985988.828577
1742985988.859126
1742985988.891688
1742985988.930583
1742985988.967676
1742985988.992102
1742985989.031442
1742985989.067189
1742985989.093860
1742985989.133356
1742985989.159376
1742985989.202845
1742985989.226141
1742985989.261881
1742985989.294769
1742985989.333957
1742985989.359817
1742985989.396438
1742985989.431344
1742985989.461488
1742985989.499883
1742985989.524895
1742985989.571786
1742985989.592137
1742985989.628177
1742985989.663094
1742985989.697617
1742985989.732414
1742985989.764850
1742985989.792793
1742985989.834909
1742985989.860531
1742985989.901543
1742985989.924853
1742985989.971143
1742985989.992634
1742985990.032337
1742985990.059608
1742985990.097491
1742985990.133718
1742985990.160237
1742985990.198116
1742985990.229891
1742985990.269555
1742985990.293601
1742985990.334823
1742985990.359415
1742985990.404137
1742985990.426211
1742985990.463598
1742985990.495803
1742985990.536970
1742985990.559672
1742985990.599533
1742985990.626280
1742985990.665857
1742985990.693900
1742985990.729146
1742985990.766247
1742985990.793741
1742985990.835363
1742985990.858276
1742985990.905359
1742985990.926020
1742985990.970554
1742985990.991551
1742985991.028975
1742985991.059435
1742985991.091675
1742985991.124601
1742985991.157727
1742985991.190964
1742985991.238312
1742985991.258951
1742985991.305101
1742985991.326324
1742985991.371791
1742985991.391771
1742985991.438887
1742985991.459268
1742985991.503873
1742985991.525071
1742985991.571783
1742985991.592323
1742985991.639534
1742985991.658669
1742985991.706065
1742985991.726231
1742985991.772371
1742985991.792015
1742985991.839468
1742985991.859396
1742985991.905192
1742985991.925390
1742985991.972758
1742985991.992703
1742985992.036558
1742985992.058904
1742985992.105836
1742985992.126320
1742985992.169824
1742985992.192111
1742985992.238308
1742985992.259852
1742985992.303181
1742985992.325428
1742985992.372852
1742985992.392282
1742985992.435652
1742985992.458753
1742985992.506358
1742985992.525620
1742985992.572868
1742985992.592112
1742985992.639714
1742985992.659228
1742985992.703673
1742985992.725672
1742985992.769258
1742985992.793330
1742985992.839473
1742985992.859030
1742985992.906429
1742985992.925718
1742985992.969147
1742985992.992659
1742985993.035964
1742985993.059886
1742985993.106152
1742985993.125850
1742985993.171351
1742985993.193346
1742985993.239537
1742985993.259264
1742985993.305961
1742985993.326855
1742985993.373921
1742985993.392699
1742985993.436312
1742985993.460057
1742985993.506180
1742985993.526010
1742985993.568571
1742985993.594325
1742985993.636690
1742985993.659456
1742985993.705807
1742985993.726849
1742985993.773395
1742985993.792777
1742985993.839973
1742985993.860129
1742985993.906970
1742985993.926316
1742985993.973928
1742985993.993110
1742985994.038436
1742985994.063893
1742985994.092916
1742985994.138774
1742985994.160564
1742985994.207587
1742985994.227036
1742985994.267482
1742985994.294144
1742985994.338443
1742985994.360651
1742985994.401256
1742985994.427341
1742985994.472907
1742985994.493893
1742985994.539044
1742985994.560154
1742985994.607667
1742985994.626952
1742985994.674045
1742985994.693603
1742985994.736790
1742985994.763374
1742985994.803823
1742985994.826964
1742985994.874068
1742985994.894147
1742985994.935008
1742985994.960781
1742985995.006528
1742985995.027682
1742985995.068672
1742985995.094630
1742985995.138137
1742985995.161936
1742985995.200233
1742985995.227560
1742985995.273594
1742985995.294271
1742985995.333114
1742985995.360935
1742985995.407437
1742985995.427250
1742985995.472152
1742985995.493950
1742985995.540157
1742985995.560713
1742985995.604788
1742985995.627388
1742985995.674590
1742985995.694174
1742985995.736200
1742985995.761070
1742985995.807700
1742985995.827619
1742985995.866808
1742985995.900050
1742985995.938235
1742985995.965382
1742985995.994519
1742985996.037295
1742985996.062692
1742985996.105386
1742985996.127719
1742985996.170341
1742985996.196792
1742985996.241148
1742985996.260795
1742985996.308116
1742985996.327857
1742985996.372386
1742985996.394340
1742985996.441263
1742985996.461252
1742985996.508554
1742985996.527507
1742985996.574466
1742985996.594841
1742985996.638365
1742985996.660995
1742985996.707880
1742985996.728175
1742985996.772036
1742985996.794810
1742985996.841884
1742985996.861536
1742985996.907708
1742985996.927875
1742985996.975250
1742985996.995046
1742985997.041247
1742985997.061457
1742985997.109024
1742985997.128287
1742985997.174722
1742985997.194831
1742985997.241697
1742985997.262104
1742985997.307127
1742985997.327984
1742985997.374081
1742985997.395426
1742985997.440738
1742985997.461293
1742985997.508636
1742985997.528591
1742985997.575639
1742985997.594746
1742985997.638213
1742985997.663034
1742985997.706337
1742985997.728235
1742985997.774848
1742985997.795833
1742985997.840792
1742985997.861601
1742985997.908535
1742985997.929013
1742985997.974545
1742985997.995214
1742985998.042281
1742985998.063066
1742985998.106243
1742985998.129569
1742985998.172183
1742985998.198907
1742985998.241370
1742985998.261695
1742985998.308034
1742985998.329585
1742985998.373195
1742985998.395076
1742985998.442093
1742985998.462404
1742985998.509608
1742985998.528512
1742985998.572323
1742985998.597688
1742985998.639853
1742985998.662140
1742985998.707045
1742985998.730186
1742985998.776086
1742985998.795360
1742985998.842967
1742985998.864183
1742985998.906871
1742985998.931033
1742985998.973302
1742985998.999985
1742985999.042802
1742985999.062244
1742985999.108446
1742985999.130425
1742985999.171841
1742985999.197657
1742985999.239911
1742985999.268133
1742985999.307934
1742985999.329078
1742985999.374915
1742985999.397414
1742985999.442946
1742985999.462419
1742985999.506014
1742985999.533005
1742985999.575766
1742985999.595602
1742985999.637712
1742985999.665953
1742985999.707716
1742985999.729132
1742985999.772915
1742985999.800313
1742985999.841835
1742985999.862309
1742985999.909115
1742985999.931382
1742985999.974587
1742985999.996110
1742986000.039144
1742986000.066658
1742986000.108755
1742986000.129355
1742986000.173260
1742986000.202202
1742986000.241225
1742986000.263345
1742986000.309811
1742986000.331965
1742986000.373931
1742986000.396316
1742986000.443352
1742986000.465119
1742986000.504393
1742986000.530015
1742986000.571616
1742986000.599982
1742986000.643004
1742986000.662832
1742986000.707697
1742986000.732100
1742986000.775668
1742986000.796131
1742986000.841869
1742986000.865093
1742986000.906966
1742986000.929742
1742986000.973534
1742986000.999076
1742986001.041917
1742986001.063610
1742986001.107916
1742986001.134162
1742986001.175954
1742986001.196865
1742986001.244200
1742986001.266018
1742986001.308064
1742986001.330037
1742986001.373525
1742986001.402825
1742986001.439484
1742986001.463913
1742986001.509357
1742986001.532508
1742986001.575281
1742986001.596602
1742986001.640289
1742986001.669578
1742986001.706149
1742986001.730158
1742986001.774993
1742986001.798736
1742986001.838363
1742986001.865015
1742986001.904090
1742986001.939838
1742986001.970213
1742986002.000593
1742986002.041401
1742986002.067070
1742986002.109019
1742986002.130242
1742986002.172991
1742986002.202065
1742986002.242760
1742986002.263826
1742986002.310256
1742986002.334526
1742986002.375911
1742986002.403977
1742986002.430507
1742986002.472716
1742986002.505071
1742986002.540373
1742986002.570870
1742986002.601824
1742986002.637055
1742986002.676256
1742986002.697620
1742986002.739955
1742986002.767025
1742986002.808928
1742986002.834813
1742986002.869618
1742986002.905616
1742986002.938097
1742986002.973276
1742986002.999610
1742986003.042419
1742986003.067707
1742986003.109732
1742986003.130696
1742986003.174445
1742986003.203737
1742986003.241753
1742986003.264446
1742986003.309854
1742986003.334450
1742986003.376728
1742986003.397600
1742986003.440882
1742986003.470194
1742986003.507892
1742986003.530863
1742986003.577353
1742986003.601165
1742986003.640499
1742986003.664387
1742986003.705998
1742986003.737961
1742986003.773365
1742986003.800562
1742986003.841803
1742986003.870387
1742986003.910310
1742986003.931389
1742986003.975817
1742986004.003804
1742986004.040379
1742986004.067007
1742986004.108748
1742986004.137404
1742986004.174596
1742986004.201686
1742986004.242236
1742986004.270957
1742986004.306907
1742986004.335992
1742986004.375168
1742986004.404674
1742986004.440911
1742986004.467773
1742986004.509440
1742986004.537789
1742986004.576348
1742986004.598256
1742986004.643300
1742986004.668568
1742986004.710498
1742986004.731435
1742986004.776538
1742986004.801745
1742986004.843705
1742986004.864858
1742986004.911439
1742986004.935088
1742986004.976225
1742986004.998465
1742986005.043857
1742986005.069145
1742986005.110859
1742986005.131810
1742986005.178123
1742986005.202582
1742986005.240322
1742986005.268996
1742986005.310407
1742986005.336459
1742986005.377848
1742986005.398685
1742986005.445266
1742986005.468978
1742986005.507374
1742986005.532784
1742986005.576829
1742986005.602633
1742986005.642772
1742986005.665622
1742986005.710777
1742986005.736585
1742986005.777374
1742986005.798803
1742986005.845061
1742986005.869364
1742986005.908059
1742986005.933051
1742986005.977560
1742986006.003544
1742986006.043443
1742986006.066219
1742986006.111641
1742986006.136903
1742986006.177402
1742986006.199297
1742986006.244943
1742986006.270631
1742986006.311100
1742986006.332457
1742986006.377023
1742986006.404004
1742986006.443664
1742986006.466125
1742986006.511919
1742986006.536708
1742986006.577898
1742986006.599412
1742986006.646436
1742986006.669376
1742986006.710104
1742986006.732946
1742986006.777892
1742986006.804055
1742986006.844828
1742986006.865869
1742986006.911820
1742986006.936997
1742986006.975869
1742986006.999693
1742986007.042809
1742986007.071973
1742986007.110823
1742986007.132694
1742986007.179563
1742986007.203329
1742986007.242946
1742986007.268358
1742986007.310156
1742986007.339192
1742986007.375633
1742986007.404117
1742986007.443912
1742986007.471911
1742986007.511254
1742986007.532985
1742986007.579339
1742986007.604036
1742986007.645815
1742986007.666421
1742986007.713411
1742986007.736157
1742986007.774173
1742986007.805044
1742986007.840965
1742986007.875855
1742986007.904547
1742986007.938893
1742986007.975568
1742986008.006298
1742986008.042417
1742986008.067481
1742986008.111719
1742986008.137701
1742986008.178097
1742986008.200166
1742986008.243464
1742986008.273392
1742986008.309450
1742986008.334215
1742986008.376279
1742986008.406738
1742986008.442441
1742986008.466917
1742986008.510405
1742986008.539537
1742986008.576015
1742986008.601828
1742986008.643821
1742986008.672529
1742986008.709173
1742986008.733722
1742986008.777838
1742986008.804919
1742986008.845124
1742986008.866793
1742986008.909331
1742986008.939704
1742986008.977043
1742986009.001126
1742986009.043508
1742986009.072347
1742986009.110428
1742986009.134272
1742986009.176441
1742986009.207727
1742986009.241213
1742986009.270909
1742986009.309449
1742986009.339288
1742986009.375437
1742986009.402828
1742986009.440466
1742986009.475894
1742986009.508213
1742986009.534767
1742986009.576790
1742986009.606193
1742986009.642512
1742986009.667338
1742986009.712482
1742986009.738646
1742986009.779289
1742986009.800675
1742986009.843063
1742986009.875145
1742986009.910107
1742986009.936851
1742986009.978466
1742986010.005563
1742986010.043790
1742986010.069614
1742986010.111168
1742986010.140177
1742986010.175985
1742986010.205265
1742986010.244968
1742986010.272670
1742986010.310449
1742986010.339412
1742986010.377394
1742986010.406904
1742986010.443155
1742986010.472228
1742986010.509311
1742986010.541216
1742986010.575943
1742986010.601969
1742986010.645493
1742986010.672784
1742986010.710010
1742986010.744587
1742986010.767936
1742986010.809942
1742986010.841484
1742986010.874732
1742986010.905807
1742986010.934702
1742986010.973763
1742986011.009233
1742986011.044069
1742986011.068526
1742986011.110598
1742986011.141401
1742986011.175312
1742986011.205916
1742986011.243520
1742986011.275093
1742986011.309691
1742986011.339271
1742986011.377268
1742986011.409171
1742986011.443915
1742986011.470088
1742986011.511240
1742986011.540558
1742986011.577802
1742986011.601759
1742986011.646004
1742986011.672993
1742986011.711297
1742986011.736523
1742986011.777250
1742986011.807101
1742986011.843438
1742986011.872562
1742986011.909788
1742986011.943909
1742986011.976301
1742986012.006700
1742986012.043303
1742986012.074523
1742986012.110595
1742986012.139552
1742986012.178646
1742986012.208537
1742986012.244673
1742986012.272247
1742986012.311869
1742986012.340377
1742986012.379745
1742986012.403768
1742986012.444944
1742986012.473375
1742986012.513901
1742986012.535782
1742986012.575831
1742986012.608096
1742986012.641121
1742986012.673330
1742986012.710059
1742986012.741914
1742986012.777057
1742986012.804558
1742986012.845373
1742986012.873654
1742986012.912800
1742986012.936052
1742986012.975693
1742986013.009935
1742986013.042652
1742986013.073164
1742986013.113035
1742986013.140541
1742986013.178120
1742986013.206672
1742986013.246423
1742986013.273159
1742986013.311661
1742986013.338488
1742986013.378654
1742986013.409078
1742986013.441866
1742986013.471403
1742986013.511981
1742986013.540334
1742986013.581615
1742986013.602466
1742986013.642357
1742986013.675802
1742986013.710990
1742986013.737073
1742986013.778714
1742986013.807790
1742986013.843717
1742986013.872541
1742986013.910423
1742986013.944251
1742986013.979161
1742986014.004747
1742986014.046248
1742986014.075326
1742986014.108946
1742986014.143545
1742986014.174626
1742986014.211137
1742986014.244874
1742986014.272837
1742986014.312032
1742986014.342648
1742986014.378194
1742986014.407213
1742986014.444517
1742986014.473914
1742986014.513901
1742986014.536901
1742986014.578350
1742986014.608725
1742986014.644907
1742986014.670552
1742986014.712300
1742986014.741382
1742986014.777763
1742986014.805912
1742986014.846361
1742986014.873969
1742986014.911569
1742986014.940219
1742986014.978341
1742986015.009505
1742986015.044475
1742986015.072602
1742986015.113866
1742986015.142108
1742986015.177607
1742986015.207528
1742986015.245611
1742986015.274819
1742986015.311402
1742986015.343189
1742986015.377880
1742986015.409944
1742986015.445476
1742986015.473381
1742986015.513096
1742986015.543471
1742986015.578898
1742986015.605870
1742986015.646507
1742986015.673789
1742986015.715076
1742986015.736811
1742986015.779743
1742986015.809370
1742986015.848202
1742986015.870356
1742986015.912850
1742986015.942926
1742986015.978871
1742986016.006627
1742986016.046603
1742986016.075119
1742986016.114290
1742986016.137686
1742986016.181136
1742986016.210008
1742986016.247239
1742986016.270937
1742986016.312921
1742986016.342243
1742986016.381450
1742986016.403901
1742986016.443552
1742986016.475693
1742986016.512486
1742986016.540365
1742986016.581408
1742986016.609819
1742986016.646057
1742986016.672533
1742986016.712899
1742986016.744961
1742986016.780275
1742986016.805185
1742986016.846807
1742986016.876338
1742986016.912547
1742986016.940663
1742986016.982585
1742986017.007628
1742986017.044742
1742986017.073251
1742986017.115360
1742986017.140845
1742986017.179326
1742986017.207214
1742986017.248825
1742986017.274863
1742986017.316173
1742986017.338253
1742986017.380956
1742986017.410642
1742986017.446988
1742986017.473664
1742986017.515646
1742986017.541975
1742986017.582208
1742986017.604472
1742986017.647574
1742986017.671250
1742986017.716286
1742986017.738042
1742986017.784479
1742986017.807626
1742986017.850756
1742986017.871275
1742986017.913773
1742986017.943816
1742986017.984444
1742986018.004743
1742986018.047996
1742986018.075621
1742986018.115629
1742986018.140025
1742986018.181648
1742986018.208931
1742986018.249725
1742986018.272083
1742986018.314472
1742986018.345197
1742986018.381035
1742986018.406398
1742986018.445075
1742986018.480180
1742986018.512823
1742986018.540008
1742986018.581618
1742986018.608495
1742986018.649807
1742986018.671601
1742986018.715781
1742986018.741636
1742986018.784609
1742986018.804987
1742986018.851746
1742986018.872664
1742986018.910021
1742986018.937979
1742986018.984459
1742986019.008081
1742986019.046206
1742986019.082735
1742986019.105280
1742986019.148905
1742986019.175076
1742986019.216010
1742986019.242109
1742986019.283436
1742986019.306939
1742986019.346166
1742986019.382198
1742986019.407877
1742986019.445507
1742986019.482950
1742986019.508937
1742986019.543850
1742986019.579694
1742986019.614637
1742986019.642252
1742986019.678040
1742986019.711405
1742986019.749231
1742986019.775286
1742986019.809803
1742986019.846649
1742986019.880417
1742986019.914760
1742986019.939666
1742986019.979425
1742986020.015928
1742986020.042136
1742986020.077232
1742986020.115073
1742986020.143843
1742986020.184070
1742986020.205843
1742986020.252080
1742986020.275304
1742986020.317805
1742986020.339531
1742986020.383014
1742986020.409407
1742986020.448130
1742986020.475159
1742986020.513385
1742986020.545304
1742986020.583828
1742986020.607656
1742986020.652589
1742986020.675273
1742986020.714108
1742986020.742485
1742986020.784591
1742986020.808378
1742986020.851434
1742986020.872662
1742986020.917015
1742986020.942373
1742986020.981401
1742986021.006188
1742986021.053420
1742986021.074647
1742986021.119191
1742986021.139512
1742986021.186855
1742986021.208084
1742986021.246212
1742986021.276398
1742986021.316104
1742986021.342339
1742986021.381393
1742986021.407940
1742986021.446819
1742986021.480533
1742986021.516043
1742986021.539866
1742986021.584854
1742986021.608692
1742986021.650518
1742986021.673403
1742986021.714774
1742986021.745365
1742986021.784666
1742986021.806775
1742986021.853986
1742986021.875239
1742986021.913913
1742986021.944336
1742986021.984658
1742986022.008799
1742986022.051751
1742986022.073679
1742986022.120146
1742986022.142001
1742986022.184568
1742986022.207169
1742986022.253734
1742986022.275511
1742986022.317166
1742986022.341898
1742986022.383039
1742986022.410868
1742986022.450991
1742986022.474137
1742986022.520690
1742986022.542084
1742986022.583444
1742986022.607214
1742986022.653414
1742986022.675658
1742986022.718990
1742986022.740458
1742986022.787411
1742986022.808704
1742986022.855120
1742986022.873827
1742986022.920668
1742986022.941947
1742986022.986357
1742986023.007422
1742986023.054386
1742986023.075414
1742986023.121013
1742986023.140724
1742986023.188124
1742986023.208827
1742986023.253134
1742986023.274322
1742986023.321330
1742986023.342510
1742986023.388263
1742986023.407735
1742986023.454900
1742986023.475374
1742986023.519328
1742986023.540986
1742986023.588084
1742986023.608721
1742986023.654994
1742986023.674437
1742986023.719722
1742986023.741323
1742986023.779414
1742986023.806979
1742986023.846695
1742986023.877564
1742986023.911635
1742986023.941029
1742986023.974998
1742986024.013316
1742986024.052675
1742986024.074951
1742986024.122079
1742986024.141983
1742986024.188024
1742986024.208305
1742986024.255431
1742986024.275498
1742986024.320392
1742986024.341713
1742986024.385035
1742986024.409621
1742986024.453546
1742986024.475221
1742986024.522014
1742986024.542441
1742986024.587846
1742986024.608375
1742986024.655262
1742986024.675743
1742986024.720883
1742986024.741632
1742986024.788448
1742986024.809484
1742986024.853005
1742986024.875102
1742986024.918323
1742986024.943198
1742986024.989576
1742986025.008454
1742986025.055760
1742986025.075487
1742986025.122493
1742986025.142031
1742986025.186414
1742986025.209530
1742986025.249161
1742986025.276475
1742986025.315982
1742986025.349847
1742986025.383058
1742986025.409784
1742986025.451593
1742986025.476766
1742986025.519937
1742986025.542275
1742986025.589783
1742986025.609256
1742986025.653979
1742986025.675476
1742986025.722552
1742986025.742506
1742986025.789363
1742986025.808684
1742986025.855853
1742986025.876098
1742986025.920517
1742986025.942342
1742986025.988824
1742986026.009745
1742986026.056572
1742986026.075506
1742986026.121850
1742986026.142880
1742986026.182119
1742986026.209768
1742986026.254730
1742986026.276431
1742986026.319940
1742986026.342756
1742986026.389755
1742986026.409110
1742986026.452031
1742986026.476007
1742986026.519837
1742986026.543123
1742986026.590185
1742986026.609348
1742986026.655124
1742986026.676398
1742986026.723384
1742986026.742593
1742986026.789941
1742986026.809306
1742986026.853283
1742986026.876082
1742986026.922836
1742986026.943146
1742986026.990207
1742986027.009436
1742986027.053157
1742986027.076646
1742986027.123491
1742986027.142905
1742986027.186954
1742986027.210199
1742986027.255124
1742986027.276532
1742986027.319969
1742986027.344972
1742986027.387120
1742986027.422472
1742986027.443234
1742986027.487241
1742986027.510408
1742986027.556531
1742986027.577098
1742986027.619226
1742986027.643488
1742986027.690233
1742986027.709981
1742986027.756219
1742986027.776579
1742986027.823516
1742986027.843586
1742986027.889923
1742986027.910023
1742986027.957289
1742986027.976808
1742986028.020710
1742986028.043509
1742986028.086639
1742986028.111330
1742986028.151939
1742986028.177003
1742986028.223610
1742986028.243756
1742986028.289288
1742986028.310464
1742986028.355759
1742986028.377249
1742986028.417839
1742986028.443823
1742986028.487267
1742986028.513827
1742986028.550406
1742986028.578680
1742986028.621958
1742986028.644209
1742986028.687816
1742986028.710709
1742986028.755827
1742986028.777456
1742986028.819939
1742986028.843697
1742986028.890266
1742986028.910739
1742986028.955026
1742986028.977452
1742986029.024112
1742986029.044140
1742986029.088139
1742986029.110969
1742986029.153852
1742986029.181957
1742986029.221032
1742986029.244642
1742986029.288129
1742986029.313958
1742986029.353669
1742986029.377727
1742986029.420545
1742986029.447362
1742986029.484411
1742986029.516511
1742986029.556565
1742986029.577998
1742986029.619762
1742986029.644635
1742986029.689050
1742986029.711571
1742986029.754898
1742986029.778123
1742986029.822153
1742986029.845160
1742986029.887049
1742986029.911596
1742986029.958817
1742986029.978734
1742986030.019971
1742986030.044923
1742986030.088743
1742986030.113395
1742986030.154470
1742986030.178494
1742986030.221944
1742986030.246035
1742986030.288629
1742986030.312285
1742986030.356604
1742986030.380069
1742986030.421529
1742986030.445226
1742986030.491575
1742986030.512493
1742986030.555585
1742986030.579162
1742986030.622970
1742986030.647650
1742986030.686051
1742986030.712552
1742986030.754428
1742986030.781480
1742986030.822772
1742986030.846345
1742986030.891418
1742986030.912388
1742986030.951268
1742986030.986009
1742986031.020394
1742986031.049245
1742986031.084194
1742986031.119167
1742986031.154305
1742986031.182249
1742986031.221877
1742986031.246877
1742986031.291893
1742986031.313711
1742986031.356437
1742986031.380412
1742986031.426130
1742986031.446880
1742986031.491730
1742986031.512329
1742986031.559660
1742986031.581113
1742986031.621719
1742986031.647021
1742986031.689342
1742986031.715529
1742986031.747057
1742986031.790070
1742986031.813691
1742986031.855274
1742986031.880401
1742986031.924978
1742986031.946852
1742986031.991808
1742986032.011845
1742986032.055039
1742986032.082018
1742986032.125473
1742986032.145224
1742986032.192075
1742986032.214221
1742986032.255179
1742986032.280687
1742986032.322422
1742986032.350726
1742986032.392311
1742986032.412192
1742986032.458085
1742986032.481148
1742986032.526368
1742986032.545749
1742986032.589812
1742986032.618065
1742986032.655999
1742986032.680614
1742986032.720049
1742986032.755322
1742986032.784456
1742986032.814457
1742986032.855689
1742986032.884054
1742986032.924554
1742986032.946175
1742986032.991552
1742986033.014714
1742986033.053763
1742986033.081528
1742986033.123549
1742986033.148984
1742986033.190847
1742986033.213636
1742986033.255671
1742986033.284362
1742986033.325357
1742986033.345904
1742986033.392904
1742986033.415715
1742986033.457135
1742986033.479742
1742986033.525594
1742986033.546972
1742986033.593911
1742986033.612710
1742986033.658921
1742986033.681715
1742986033.724851
1742986033.746926
1742986033.790510
1742986033.816019
1742986033.858407
1742986033.880244
1742986033.923515
1742986033.950707
1742986033.991950
1742986034.013668
1742986034.056059
1742986034.085785
1742986034.123342
1742986034.147614
1742986034.186826
1742986034.223656
1742986034.251840
1742986034.282726
1742986034.324991
1742986034.349387
1742986034.392830
1742986034.412996
1742986034.458805
1742986034.482997
1742986034.525042
1742986034.546420
1742986034.592636
1742986034.616928
1742986034.657618
1742986034.680244
1742986034.723630
1742986034.749640
1742986034.790103
1742986034.813317
1742986034.855337
1742986034.886499
1742986034.922771
1742986034.946544
1742986034.989606
1742986035.019068
1742986035.058371
1742986035.079920
1742986035.127246
1742986035.150151
1742986035.192135
1742986035.214470
1742986035.260259
1742986035.283880
1742986035.326051
1742986035.347601
1742986035.391570
1742986035.418638
1742986035.455320
1742986035.484562
1742986035.525252
1742986035.550142
1742986035.592209
1742986035.614191
1742986035.657095
1742986035.686178
1742986035.724324
1742986035.759696
1742986035.780669
1742986035.823096
1742986035.855254
1742986035.890449
1742986035.920948
1742986035.953194
1742986035.988242
1742986036.019441
1742986036.057074
1742986036.083958
1742986036.125648
1742986036.151570
1742986036.192805
1742986036.214015
1742986036.260733
1742986036.281658
1742986036.325554
1742986036.347444
1742986036.394984
1742986036.417568
1742986036.457597
1742986036.482166
1742986036.525449
1742986036.552008
1742986036.592469
1742986036.614181
1742986036.660746
1742986036.684954
1742986036.720611
1742986036.751839
1742986036.789068
1742986036.823380
1742986036.852572
1742986036.887020
1742986036.921851
1742986036.957179
1742986036.988180
1742986037.019777
1742986037.054684
1742986037.090775
1742986037.121206
1742986037.153636
1742986037.188682
1742986037.224693
1742986037.253878
1742986037.288831
1742986037.320191
1742986037.358812
1742986037.388061
1742986037.419775
1742986037.454727
1742986037.491364
1742986037.520729
1742986037.555823
1742986037.585836
1742986037.623539
1742986037.653301
1742986037.689284
1742986037.720006
1742986037.759764
1742986037.786878
1742986037.819343
1742986037.853446
1742986037.891166
1742986037.920001
1742986037.952892
1742986037.989760
1742986038.020015
1742986038.059494
1742986038.081399
1742986038.128980
1742986038.150779
1742986038.194844
1742986038.214780
1742986038.261135
1742986038.285794
1742986038.326614
1742986038.348196
1742986038.393514
1742986038.419503
1742986038.457789
1742986038.482874
1742986038.525159
1742986038.554540
1742986038.592337
1742986038.615518
1742986038.660158
1742986038.685820
1742986038.723808
1742986038.751303
1742986038.791704
1742986038.821010
1742986038.859379
1742986038.881809
1742986038.927390
1742986038.953079
1742986038.992880
1742986039.015256
1742986039.059908
1742986039.086599
1742986039.125277
1742986039.148696
1742986039.194035
1742986039.219894
1742986039.258950
1742986039.282311
1742986039.327345
1742986039.353538
1742986039.392353
1742986039.416427
1742986039.460855
1742986039.486145
1742986039.525817
1742986039.550265
1742986039.592508
1742986039.622023
1742986039.659268
1742986039.683023
1742986039.724973
1742986039.754997
1742986039.790843
1742986039.816073
1742986039.860210
1742986039.886208
1742986039.925102
1742986039.948862
1742986039.994732
1742986040.019249
1742986040.061058
1742986040.082214
1742986040.125256
1742986040.152725
1742986040.190891
1742986040.215592
1742986040.262390
1742986040.285499
1742986040.323070
1742986040.348964
1742986040.394892
1742986040.419891
1742986040.458474
1742986040.482542
1742986040.528575
1742986040.553309
1742986040.593146
1742986040.615990
1742986040.661470
1742986040.682744
1742986040.725944
1742986040.749243
1742986040.794011
1742986040.820671
1742986040.861691
1742986040.882906
1742986040.920283
1742986040.953428
1742986040.988486
1742986041.016234
1742986041.060479
1742986041.087459
1742986041.128755
1742986041.149511
1742986041.195305
1742986041.220514
1742986041.261977
1742986041.282908
1742986041.329741
1742986041.350191
1742986041.393089
1742986041.416478
1742986041.457699
1742986041.488828
1742986041.526456
1742986041.549878
1742986041.593037
1742986041.622558
1742986041.660256
1742986041.683161
1742986041.729336
1742986041.754322
1742986041.793565
1742986041.816945
1742986041.861853
1742986041.887494
1742986041.927119
1742986041.950040
1742986041.992666
1742986042.021984
1742986042.058379
1742986042.083190
1742986042.126456
1742986042.154643
1742986042.194437
1742986042.216606
1742986042.258838
1742986042.288537
1742986042.326938
1742986042.349975
1742986042.392869
1742986042.421916
1742986042.458831
1742986042.483381
1742986042.525929
1742986042.555532
1742986042.594726
1742986042.616774
1742986042.663123
1742986042.687008
1742986042.728321
1742986042.750264
1742986042.792051
1742986042.823971
1742986042.859627
1742986042.883775
1742986042.926535
1742986042.955798
1742986042.992857
1742986043.016979
1742986043.062002
1742986043.088075
1742986043.129299
1742986043.150451
1742986043.194806
1742986043.221684
1742986043.259470
1742986043.283836
1742986043.326795
1742986043.355733
1742986043.392549
1742986043.417278
1742986043.462312
1742986043.487722
1742986043.528731
1742986043.551010
1742986043.593023
1742986043.623550
1742986043.659967
1742986043.684594
1742986043.728934
1742986043.755042
1742986043.793945
1742986043.817458
1742986043.859771
1742986043.889901
1742986043.926151
1742986043.950881
1742986043.992872
1742986044.024570
1742986044.059466
1742986044.091796
1742986044.117498
1742986044.158304
1742986044.189977
1742986044.221833
1742986044.258937
1742986044.284479
1742986044.326971
1742986044.357009
1742986044.392435
1742986044.418186
1742986044.459374
1742986044.487034
1742986044.525416
1742986044.551265
1742986044.593926
1742986044.623024
1742986044.660648
1742986044.684582
1742986044.723795
1742986044.760527
1742986044.789277
1742986044.820933
1742986044.861208
1742986044.889950
1742986044.926292
1742986044.951315
1742986044.993259
1742986045.024763
1742986045.060250
1742986045.084574
1742986045.127038
1742986045.156310
1742986045.193072
1742986045.217923
1742986045.258590
1742986045.293639
1742986045.326428
1742986045.351585
1742986045.390743
1742986045.422585
1742986045.460935
1742986045.485590
1742986045.527234
1742986045.556659
1742986045.593073
1742986045.623252
1742986045.662430
1742986045.690109
1742986045.728895
1742986045.754124
1742986045.794911
1742986045.823727
1742986045.861583
1742986045.885408
1742986045.927278
1742986045.958011
1742986045.990603
1742986046.018520
1742986046.060515
1742986046.090476
1742986046.127331
1742986046.151796
1742986046.191500
1742986046.224568
1742986046.259598
1742986046.285675
1742986046.326988
1742986046.357147
1742986046.390600
1742986046.422459
1742986046.457610
1742986046.491903
1742986046.525884
1742986046.556330
1742986046.594585
1742986046.624106
1742986046.657872
1742986046.690356
1742986046.724099
1742986046.760160
1742986046.795666
1742986046.818977
1742986046.860053
1742986046.894227
1742986046.925112
1742986046.952700
1742986046.994095
1742986047.026324
1742986047.062139
1742986047.085643
1742986047.126774
1742986047.161345
1742986047.191187
1742986047.222366
1742986047.263416
1742986047.290802
1742986047.325974
1742986047.353020
1742986047.394093
1742986047.425163
1742986047.459740
1742986047.489709
1742986047.530206
1742986047.558667
1742986047.595506
1742986047.620920
1742986047.662815
1742986047.691250
1742986047.727245
1742986047.756385
1742986047.797321
1742986047.823883
1742986047.862740
1742986047.886325
1742986047.927653
1742986047.963147
1742986047.992633
1742986048.022819
1742986048.063393
1742986048.090916
1742986048.130744
1742986048.152977
1742986048.196056
1742986048.225160
1742986048.262884
1742986048.286619
1742986048.328023
1742986048.357691
1742986048.397882
1742986048.419748
1742986048.463677
1742986048.487978
1742986048.529431
1742986048.553644
1742986048.598538
1742986048.623415
1742986048.665014
1742986048.686565
1742986048.729087
1742986048.758264
1742986048.796716
1742986048.819948
1742986048.861433
1742986048.892533
1742986048.924408
1742986048.953681
1742986048.988250
1742986049.029275
1742986049.057254
1742986049.091083
1742986049.131661
1742986049.157080
1742986049.198190
1742986049.220063
1742986049.263209
1742986049.292819
1742986049.330794
1742986049.353822
1742986049.398219
1742986049.423768
1742986049.461957
1742986049.491376
1742986049.531517
1742986049.554733
1742986049.592070
1742986049.622300
1742986049.656167
1742986049.689707
1742986049.724299
1742986049.754490
1742986049.792488
1742986049.831307
1742986049.857079
1742986049.891997
1742986049.926953
1742986049.963062
1742986049.993072
1742986050.021658
1742986050.062279
1742986050.092652
1742986050.132553
1742986050.153737
1742986050.200100
1742986050.223256
1742986050.264494
1742986050.287208
1742986050.333195
1742986050.356728
1742986050.399912
1742986050.420583
1742986050.466395
1742986050.490101
1742986050.531427
1742986050.554046
1742986050.597314
1742986050.626741
1742986050.666011
1742986050.687455
1742986050.733183
1742986050.757334
1742986050.795175
1742986050.821179
1742986050.867026
1742986050.890017
1742986050.932229
1742986050.954104
1742986050.996468
1742986051.026409
1742986051.061482
1742986051.087855
1742986051.133925
1742986051.156928
1742986051.200330
1742986051.220913
1742986051.263766
1742986051.292887
1742986051.333018
1742986051.354403
1742986051.397686
1742986051.425542
1742986051.465939
1742986051.487928
1742986051.530656
1742986051.559208
1742986051.600021
1742986051.621202
1742986051.666294
1742986051.690567
1742986051.734107
1742986051.754651
1742986051.798256
1742986051.824806
1742986051.863284
1742986051.888648
1742986051.934676
1742986051.957336
1742986051.995894
1742986052.021707
1742986052.067167
1742986052.091238
1742986052.129544
1742986052.154890
1742986052.197762
1742986052.226978
1742986052.267783
1742986052.288236
1742986052.331379
1742986052.358710
1742986052.399112
1742986052.433148
1742986052.455180
1742986052.496876
1742986052.527953
1742986052.563840
1742986052.595452
1742986052.626875
1742986052.663200
1742986052.697987
1742986052.725208
1742986052.760728
1742986052.794290
1742986052.833227
1742986052.858536
1742986052.893858
1742986052.928003
1742986052.967142
1742986052.991475
1742986053.024519
1742986053.064563
1742986053.092757
1742986053.133579
1742986053.155617
1742986053.201901
1742986053.224317
1742986053.263625
1742986053.291437
1742986053.334860
1742986053.358283
1742986053.400798
1742986053.422294
1742986053.464871
1742986053.492897
1742986053.532065
1742986053.556330
1742986053.602498
1742986053.624404
1742986053.669290
1742986053.689215
1742986053.736243
1742986053.757919
1742986053.800974
1742986053.822849
1742986053.870104
1742986053.890566
1742986053.936228
1742986053.956079
1742986054.001689
1742986054.024878
1742986054.068235
1742986054.089324
1742986054.133184
1742986054.155981
1742986054.192415
1742986054.225563
1742986054.265457
1742986054.291730
1742986054.331115
1742986054.356238
1742986054.402156
1742986054.424595
1742986054.464422
1742986054.489918
1742986054.535875
1742986054.558289
1742986054.601078
1742986054.622979
1742986054.669531
1742986054.691331
1742986054.731257
1742986054.757748
1742986054.799501
1742986054.825626
1742986054.863666
1742986054.890176
1742986054.936170
1742986054.958211
1742986055.000781
1742986055.023051
1742986055.069558
1742986055.091485
1742986055.133608
1742986055.156714
1742986055.203300
1742986055.224863
1742986055.270050
1742986055.290186
1742986055.337395
1742986055.357801
1742986055.403968
1742986055.423485
1742986055.470989
1742986055.491332
1742986055.534132
1742986055.556797
1742986055.604101
1742986055.624719
1742986055.670854
1742986055.690273
1742986055.737625
1742986055.758134
1742986055.802897
1742986055.823633
1742986055.871159
1742986055.891240
1742986055.936034
1742986055.956890
1742986056.003232
1742986056.024873
1742986056.071160
1742986056.090491
1742986056.137737
1742986056.157281
1742986056.203372
1742986056.223690
1742986056.268357
1742986056.290538
1742986056.329179
1742986056.356893
1742986056.393615
1742986056.429829
1742986056.459647
1742986056.490579
1742986056.528600
1742986056.560063
1742986056.601801
1742986056.623776
1742986056.670812
1742986056.690943
1742986056.738253
1742986056.757489
1742986056.803706
1742986056.824894
1742986056.869484
1742986056.890778
1742986056.937487
1742986056.958409
1742986057.003668
1742986057.024250
1742986057.071419
1742986057.090891
1742986057.138250
1742986057.157616
1742986057.204495
1742986057.224330
1742986057.271311
1742986057.290981
1742986057.338276
1742986057.357928
1742986057.399825
1742986057.424296
1742986057.471795
1742986057.491430
1742986057.538574
1742986057.557730
1742986057.604738
1742986057.624866
1742986057.668329
1742986057.691179
1742986057.734387
1742986057.760054
1742986057.804454
1742986057.824501
1742986057.868655
1742986057.892346
1742986057.938959
1742986057.958103
1742986058.002574
1742986058.025566
1742986058.072184
1742986058.091452
1742986058.136149
1742986058.158969
1742986058.202453
1742986058.224623
1742986058.268279
1742986058.292336
1742986058.336036
1742986058.358088
1742986058.401430
1742986058.425856
1742986058.469189
1742986058.491472
1742986058.538865
1742986058.558310
1742986058.605285
1742986058.624967
1742986058.671750
1742986058.692139
1742986058.738914
1742986058.758493
1742986058.803034
1742986058.825716
1742986058.867527
1742986058.891777
1742986058.938383
1742986058.958804
1742986059.005986
1742986059.025272
1742986059.068621
1742986059.092924
1742986059.132745
1742986059.158657
1742986059.202139
1742986059.226322
1742986059.269444
1742986059.291983
1742986059.335617
1742986059.359281
1742986059.406167
1742986059.425547
1742986059.469082
1742986059.492656
1742986059.536122
1742986059.558712
1742986059.602959
1742986059.626224
1742986059.673047
1742986059.692260
1742986059.739797
1742986059.758993
1742986059.806009
1742986059.825813
1742986059.872896
1742986059.892502
1742986059.939656
1742986059.959125
1742986060.005617
1742986060.026102
1742986060.073304
1742986060.092409
1742986060.139077
1742986060.159190
1742986060.205561
1742986060.225765
1742986060.269152
1742986060.292787
1742986060.339870
1742986060.359215
1742986060.405275
1742986060.425934
1742986060.472940
1742986060.492591
1742986060.535924
1742986060.559778
1742986060.603364
1742986060.626036
1742986060.670222
1742986060.693099
1742986060.740658
1742986060.764942
1742986060.792728
1742986060.840279
1742986060.859838
1742986060.906987
1742986060.926874
1742986060.964133
1742986061.000288
1742986061.032756
1742986061.067634
1742986061.092750
1742986061.136269
1742986061.159694
1742986061.203121
1742986061.226119
1742986061.270173
1742986061.293422
1742986061.340187
1742986061.359681
1742986061.406907
1742986061.426875
1742986061.472650
1742986061.493209
1742986061.539265
1742986061.560351
1742986061.606022
1742986061.626643
1742986061.672811
1742986061.693854
1742986061.739749
1742986061.759969
1742986061.806942
1742986061.826971
1742986061.872258
1742986061.893272
1742986061.936668
1742986061.963978
1742986062.007597
1742986062.026750
1742986062.070554
1742986062.094098
1742986062.140586
1742986062.160321
1742986062.203750
1742986062.229812
1742986062.272416
1742986062.293914
1742986062.340969
1742986062.361235
1742986062.407308
1742986062.427025
1742986062.472547
1742986062.494363
1742986062.538840
1742986062.560164
1742986062.603677
1742986062.627760
1742986062.670135
1742986062.693548
1742986062.740006
1742986062.761368
1742986062.804570
1742986062.826975
1742986062.869452
1742986062.894617
1742986062.941682
1742986062.960289
1742986063.007874
1742986063.027108
1742986063.067500
1742986063.093601
1742986063.134355
1742986063.161414
1742986063.204733
1742986063.226938
1742986063.265309
1742986063.294973
1742986063.337260
1742986063.360327
1742986063.400910
1742986063.430335
1742986063.471569
1742986063.493815
1742986063.536638
1742986063.561692
1742986063.608877
1742986063.627275
1742986063.673012
1742986063.695419
1742986063.738671
1742986063.760691
1742986063.805390
1742986063.829114
1742986063.872212
1742986063.894042
1742986063.939142
1742986063.962394
1742986064.008498
1742986064.027583
1742986064.070003
1742986064.095302
1742986064.138503
1742986064.160836
1742986064.202267
1742986064.229412
1742986064.271853
1742986064.294220
1742986064.335777
1742986064.362921
1742986064.405645
1742986064.427619
1742986064.468376
1742986064.498756
1742986064.539096
1742986064.560959
1742986064.602562
1742986064.629411
1742986064.672220
1742986064.694438
1742986064.735865
1742986064.762756
1742986064.805015
1742986064.827734
1742986064.869393
1742986064.895400
1742986064.942320
1742986064.961321
1742986065.002055
1742986065.033201
1742986065.072166
1742986065.094495
1742986065.136915
1742986065.163652
1742986065.202978
1742986065.227974
1742986065.270873
1742986065.297456
1742986065.336498
1742986065.361453
1742986065.405949
1742986065.428883
1742986065.472576
1742986065.494919
1742986065.537922
1742986065.563872
1742986065.606723
1742986065.628198
1742986065.671321
1742986065.697041
1742986065.738935
1742986065.761458
1742986065.803948
1742986065.830635
1742986065.869438
1742986065.894853
1742986065.936317
1742986065.963929
1742986066.003110
1742986066.028309
1742986066.073004
1742986066.097915
1742986066.141160
1742986066.161848
1742986066.205022
1742986066.232470
1742986066.274286
1742986066.295227
1742986066.337684
1742986066.364964
1742986066.407817
1742986066.428649
1742986066.474145
1742986066.498213
1742986066.539530
1742986066.561959
1742986066.605336
1742986066.631820
1742986066.674982
1742986066.695571
1742986066.738977
1742986066.765894
1742986066.807758
1742986066.828884
1742986066.873733
1742986066.898558
1742986066.942270
1742986066.962307
1742986067.009452
1742986067.031598
1742986067.075498
1742986067.095767
1742986067.139673
1742986067.164524
1742986067.203945
1742986067.228996
1742986067.272378
1742986067.300059
1742986067.341948
1742986067.362516
1742986067.407104
1742986067.431737
1742986067.475310
1742986067.495841
1742986067.539227
1742986067.567044
1742986067.608434
1742986067.629409
1742986067.675435
1742986067.699937
1742986067.741902
1742986067.762728
1742986067.808931
1742986067.832186
1742986067.875787
1742986067.896011
1742986067.942078
1742986067.966120
1742986068.008123
1742986068.029516
1742986068.072719
1742986068.099948
1742986068.141911
1742986068.162817
1742986068.208480
1742986068.233516
1742986068.275503
1742986068.296225
1742986068.339437
1742986068.367830
1742986068.408937
1742986068.429676
1742986068.472676
1742986068.500051
1742986068.541738
1742986068.563153
1742986068.606457
1742986068.634153
1742986068.675803
1742986068.696622
1742986068.739750
1742986068.767670
1742986068.809123
1742986068.829949
1742986068.873275
1742986068.901120
1742986068.942964
1742986068.963236
1742986069.006157
1742986069.033981
1742986069.074844
1742986069.106074
1742986069.130203
1742986069.172962
1742986069.202346
1742986069.243184
1742986069.268213
1742986069.301546
1742986069.336242
1742986069.373870
1742986069.402220
1742986069.433275
1742986069.473465
1742986069.502241
1742986069.542499
1742986069.563841
1742986069.608234
1742986069.633382
1742986069.674844
1742986069.697159
1742986069.740811
1742986069.768207
1742986069.807290
1742986069.830521
1742986069.877734
1742986069.900288
1742986069.940737
