1753389838.607768
1753389838.707683
1753389838.740881
1753389838.774412
1753389838.807824
1753389838.840645
1753389838.873711
1753389838.907099
1753389838.940261
1753389838.977710
1753389839.008546
1753389839.041589
1753389839.080862
1753389839.114303
1753389839.148674
1753389839.182802
1753389839.212385
1753389839.248303
1753389839.282883
1753389839.316201
1753389839.352133
1753389839.386250
1753389839.421511
1753389839.453820
1753389839.489352
1753389839.519229
1753389839.555769
1753389839.585964
1753389839.622141
1753389839.652506
1753389839.686841
1753389839.720549
1753389839.755199
1753389839.786532
1753389839.822385
1753389839.852935
1753389839.886087
1753389839.914093
1753389839.948393
1753389839.982909
1753389840.017182
1753389840.049315
1753389840.076032
1753389840.108322
1753389840.146375
1753389840.180679
1753389840.211550
1753389840.241336
1753389840.282033
1753389840.309536
1753389840.345834
1753389840.374692
1753389840.414239
1753389840.444290
1753389840.479873
1753389840.507143
1753389840.542056
1753389840.579275
1753389840.611232
1753389840.641495
1753389840.680820
1753389840.712095
1753389840.750075
1753389840.774750
1753389840.815564
1753389840.842454
1753389840.883135
1753389840.908184
1753389840.947372
1753389840.978421
1753389841.010881
1753389841.041666
1753389841.081688
1753389841.114146
1753389841.147394
1753389841.176455
1753389841.213133
1753389841.247224
1753389841.280616
1753389841.308417
1753389841.342776
1753389841.379429
1753389841.412087
1753389841.441892
1753389841.478679
1753389841.507878
1753389841.545840
1753389841.575129
1753389841.614470
1753389841.645017
1753389841.680270
1753389841.708318
1753389841.746256
1753389841.780040
1753389841.814595
1753389841.841996
1753389841.880844
1753389841.912656
1753389841.946536
1753389841.975663
1753389842.016609
1753389842.045731
1753389842.081433
1753389842.108910
1753389842.149808
1753389842.179645
1753389842.215597
1753389842.242378
1753389842.279902
1753389842.316077
1753389842.346194
1753389842.379117
1753389842.414666
1753389842.449601
1753389842.479649
1753389842.508426
1753389842.545663
1753389842.580145
1753389842.618578
1753389842.642682
1753389842.680195
1753389842.716139
1753389842.747497
1753389842.777129
1753389842.815653
1753389842.846739
1753389842.882957
1753389842.909472
1753389842.948945
1753389842.982022
1753389843.016672
1753389843.042807
1753389843.082731
1753389843.116180
1753389843.146607
1753389843.176233
1753389843.214347
1753389843.250000
1753389843.279609
1753389843.309442
1753389843.350528
1753389843.379352
1753389843.419208
1753389843.442910
1753389843.483671
1753389843.509169
1753389843.550467
1753389843.576428
1753389843.621453
1753389843.645414
1753389843.680613
1753389843.711891
1753389843.753806
1753389843.778992
1753389843.816007
1753389843.845034
1753389843.881098
1753389843.912525
1753389843.948175
1753389843.979849
1753389844.016411
1753389844.049711
1753389844.082997
1753389844.112000
1753389844.154277
1753389844.181489
1753389844.217853
1753389844.244154
1753389844.283336
1753389844.317881
1753389844.348600
1753389844.377027
1753389844.418727
1753389844.445959
1753389844.485450
1753389844.509630
1753389844.550119
1753389844.583346
1753389844.617561
1753389844.645589
1753389844.681265
1753389844.721735
1753389844.746314
1753389844.780855
1753389844.815886
1753389844.850465
1753389844.881046
1753389844.911644
1753389844.947718
1753389844.985867
1753389845.014115
1753389845.047739
1753389845.081619
1753389845.119383
1753389845.147402
1753389845.181314
1753389845.217012
1753389845.252487
1753389845.281875
1753389845.312905
1753389845.350265
1753389845.385740
1753389845.414629
1753389845.448738
1753389845.482957
1753389845.514104
1753389845.549724
1753389845.580364
1753389845.617137
1753389845.647647
1753389845.684220
1753389845.712604
1753389845.748703
1753389845.786247
1753389845.814005
1753389845.847401
1753389845.882427
1753389845.916897
1753389845.950660
1753389845.980866
1753389846.019977
1753389846.047589
1753389846.089923
1753389846.111172
1753389846.154179
1753389846.180658
1753389846.217916
1753389846.247269
1753389846.283963
1753389846.320191
1753389846.347487
1753389846.384295
1753389846.413614
1753389846.455827
1753389846.480024
1753389846.515598
1753389846.550666
1753389846.581824
1753389846.623202
1753389846.645173
1753389846.682875
1753389846.720004
1753389846.747486
1753389846.782566
1753389846.814561
1753389846.855836
1753389846.880276
1753389846.916414
1753389846.950374
1753389846.984324
1753389847.015362
1753389847.050329
1753389847.085453
1753389847.118507
1753389847.153201
1753389847.179950
1753389847.217301
1753389847.249199
1753389847.287902
1753389847.311984
1753389847.350764
1753389847.387161
1753389847.414219
1753389847.448486
1753389847.484452
1753389847.513572
1753389847.558445
1753389847.578699
1753389847.622936
1753389847.647050
1753389847.683368
1753389847.714877
1753389847.752144
1753389847.786234
1753389847.816819
1753389847.849941
1753389847.885028
1753389847.918263
1753389847.948844
1753389847.988299
1753389848.013531
1753389848.055055
1753389848.081645
1753389848.122934
1753389848.145966
1753389848.184509
1753389848.223815
1753389848.245880
1753389848.285313
1753389848.318038
1753389848.351015
1753389848.387311
1753389848.413210
1753389848.455499
1753389848.481641
1753389848.516837
1753389848.545994
1753389848.588930
1753389848.614089
1753389848.651389
1753389848.683101
1753389848.721984
1753389848.746379
1753389848.785699
1753389848.814792
1753389848.852335
1753389848.880826
1753389848.919081
1753389848.948731
1753389848.985502
1753389849.014839
1753389849.054811
1753389849.081504
1753389849.113935
1753389849.156864
1753389849.180764
1753389849.221950
1753389849.247412
1753389849.286246
1753389849.315493
1753389849.357962
1753389849.380269
1753389849.420041
1753389849.454505
1753389849.482559
1753389849.519326
1753389849.546562
1753389849.584312
1753389849.626144
1753389849.646935
1753389849.684531
1753389849.724832
1753389849.747533
1753389849.789000
1753389849.814072
1753389849.856199
1753389849.882273
1753389849.924080
1753389849.946887
1753389849.988516
1753389850.015853
1753389850.058114
1753389850.080532
1753389850.123787
1753389850.147964
1753389850.190472
1753389850.213675
1753389850.256887
1753389850.281405
1753389850.322945
1753389850.347564
1753389850.388782
1753389850.417223
1753389850.457437
1753389850.480381
1753389850.516374
1753389850.558641
1753389850.580594
1753389850.623867
1753389850.647925
1753389850.689335
1753389850.713743
1753389850.759937
1753389850.780826
1753389850.822190
1753389850.847177
1753389850.889078
1753389850.917222
1753389850.959313
1753389850.980734
1753389851.019088
1753389851.052579
1753389851.082509
1753389851.122921
1753389851.147705
1753389851.189735
1753389851.217392
1753389851.254024
1753389851.281335
1753389851.324023
1753389851.349842
1753389851.386931
1753389851.414611
1753389851.456168
1753389851.483539
1753389851.515370
1753389851.556737
1753389851.581315
1753389851.623656
1753389851.647764
1753389851.689648
1753389851.718897
1753389851.755183
1753389851.781376
1753389851.822657
1753389851.852620
1753389851.892938
1753389851.913956
1753389851.961226
1753389851.980957
1753389852.022035
1753389852.048093
1753389852.090486
1753389852.116576
1753389852.158042
1753389852.181219
1753389852.224994
1753389852.248591
1753389852.291417
1753389852.314860
1753389852.355871
1753389852.388678
1753389852.423654
1753389852.448155
1753389852.491816
1753389852.513572
1753389852.556021
1753389852.581698
1753389852.622208
1753389852.650665
1753389852.682773
1753389852.718644
1753389852.753843
1753389852.790643
1753389852.815628
1753389852.857595
1753389852.881472
1753389852.924741
1753389852.948511
1753389852.993821
1753389853.015254
1753389853.059305
1753389853.081864
1753389853.125580
1753389853.148593
1753389853.192516
1753389853.215218
1753389853.256769
1753389853.281651
1753389853.325485
1753389853.348536
1753389853.391748
1753389853.415320
1753389853.457846
1753389853.484185
1753389853.519768
1753389853.551546
1753389853.594323
1753389853.615124
1753389853.656255
1753389853.681744
1753389853.724643
1753389853.751533
1753389853.789899
1753389853.815256
1753389853.858151
1753389853.885290
1753389853.918192
1753389853.956880
1753389853.986209
1753389854.017104
1753389854.057713
1753389854.082075
1753389854.125060
1753389854.149635
1753389854.186943
1753389854.218380
1753389854.261434
1753389854.282377
1753389854.323181
1753389854.348840
1753389854.392120
1753389854.415714
1753389854.456742
1753389854.482487
1753389854.520961
1753389854.557953
1753389854.582674
1753389854.626393
1753389854.649436
1753389854.692086
1753389854.716267
1753389854.761645
1753389854.782728
1753389854.824045
1753389854.849772
1753389854.892552
1753389854.917344
1753389854.961221
1753389854.983193
1753389855.024797
1753389855.052955
1753389855.094771
1753389855.116531
1753389855.158775
1753389855.187548
1753389855.228359
1753389855.250064
1753389855.293572
1753389855.317962
1753389855.360826
1753389855.383112
1753389855.425812
1753389855.451641
1753389855.494185
1753389855.515348
1753389855.558482
1753389855.585205
1753389855.628486
1753389855.650143
1753389855.693710
1753389855.717028
1753389855.759511
1753389855.783105
1753389855.826964
1753389855.850733
1753389855.893950
1753389855.918204
1753389855.960945
1753389855.984146
1753389856.026600
1753389856.050443
1753389856.093450
1753389856.121424
1753389856.161822
1753389856.184656
1753389856.227253
1753389856.250840
1753389856.292950
1753389856.317832
1753389856.360731
1753389856.384418
1753389856.423194
1753389856.450624
1753389856.493644
1753389856.515543
1753389856.558809
1753389856.584744
1753389856.626574
1753389856.654695
1753389856.695315
1753389856.717868
1753389856.761827
1753389856.784920
1753389856.827383
1753389856.858795
1753389856.883349
1753389856.925149
1753389856.952033
1753389856.988319
1753389857.020249
1753389857.055711
1753389857.084587
1753389857.125329
1753389857.157653
1753389857.184986
1753389857.227554
1753389857.251128
1753389857.294941
1753389857.318589
1753389857.361018
1753389857.386191
1753389857.429611
1753389857.451565
1753389857.493997
1753389857.517660
1753389857.560909
1753389857.585827
1753389857.628235
1753389857.651612
1753389857.694922
1753389857.718649
1753389857.756494
1753389857.795035
1753389857.820475
1753389857.862214
1753389857.885177
1753389857.925355
1753389857.957211
1753389857.989433
1753389858.024029
1753389858.060611
1753389858.089995
1753389858.119905
1753389858.161435
1753389858.186073
1753389858.228325
1753389858.251789
1753389858.294338
1753389858.321620
1753389858.362838
1753389858.385219
1753389858.426762
1753389858.457173
1753389858.494081
1753389858.517391
1753389858.560212
1753389858.591395
1753389858.627042
1753389858.653411
1753389858.695027
1753389858.719408
1753389858.761586
1753389858.784723
1753389858.829550
1753389858.853425
1753389858.896080
1753389858.917777
1753389858.961028
1753389858.986747
1753389859.028491
1753389859.050834
1753389859.094759
1753389859.119832
1753389859.156674
1753389859.184382
1753389859.229171
1753389859.253258
1753389859.295933
1753389859.318136
1753389859.362955
1753389859.387404
1753389859.428183
1753389859.451842
1753389859.493692
1753389859.518644
1753389859.561286
1753389859.586348
1753389859.627152
1753389859.658170
1753389859.694682
1753389859.720422
1753389859.761778
1753389859.786117
1753389859.828442
1753389859.854045
1753389859.895284
1753389859.921495
1753389859.962562
1753389859.987657
1753389860.028340
1753389860.056934
1753389860.094465
1753389860.122009
1753389860.158557
1753389860.193912
1753389860.227182
1753389860.254840
1753389860.295426
1753389860.324249
1753389860.361199
1753389860.387135
1753389860.428144
1753389860.458399
1753389860.494316
1753389860.518727
1753389860.561905
1753389860.591751
1753389860.627884
1753389860.655224
1753389860.695331
1753389860.725645
1753389860.761827
1753389860.787061
1753389860.829290
1753389860.854231
1753389860.895674
1753389860.921133
1753389860.962394
1753389860.989240
1753389861.029325
1753389861.052400
1753389861.094937
1753389861.124430
1753389861.161393
1753389861.187696
1753389861.225429
1753389861.261241
1753389861.292106
1753389861.322828
1753389861.360843
1753389861.393403
1753389861.428098
1753389861.454145
1753389861.495930
1753389861.519684
1753389861.562048
1753389861.586125
1753389861.628194
1753389861.658476
1753389861.694975
1753389861.719747
1753389861.761490
1753389861.790936
1753389861.829785
1753389861.853087
1753389861.895158
1753389861.919175
1753389861.962369
1753389861.987376
1753389862.028669
1753389862.056440
1753389862.094623
1753389862.120910
1753389862.162295
1753389862.192027
1753389862.228312
1753389862.253646
1753389862.295421
1753389862.324612
1753389862.362072
1753389862.389092
1753389862.426564
1753389862.459711
1753389862.495235
1753389862.518630
1753389862.561602
1753389862.591066
1753389862.628751
1753389862.652052
1753389862.689710
1753389862.720523
1753389862.761790
1753389862.790813
1753389862.826519
1753389862.861096
1753389862.894807
1753389862.923368
1753389862.963300
1753389862.993743
1753389863.029171
1753389863.057668
1753389863.094328
1753389863.125838
1753389863.162634
1753389863.188688
1753389863.229466
1753389863.259739
1753389863.295662
1753389863.322569
1753389863.362664
1753389863.393081
1753389863.428836
1753389863.454458
1753389863.495837
1753389863.521656
1753389863.562223
1753389863.588799
1753389863.629836
1753389863.659375
1753389863.695616
1753389863.723169
1753389863.763459
1753389863.792443
1753389863.829618
1753389863.855409
1753389863.896117
1753389863.924515
1753389863.962538
1753389863.987884
1753389864.029030
1753389864.060283
1753389864.095911
1753389864.121459
1753389864.162723
1753389864.193652
1753389864.229118
1753389864.255509
1753389864.296393
1753389864.324774
1753389864.363200
1753389864.390530
1753389864.428075
1753389864.461643
1753389864.495983
1753389864.520791
1753389864.562961
1753389864.593237
1753389864.628593
1753389864.658397
1753389864.694592
1753389864.726621
1753389864.762312
1753389864.791835
1753389864.827798
1753389864.861045
1753389864.895813
1753389864.925585
1753389864.961052
1753389864.996178
1753389865.026554
1753389865.061672
1753389865.092468
1753389865.130150
1753389865.160895
1753389865.196821
1753389865.220855
1753389865.262744
1753389865.294011
1753389865.329688
1753389865.360841
1753389865.395801
1753389865.425435
1753389865.464361
1753389865.494736
1753389865.522798
1753389865.563114
1753389865.594443
1753389865.629320
1753389865.660260
1753389865.694073
1753389865.727930
1753389865.763511
1753389865.792197
1753389865.828824
1753389865.857404
1753389865.895488
1753389865.926073
1753389865.961785
1753389865.996712
1753389866.027780
1753389866.059172
1753389866.094599
1753389866.128801
1753389866.162060
1753389866.190271
1753389866.228120
1753389866.262688
1753389866.292880
1753389866.325851
1753389866.362163
1753389866.395474
1753389866.427662
1753389866.458668
1753389866.494896
1753389866.528584
1753389866.563636
1753389866.592454
1753389866.629265
1753389866.662787
1753389866.695409
1753389866.726405
1753389866.762354
1753389866.794876
1753389866.829650
1753389866.859415
1753389866.895317
1753389866.925526
1753389866.965140
1753389866.991948
1753389867.029256
1753389867.063332
1753389867.094491
1753389867.125844
1753389867.163847
1753389867.195084
1753389867.229974
1753389867.258875
1753389867.295987
1753389867.328541
1753389867.363706
1753389867.392274
1753389867.430505
1753389867.461773
1753389867.496311
1753389867.522575
1753389867.563549
1753389867.595393
1753389867.628670
1753389867.660609
1753389867.695961
1753389867.729488
1753389867.762127
1753389867.795622
1753389867.827631
1753389867.863048
1753389867.896542
1753389867.928319
1753389867.960997
1753389867.997006
1753389868.030452
1753389868.060786
1753389868.095763
1753389868.129756
1753389868.157569
1753389868.197507
1753389868.226899
1753389868.262459
1753389868.296169
1753389868.327259
1753389868.362188
1753389868.394715
1753389868.429678
1753389868.460527
1753389868.495039
1753389868.528846
1753389868.561846
1753389868.594998
1753389868.626009
1753389868.663156
1753389868.696478
1753389868.727731
1753389868.761073
1753389868.795934
1753389868.827476
1753389868.860698
1753389868.895411
1753389868.927322
1753389868.963240
1753389868.994010
1753389869.028375
1753389869.063723
1753389869.097328
1753389869.126471
1753389869.163591
1753389869.195719
1753389869.226887
1753389869.257164
1753389869.297898
1753389869.328065
1753389869.363171
1753389869.394073
1753389869.429348
1753389869.462742
1753389869.495946
1753389869.524171
1753389869.563514
1753389869.597677
1753389869.631172
1753389869.661207
1753389869.696489
1753389869.729167
1753389869.763331
1753389869.794647
1753389869.830027
1753389869.864619
1753389869.894382
1753389869.928488
1753389869.963010
1753389869.996827
1753389870.029296
1753389870.062142
1753389870.095325
1753389870.128403
1753389870.163837
1753389870.193993
1753389870.230210
1753389870.264075
1753389870.298591
1753389870.327884
1753389870.363452
1753389870.396738
1753389870.429837
1753389870.461271
1753389870.496179
1753389870.529960
1753389870.563683
1753389870.597718
1753389870.628114
1753389870.663338
1753389870.697058
1753389870.728495
1753389870.762701
1753389870.796264
1753389870.830622
1753389870.861294
1753389870.895827
1753389870.929433
1753389870.963602
1753389870.994873
1753389871.028155
1753389871.063156
1753389871.097292
1753389871.127455
1753389871.162961
1753389871.197644
1753389871.231720
1753389871.261828
1753389871.297227
1753389871.331211
1753389871.365442
1753389871.394794
1753389871.430166
1753389871.464668
1753389871.497468
1753389871.524651
1753389871.564618
1753389871.594753
1753389871.630025
1753389871.661809
1753389871.695089
1753389871.730203
1753389871.764048
1753389871.795343
1753389871.830049
1753389871.864160
1753389871.897072
1753389871.927863
1753389871.962325
1753389871.997404
1753389872.030465
1753389872.061626
1753389872.095610
1753389872.128721
1753389872.163644
1753389872.195305
1753389872.230253
1753389872.265019
1753389872.296325
1753389872.328583
1753389872.363215
1753389872.397563
1753389872.432526
1753389872.461863
1753389872.496344
1753389872.530256
1753389872.564809
1753389872.592619
1753389872.633245
1753389872.662524
1753389872.697218
1753389872.729840
1753389872.764396
1753389872.798903
1753389872.831835
1753389872.861761
1753389872.898749
1753389872.930930
1753389872.965720
1753389872.995272
1753389873.028244
1753389873.064673
1753389873.099619
1753389873.129057
1753389873.165222
1753389873.196457
1753389873.231420
1753389873.262297
1753389873.296793
1753389873.332085
1753389873.360993
1753389873.396725
1753389873.431312
1753389873.466494
1753389873.495898
1753389873.531277
1753389873.558438
1753389873.599144
1753389873.630290
1753389873.663683
1753389873.694319
1753389873.725963
1753389873.765745
1753389873.796056
1753389873.831618
1753389873.862347
1753389873.896737
1753389873.930408
1753389873.964395
1753389873.997752
1753389874.028354
1753389874.065224
1753389874.098914
1753389874.128998
1753389874.164315
1753389874.199578
1753389874.230544
1753389874.262478
1753389874.297882
1753389874.332951
1753389874.363661
1753389874.397053
1753389874.432365
1753389874.467403
1753389874.494327
1753389874.529994
1753389874.564163
1753389874.598896
1753389874.632315
1753389874.660795
1753389874.696956
1753389874.732185
1753389874.763248
1753389874.797848
1753389874.830112
1753389874.865102
1753389874.899380
1753389874.929070
1753389874.964204
1753389874.995875
1753389875.035959
1753389875.060219
1753389875.101050
1753389875.130243
1753389875.165726
1753389875.193169
1753389875.233538
1753389875.263156
1753389875.299520
1753389875.326784
1753389875.367392
1753389875.396060
1753389875.432130
1753389875.462453
1753389875.497331
1753389875.530739
1753389875.566199
1753389875.596156
1753389875.635128
1753389875.664575
1753389875.700436
1753389875.729667
1753389875.763445
1753389875.797233
1753389875.828202
1753389875.865311
1753389875.897120
1753389875.929521
1753389875.966738
1753389875.995371
1753389876.036181
1753389876.063066
1753389876.101997
1753389876.128334
1753389876.164518
1753389876.199534
1753389876.230779
1753389876.261417
1753389876.297207
1753389876.328632
1753389876.364463
1753389876.399835
1753389876.429682
1753389876.465938
1753389876.496911
1753389876.531434
1753389876.565301
1753389876.595938
1753389876.636175
1753389876.662364
1753389876.699216
1753389876.731216
1753389876.767250
1753389876.794839
1753389876.833212
1753389876.867044
1753389876.897359
1753389876.930649
1753389876.966278
1753389877.001157
1753389877.032110
1753389877.064642
1753389877.099201
1753389877.133568
1753389877.165452
1753389877.197853
1753389877.233106
1753389877.264255
1753389877.300987
1753389877.329965
1753389877.365754
1753389877.398056
1753389877.433435
1753389877.463249
1753389877.497781
1753389877.533089
1753389877.571568
1753389877.595443
1753389877.637003
1753389877.664094
1753389877.704566
1753389877.729791
1753389877.766969
1753389877.800964
1753389877.832509
1753389877.866024
1753389877.899727
1753389877.932203
1753389877.969513
1753389877.997625
1753389878.031962
1753389878.068905
1753389878.097382
1753389878.134669
1753389878.163208
1753389878.202152
1753389878.230816
1753389878.265993
1753389878.297213
1753389878.334395
1753389878.364893
1753389878.396240
1753389878.434441
1753389878.466129
1753389878.499088
1753389878.528006
1753389878.569967
1753389878.596582
1753389878.633036
1753389878.662825
1753389878.699361
1753389878.732508
1753389878.771051
1753389878.794489
1753389878.835291
1753389878.862836
1753389878.899343
1753389878.929598
1753389878.966589
1753389878.998627
1753389879.031278
1753389879.066614
1753389879.097729
1753389879.134714
1753389879.171483
1753389879.194462
1753389879.232644
1753389879.271569
1753389879.294829
1753389879.329661
1753389879.367152
1753389879.403579
1753389879.431159
1753389879.469941
1753389879.496896
1753389879.535099
1753389879.570309
1753389879.596729
1753389879.637322
1753389879.664710
1753389879.702154
1753389879.730348
1753389879.767520
1753389879.799566
1753389879.838527
1753389879.861512
1753389879.907917
1753389879.929708
1753389879.966012
1753389879.997638
1753389880.030888
1753389880.068333
1753389880.099948
1753389880.134322
1753389880.164744
1753389880.203496
1753389880.231064
1753389880.268416
1753389880.298206
1753389880.335831
1753389880.366968
1753389880.397665
1753389880.436999
1753389880.464812
1753389880.499569
1753389880.531954
1753389880.567014
1753389880.605037
1753389880.631528
1753389880.672139
1753389880.696071
1753389880.734443
1753389880.773544
1753389880.796733
1753389880.836560
1753389880.866831
1753389880.905681
1753389880.930283
1753389880.968345
1753389881.000431
1753389881.040411
1753389881.062870
1753389881.100761
1753389881.140916
1753389881.164012
1753389881.201698
1753389881.232401
1753389881.273048
1753389881.297234
1753389881.339943
1753389881.362947
1753389881.407772
1753389881.430716
1753389881.466284
1753389881.498307
1753389881.535917
1753389881.566402
1753389881.598132
1753389881.633584
1753389881.670889
1753389881.698040
1753389881.731507
1753389881.772082
1753389881.797631
1753389881.839295
1753389881.873914
1753389881.896128
1753389881.940521
1753389881.964057
1753389882.006026
1753389882.031111
1753389882.070100
1753389882.097737
1753389882.139184
1753389882.165794
1753389882.204613
1753389882.231098
1753389882.273821
1753389882.297512
1753389882.334964
1753389882.366895
1753389882.409072
1753389882.430717
1753389882.468581
1753389882.497433
1753389882.537856
1753389882.565882
1753389882.605178
1753389882.630693
1753389882.670050
1753389882.704529
1753389882.731313
1753389882.768499
1753389882.801453
1753389882.841708
1753389882.863462
1753389882.906809
1753389882.931179
1753389882.970827
1753389882.997869
1753389883.033446
1753389883.075353
1753389883.097897
1753389883.138952
1753389883.164237
1753389883.207535
1753389883.231060
1753389883.274046
1753389883.296777
1753389883.344252
1753389883.364130
1753389883.403311
1753389883.431072
1753389883.473036
1753389883.499244
1753389883.532978
1753389883.571843
1753389883.598999
1753389883.639694
1753389883.663805
1753389883.706485
1753389883.731520
1753389883.773957
1753389883.797156
1753389883.839857
1753389883.864694
1753389883.907301
1753389883.930669
1753389883.972134
1753389883.998533
1753389884.038460
1753389884.063736
1753389884.111191
1753389884.130509
1753389884.174219
1753389884.197163
1753389884.239772
1753389884.265198
1753389884.306837
1753389884.330541
1753389884.372075
1753389884.398557
1753389884.440226
1753389884.464057
1753389884.499019
1753389884.537789
1753389884.565197
1753389884.606947
1753389884.630452
1753389884.667578
1753389884.699337
1753389884.735845
1753389884.765135
1753389884.807194
1753389884.832042
1753389884.870061
1753389884.898057
1753389884.939849
1753389884.965613
1753389885.006269
1753389885.030767
1753389885.073459
1753389885.099858
1753389885.135057
1753389885.171147
1753389885.201031
1753389885.242530
1753389885.264398
1753389885.304842
1753389885.337170
1753389885.368678
1753389885.398236
1753389885.438806
1753389885.465795
1753389885.503464
1753389885.531944
1753389885.574159
1753389885.598417
1753389885.639454
1753389885.664924
1753389885.707514
1753389885.731598
1753389885.773421
1753389885.798271
1753389885.840529
1753389885.865879
1753389885.908753
1753389885.931132
1753389885.977335
1753389885.998075
1753389886.037862
1753389886.065443
1753389886.108561
1753389886.131555
1753389886.174133
1753389886.198337
1753389886.240876
1753389886.266750
1753389886.309793
1753389886.331657
1753389886.369982
1753389886.402091
1753389886.434575
1753389886.470067
1753389886.500330
1753389886.535504
1753389886.567278
1753389886.604055
1753389886.633183
1753389886.669555
1753389886.701460
1753389886.737916
1753389886.765032
1753389886.802542
1753389886.834719
1753389886.870956
1753389886.898959
1753389886.936342
1753389886.970351
1753389886.998640
1753389887.034284
1753389887.071232
1753389887.108381
1753389887.132255
1753389887.175236
1753389887.200497
1753389887.243513
1753389887.265345
1753389887.311757
1753389887.332187
1753389887.374939
1753389887.398972
1753389887.441284
1753389887.468330
1753389887.505234
1753389887.532576
1753389887.575058
1753389887.599096
1753389887.641606
1753389887.666173
1753389887.709387
1753389887.732451
1753389887.775761
1753389887.799276
1753389887.841433
1753389887.868838
1753389887.910636
1753389887.931713
1753389887.975807
1753389888.003915
1753389888.039246
1753389888.073402
1753389888.099498
1753389888.142900
1753389888.168510
1753389888.210293
1753389888.233121
1753389888.275276
1753389888.303008
1753389888.338482
1753389888.367463
1753389888.410695
1753389888.432715
1753389888.475218
1753389888.499189
1753389888.540734
1753389888.569789
1753389888.599423
1753389888.640665
1753389888.668983
1753389888.710022
1753389888.732840
1753389888.775773
1753389888.801296
1753389888.844808
1753389888.866090
1753389888.908260
1753389888.934051
1753389888.977493
1753389888.999672
1753389889.039297
1753389889.075849
1753389889.104890
1753389889.137331
1753389889.170117
1753389889.211713
1753389889.233554
1753389889.275869
1753389889.300696
1753389889.339480
1753389889.370810
1753389889.401180
1753389889.441767
1753389889.472367
1753389889.504736
1753389889.534921
1753389889.577256
1753389889.600418
1753389889.644425
1753389889.667228
1753389889.711711
1753389889.733970
1753389889.777508
1753389889.800485
1753389889.845346
1753389889.867187
1753389889.909725
1753389889.932792
1753389889.978625
1753389890.001031
1753389890.039783
1753389890.067891
1753389890.108790
1753389890.137512
1753389890.178425
1753389890.206907
1753389890.233313
1753389890.278180
1753389890.301471
1753389890.344415
1753389890.368430
1753389890.411092
1753389890.433419
1753389890.477486
1753389890.501244
1753389890.540866
1753389890.568569
1753389890.610899
1753389890.636773
1753389890.675236
1753389890.701604
1753389890.744204
1753389890.770815
1753389890.811309
1753389890.835124
1753389890.877710
1753389890.902145
1753389890.943268
1753389890.968683
1753389891.012051
1753389891.034247
1753389891.076680
1753389891.101409
1753389891.144918
1753389891.168885
1753389891.211314
1753389891.234604
1753389891.278050
1753389891.302490
1753389891.344585
1753389891.368379
1753389891.411295
1753389891.435587
1753389891.477901
1753389891.500711
1753389891.542227
1753389891.571523
1753389891.605973
1753389891.640062
1753389891.677656
1753389891.706272
1753389891.740265
1753389891.773195
1753389891.812222
1753389891.837390
1753389891.878415
1753389891.902831
1753389891.945460
1753389891.970020
1753389892.011224
1753389892.036892
1753389892.077674
1753389892.106836
1753389892.138536
1753389892.177750
1753389892.204002
1753389892.245780
1753389892.268835
1753389892.311512
1753389892.338176
1753389892.378800
1753389892.401471
1753389892.445908
1753389892.469651
1753389892.507852
1753389892.538141
1753389892.578272
1753389892.606751
1753389892.645675
1753389892.670479
1753389892.711180
1753389892.739868
1753389892.779125
1753389892.804163
1753389892.845094
1753389892.870925
1753389892.911521
1753389892.935171
1753389892.977666
1753389893.003778
1753389893.044113
1753389893.070949
1753389893.111626
1753389893.140781
1753389893.177792
1753389893.204474
1753389893.245742
1753389893.270113
1753389893.312892
1753389893.337591
1753389893.378851
1753389893.407024
1753389893.444750
1753389893.470383
1753389893.507294
1753389893.541309
1753389893.578365
1753389893.602731
1753389893.644685
1753389893.674154
1753389893.710608
1753389893.738451
1753389893.776965
1753389893.810020
1753389893.844043
1753389893.871518
1753389893.911243
1753389893.940483
1753389893.978146
1753389894.005441
1753389894.043076
1753389894.072781
1753389894.112998
1753389894.137229
1753389894.178615
1753389894.205139
1753389894.245679
1753389894.271116
1753389894.311559
1753389894.339662
1753389894.378568
1753389894.403911
1753389894.444709
1753389894.475328
1753389894.506165
1753389894.539829
1753389894.575761
1753389894.611554
1753389894.640879
1753389894.669583
1753389894.709530
1753389894.744140
1753389894.777114
1753389894.804286
1753389894.844231
1753389894.877720
1753389894.910104
1753389894.937128
1753389894.978751
1753389895.007950
1753389895.044991
1753389895.073638
1753389895.109349
1753389895.144619
1753389895.175715
1753389895.208317
1753389895.240894
1753389895.278483
1753389895.309637
1753389895.339226
1753389895.378972
1753389895.406502
1753389895.447132
1753389895.471176
1753389895.508782
1753389895.543612
1753389895.578709
1753389895.606222
1753389895.640611
1753389895.672183
1753389895.706678
1753389895.737982
1753389895.778501
1753389895.808067
1753389895.844802
1753389895.873665
1753389895.910771
1753389895.945115
1753389895.975286
1753389896.007104
1753389896.041211
1753389896.078744
1753389896.108736
1753389896.140853
1753389896.176560
1753389896.212325
1753389896.243033
1753389896.273899
1753389896.310679
1753389896.345249
1753389896.377029
1753389896.407618
1753389896.444488
1753389896.478755
1753389896.505707
1753389896.545325
1753389896.572809
1753389896.613682
1753389896.639489
1753389896.678848
1753389896.704561
1753389896.747474
1753389896.774248
1753389896.809826
1753389896.840304
1753389896.877548
1753389896.910933
1753389896.938810
1753389896.978782
1753389897.008208
1753389897.044112
1753389897.072151
1753389897.112761
1753389897.142897
1753389897.178926
1753389897.202577
1753389897.247284
1753389897.271148
1753389897.312544
1753389897.339604
1753389897.379069
1753389897.409943
1753389897.446429
1753389897.470488
1753389897.508561
1753389897.545141
1753389897.577601
1753389897.604804
1753389897.646280
1753389897.675974
1753389897.712169
1753389897.738583
1753389897.779490
1753389897.809995
1753389897.846026
1753389897.873742
1753389897.912285
1753389897.945234
1753389897.978644
1753389898.006516
1753389898.046026
1753389898.076614
1753389898.109526
1753389898.143556
1753389898.177749
1753389898.212824
1753389898.244535
1753389898.275510
1753389898.311046
1753389898.346384
1753389898.376497
1753389898.410726
1753389898.441379
1753389898.481331
1753389898.504985
1753389898.545358
1753389898.570774
1753389898.612836
1753389898.642533
1753389898.679976
1753389898.710803
1753389898.742864
1753389898.776222
1753389898.812418
1753389898.844104
1753389898.874940
1753389898.910969
1753389898.945033
1753389898.977839
1753389899.005040
1753389899.045945
1753389899.077115
1753389899.112599
1753389899.138265
1753389899.179461
1753389899.208011
1753389899.246805
1753389899.274311
1753389899.311471
1753389899.346192
1753389899.377911
1753389899.408326
1753389899.441974
1753389899.473611
1753389899.504879
1753389899.545644
1753389899.575528
1753389899.612671
1753389899.645755
1753389899.675211
1753389899.712058
1753389899.746518
1753389899.778346
1753389899.809298
1753389899.845729
1753389899.880499
1753389899.911148
1753389899.942800
1753389899.978817
1753389900.007818
1753389900.046530
1753389900.075779
1753389900.112667
1753389900.145180
1753389900.180062
1753389900.208691
1753389900.245170
1753389900.280256
1753389900.311823
1753389900.343180
1753389900.378385
1753389900.413660
1753389900.446527
1753389900.476385
1753389900.508008
1753389900.545557
1753389900.578563
1753389900.609518
1753389900.646596
1753389900.677952
1753389900.712663
1753389900.743704
1753389900.778944
1753389900.813854
1753389900.845231
1753389900.878103
1753389900.910939
1753389900.946585
1753389900.979300
1753389901.010578
1753389901.044075
1753389901.075766
1753389901.106659
1753389901.145063
1753389901.177991
1753389901.213904
1753389901.245420
1753389901.276918
1753389901.312610
1753389901.345103
1753389901.379913
1753389901.410238
1753389901.445845
1753389901.478381
1753389901.509145
1753389901.545368
1753389901.578100
1753389901.613018
1753389901.646186
1753389901.676347
1753389901.712270
1753389901.747057
1753389901.778840
1753389901.809998
1753389901.844836
1753389901.879667
1753389901.911428
1753389901.940829
1753389901.978780
1753389902.013865
1753389902.045275
1753389902.072055
1753389902.111968
1753389902.143395
1753389902.179519
1753389902.208171
1753389902.248515
1753389902.279432
1753389902.311790
1753389902.344254
1753389902.379420
1753389902.413925
1753389902.448268
1753389902.474967
1753389902.509780
1753389902.548406
1753389902.577740
1753389902.610283
1753389902.646132
1753389902.679061
1753389902.712313
1753389902.744300
1753389902.779915
1753389902.812883
1753389902.845300
1753389902.877365
1753389902.911595
1753389902.946657
1753389902.979837
1753389903.010621
1753389903.045354
1753389903.080262
1753389903.113630
1753389903.143974
1753389903.179257
1753389903.213640
1753389903.246973
1753389903.277841
1753389903.312708
1753389903.346199
1753389903.379747
1753389903.411318
1753389903.446174
1753389903.479324
1753389903.510087
1753389903.547380
1753389903.577471
1753389903.614218
1753389903.647528
1753389903.677022
1753389903.712511
1753389903.748722
1753389903.779507
1753389903.811337
1753389903.846794
1753389903.881195
1753389903.913402
1753389903.945395
1753389903.980008
1753389904.015323
1753389904.045307
1753389904.080449
1753389904.111502
1753389904.145949
1753389904.179573
1753389904.211602
1753389904.246387
1753389904.280178
1753389904.314382
1753389904.345218
1753389904.380639
1753389904.414104
1753389904.448946
1753389904.478297
1753389904.509464
1753389904.549780
1753389904.578851
1753389904.613854
1753389904.645018
1753389904.681263
1753389904.713188
1753389904.747145
1753389904.777498
1753389904.817392
1753389904.845580
1753389904.879466
1753389904.911837
1753389904.947974
1753389904.982422
1753389905.010923
1753389905.047146
1753389905.081282
1753389905.116102
1753389905.144378
1753389905.180339
1753389905.213787
1753389905.247658
1753389905.278237
1753389905.313758
1753389905.348522
1753389905.380546
1753389905.414042
1753389905.445195
1753389905.480231
1753389905.510607
1753389905.547160
1753389905.579255
1753389905.613829
1753389905.648125
1753389905.679060
1753389905.714213
1753389905.748990
1753389905.781280
1753389905.813971
1753389905.845568
1753389905.880705
1753389905.913447
1753389905.946054
1753389905.979347
1753389906.014547
1753389906.049304
1753389906.075638
1753389906.115990
1753389906.146019
1753389906.177267
1753389906.214577
1753389906.245702
1753389906.280599
1753389906.314800
1753389906.345365
1753389906.381891
1753389906.413216
1753389906.448357
1753389906.477994
1753389906.512416
1753389906.549771
1753389906.579472
1753389906.612399
1753389906.644127
1753389906.677075
1753389906.711119
1753389906.747407
1753389906.779295
1753389906.813625
1753389906.847423
1753389906.881565
1753389906.908230
1753389906.948364
1753389906.981791
1753389907.014830
1753389907.048800
1753389907.079340
1753389907.115030
1753389907.149601
1753389907.180736
1753389907.215738
1753389907.245611
1753389907.281364
1753389907.317188
1753389907.345708
1753389907.381671
1753389907.415107
1753389907.449978
1753389907.479822
1753389907.510251
1753389907.549656
1753389907.580606
1753389907.615742
1753389907.645760
1753389907.680504
1753389907.715254
1753389907.749819
1753389907.778393
1753389907.815040
1753389907.847047
1753389907.881119
1753389907.912380
1753389907.949202
1753389907.982671
1753389908.012193
1753389908.047918
1753389908.083577
1753389908.113488
1753389908.147695
1753389908.181260
1753389908.216984
1753389908.248387
1753389908.281893
1753389908.314809
1753389908.350438
1753389908.378852
1753389908.415649
1753389908.446357
1753389908.481818
1753389908.512697
1753389908.548374
1753389908.580695
1753389908.615662
1753389908.647304
1753389908.683459
1753389908.712815
1753389908.751121
1753389908.782598
1753389908.813184
1753389908.848382
1753389908.883347
1753389908.913718
1753389908.947905
1753389908.980017
1753389909.014227
1753389909.049451
1753389909.079245
1753389909.115490
1753389909.151107
1753389909.181573
1753389909.212118
1753389909.247909
1753389909.282914
1753389909.314307
1753389909.346112
1753389909.380980
1753389909.414651
1753389909.448180
1753389909.480151
1753389909.511899
1753389909.547684
1753389909.577291
1753389909.617948
1753389909.646599
1753389909.683463
1753389909.716729
1753389909.746403
1753389909.781160
1753389909.819260
1753389909.846069
1753389909.886293
1753389909.911266
1753389909.951617
1753389909.981077
1753389910.014998
1753389910.049343
1753389910.081056
1753389910.116259
1753389910.146523
1753389910.182261
1753389910.217248
1753389910.250065
1753389910.280092
1753389910.316164
1753389910.350853
1753389910.385286
1753389910.413812
1753389910.450956
1753389910.482161
1753389910.514264
1753389910.550260
1753389910.580010
1753389910.616784
1753389910.648815
1753389910.683092
1753389910.713418
1753389910.749867
1753389910.784915
1753389910.812613
1753389910.849705
1753389910.883737
1753389910.913153
1753389910.950632
1753389910.979290
1753389911.015219
1753389911.050753
1753389911.080263
1753389911.116608
1753389911.150015
1753389911.184715
1753389911.212353
1753389911.249137
1753389911.280832
1753389911.318090
1753389911.346805
1753389911.383749
1753389911.415925
1753389911.450674
1753389911.480183
1753389911.515405
1753389911.551018
1753389911.586376
1753389911.611618
1753389911.648251
1753389911.686311
1753389911.713756
1753389911.748566
1753389911.782649
1753389911.816827
1753389911.849528
1753389911.880620
1753389911.913269
1753389911.949296
1753389911.984033
1753389912.011948
1753389912.049211
1753389912.085579
1753389912.114818
1753389912.148979
1753389912.182208
1753389912.215735
1753389912.253080
1753389912.280115
1753389912.320859
1753389912.347451
1753389912.384276
1753389912.413987
1753389912.450429
1753389912.486903
1753389912.511133
1753389912.548796
1753389912.583556
1753389912.620746
1753389912.645704
1753389912.680300
1753389912.715899
1753389912.748685
1753389912.781660
1753389912.812559
1753389912.848851
1753389912.880728
1753389912.916424
1753389912.943838
1753389912.979093
1753389913.015802
1753389913.049004
1753389913.079176
1753389913.115301
1753389913.149208
1753389913.182226
1753389913.214092
1753389913.249152
1753389913.283683
1753389913.315163
1753389913.346431
1753389913.383039
1753389913.414190
1753389913.449784
1753389913.480178
1753389913.516109
1753389913.547257
1753389913.583531
1753389913.610600
1753389913.653920
1753389913.681307
1753389913.722389
1753389913.745294
1753389913.789297
1753389913.813761
1753389913.851448
1753389913.880771
1753389913.914087
1753389913.949576
1753389913.988973
1753389914.012199
1753389914.050120
1753389914.089882
1753389914.113749
1753389914.148891
1753389914.183656
1753389914.220041
1753389914.249977
1753389914.282043
1753389914.318623
1753389914.349678
1753389914.385919
1753389914.414257
1753389914.451128
1753389914.483102
1753389914.513563
1753389914.551236
1753389914.581552
1753389914.623851
1753389914.647266
1753389914.685732
1753389914.714068
1753389914.755180
1753389914.781836
1753389914.819346
1753389914.847543
1753389914.890608
1753389914.913677
1753389914.951557
1753389914.983454
1753389915.022536
1753389915.048731
1753389915.085808
1753389915.114467
1753389915.157064
1753389915.181015
1753389915.220955
1753389915.246343
1753389915.288225
1753389915.315198
1753389915.358145
1753389915.381103
1753389915.419201
1753389915.447838
1753389915.486469
1753389915.515995
1753389915.556191
1753389915.580502
1753389915.621795
1753389915.648860
1753389915.688376
1753389915.714396
1753389915.755062
1753389915.781930
1753389915.821895
1753389915.847727
1753389915.887792
1753389915.914278
1753389915.952809
1753389915.981415
1753389916.023483
1753389916.047906
1753389916.085882
1753389916.114641
1753389916.156572
1753389916.181358
1753389916.222209
1753389916.247390
1753389916.287270
1753389916.315507
1753389916.353316
1753389916.381113
1753389916.421797
1753389916.449060
1753389916.484612
1753389916.514044
1753389916.552207
1753389916.588793
1753389916.614299
1753389916.655951
1753389916.682282
1753389916.723022
1753389916.747087
1753389916.787972
1753389916.815676
1753389916.858807
1753389916.880434
1753389916.915749
1753389916.951907
1753389916.983834
1753389917.017637
1753389917.049031
1753389917.082838
1753389917.124499
1753389917.147237
1753389917.192610
1753389917.214817
1753389917.255552
1753389917.281195
1753389917.324463
1753389917.348133
1753389917.392724
1753389917.413892
1753389917.457324
1753389917.481346
1753389917.518021
1753389917.556920
1753389917.580944
1753389917.624461
1753389917.647264
1753389917.682661
1753389917.716077
1753389917.752579
1753389917.782821
1753389917.824085
1753389917.847557
1753389917.890650
1753389917.914380
1753389917.962039
1753389917.980987
1753389918.020358
1753389918.054935
1753389918.082080
1753389918.122516
1753389918.149287
1753389918.190090
1753389918.214921
1753389918.252944
1753389918.287822
1753389918.319013
1753389918.358193
1753389918.381084
1753389918.424303
1753389918.448696
1753389918.491276
1753389918.513373
1753389918.559949
1753389918.581944
1753389918.625300
1753389918.648041
1753389918.692124
1753389918.715272
1753389918.757131
1753389918.781064
1753389918.824167
1753389918.849709
1753389918.888971
1753389918.913717
1753389918.952807
1753389918.986601
1753389919.015091
1753389919.055020
1753389919.083052
1753389919.125065
1753389919.148088
1753389919.191448
1753389919.214903
1753389919.261372
1753389919.281225
1753389919.325414
1753389919.348818
1753389919.391112
1753389919.414749
1753389919.457642
1753389919.482323
1753389919.518080
1753389919.554542
1753389919.581721
1753389919.619207
1753389919.649394
1753389919.691077
1753389919.714636
1753389919.760493
1753389919.781818
1753389919.821949
1753389919.848597
1753389919.893793
1753389919.914338
1753389919.958782
1753389919.981577
1753389920.024155
1753389920.050975
1753389920.086056
1753389920.118196
1753389920.160658
1753389920.181911
1753389920.224482
1753389920.248391
1753389920.289740
1753389920.323869
1753389920.348577
1753389920.390559
1753389920.419884
1753389920.460345
1753389920.482209
1753389920.518387
1753389920.559233
1753389920.582396
1753389920.624989
1753389920.649018
1753389920.691601
1753389920.715988
1753389920.758962
1753389920.782376
1753389920.826140
1753389920.851177
1753389920.893422
1753389920.914509
1753389920.958243
1753389920.984681
1753389921.025654
1753389921.047984
1753389921.093372
1753389921.115873
1753389921.157750
1753389921.182357
1753389921.228410
1753389921.248923
1753389921.290778
1753389921.315795
1753389921.362342
1753389921.382577
1753389921.421647
1753389921.449058
1753389921.491828
1753389921.517554
1753389921.554318
1753389921.584580
1753389921.626239
1753389921.649319
1753389921.691536
1753389921.715791
1753389921.761623
1753389921.782936
1753389921.824391
1753389921.849469
1753389921.893518
1753389921.916507
1753389921.960625
1753389921.982821
1753389922.024366
1753389922.052048
1753389922.092644
1753389922.116523
1753389922.159024
1753389922.182974
1753389922.225823
1753389922.250097
1753389922.292428
1753389922.318418
1753389922.361144
1753389922.383597
1753389922.426293
1753389922.450876
1753389922.493659
1753389922.515455
1753389922.558298
1753389922.585768
1753389922.627906
1753389922.650554
1753389922.694023
1753389922.716939
1753389922.760899
1753389922.783919
1753389922.826779
1753389922.851813
1753389922.893934
1753389922.916713
1753389922.960824
1753389922.984646
1753389923.026199
1753389923.050139
1753389923.088236
1753389923.126128
1753389923.150982
1753389923.193723
1753389923.217372
1753389923.262973
1753389923.283286
1753389923.328942
1753389923.350796
1753389923.393791
1753389923.416780
1753389923.462479
1753389923.484299
1753389923.521565
1753389923.562207
1753389923.583574
1753389923.627404
1753389923.650692
1753389923.694710
1753389923.717658
1753389923.761642
1753389923.784267
1753389923.828247
1753389923.851276
1753389923.893995
1753389923.917666
1753389923.960033
1753389923.987229
1753389924.022371
1753389924.054270
1753389924.095457
1753389924.118435
1753389924.161066
1753389924.184874
1753389924.228124
1753389924.251751
1753389924.294591
1753389924.316674
1753389924.360235
1753389924.389255
1753389924.422098
1753389924.457003
1753389924.493559
1753389924.519129
1753389924.560717
1753389924.585579
1753389924.629461
1753389924.651271
1753389924.694436
1753389924.718339
1753389924.761719
1753389924.788376
1753389924.823564
1753389924.853500
1753389924.895732
1753389924.918008
1753389924.961278
1753389924.985001
1753389925.027706
1753389925.056277
1753389925.092241
1753389925.119380
1753389925.158068
1753389925.192909
1753389925.219733
1753389925.259672
1753389925.290441
1753389925.327885
1753389925.353120
1753389925.395340
1753389925.418848
1753389925.460196
1753389925.487365
1753389925.524160
1753389925.560653
1753389925.591027
1753389925.620064
1753389925.660951
1753389925.688771
1753389925.729853
1753389925.753071
1753389925.794794
1753389925.820717
1753389925.862296
1753389925.886697
1753389925.925944
1753389925.958088
1753389925.995246
1753389926.020462
1753389926.062193
1753389926.088831
1753389926.129216
1753389926.153554
1753389926.195054
1753389926.224108
1753389926.259452
1753389926.287199
1753389926.327545
1753389926.354507
1753389926.395990
1753389926.418217
1753389926.461829
1753389926.487025
1753389926.524141
1753389926.554124
1753389926.595266
1753389926.620062
1753389926.662113
1753389926.686929
1753389926.728793
1753389926.755779
1753389926.795845
1753389926.820351
1753389926.862019
1753389926.889768
1753389926.929551
1753389926.953992
1753389926.995500
1753389927.018787
1753389927.062163
1753389927.087463
1753389927.128639
1753389927.157132
1753389927.194925
1753389927.220821
1753389927.261932
1753389927.291255
1753389927.328468
1753389927.355096
1753389927.395458
1753389927.421062
1753389927.462613
1753389927.487701
1753389927.525234
1753389927.561358
1753389927.592238
1753389927.621603
1753389927.662523
1753389927.689607
1753389927.730164
1753389927.754278
1753389927.795816
1753389927.824835
1753389927.862294
1753389927.888242
1753389927.929109
1753389927.958337
1753389927.994722
1753389928.020907
1753389928.062653
1753389928.087673
1753389928.129241
1753389928.155321
1753389928.195989
1753389928.223013
1753389928.263613
1753389928.288581
1753389928.329726
1753389928.356607
1753389928.396371
1753389928.422265
1753389928.463159
1753389928.488134
1753389928.525646
1753389928.562169
1753389928.589779
1753389928.630345
1753389928.651910
1753389928.690414
1753389928.720401
1753389928.762438
1753389928.789766
1753389928.828007
1753389928.856666
1753389928.896787
1753389928.922784
1753389928.962077
1753389928.988937
1753389929.030679
1753389929.056638
1753389929.091911
1753389929.122937
1753389929.163931
1753389929.190010
1753389929.224617
1753389929.260656
1753389929.294611
1753389929.327385
1753389929.353098
1753389929.394849
1753389929.426451
1753389929.462300
1753389929.487158
1753389929.524853
1753389929.562205
1753389929.593383
1753389929.624176
1753389929.660526
1753389929.690707
1753389929.721611
1753389929.762751
1753389929.787665
1753389929.830938
1753389929.857129
1753389929.893671
1753389929.923029
1753389929.964015
1753389929.990002
1753389930.028470
1753389930.056521
1753389930.095701
1753389930.125679
1753389930.159619
1753389930.191925
1753389930.228422
1753389930.260739
1753389930.290366
1753389930.329299
1753389930.356111
1753389930.397127
1753389930.421159
1753389930.461788
1753389930.493373
1753389930.528372
1753389930.557098
1753389930.594371
1753389930.628111
1753389930.662187
1753389930.689782
1753389930.730000
1753389930.759212
1753389930.796299
1753389930.823157
1753389930.862685
1753389930.893113
1753389930.928817
1753389930.956650
1753389930.996977
1753389931.025601
1753389931.062921
1753389931.091681
1753389931.127498
1753389931.162579
1753389931.193776
1753389931.225784
1753389931.261218
1753389931.296115
1753389931.327333
1753389931.357936
1753389931.390323
1753389931.430796
1753389931.458285
1753389931.490561
1753389931.524753
1753389931.562252
1753389931.593420
1753389931.625444
1753389931.661483
1753389931.695981
1753389931.726582
1753389931.758567
1753389931.794771
1753389931.829075
1753389931.861024
1753389931.897341
1753389931.920942
1753389931.962574
1753389931.993737
1753389932.030060
1753389932.061156
1753389932.092532
1753389932.128283
1753389932.162511
1753389932.196534
1753389932.224997
1753389932.263015
1753389932.294258
1753389932.330271
1753389932.359103
1753389932.395271
1753389932.429022
1753389932.463832
1753389932.491513
1753389932.528245
1753389932.563408
1753389932.594554
1753389932.625922
1753389932.662197
1753389932.696748
1753389932.726833
1753389932.762078
1753389932.791825
1753389932.830817
1753389932.860862
1753389932.895304
1753389932.926686
1753389932.963033
1753389932.995266
1753389933.027668
1753389933.060847
1753389933.096138
1753389933.128034
1753389933.159443
1753389933.195679
1753389933.229788
1753389933.262220
1753389933.295259
1753389933.326553
1753389933.362738
1753389933.395144
1753389933.428605
1753389933.459772
1753389933.495960
1753389933.526588
1753389933.562579
1753389933.593315
1753389933.626714
1753389933.663981
1753389933.693122
1753389933.728862
1753389933.762735
1753389933.795762
1753389933.826833
1753389933.861372
1753389933.897096
1753389933.928513
1753389933.959368
1753389933.996131
1753389934.028581
1753389934.063160
1753389934.091543
1753389934.128369
1753389934.163013
1753389934.195945
1753389934.227027
1753389934.261267
1753389934.296219
1753389934.328471
1753389934.359994
1753389934.392471
1753389934.430896
1753389934.461849
1753389934.493605
1753389934.528448
1753389934.563640
1753389934.596557
1753389934.626607
1753389934.662242
1753389934.697233
1753389934.728705
1753389934.760231
1753389934.796449
1753389934.828993
1753389934.864021
1753389934.892157
1753389934.930664
1753389934.961789
1753389934.997041
1753389935.024693
1753389935.062856
1753389935.096161
1753389935.130277
1753389935.159488
1753389935.197576
1753389935.229458
1753389935.263605
1753389935.294416
1753389935.328987
1753389935.363984
1753389935.396298
1753389935.427016
1753389935.462544
1753389935.496586
1753389935.529099
1753389935.559659
1753389935.598020
1753389935.629046
1753389935.664005
1753389935.694769
1753389935.729264
1753389935.762716
1753389935.795356
1753389935.829965
1753389935.860641
1753389935.897112
1753389935.930832
1753389935.959328
1753389935.998633
1753389936.027676
1753389936.063302
1753389936.093957
1753389936.129174
1753389936.162994
1753389936.197750
1753389936.227828
1753389936.263074
1753389936.295953
1753389936.330294
1753389936.359738
1753389936.393463
1753389936.428283
1753389936.461411
1753389936.490057
1753389936.526923
1753389936.561918
1753389936.596621
1753389936.628071
1753389936.662670
1753389936.694106
1753389936.730269
1753389936.759544
1753389936.798321
1753389936.828938
1753389936.863020
1753389936.894922
1753389936.929694
1753389936.961588
1753389936.995286
1753389937.024768
1753389937.060571
1753389937.091921
1753389937.132761
1753389937.161278
1753389937.196642
1753389937.231445
1753389937.265419
1753389937.294746
1753389937.329828
1753389937.363283
1753389937.396353
1753389937.428369
1753389937.463827
1753389937.497117
1753389937.529675
1753389937.561041
1753389937.596718
1753389937.630488
1753389937.664244
1753389937.694831
1753389937.729978
1753389937.765063
1753389937.798333
1753389937.823281
1753389937.864706
1753389937.897679
1753389937.931168
1753389937.961947
1753389937.996907
1753389938.030254
1753389938.063743
1753389938.095577
1753389938.128924
1753389938.164257
1753389938.198345
1753389938.227085
1753389938.264408
1753389938.298758
1753389938.329265
1753389938.363448
1753389938.395724
1753389938.429276
1753389938.466188
1753389938.495201
1753389938.529900
1753389938.564274
1753389938.598591
1753389938.628331
1753389938.663296
1753389938.697469
1753389938.731750
1753389938.761876
1753389938.795140
1753389938.830708
1753389938.865160
1753389938.895272
1753389938.930727
1753389938.964956
1753389938.998490
1753389939.027793
1753389939.062941
1753389939.097649
1753389939.133096
1753389939.161405
1753389939.197267
1753389939.231068
1753389939.264897
1753389939.295220
1753389939.330463
1753389939.364842
1753389939.399675
1753389939.428008
1753389939.464190
1753389939.497420
1753389939.530085
1753389939.561914
1753389939.596219
1753389939.629982
1753389939.660247
1753389939.693572
1753389939.725841
1753389939.762273
1753389939.793049
1753389939.831102
1753389939.862256
1753389939.897428
1753389939.931037
1753389939.961807
1753389939.998300
1753389940.031591
1753389940.065655
1753389940.095859
1753389940.130545
1753389940.165203
1753389940.199528
1753389940.231751
1753389940.258224
1753389940.298759
1753389940.332081
1753389940.363728
1753389940.396956
1753389940.431396
1753389940.462445
1753389940.497379
1753389940.531120
1753389940.564287
1753389940.597804
1753389940.633055
1753389940.661606
1753389940.697824
1753389940.729770
1753389940.764078
1753389940.798436
1753389940.828786
1753389940.863963
1753389940.898668
1753389940.929985
1753389940.964542
1753389940.996992
1753389941.031541
1753389941.066328
1753389941.095785
1753389941.134410
1753389941.164097
1753389941.199117
1753389941.229305
1753389941.264293
1753389941.299249
1753389941.334184
1753389941.362473
1753389941.398750
1753389941.433765
1753389941.462935
1753389941.496764
1753389941.529863
1753389941.564443
1753389941.599690
1753389941.629067
1753389941.665864
1753389941.697117
1753389941.731754
1753389941.764892
1753389941.798515
1753389941.833127
1753389941.863418
1753389941.898721
1753389941.929314
1753389941.964303
1753389942.001245
1753389942.029047
1753389942.065979
1753389942.097543
1753389942.133253
1753389942.162813
1753389942.198476
1753389942.233354
1753389942.266228
1753389942.296163
1753389942.331798
1753389942.367660
1753389942.397676
1753389942.429568
1753389942.466908
1753389942.497686
1753389942.531023
1753389942.562886
1753389942.598002
1753389942.632994
1753389942.664419
1753389942.700366
1753389942.729292
1753389942.770111
1753389942.797145
1753389942.833090
1753389942.862837
1753389942.899729
1753389942.931638
1753389942.966388
1753389942.996419
1753389943.033038
1753389943.067037
1753389943.097183
1753389943.132217
1753389943.163920
1753389943.200119
1753389943.230743
1753389943.266361
1753389943.298208
1753389943.333495
1753389943.363770
1753389943.397955
1753389943.434132
1753389943.467643
1753389943.496637
1753389943.530711
1753389943.566336
1753389943.597517
1753389943.630793
1753389943.665674
1753389943.701078
1753389943.732880
1753389943.762724
1753389943.803742
1753389943.829992
1753389943.866805
1753389943.896145
1753389943.932588
1753389943.971240
1753389943.996696
1753389944.032457
1753389944.063387
1753389944.104772
1753389944.130099
1753389944.164724
1753389944.195741
1753389944.232922
1753389944.265001
1753389944.296050
1753389944.332641
1753389944.364514
1753389944.403652
1753389944.428520
1753389944.469700
1753389944.496986
1753389944.534055
1753389944.563949
1753389944.600456
1753389944.634885
1753389944.665357
1753389944.699340
1753389944.731025
1753389944.771818
1753389944.796877
1753389944.834211
1753389944.863521
1753389944.904302
1753389944.930005
1753389944.966507
1753389944.997560
1753389945.033950
1753389945.063906
1753389945.099729
1753389945.131337
1753389945.168215
1753389945.198711
1753389945.232724
1753389945.267054
1753389945.299777
1753389945.335677
1753389945.363383
1753389945.404306
1753389945.431661
1753389945.469128
1753389945.497089
1753389945.535282
1753389945.565912
1753389945.603078
1753389945.630278
1753389945.666633
1753389945.702169
1753389945.732804
1753389945.771350
1753389945.796267
1753389945.835130
1753389945.866121
1753389945.898602
1753389945.931581
1753389945.968879
1753389946.001264
1753389946.032407
1753389946.067093
1753389946.099447
1753389946.134931
1753389946.165480
1753389946.201251
1753389946.236756
1753389946.265474
1753389946.301257
1753389946.333005
1753389946.370005
1753389946.397565
1753389946.437336
1753389946.462723
1753389946.500633
1753389946.534561
1753389946.563790
1753389946.601165
1753389946.635321
1753389946.670788
1753389946.695346
1753389946.733758
1753389946.771181
1753389946.798176
1753389946.830883
1753389946.867106
1753389946.898396
1753389946.935609
1753389946.961727
1753389946.996189
1753389947.033395
1753389947.065215
1753389947.095796
1753389947.131314
1753389947.164743
1753389947.201122
1753389947.227440
1753389947.263701
1753389947.299255
1753389947.330756
1753389947.363643
1753389947.400879
1753389947.433001
1753389947.466246
1753389947.498440
1753389947.532349
1753389947.573787
1753389947.596967
1753389947.634843
1753389947.664122
1753389947.702141
1753389947.738005
1753389947.762407
1753389947.804220
1753389947.831710
1753389947.869714
1753389947.897491
1753389947.935068
1753389947.971071
1753389947.999087
1753389948.036051
1753389948.064442
1753389948.101833
1753389948.140047
1753389948.162617
1753389948.201281
1753389948.239500
1753389948.265221
1753389948.301211
1753389948.332059
1753389948.373382
1753389948.398111
1753389948.434769
1753389948.464840
1753389948.499603
1753389948.534238
1753389948.575659
1753389948.596522
1753389948.635483
1753389948.665162
1753389948.704546
1753389948.732098
1753389948.772101
1753389948.796872
1753389948.835911
1753389948.865638
1753389948.906283
1753389948.929838
1753389948.968308
1753389949.000416
1753389949.035239
1753389949.065472
1753389949.102987
1753389949.132125
1753389949.167288
1753389949.202278
1753389949.233902
1753389949.275560
1753389949.296474
1753389949.343183
1753389949.364281
1753389949.399622
1753389949.436667
1753389949.464426
1753389949.499260
1753389949.537963
1753389949.564716
1753389949.602517
1753389949.637592
1753389949.667124
1753389949.700215
1753389949.730847
1753389949.771123
1753389949.799286
1753389949.835067
1753389949.863778
1753389949.898613
1753389949.936067
1753389949.964820
1753389950.002619
1753389950.032085
1753389950.073412
1753389950.097689
1753389950.136356
1753389950.165898
1753389950.208709
1753389950.230650
1753389950.269241
1753389950.304787
1753389950.332505
1753389950.372169
1753389950.398090
1753389950.433230
1753389950.475432
1753389950.497381
1753389950.536419
1753389950.565791
1753389950.608724
1753389950.630593
1753389950.670685
1753389950.699979
1753389950.741411
1753389950.764206
1753389950.802470
1753389950.838811
1753389950.866008
1753389950.904053
1753389950.931567
1753389950.972671
1753389951.000169
1753389951.040969
1753389951.063866
1753389951.104164
1753389951.139451
1753389951.164718
1753389951.203692
1753389951.232986
1753389951.275560
1753389951.297555
1753389951.339941
1753389951.366174
1753389951.408683
1753389951.431210
1753389951.472849
1753389951.498975
1753389951.535763
1753389951.565820
1753389951.605657
1753389951.632922
1753389951.675428
1753389951.697875
1753389951.738345
1753389951.765949
1753389951.808284
1753389951.831170
1753389951.870311
1753389951.904443
1753389951.932092
1753389951.972702
1753389951.998298
1753389952.040593
1753389952.065939
1753389952.108092
1753389952.131228
1753389952.174874
1753389952.199525
1753389952.241297
1753389952.264513
1753389952.307740
1753389952.333591
1753389952.374888
1753389952.397957
1753389952.440558
1753389952.466334
1753389952.503291
1753389952.535077
1753389952.571768
1753389952.604255
1753389952.634535
1753389952.674813
1753389952.698936
1753389952.741792
1753389952.765167
1753389952.806101
1753389952.833613
1753389952.874797
1753389952.898308
1753389952.943881
1753389952.965110
1753389953.005441
1753389953.032326
1753389953.074507
1753389953.100080
1753389953.141951
1753389953.165145
1753389953.207919
1753389953.233224
1753389953.276415
1753389953.298521
1753389953.338386
1753389953.372636
1753389953.407588
1753389953.432075
1753389953.475388
1753389953.499656
1753389953.539636
1753389953.565631
1753389953.608057
1753389953.633949
1753389953.676223
1753389953.698973
1753389953.741447
1753389953.767806
1753389953.809725
1753389953.832307
1753389953.874615
1753389953.901297
1753389953.944698
1753389953.965483
1753389954.012426
1753389954.032071
1753389954.075913
1753389954.098828
1753389954.140727
1753389954.167899
1753389954.210889
1753389954.232487
1753389954.274350
1753389954.300327
1753389954.343497
1753389954.365844
1753389954.408086
1753389954.433919
1753389954.476819
1753389954.498971
1753389954.537316
1753389954.569174
1753389954.609904
1753389954.632490
1753389954.674580
1753389954.701651
1753389954.744998
1753389954.766012
1753389954.807660
1753389954.834692
1753389954.877499
1753389954.899306
1753389954.941577
1753389954.968448
1753389955.008961
1753389955.032929
1753389955.075371
1753389955.101222
1753389955.142645
1753389955.166437
1753389955.208454
1753389955.234500
1753389955.277362
1753389955.299459
1753389955.340467
1753389955.373862
1753389955.402880
1753389955.441182
1753389955.466102
1753389955.508076
1753389955.535868
1753389955.577951
1753389955.599856
1753389955.640089
1753389955.672610
1753389955.700075
1753389955.742746
1753389955.766795
1753389955.809864
1753389955.833612
1753389955.875898
1753389955.901077
1753389955.945328
1753389955.966631
1753389956.007209
1753389956.042491
1753389956.070239
1753389956.109399
1753389956.133665
1753389956.176479
1753389956.200840
1753389956.242052
1753389956.266629
1753389956.309586
1753389956.337236
1753389956.372537
1753389956.400992
1753389956.443489
1753389956.467923
1753389956.506208
1753389956.533468
1753389956.574899
1753389956.606876
1753389956.634038
1753389956.676371
1753389956.701159
1753389956.744552
1753389956.766657
1753389956.807670
1753389956.834169
1753389956.878219
1753389956.909182
1753389956.932573
1753389956.978405
1753389957.001091
1753389957.042423
1753389957.068741
1753389957.105433
1753389957.134270
1753389957.171579
1753389957.204041
1753389957.235916
1753389957.272672
1753389957.304085
1753389957.345796
1753389957.368053
1753389957.412045
1753389957.434721
1753389957.477807
1753389957.500574
1753389957.541644
1753389957.574288
1753389957.608820
1753389957.634974
1753389957.677615
1753389957.702861
1753389957.745267
1753389957.768034
1753389957.811409
1753389957.835001
1753389957.880009
1753389957.901907
1753389957.945196
1753389957.967922
1753389958.011515
1753389958.035096
1753389958.077215
1753389958.102710
1753389958.145458
1753389958.167747
1753389958.209879
1753389958.238376
1753389958.279174
1753389958.300712
1753389958.344404
1753389958.368452
1753389958.410922
1753389958.433970
1753389958.477513
1753389958.500670
1753389958.541063
1753389958.567431
1753389958.609985
1753389958.635906
1753389958.677266
1753389958.700870
1753389958.741429
1753389958.773199
1753389958.806650
1753389958.835763
1753389958.877714
1753389958.901333
1753389958.947146
1753389958.967525
1753389959.010852
1753389959.035125
1753389959.079574
1753389959.100971
1753389959.144231
1753389959.170324
1753389959.211533
1753389959.234496
1753389959.278444
1753389959.302904
1753389959.345058
1753389959.367832
1753389959.410705
1753389959.439206
1753389959.479561
1753389959.501086
1753389959.541971
1753389959.576785
1753389959.605976
1753389959.635136
1753389959.677213
1753389959.704910
1753389959.745880
1753389959.767796
1753389959.810774
1753389959.836033
1753389959.878366
1753389959.901500
1753389959.937998
1753389959.968888
1753389960.007539
1753389960.036393
1753389960.078790
1753389960.102111
1753389960.145438
1753389960.168109
1753389960.213525
1753389960.237114
1753389960.276997
1753389960.301557
1753389960.343979
1753389960.373215
1753389960.413068
1753389960.434328
1753389960.478082
1753389960.501769
1753389960.542899
1753389960.570773
1753389960.612265
1753389960.637127
1753389960.672526
1753389960.703980
1753389960.743171
1753389960.775669
1753389960.811296
1753389960.835937
1753389960.878849
1753389960.904034
1753389960.946894
1753389960.968683
1753389961.013345
1753389961.038120
1753389961.080235
1753389961.102007
1753389961.138907
1753389961.171713
1753389961.208856
1753389961.238633
1753389961.275707
1753389961.311393
1753389961.342968
1753389961.371725
1753389961.412342
1753389961.441131
1753389961.478599
1753389961.502473
1753389961.545653
1753389961.575666
1753389961.611784
1753389961.635630
1753389961.678772
1753389961.705613
1753389961.746277
1753389961.769895
1753389961.812350
1753389961.839190
1753389961.879618
1753389961.902626
1753389961.945884
1753389961.975564
1753389962.011923
1753389962.039040
1753389962.079758
1753389962.104296
1753389962.145822
1753389962.169458
1753389962.211587
1753389962.242029
1753389962.278675
1753389962.306458
1753389962.345335
1753389962.374933
1753389962.411524
1753389962.438958
1753389962.480062
1753389962.502981
1753389962.543609
1753389962.573665
1753389962.607457
1753389962.644655
1753389962.679025
1753389962.707001
1753389962.745676
1753389962.776451
1753389962.811382
1753389962.838655
1753389962.879646
1753389962.907626
1753389962.947877
1753389962.971809
1753389963.013055
1753389963.039715
1753389963.080736
1753389963.103528
1753389963.145898
1753389963.175002
1753389963.212980
1753389963.240031
1753389963.279105
1753389963.309340
1753389963.346020
1753389963.373541
1753389963.412477
1753389963.443974
1753389963.479262
1753389963.502822
1753389963.546491
1753389963.575812
1753389963.612886
1753389963.640057
1753389963.679080
1753389963.709360
1753389963.745552
1753389963.773804
1753389963.812309
1753389963.842664
1753389963.878638
1753389963.906041
1753389963.946374
1753389963.975427
1753389964.012079
1753389964.038415
1753389964.079594
1753389964.106719
1753389964.147484
1753389964.170642
1753389964.212521
1753389964.242284
1753389964.277739
1753389964.307848
1753389964.340741
1753389964.381729
1753389964.405372
1753389964.446329
1753389964.474533
1753389964.508007
1753389964.545623
1753389964.573621
1753389964.613374
1753389964.643703
1753389964.679355
1753389964.704819
1753389964.746158
1753389964.775847
1753389964.812990
1753389964.839175
1753389964.879984
1753389964.909619
1753389964.945950
1753389964.973947
1753389965.010197
1753389965.046130
1753389965.076365
1753389965.108054
1753389965.144473
1753389965.179709
1753389965.206593
1753389965.247384
1753389965.270977
1753389965.314562
1753389965.344117
1753389965.379638
1753389965.411145
1753389965.445501
1753389965.475807
1753389965.508250
1753389965.546795
1753389965.577674
1753389965.609590
1753389965.647066
1753389965.677903
1753389965.713212
1753389965.742412
1753389965.781326
1753389965.811843
1753389965.840927
1753389965.878031
1753389965.912613
1753389965.945737
1753389965.976778
1753389966.011069
1753389966.046038
1753389966.079103
1753389966.107325
1753389966.146879
1753389966.178539
1753389966.212766
1753389966.243669
1753389966.278605
1753389966.313696
1753389966.344955
1753389966.376570
1753389966.412027
1753389966.445250
1753389966.480073
1753389966.504544
1753389966.547149
1753389966.578669
1753389966.613249
1753389966.637649
1753389966.682371
1753389966.709415
1753389966.745595
1753389966.775000
1753389966.811871
1753389966.844632
1753389966.879839
1753389966.909762
1753389966.945065
1753389966.979599
1753389967.013437
1753389967.042924
1753389967.079059
1753389967.110677
1753389967.145929
1753389967.176209
1753389967.211684
1753389967.243864
1753389967.280050
1753389967.307262
1753389967.347109
1753389967.377793
1753389967.413456
1753389967.441248
1753389967.478989
1753389967.507405
1753389967.548095
1753389967.573338
1753389967.614255
1753389967.643542
1753389967.679873
1753389967.709747
1753389967.745494
1753389967.780121
1753389967.811254
1753389967.842966
1753389967.879158
1753389967.912520
1753389967.947142
1753389967.975967
1753389968.012931
1753389968.047075
1753389968.079371
1753389968.108350
1753389968.146639
1753389968.179164
1753389968.212367
1753389968.243940
1753389968.279036
1753389968.314383
1753389968.345763
1753389968.377952
1753389968.411267
1753389968.447949
1753389968.480545
1753389968.505980
1753389968.546525
1753389968.578968
1753389968.614037
1753389968.646684
1753389968.676100
1753389968.716108
1753389968.745538
1753389968.781324
1753389968.808838
1753389968.847728
1753389968.878801
1753389968.912701
1753389968.945042
1753389968.978121
1753389969.013160
1753389969.045204
1753389969.078559
1753389969.111454
1753389969.146821
1753389969.177596
1753389969.212220
1753389969.247154
1753389969.278617
1753389969.310836
1753389969.341945
1753389969.381343
1753389969.412232
1753389969.444258
1753389969.478749
1753389969.510005
1753389969.548895
1753389969.574425
1753389969.612615
1753389969.647188
1753389969.680632
1753389969.707504
1753389969.746271
1753389969.781236
1753389969.811989
1753389969.843662
1753389969.879857
1753389969.912507
1753389969.947319
1753389969.977284
1753389970.009339
1753389970.040895
1753389970.079844
1753389970.109543
1753389970.148385
1753389970.178918
1753389970.214200
1753389970.244309
1753389970.279559
1753389970.312577
1753389970.347869
1753389970.377127
1753389970.413400
1753389970.447193
1753389970.479795
1753389970.506308
1753389970.546814
1753389970.579802
1753389970.612712
1753389970.641643
1753389970.681872
1753389970.712450
1753389970.747373
1753389970.778101
1753389970.813337
1753389970.846625
1753389970.879841
1753389970.910869
1753389970.946812
1753389970.981073
1753389971.014275
1753389971.042003
1753389971.081146
1753389971.112994
1753389971.147724
1753389971.178919
1753389971.213604
1753389971.247512
1753389971.281537
1753389971.311522
1753389971.346598
1753389971.380248
1753389971.413511
1753389971.445560
1753389971.474376
1753389971.509413
1753389971.548665
1753389971.578481
1753389971.613910
1753389971.645610
1753389971.676691
1753389971.709487
1753389971.746424
1753389971.779524
1753389971.813368
1753389971.844081
1753389971.883711
1753389971.910609
1753389971.949955
1753389971.976967
1753389972.016504
1753389972.046077
1753389972.081418
1753389972.110729
1753389972.146393
1753389972.180142
1753389972.214525
1753389972.244376
1753389972.279851
1753389972.313305
1753389972.347377
1753389972.378505
1753389972.413480
1753389972.447551
1753389972.482126
1753389972.507039
1753389972.547527
1753389972.582504
1753389972.613609
1753389972.645248
1753389972.678640
1753389972.713297
1753389972.746801
1753389972.779070
1753389972.814518
1753389972.849428
1753389972.879023
1753389972.910869
1753389972.948378
1753389972.981591
1753389973.016201
1753389973.045299
1753389973.080753
1753389973.113481
1753389973.147450
1753389973.179111
1753389973.213193
1753389973.247915
1753389973.282608
1753389973.311505
1753389973.347623
1753389973.383280
1753389973.413522
1753389973.447913
1753389973.479287
1753389973.512245
1753389973.547353
1753389973.582268
1753389973.608565
1753389973.648028
1753389973.680222
1753389973.714863
1753389973.749173
1753389973.779376
1753389973.814480
1753389973.848111
1753389973.882616
1753389973.911180
1753389973.947938
1753389973.982776
1753389974.015683
1753389974.045880
1753389974.081835
1753389974.114446
1753389974.149672
1753389974.178992
1753389974.216232
1753389974.246540
1753389974.281484
1753389974.312995
1753389974.348072
1753389974.382891
1753389974.414006
1753389974.446119
1753389974.481600
1753389974.508953
1753389974.548431
1753389974.579196
1753389974.614472
1753389974.649425
1753389974.680951
1753389974.711793
1753389974.747036
1753389974.778253
1753389974.814035
1753389974.847462
1753389974.880316
1753389974.912527
1753389974.948214
1753389974.979310
1753389975.015450
1753389975.050228
1753389975.080599
1753389975.113982
1753389975.146616
1753389975.181439
1753389975.215993
1753389975.246705
1753389975.281880
1753389975.316535
1753389975.348010
1753389975.382153
1753389975.412796
1753389975.452624
1753389975.480720
1753389975.510329
1753389975.546910
1753389975.582554
1753389975.617491
1753389975.646217
1753389975.681247
1753389975.714920
1753389975.749090
1753389975.781044
1753389975.815561
1753389975.847433
1753389975.882294
1753389975.912863
1753389975.952715
1753389975.980950
1753389976.016019
1753389976.046590
1753389976.082323
1753389976.115994
1753389976.148994
1753389976.181028
1753389976.216076
1753389976.248456
1753389976.283817
1753389976.312412
1753389976.351478
1753389976.381986
1753389976.417099
1753389976.445918
1753389976.485598
1753389976.510898
1753389976.548674
1753389976.583490
1753389976.613338
1753389976.648278
1753389976.684111
1753389976.709500
1753389976.749383
1753389976.781114
1753389976.817537
1753389976.846416
1753389976.881779
1753389976.914449
1753389976.946380
1753389976.981955
1753389977.011982
1753389977.047856
1753389977.080094
1753389977.116571
1753389977.145188
1753389977.185111
1753389977.214760
1753389977.249634
1753389977.280294
1753389977.317589
1753389977.347676
1753389977.382663
1753389977.413360
1753389977.450058
1753389977.484919
1753389977.509468
1753389977.552024
1753389977.583326
1753389977.616810
1753389977.647678
1753389977.683874
1753389977.717019
1753389977.751109
1753389977.776825
1753389977.815068
1753389977.850373
1753389977.884771
1753389977.912939
1753389977.951890
1753389977.983298
1753389978.015143
1753389978.050868
1753389978.080774
1753389978.116133
1753389978.149754
1753389978.183051
1753389978.216120
1753389978.251652
1753389978.282674
1753389978.315733
1753389978.349683
1753389978.385624
1753389978.414983
1753389978.449621
1753389978.481793
1753389978.513252
1753389978.554373
1753389978.579555
1753389978.617271
1753389978.649264
1753389978.682262
1753389978.714899
1753389978.750270
1753389978.782406
1753389978.817405
1753389978.847770
1753389978.884277
1753389978.913685
1753389978.950325
1753389978.980425
1753389979.018607
1753389979.047638
1753389979.084738
1753389979.111305
1753389979.153061
1753389979.181229
1753389979.218328
1753389979.244696
1753389979.286074
1753389979.315310
1753389979.351857
1753389979.380687
1753389979.414564
1753389979.451418
1753389979.487834
1753389979.510589
1753389979.551271
1753389979.585409
1753389979.614699
1753389979.648676
1753389979.683833
1753389979.718410
1753389979.752102
1753389979.780085
1753389979.816886
1753389979.846312
1753389979.890270
1753389979.911074
1753389979.950633
1753389979.987813
1753389980.015108
1753389980.052413
1753389980.077194
1753389980.112931
1753389980.150825
1753389980.182829
1753389980.215550
1753389980.250659
1753389980.286972
1753389980.314117
1753389980.351213
1753389980.386767
1753389980.415246
1753389980.450231
1753389980.482783
1753389980.517072
1753389980.553302
1753389980.581170
1753389980.621133
1753389980.648336
1753389980.685781
1753389980.714239
1753389980.755369
1753389980.781645
1753389980.819078
1753389980.847830
1753389980.885163
1753389980.914358
1753389980.950234
1753389980.985084
1753389981.015104
1753389981.052928
1753389981.082230
1753389981.119624
1753389981.147374
1753389981.188658
1753389981.215455
1753389981.255303
1753389981.280354
1753389981.317634
1753389981.354340
1753389981.381473
1753389981.416238
1753389981.452375
1753389981.485402
1753389981.511383
1753389981.556379
1753389981.581128
1753389981.623487
1753389981.645902
1753389981.684252
1753389981.717623
1753389981.754522
1753389981.780910
1753389981.818497
1753389981.850311
1753389981.889975
1753389981.923792
1753389981.946400
1753389981.984920
1753389982.022196
1753389982.047967
1753389982.090910
1753389982.114065
1753389982.155560
1753389982.182326
1753389982.222407
1753389982.247537
1753389982.290609
1753389982.314590
1753389982.357591
1753389982.380664
1753389982.417680
1753389982.453364
1753389982.482237
1753389982.515077
1753389982.549284
1753389982.581587
1753389982.615097
1753389982.648097
1753389982.685328
1753389982.723011
1753389982.747943
1753389982.786573
1753389982.814886
1753389982.855481
1753389982.882460
1753389982.922377
1753389982.948373
1753389982.988079
1753389983.015769
1753389983.054556
1753389983.081682
1753389983.119269
1753389983.154180
1753389983.182004
1753389983.218906
1753389983.251466
1753389983.292853
1753389983.313782
1753389983.355389
1753389983.382703
1753389983.424522
1753389983.447157
1753389983.486343
1753389983.515414
1753389983.553503
1753389983.581624
1753389983.624106
1753389983.647880
1753389983.691091
1753389983.714824
1753389983.755043
1753389983.782517
1753389983.824676
1753389983.848213
1753389983.886294
1753389983.920049
1753389983.949653
1753389983.988299
1753389984.014848
1753389984.054810
1753389984.081793
1753389984.120145
1753389984.148507
1753389984.189607
1753389984.216200
1753389984.257947
1753389984.280772
1753389984.327446
1753389984.347704
1753389984.386711
1753389984.415011
1753389984.454049
1753389984.483241
1753389984.519978
1753389984.548882
1753389984.591657
1753389984.615183
1753389984.653569
1753389984.681541
1753389984.720983
1753389984.753631
1753389984.781945
1753389984.822927
1753389984.849753
1753389984.891267
1753389984.914394
1753389984.957886
1753389984.981172
1753389985.021819
1753389985.048653
1753389985.091168
1753389985.115174
1753389985.152702
1753389985.183537
1753389985.224301
1753389985.248914
1753389985.290626
1753389985.314669
1753389985.354475
1753389985.383404
1753389985.424864
1753389985.448005
1753389985.489383
1753389985.515465
1753389985.555500
1753389985.581971
1753389985.624621
1753389985.649751
1753389985.692116
1753389985.714977
1753389985.759088
1753389985.781657
1753389985.823223
1753389985.848701
1753389985.888765
1753389985.917475
1753389985.959567
1753389985.981784
1753389986.024212
1753389986.050701
1753389986.092605
1753389986.115967
1753389986.154904
1753389986.185087
1753389986.222264
1753389986.249044
1753389986.291507
1753389986.317858
1753389986.360715
1753389986.381921
1753389986.428323
1753389986.448408
1753389986.491576
1753389986.514058
1753389986.554208
1753389986.585484
1753389986.628096
1753389986.648591
1753389986.690523
1753389986.717297
1753389986.760510
1753389986.781851
1753389986.819714
1753389986.861098
1753389986.882229
1753389986.925855
1753389986.948545
1753389986.990350
1753389987.018402
1753389987.060055
1753389987.082062
1753389987.125257
1753389987.152191
1753389987.192168
1753389987.215301
1753389987.261615
1753389987.282271
1753389987.325307
1753389987.348939
1753389987.393274
1753389987.414848
1753389987.461841
1753389987.482282
1753389987.518894
1753389987.559219
1753389987.582454
1753389987.624943
1753389987.650780
1753389987.693538
1753389987.715675
1753389987.762479
1753389987.782276
1753389987.826106
1753389987.849085
1753389987.894856
1753389987.914693
1753389987.962480
1753389987.982537
1753389988.026618
1753389988.049937
1753389988.092624
1753389988.116022
1753389988.157990
1753389988.185414
1753389988.228003
1753389988.249392
1753389988.292174
1753389988.315978
1753389988.355507
1753389988.384138
1753389988.426065
1753389988.449812
1753389988.492917
1753389988.515253
1753389988.556033
1753389988.591037
1753389988.619307
1753389988.659698
1753389988.683148
1753389988.729011
1753389988.749675
1753389988.793627
1753389988.816541
1753389988.858932
1753389988.888149
1753389988.924100
1753389988.949791
1753389988.992813
1753389989.019040
1753389989.059533
1753389989.083230
1753389989.125099
1753389989.153357
1753389989.189952
1753389989.216505
1753389989.259472
1753389989.283185
1753389989.324992
1753389989.349689
1753389989.393027
1753389989.415679
1753389989.459429
1753389989.483340
1753389989.520649
1753389989.552942
1753389989.587246
1753389989.620048
1753389989.660929
1753389989.683238
1753389989.726366
1753389989.749931
1753389989.793133
1753389989.816778
1753389989.859060
1753389989.883656
1753389989.925412
1753389989.953315
1753389989.990157
1753389990.017299
1753389990.059132
1753389990.087867
1753389990.122025
1753389990.151070
1753389990.184740
1753389990.229324
1753389990.259416
1753389990.283514
1753389990.326043
1753389990.354388
1753389990.395918
1753389990.417693
1753389990.460799
1753389990.483369
1753389990.520132
1753389990.561706
1753389990.584199
1753389990.627116
1753389990.651091
1753389990.697057
1753389990.717725
1753389990.760794
1753389990.785723
1753389990.826176
1753389990.850700
1753389990.895853
1753389990.918661
1753389990.961858
1753389990.984965
1753389991.027163
1753389991.053561
1753389991.095226
1753389991.117531
1753389991.161943
1753389991.184485
1753389991.228636
1753389991.252076
1753389991.295328
1753389991.318407
1753389991.363467
1753389991.386302
1753389991.428181
1753389991.453897
1753389991.495652
1753389991.516659
1753389991.560045
1753389991.589952
1753389991.628077
1753389991.651642
1753389991.693973
1753389991.721916
1753389991.762616
1753389991.785133
1753389991.828394
1753389991.852288
1753389991.893656
1753389991.919110
1753389991.960744
1753389991.989698
1753389992.025773
1753389992.052456
1753389992.093777
1753389992.121443
1753389992.162642
1753389992.184752
1753389992.228094
1753389992.254534
1753389992.295000
1753389992.318594
1753389992.361163
1753389992.385708
1753389992.427955
1753389992.452765
1753389992.495008
1753389992.516802
1753389992.559967
1753389992.586199
1753389992.628620
1753389992.650956
1753389992.688240
1753389992.720284
1753389992.757616
1753389992.794961
1753389992.824437
1753389992.856453
1753389992.892707
1753389992.927238
1753389992.958535
1753389992.987851
1753389993.028390
1753389993.053391
1753389993.096120
1753389993.119626
1753389993.162264
1753389993.187652
1753389993.230222
1753389993.253357
1753389993.295736
1753389993.322533
1753389993.363735
1753389993.386325
1753389993.427954
1753389993.457666
1753389993.495160
1753389993.517911
1753389993.559707
1753389993.593089
1753389993.625042
1753389993.656889
1753389993.692840
1753389993.725999
1753389993.761740
1753389993.787944
1753389993.829138
1753389993.855706
1753389993.896617
1753389993.919703
1753389993.961887
1753389993.989782
1753389994.029714
1753389994.054186
1753389994.095806
1753389994.121084
1753389994.163212
1753389994.186546
1753389994.228738
1753389994.258042
1753389994.295176
1753389994.321972
1753389994.359647
1753389994.394308
1753389994.426186
1753389994.454613
1753389994.495431
1753389994.519728
1753389994.562342
1753389994.587546
1753389994.629140
1753389994.654089
1753389994.696480
1753389994.719574
1753389994.762401
1753389994.792029
1753389994.828829
1753389994.851876
1753389994.895891
1753389994.923718
1753389994.963230
1753389994.987134
1753389995.027643
1753389995.060621
1753389995.095831
1753389995.121109
1753389995.162807
1753389995.189310
1753389995.230704
1753389995.252784
1753389995.297427
1753389995.322114
1753389995.364087
1753389995.386202
1753389995.429124
1753389995.458211
1753389995.495680
1753389995.519473
1753389995.564800
1753389995.589510
1753389995.630736
1753389995.655461
1753389995.696633
1753389995.722070
1753389995.763569
1753389995.788084
1753389995.829315
1753389995.855750
1753389995.896932
1753389995.921960
1753389995.962937
1753389995.991565
1753389996.028443
1753389996.056420
1753389996.093391
1753389996.129465
1753389996.159878
1753389996.190323
1753389996.228690
1753389996.259677
1753389996.296007
1753389996.323781
1753389996.362428
1753389996.393125
1753389996.428940
1753389996.456669
1753389996.495485
1753389996.522914
1753389996.563788
1753389996.588661
1753389996.629653
1753389996.658471
1753389996.695805
1753389996.723172
1753389996.762775
1753389996.789621
1753389996.830542
1753389996.855825
1753389996.896089
1753389996.926301
1753389996.962284
1753389996.989357
1753389997.029827
1753389997.060287
1753389997.095951
1753389997.121117
1753389997.158027
1753389997.189756
1753389997.227964
1753389997.258455
1753389997.295274
1753389997.328170
1753389997.362302
1753389997.390178
1753389997.429565
1753389997.460179
1753389997.496295
1753389997.519551
1753389997.562426
1753389997.592303
1753389997.624026
1753389997.659239
1753389997.688784
1753389997.724267
1753389997.762866
1753389997.791287
1753389997.827525
1753389997.859131
1753389997.896901
1753389997.923713
1753389997.963837
1753389997.993518
1753389998.029561
1753389998.057546
1753389998.095303
1753389998.129510
1753389998.162720
1753389998.191824
1753389998.228821
1753389998.262119
1753389998.296102
1753389998.324682
1753389998.361522
1753389998.396463
1753389998.427324
1753389998.460337
1753389998.492320
1753389998.527651
1753389998.563422
1753389998.596349
1753389998.620994
1753389998.665330
1753389998.691955
1753389998.730140
1753389998.759180
1753389998.797492
1753389998.824069
1753389998.862695
1753389998.893334
1753389998.929399
1753389998.957497
1753389998.995876
1753389999.027599
1753389999.063570
1753389999.091572
1753389999.130204
1753389999.159672
1753389999.195929
1753389999.225646
1753389999.262764
1753389999.296191
1753389999.326160
1753389999.361261
1753389999.396832
1753389999.427911
1753389999.459376
1753389999.495343
1753389999.528169
1753389999.563317
1753389999.592531
1753389999.628626
1753389999.663203
1753389999.694477
1753389999.726178
1753389999.762316
1753389999.796790
1753389999.829568
1753389999.858303
1753389999.895100
1753389999.929453
1753389999.962674
1753389999.992155
1753390000.028643
1753390000.063477
1753390000.095373
1753390000.126330
1753390000.162760
1753390000.194030
1753390000.225152
1753390000.256543
1753390000.297536
1753390000.328469
1753390000.362782
1753390000.393907
1753390000.428719
1753390000.463477
1753390000.495561
1753390000.521364
1753390000.562985
1753390000.595946
1753390000.630541
1753390000.659348
1753390000.695568
1753390000.729487
1753390000.762882
1753390000.792997
1753390000.829241
1753390000.864366
1753390000.895674
1753390000.930166
1753390000.959188
1753390000.998223
1753390001.025644
1753390001.065531
1753390001.092133
1753390001.131891
1753390001.161978
1753390001.195024
1753390001.227784
1753390001.263465
1753390001.295547
1753390001.327449
1753390001.362326
1753390001.397586
1753390001.429641
1753390001.460357
1753390001.496222
1753390001.528256
1753390001.563494
1753390001.593470
1753390001.629138
1753390001.664577
1753390001.696751
1753390001.726411
1753390001.763154
1753390001.795762
1753390001.830646
1753390001.861176
1753390001.896588
1753390001.929423
1753390001.963978
1753390001.992485
1753390002.029673
1753390002.063029
1753390002.097945
1753390002.126404
1753390002.164229
1753390002.194437
1753390002.230604
1753390002.260240
1753390002.295519
1753390002.330042
1753390002.364961
1753390002.391856
1753390002.430380
1753390002.461791
1753390002.496863
1753390002.523213
1753390002.564341
1753390002.594290
1753390002.629676
1753390002.660954
1753390002.696517
1753390002.729529
1753390002.764638
1753390002.792588
1753390002.831455
1753390002.861899
1753390002.896405
1753390002.928309
1753390002.963188
1753390002.997349
1753390003.029577
1753390003.062638
1753390003.090312
1753390003.131387
1753390003.162710
1753390003.196363
1753390003.225964
1753390003.265979
1753390003.295464
1753390003.329744
1753390003.361319
1753390003.397217
1753390003.429651
1753390003.461377
1753390003.496618
1753390003.530001
1753390003.564113
1753390003.595324
1753390003.629469
1753390003.659719
1753390003.693308
1753390003.725921
1753390003.765068
1753390003.796050
1753390003.830740
1753390003.862267
1753390003.896661
1753390003.930609
1753390003.963440
1753390003.994871
1753390004.030056
1753390004.065019
1753390004.097445
1753390004.129559
1753390004.163560
1753390004.196944
1753390004.230322
1753390004.262093
1753390004.297143
1753390004.329683
1753390004.362220
1753390004.395086
1753390004.429574
1753390004.462144
1753390004.497036
1753390004.526572
1753390004.565098
1753390004.596557
1753390004.630903
1753390004.657653
1753390004.695976
1753390004.730170
1753390004.764263
1753390004.790932
1753390004.830744
1753390004.862138
1753390004.897666
1753390004.923992
1753390004.964346
1753390004.996033
1753390005.030947
1753390005.061471
1753390005.096531
1753390005.129981
1753390005.163178
1753390005.195006
1753390005.226352
1753390005.267097
1753390005.295539
1753390005.330511
1753390005.361334
1753390005.396456
1753390005.431360
1753390005.462155
1753390005.495859
1753390005.530188
1753390005.562788
1753390005.595600
1753390005.629977
1753390005.664523
1753390005.697564
1753390005.726757
1753390005.766848
1753390005.795847
1753390005.830565
1753390005.861835
1753390005.897113
1753390005.930009
1753390005.962873
1753390005.996248
1753390006.028316
1753390006.064220
1753390006.096816
1753390006.129389
1753390006.162405
1753390006.197809
1753390006.229904
1753390006.265128
1753390006.295748
1753390006.331814
1753390006.366132
1753390006.396178
1753390006.428839
1753390006.463758
1753390006.497112
1753390006.528758
1753390006.564223
1753390006.598421
1753390006.632357
1753390006.658115
1753390006.698741
1753390006.730185
1753390006.764363
1753390006.791136
1753390006.824764
1753390006.864617
1753390006.897792
1753390006.931040
1753390006.958314
1753390006.994816
1753390007.026643
1753390007.063819
1753390007.097343
1753390007.124494
1753390007.164802
1753390007.195370
1753390007.231617
1753390007.257929
1753390007.296500
1753390007.330836
1753390007.364167
1753390007.391865
1753390007.428936
1753390007.465739
1753390007.495961
1753390007.525231
1753390007.563438
1753390007.597706
1753390007.631296
1753390007.658179
1753390007.697740
1753390007.727924
1753390007.763549
1753390007.790561
1753390007.827876
1753390007.861251
1753390007.896690
1753390007.923991
1753390007.960345
1753390007.993469
1753390008.029534
1753390008.058404
1753390008.094513
1753390008.130262
1753390008.164506
1753390008.191710
1753390008.231811
1753390008.262744
1753390008.296876
1753390008.325235
1753390008.363296
1753390008.398164
1753390008.430102
1753390008.458702
1753390008.497434
1753390008.529014
1753390008.567982
1753390008.592011
1753390008.625584
1753390008.665864
1753390008.693157
1753390008.725491
1753390008.763073
1753390008.797242
1753390008.830312
1753390008.858874
1753390008.896988
1753390008.930786
1753390008.960551
1753390008.992992
1753390009.030886
1753390009.064862
1753390009.098223
1753390009.125640
1753390009.166065
1753390009.196330
1753390009.230566
1753390009.259024
1753390009.299540
1753390009.330505
1753390009.365792
1753390009.392388
1753390009.433456
1753390009.462805
1753390009.498694
1753390009.527052
1753390009.567997
1753390009.596177
1753390009.632846
1753390009.659458
1753390009.700197
1753390009.730471
1753390009.766436
1753390009.792895
1753390009.833373
1753390009.862662
1753390009.899355
1753390009.927708
1753390009.968465
1753390009.996441
1753390010.037777
1753390010.059453
1753390010.100145
1753390010.130952
1753390010.166484
1753390010.196251
1753390010.231370
1753390010.266508
1753390010.294905
1753390010.326494
1753390010.366927
1753390010.397104
1753390010.432560
1753390010.459498
1753390010.497442
1753390010.530754
1753390010.566167
1753390010.593282
1753390010.632884
1753390010.663700
1753390010.699732
1753390010.726712
1753390010.767453
1753390010.797058
1753390010.837759
1753390010.859643
1753390010.900541
1753390010.929966
1753390010.968548
1753390010.993547
1753390011.036477
1753390011.063282
1753390011.104409
1753390011.126542
1753390011.167450
1753390011.198229
1753390011.235070
1753390011.261361
1753390011.300647
1753390011.330070
1753390011.366090
1753390011.394986
1753390011.435925
1753390011.463834
1753390011.498510
1753390011.528848
1753390011.569047
1753390011.596795
1753390011.634164
1753390011.661568
1753390011.698363
1753390011.736131
1753390011.763863
1753390011.797216
1753390011.832190
1753390011.868964
1753390011.898214
1753390011.930099
1753390011.966392
1753390011.999443
1753390012.034474
1753390012.062147
1753390012.101395
1753390012.131084
1753390012.168205
1753390012.195999
