1753289299.558037
1753289299.657721
1753289299.691827
1753289299.724620
1753289299.758100
1753289299.791617
1753289299.823665
1753289299.857373
1753289299.891041
1753289299.930235
1753289299.963543
1753289299.997313
1753289300.029314
1753289300.062401
1753289300.100181
1753289300.129703
1753289300.159583
1753289300.191426
1753289300.224632
1753289300.258875
1753289300.292208
1753289300.325531
1753289300.358752
1753289300.391610
1753289300.426223
1753289300.469766
1753289300.497663
1753289300.536932
1753289300.566525
1753289300.601900
1753289300.638529
1753289300.671575
1753289300.704092
1753289300.737659
1753289300.773244
1753289300.805184
1753289300.834665
1753289300.867927
1753289300.897160
1753289300.930223
1753289300.964803
1753289300.996969
1753289301.026786
1753289301.058901
1753289301.096459
1753289301.132088
1753289301.160045
1753289301.192688
1753289301.225165
1753289301.264991
1753289301.296191
1753289301.330729
1753289301.358443
1753289301.398116
1753289301.427359
1753289301.469481
1753289301.491607
1753289301.532133
1753289301.561990
1753289301.595867
1753289301.625328
1753289301.665707
1753289301.695091
1753289301.734937
1753289301.758341
1753289301.798320
1753289301.825341
1753289301.865816
1753289301.892048
1753289301.926838
1753289301.967404
1753289301.994904
1753289302.025359
1753289302.065970
1753289302.095206
1753289302.135530
1753289302.158687
1753289302.197623
1753289302.229231
1753289302.263701
1753289302.292182
1753289302.330590
1753289302.363231
1753289302.403435
1753289302.425561
1753289302.463825
1753289302.496620
1753289302.530554
1753289302.558912
1753289302.596860
1753289302.635078
1753289302.661878
1753289302.692223
1753289302.727845
1753289302.762785
1753289302.795816
1753289302.825772
1753289302.860794
1753289302.893195
1753289302.932920
1753289302.959028
1753289302.995722
1753289303.034429
1753289303.061924
1753289303.092525
1753289303.131427
1753289303.162877
1753289303.203367
1753289303.225959
1753289303.264398
1753289303.297934
1753289303.332764
1753289303.359347
1753289303.398344
1753289303.428869
1753289303.469266
1753289303.492657
1753289303.533396
1753289303.563052
1753289303.598303
1753289303.626408
1753289303.668343
1753289303.696501
1753289303.736604
1753289303.759544
1753289303.796922
1753289303.833704
1753289303.863055
1753289303.892603
1753289303.936067
1753289303.960728
1753289303.996483
1753289304.026577
1753289304.067652
1753289304.097765
1753289304.137559
1753289304.159833
1753289304.201475
1753289304.229947
1753289304.269585
1753289304.292544
1753289304.327561
1753289304.367503
1753289304.397752
1753289304.426389
1753289304.467148
1753289304.495869
1753289304.538007
1753289304.559818
1753289304.604112
1753289304.628832
1753289304.666497
1753289304.693236
1753289304.731228
1753289304.769264
1753289304.795744
1753289304.827159
1753289304.865479
1753289304.897067
1753289304.938031
1753289304.960332
1753289304.998707
1753289305.034350
1753289305.064212
1753289305.093581
1753289305.131525
1753289305.168827
1753289305.196539
1753289305.227308
1753289305.265846
1753289305.300837
1753289305.330323
1753289305.361711
1753289305.399095
1753289305.433040
1753289305.465532
1753289305.494290
1753289305.537435
1753289305.560466
1753289305.606390
1753289305.627638
1753289305.674294
1753289305.695485
1753289305.737304
1753289305.761009
1753289305.806351
1753289305.829214
1753289305.869299
1753289305.893926
1753289305.940692
1753289305.962435
1753289305.997803
1753289306.026978
1753289306.062883
1753289306.100113
1753289306.137544
1753289306.161398
1753289306.207963
1753289306.228567
1753289306.274390
1753289306.294936
1753289306.332683
1753289306.369915
1753289306.396839
1753289306.429081
1753289306.470624
1753289306.496280
1753289306.539393
1753289306.561532
1753289306.605766
1753289306.629460
1753289306.669350
1753289306.694754
1753289306.733559
1753289306.765235
1753289306.804534
1753289306.828092
1753289306.868278
1753289306.897344
1753289306.929168
1753289306.963930
1753289307.003416
1753289307.029672
1753289307.069623
1753289307.095098
1753289307.140917
1753289307.162649
1753289307.202752
1753289307.228340
1753289307.272468
1753289307.296230
1753289307.336529
1753289307.362136
1753289307.405516
1753289307.429690
1753289307.469991
1753289307.495402
1753289307.533768
1753289307.572758
1753289307.596171
1753289307.631188
1753289307.665967
1753289307.702138
1753289307.734793
1753289307.761619
1753289307.803925
1753289307.829810
1753289307.865793
1753289307.894638
1753289307.940729
1753289307.962805
1753289308.003877
1753289308.028680
1753289308.075064
1753289308.094437
1753289308.142463
1753289308.162432
1753289308.205122
1753289308.230352
1753289308.271212
1753289308.295071
1753289308.335880
1753289308.363369
1753289308.406857
1753289308.428901
1753289308.464886
1753289308.507194
1753289308.529811
1753289308.565085
1753289308.599983
1753289308.632817
1753289308.673743
1753289308.695526
1753289308.741370
1753289308.762718
1753289308.803013
1753289308.828840
1753289308.871774
1753289308.895594
1753289308.942964
1753289308.962422
1753289309.003519
1753289309.030873
1753289309.072900
1753289309.095943
1753289309.139428
1753289309.163117
1753289309.204915
1753289309.229284
1753289309.274224
1753289309.296742
1753289309.337436
1753289309.362551
1753289309.405156
1753289309.431186
1753289309.473568
1753289309.495877
1753289309.543006
1753289309.562897
1753289309.609910
1753289309.629704
1753289309.666209
1753289309.704931
1753289309.731671
1753289309.767490
1753289309.796927
1753289309.835807
1753289309.869303
1753289309.899716
1753289309.931689
1753289309.973745
1753289309.996876
1753289310.039805
1753289310.063035
1753289310.106425
1753289310.131241
1753289310.173525
1753289310.196392
1753289310.239982
1753289310.265399
1753289310.306270
1753289310.330138
1753289310.375011
1753289310.397075
1753289310.438374
1753289310.463359
1753289310.505552
1753289310.531867
1753289310.574804
1753289310.596603
1753289310.641109
1753289310.663711
1753289310.707980
1753289310.730199
1753289310.775774
1753289310.797140
1753289310.840599
1753289310.863594
1753289310.897029
1753289310.940288
1753289310.965934
1753289311.006208
1753289311.030353
1753289311.076698
1753289311.097011
1753289311.136330
1753289311.163971
1753289311.207860
1753289311.230739
1753289311.271905
1753289311.297056
1753289311.334672
1753289311.366002
1753289311.397328
1753289311.435210
1753289311.468066
1753289311.508597
1753289311.530479
1753289311.570471
1753289311.602351
1753289311.643071
1753289311.663822
1753289311.706416
1753289311.733758
1753289311.775865
1753289311.797208
1753289311.837433
1753289311.868608
1753289311.896523
1753289311.934544
1753289311.966401
1753289312.007660
1753289312.030950
1753289312.065958
1753289312.106554
1753289312.130733
1753289312.172472
1753289312.196995
1753289312.240511
1753289312.264134
1753289312.304937
1753289312.330785
1753289312.369779
1753289312.404257
1753289312.440211
1753289312.464209
1753289312.507504
1753289312.531228
1753289312.574226
1753289312.597383
1753289312.639930
1753289312.664436
1753289312.707646
1753289312.730695
1753289312.774237
1753289312.797796
1753289312.843870
1753289312.864303
1753289312.898568
1753289312.941524
1753289312.965034
1753289313.000761
1753289313.040180
1753289313.067575
1753289313.110188
1753289313.131057
1753289313.174395
1753289313.198588
1753289313.241693
1753289313.264501
1753289313.309124
1753289313.332033
1753289313.371224
1753289313.399211
1753289313.442593
1753289313.465674
1753289313.508630
1753289313.531432
1753289313.574732
1753289313.600203
1753289313.639354
1753289313.664946
1753289313.707534
1753289313.733039
1753289313.776325
1753289313.798140
1753289313.834343
1753289313.876712
1753289313.897706
1753289313.938951
1753289313.965609
1753289314.009507
1753289314.032168
1753289314.068309
1753289314.106001
1753289314.137643
1753289314.173604
1753289314.198354
1753289314.244415
1753289314.266364
1753289314.307068
1753289314.331726
1753289314.370766
1753289314.406324
1753289314.436888
1753289314.466866
1753289314.507440
1753289314.535292
1753289314.576592
1753289314.598505
1753289314.642106
1753289314.667290
1753289314.705131
1753289314.731862
1753289314.768857
1753289314.810322
1753289314.833564
1753289314.868316
1753289314.899813
1753289314.943176
1753289314.966778
1753289315.002803
1753289315.039685
1753289315.071186
1753289315.108385
1753289315.132538
1753289315.176097
1753289315.202833
1753289315.243854
1753289315.265513
1753289315.310056
1753289315.334248
1753289315.376684
1753289315.399136
1753289315.445228
1753289315.468027
1753289315.509704
1753289315.532305
1753289315.577147
1753289315.601093
1753289315.643753
1753289315.665817
1753289315.709032
1753289315.735937
1753289315.777237
1753289315.799127
1753289315.842136
1753289315.866294
1753289315.902461
1753289315.933499
1753289315.974442
1753289316.002200
1753289316.036831
1753289316.065917
1753289316.103610
1753289316.144120
1753289316.167722
1753289316.202911
1753289316.241605
1753289316.271373
1753289316.309080
1753289316.333094
1753289316.376539
1753289316.402009
1753289316.444026
1753289316.466101
1753289316.510122
1753289316.535327
1753289316.577713
1753289316.599984
1753289316.643696
1753289316.670267
1753289316.710487
1753289316.733282
1753289316.778142
1753289316.801462
1753289316.841552
1753289316.867178
1753289316.903132
1753289316.943535
1753289316.967013
1753289317.000305
1753289317.043229
1753289317.071551
1753289317.111416
1753289317.133607
1753289317.176997
1753289317.205457
1753289317.243055
1753289317.267838
1753289317.309771
1753289317.338852
1753289317.376410
1753289317.401874
1753289317.440718
1753289317.473242
1753289317.509775
1753289317.533629
1753289317.576909
1753289317.606082
1753289317.643075
1753289317.666484
1753289317.710166
1753289317.736229
1753289317.777887
1753289317.808692
1753289317.833393
1753289317.873941
1753289317.903209
1753289317.940023
1753289317.977088
1753289318.000158
1753289318.039231
1753289318.076080
1753289318.104794
1753289318.136197
1753289318.175091
1753289318.201771
1753289318.239807
1753289318.268145
1753289318.305502
1753289318.342063
1753289318.375214
1753289318.400957
1753289318.443711
1753289318.473695
1753289318.509646
1753289318.534443
1753289318.576529
1753289318.605045
1753289318.644175
1753289318.667299
1753289318.712600
1753289318.736492
1753289318.777077
1753289318.800617
1753289318.843454
1753289318.869918
1753289318.903819
1753289318.939092
1753289318.973267
1753289319.010049
1753289319.040701
1753289319.071207
1753289319.108058
1753289319.142359
1753289319.176537
1753289319.203420
1753289319.244578
1753289319.272768
1753289319.308958
1753289319.338382
1753289319.374971
1753289319.410814
1753289319.441755
1753289319.472276
1753289319.509329
1753289319.543607
1753289319.574785
1753289319.604205
1753289319.641763
1753289319.677084
1753289319.708122
1753289319.735622
1753289319.777141
1753289319.805437
1753289319.843475
1753289319.866750
1753289319.903127
1753289319.944403
1753289319.974024
1753289320.004703
1753289320.042069
1753289320.076964
1753289320.107552
1753289320.137439
1753289320.175500
1753289320.210251
1753289320.241348
1753289320.271121
1753289320.306872
1753289320.343298
1753289320.371222
1753289320.402897
1753289320.443845
1753289320.475034
1753289320.510195
1753289320.535244
1753289320.578887
1753289320.606440
1753289320.643626
1753289320.670766
1753289320.710587
1753289320.741255
1753289320.777423
1753289320.803353
1753289320.844497
1753289320.871576
1753289320.903871
1753289320.944936
1753289320.970971
1753289321.007940
1753289321.042075
1753289321.072529
1753289321.109310
1753289321.144534
1753289321.175569
1753289321.203522
1753289321.244805
1753289321.275102
1753289321.309564
1753289321.337568
1753289321.376062
1753289321.411331
1753289321.441822
1753289321.470339
1753289321.511436
1753289321.542185
1753289321.577862
1753289321.601992
1753289321.644656
1753289321.674466
1753289321.711512
1753289321.735441
1753289321.779374
1753289321.805640
1753289321.844036
1753289321.867763
1753289321.903672
1753289321.944801
1753289321.970965
1753289322.004556
1753289322.044719
1753289322.074744
1753289322.110580
1753289322.135271
1753289322.176111
1753289322.208039
1753289322.243671
1753289322.268837
1753289322.310728
1753289322.341391
1753289322.375922
1753289322.402327
1753289322.444678
1753289322.475229
1753289322.510573
1753289322.535482
1753289322.578675
1753289322.608644
1753289322.644834
1753289322.669179
1753289322.712866
1753289322.741560
1753289322.777487
1753289322.802815
1753289322.844772
1753289322.872039
1753289322.907749
1753289322.939806
1753289322.977062
1753289323.009533
1753289323.044506
1753289323.069526
1753289323.110478
1753289323.141544
1753289323.177596
1753289323.203046
1753289323.244500
1753289323.276353
1753289323.310082
1753289323.338150
1753289323.375726
1753289323.411634
1753289323.438875
1753289323.477794
1753289323.507654
1753289323.546931
1753289323.573977
1753289323.607616
1753289323.643635
1753289323.678264
1753289323.708423
1753289323.737841
1753289323.778138
1753289323.806068
1753289323.844507
1753289323.870078
1753289323.907908
1753289323.945087
1753289323.976107
1753289324.004335
1753289324.042701
1753289324.077730
1753289324.110106
1753289324.138238
1753289324.176648
1753289324.210424
1753289324.243014
1753289324.272547
1753289324.309242
1753289324.343846
1753289324.373358
1753289324.408366
1753289324.443529
1753289324.476344
1753289324.511310
1753289324.537557
1753289324.575437
1753289324.611004
1753289324.643174
1753289324.674478
1753289324.711120
1753289324.742563
1753289324.778335
1753289324.806974
1753289324.844874
1753289324.873700
1753289324.907748
1753289324.941447
1753289324.978193
1753289325.010153
1753289325.042991
1753289325.072617
1753289325.110886
1753289325.143959
1753289325.178337
1753289325.205275
1753289325.245644
1753289325.276658
1753289325.310332
1753289325.338482
1753289325.376610
1753289325.411095
1753289325.443206
1753289325.471506
1753289325.512069
1753289325.543469
1753289325.577443
1753289325.605849
1753289325.643834
1753289325.678694
1753289325.710285
1753289325.738637
1753289325.776416
1753289325.810842
1753289325.843942
1753289325.870881
1753289325.906794
1753289325.945619
1753289325.976276
1753289326.003498
1753289326.040913
1753289326.073640
1753289326.110106
1753289326.143681
1753289326.170741
1753289326.209846
1753289326.243725
1753289326.277642
1753289326.309791
1753289326.340143
1753289326.375684
1753289326.411428
1753289326.444098
1753289326.471220
1753289326.509764
1753289326.544854
1753289326.577411
1753289326.605672
1753289326.643492
1753289326.676130
1753289326.709701
1753289326.740614
1753289326.777178
1753289326.811864
1753289326.846263
1753289326.871331
1753289326.908513
1753289326.947720
1753289326.975655
1753289327.007888
1753289327.044045
1753289327.072239
1753289327.112322
1753289327.141331
1753289327.181362
1753289327.209405
1753289327.246046
1753289327.271924
1753289327.310858
1753289327.345641
1753289327.377187
1753289327.408712
1753289327.443583
1753289327.476646
1753289327.511933
1753289327.542634
1753289327.577556
1753289327.610117
1753289327.644714
1753289327.676130
1753289327.711106
1753289327.744871
1753289327.778697
1753289327.806924
1753289327.846528
1753289327.874878
1753289327.910643
1753289327.941699
1753289327.977582
1753289328.011795
1753289328.045001
1753289328.072366
1753289328.112062
1753289328.145106
1753289328.179118
1753289328.206135
1753289328.246142
1753289328.278927
1753289328.310654
1753289328.338694
1753289328.376833
1753289328.412011
1753289328.445739
1753289328.472628
1753289328.512181
1753289328.545850
1753289328.580017
1753289328.605808
1753289328.645365
1753289328.679728
1753289328.712681
1753289328.739934
1753289328.779719
1753289328.812398
1753289328.845723
1753289328.873896
1753289328.911319
1753289328.944462
1753289328.978314
1753289329.008372
1753289329.044327
1753289329.077784
1753289329.112299
1753289329.142445
1753289329.179176
1753289329.213856
1753289329.244734
1753289329.276088
1753289329.310158
1753289329.344988
1753289329.376959
1753289329.410240
1753289329.445173
1753289329.479839
1753289329.514916
1753289329.539454
1753289329.579328
1753289329.613713
1753289329.647232
1753289329.672714
1753289329.713078
1753289329.748093
1753289329.778279
1753289329.809620
1753289329.844844
1753289329.878061
1753289329.909714
1753289329.943807
1753289329.977827
1753289330.011998
1753289330.047100
1753289330.072896
1753289330.113058
1753289330.147412
1753289330.173348
1753289330.211520
1753289330.244062
1753289330.279207
1753289330.311243
1753289330.341990
1753289330.377280
1753289330.411460
1753289330.445584
1753289330.475428
1753289330.515615
1753289330.543705
1753289330.578527
1753289330.610104
1753289330.645459
1753289330.680073
1753289330.711619
1753289330.741499
1753289330.781367
1753289330.811481
1753289330.846710
1753289330.876483
1753289330.911372
1753289330.947327
1753289330.978858
1753289331.009669
1753289331.047611
1753289331.077731
1753289331.113095
1753289331.143206
1753289331.181658
1753289331.212711
1753289331.248084
1753289331.275207
1753289331.310460
1753289331.346863
1753289331.378093
1753289331.407781
1753289331.444814
1753289331.480172
1753289331.514710
1753289331.543539
1753289331.583186
1753289331.611623
1753289331.647607
1753289331.675079
1753289331.712398
1753289331.746532
1753289331.782025
1753289331.807684
1753289331.848512
1753289331.877606
1753289331.912661
1753289331.943750
1753289331.979067
1753289332.013290
1753289332.046222
1753289332.074233
1753289332.115474
1753289332.144307
1753289332.179600
1753289332.207081
1753289332.248231
1753289332.277218
1753289332.314217
1753289332.341996
1753289332.378981
1753289332.413518
1753289332.447737
1753289332.474238
1753289332.514884
1753289332.545979
1753289332.581336
1753289332.607630
1753289332.648438
1753289332.678473
1753289332.714074
1753289332.742638
1753289332.779795
1753289332.814015
1753289332.845943
1753289332.877303
1753289332.913168
1753289332.949275
1753289332.978911
1753289333.009927
1753289333.048302
1753289333.080644
1753289333.115677
1753289333.141141
1753289333.178718
1753289333.214425
1753289333.245618
1753289333.278924
1753289333.311170
1753289333.350163
1753289333.377655
1753289333.410882
1753289333.446222
1753289333.480992
1753289333.512362
1753289333.544394
1753289333.581048
1753289333.612220
1753289333.647981
1753289333.676839
1753289333.718512
1753289333.745141
1753289333.782219
1753289333.808545
1753289333.849676
1753289333.877527
1753289333.914217
1753289333.943567
1753289333.978452
1753289334.014766
1753289334.050161
1753289334.074813
1753289334.112491
1753289334.151663
1753289334.177490
1753289334.211174
1753289334.246876
1753289334.286076
1753289334.310491
1753289334.343485
1753289334.378021
1753289334.419629
1753289334.444957
1753289334.485219
1753289334.507902
1753289334.544927
1753289334.584551
1753289334.611423
1753289334.652905
1753289334.675004
1753289334.714605
1753289334.748480
1753289334.783626
1753289334.807700
1753289334.851761
1753289334.878093
1753289334.914439
1753289334.941866
1753289334.982112
1753289335.014965
1753289335.049587
1753289335.075345
1753289335.112034
1753289335.152561
1753289335.178228
1753289335.213364
1753289335.247177
1753289335.279605
1753289335.315067
1753289335.344615
1753289335.378768
1753289335.415876
1753289335.447707
1753289335.477710
1753289335.519160
1753289335.544821
1753289335.584762
1753289335.610142
1753289335.652612
1753289335.678326
1753289335.718931
1753289335.742647
1753289335.782916
1753289335.815458
1753289335.850804
1753289335.876004
1753289335.913847
1753289335.950844
1753289335.979719
1753289336.010579
1753289336.046819
1753289336.079505
1753289336.110183
1753289336.143519
1753289336.180951
1753289336.216479
1753289336.246815
1753289336.276202
1753289336.314729
1753289336.349169
1753289336.378755
1753289336.411969
1753289336.447628
1753289336.483244
1753289336.517695
1753289336.542510
1753289336.587139
1753289336.609248
1753289336.654284
1753289336.675881
1753289336.718574
1753289336.746053
1753289336.786612
1753289336.809436
1753289336.854236
1753289336.878687
1753289336.917536
1753289336.942634
1753289336.980213
1753289337.019014
1753289337.046068
1753289337.077703
1753289337.114564
1753289337.143792
1753289337.181811
1753289337.212977
1753289337.249151
1753289337.284399
1753289337.313175
1753289337.346128
1753289337.378690
1753289337.416450
1753289337.447604
1753289337.479141
1753289337.515223
1753289337.547364
1753289337.585473
1753289337.609707
1753289337.656071
1753289337.678563
1753289337.715976
1753289337.743700
1753289337.785712
1753289337.812193
1753289337.850471
1753289337.876625
1753289337.915541
1753289337.946428
1753289337.983612
1753289338.010134
1753289338.056224
1753289338.078284
1753289338.118160
1753289338.143344
1753289338.185904
1753289338.212745
1753289338.250287
1753289338.276697
1753289338.314210
1753289338.351704
1753289338.379499
1753289338.414215
1753289338.450121
1753289338.487550
1753289338.513051
1753289338.545598
1753289338.581435
1753289338.620678
1753289338.646161
1753289338.678800
1753289338.717544
1753289338.751135
1753289338.783161
1753289338.812573
1753289338.850233
1753289338.881375
1753289338.914094
1753289338.949198
1753289338.981891
1753289339.023032
1753289339.045781
1753289339.085374
1753289339.112403
1753289339.154434
1753289339.179034
1753289339.215238
1753289339.250150
1753289339.287506
1753289339.311174
1753289339.348331
1753289339.384755
1753289339.413725
1753289339.455379
1753289339.478709
1753289339.516628
1753289339.547906
1753289339.589218
1753289339.611034
1753289339.656609
1753289339.679186
1753289339.723535
1753289339.744727
1753289339.786110
1753289339.813551
1753289339.856498
1753289339.877915
1753289339.915634
1753289339.955541
1753289339.979307
1753289340.013733
1753289340.050896
1753289340.083465
1753289340.119650
1753289340.144864
1753289340.191448
1753289340.212100
1753289340.251838
1753289340.277855
1753289340.318159
1753289340.348960
1753289340.382220
1753289340.413845
1753289340.451249
1753289340.480285
1753289340.518624
1753289340.544951
1753289340.586450
1753289340.613636
1753289340.654853
1753289340.677980
1753289340.725416
1753289340.744991
1753289340.787627
1753289340.811571
1753289340.850050
1753289340.883904
1753289340.914167
1753289340.946795
1753289340.984123
1753289341.021615
1753289341.046320
1753289341.081335
1753289341.118990
1753289341.146915
1753289341.189845
1753289341.211528
1753289341.252383
1753289341.280332
1753289341.319434
1753289341.345658
1753289341.382665
1753289341.414465
1753289341.450005
1753289341.480616
1753289341.519659
1753289341.547021
1753289341.589711
1753289341.612158
1753289341.652652
1753289341.680740
1753289341.723607
1753289341.745045
1753289341.783088
1753289341.822100
1753289341.845759
1753289341.879710
1753289341.919146
1753289341.950615
1753289341.988511
1753289342.012188
1753289342.054728
1753289342.079861
1753289342.117331
1753289342.146020
1753289342.183679
1753289342.223836
1753289342.246535
1753289342.282009
1753289342.316141
1753289342.358108
1753289342.379495
1753289342.416101
1753289342.450896
1753289342.480538
1753289342.525839
1753289342.545471
1753289342.584305
1753289342.623111
1753289342.646688
1753289342.680312
1753289342.721150
1753289342.748452
1753289342.789402
1753289342.822854
1753289342.845786
1753289342.885743
1753289342.920204
1753289342.951327
1753289342.988587
1753289343.012657
1753289343.056652
1753289343.079588
1753289343.122693
1753289343.145705
1753289343.192482
1753289343.212634
1753289343.255890
1753289343.279210
1753289343.316792
1753289343.357635
1753289343.379772
1753289343.414615
1753289343.454182
1753289343.480749
1753289343.522761
1753289343.546065
1753289343.589117
1753289343.616167
1753289343.658932
1753289343.679588
1753289343.720302
1753289343.749451
1753289343.788258
1753289343.813139
1753289343.856495
1753289343.881609
1753289343.921658
1753289343.946353
1753289343.989197
1753289344.016405
1753289344.058718
1753289344.079647
1753289344.121721
1753289344.147544
1753289344.190409
1753289344.212985
1753289344.255737
1753289344.281045
1753289344.323581
1753289344.346377
1753289344.386419
1753289344.417435
1753289344.457215
1753289344.479814
1753289344.525950
1753289344.546431
1753289344.587716
1753289344.613198
1753289344.657029
1753289344.680202
1753289344.726297
1753289344.746673
1753289344.790143
1753289344.814328
1753289344.857409
1753289344.879922
1753289344.922374
1753289344.950133
1753289344.989380
1753289345.013509
1753289345.055084
1753289345.088957
1753289345.116759
1753289345.152735
1753289345.182544
1753289345.223680
1753289345.247952
1753289345.290715
1753289345.313942
1753289345.356896
1753289345.384467
1753289345.414073
1753289345.456663
1753289345.484670
1753289345.521817
1753289345.547482
1753289345.589365
1753289345.617082
1753289345.655576
1753289345.680992
1753289345.724694
1753289345.747675
1753289345.791560
1753289345.813284
1753289345.860200
1753289345.881152
1753289345.922547
1753289345.947484
1753289345.991338
1753289346.015487
1753289346.057842
1753289346.080808
1753289346.123621
1753289346.148555
1753289346.189933
1753289346.213910
1753289346.256789
1753289346.284685
1753289346.322869
1753289346.347648
1753289346.390517
1753289346.416050
1753289346.460491
1753289346.480964
1753289346.524293
1753289346.552228
1753289346.592788
1753289346.614165
1753289346.657954
1753289346.681301
1753289346.727036
1753289346.747185
1753289346.783973
1753289346.816669
1753289346.858175
1753289346.881035
1753289346.923844
1753289346.951890
1753289346.993077
1753289347.014517
1753289347.050041
1753289347.084840
1753289347.115734
1753289347.154227
1753289347.181475
1753289347.215744
1753289347.259937
1753289347.281375
1753289347.323719
1753289347.350714
1753289347.386383
1753289347.413553
1753289347.451368
1753289347.484063
1753289347.526679
1753289347.548956
1753289347.587596
1753289347.624999
1753289347.654440
1753289347.682715
1753289347.725332
1753289347.751940
1753289347.793441
1753289347.815233
1753289347.858714
1753289347.884403
1753289347.923457
1753289347.948310
1753289347.992530
1753289348.016070
1753289348.060980
1753289348.081689
1753289348.124454
1753289348.151928
1753289348.193094
1753289348.214750
1753289348.259461
1753289348.282265
1753289348.324161
1753289348.348574
1753289348.390876
1753289348.418550
1753289348.459178
1753289348.481915
1753289348.527001
1753289348.549821
1753289348.587581
1753289348.615951
1753289348.660769
1753289348.683229
1753289348.728405
1753289348.748443
1753289348.792101
1753289348.818512
1753289348.860005
1753289348.881971
1753289348.922404
1753289348.958122
1753289348.986628
1753289349.016814
1753289349.059632
1753289349.083667
1753289349.126447
1753289349.149119
1753289349.189626
1753289349.225984
1753289349.255400
1753289349.284376
1753289349.321773
1753289349.359696
1753289349.387828
1753289349.415769
1753289349.460586
1753289349.484453
1753289349.527296
1753289349.549025
1753289349.591978
1753289349.621972
1753289349.659135
1753289349.682157
1753289349.727085
1753289349.751278
1753289349.789839
1753289349.817625
1753289349.859699
1753289349.883946
1753289349.924344
1753289349.951243
1753289349.992914
1753289350.021353
1753289350.058706
1753289350.082512
1753289350.128591
1753289350.151711
1753289350.192506
1753289350.215983
1753289350.256783
1753289350.289906
1753289350.322231
1753289350.349495
1753289350.391909
1753289350.417081
1753289350.460016
1753289350.482628
1753289350.525825
1753289350.555616
1753289350.592073
1753289350.616653
1753289350.658921
1753289350.689448
1753289350.726054
1753289350.749643
1753289350.793075
1753289350.820331
1753289350.859582
1753289350.882980
1753289350.924134
1753289350.957794
1753289350.992206
1753289351.016909
1753289351.059650
1753289351.089028
1753289351.125931
1753289351.161666
1753289351.183422
1753289351.227595
1753289351.251153
1753289351.289212
1753289351.323350
1753289351.352989
1753289351.391364
1753289351.425749
1753289351.456475
1753289351.486294
1753289351.527170
1753289351.555940
1753289351.592962
1753289351.617826
1753289351.660082
1753289351.690209
1753289351.726516
1753289351.752012
1753289351.794225
1753289351.820114
1753289351.857858
1753289351.885536
1753289351.923968
1753289351.960016
1753289351.989539
1753289352.021035
1753289352.057725
1753289352.092126
1753289352.125503
1753289352.150771
1753289352.188827
1753289352.226501
1753289352.256677
1753289352.284853
1753289352.323205
1753289352.357313
1753289352.390460
1753289352.417272
1753289352.459736
1753289352.490215
1753289352.525533
1753289352.550631
1753289352.593696
1753289352.624140
1753289352.660129
1753289352.683935
1753289352.727324
1753289352.756047
1753289352.788938
1753289352.819891
1753289352.861215
1753289352.885836
1753289352.926459
1753289352.950627
1753289352.993732
1753289353.021054
1753289353.062001
1753289353.083929
1753289353.127210
1753289353.155702
1753289353.189178
1753289353.221423
1753289353.259721
1753289353.289117
1753289353.325683
1753289353.353353
1753289353.393171
1753289353.424538
1753289353.459202
1753289353.484374
1753289353.526932
1753289353.557804
1753289353.593610
1753289353.620946
1753289353.659263
1753289353.692172
1753289353.727225
1753289353.752732
1753289353.794084
1753289353.823760
1753289353.860509
1753289353.884663
1753289353.925443
1753289353.960390
1753289353.992276
1753289354.019636
1753289354.060812
1753289354.087457
1753289354.128328
1753289354.151187
1753289354.195028
1753289354.224054
1753289354.255045
1753289354.289045
1753289354.323862
1753289354.360246
1753289354.390113
1753289354.420623
1753289354.459731
1753289354.489826
1753289354.527058
1753289354.551430
1753289354.592973
1753289354.626383
1753289354.658649
1753289354.685831
1753289354.727790
1753289354.757823
1753289354.794035
1753289354.818655
1753289354.861844
1753289354.887657
1753289354.927181
1753289354.951581
1753289354.995477
1753289355.022677
1753289355.061434
1753289355.084970
1753289355.128909
1753289355.155318
1753289355.193533
1753289355.219504
1753289355.259363
1753289355.293207
1753289355.327117
1753289355.354031
1753289355.392486
1753289355.427682
1753289355.457838
1753289355.489674
1753289355.526088
1753289355.558356
1753289355.593984
1753289355.620578
1753289355.660134
1753289355.690984
1753289355.727513
1753289355.755646
1753289355.789978
1753289355.828489
1753289355.859443
1753289355.886576
1753289355.926772
1753289355.958965
1753289355.994327
1753289356.018781
1753289356.059970
1753289356.093194
1753289356.122722
1753289356.154702
1753289356.193946
1753289356.221344
1753289356.261362
1753289356.285806
1753289356.327238
1753289356.359140
1753289356.389491
1753289356.423340
1753289356.457052
1753289356.494080
1753289356.523443
1753289356.556450
1753289356.593137
1753289356.624395
1753289356.662580
1753289356.685784
1753289356.730144
1753289356.757070
1753289356.796027
1753289356.819269
1753289356.862415
1753289356.887703
1753289356.925058
1753289356.953585
1753289356.992942
1753289357.021383
1753289357.061954
1753289357.086263
1753289357.128183
1753289357.157564
1753289357.196507
1753289357.220244
1753289357.257144
1753289357.287090
1753289357.326391
1753289357.353985
1753289357.394394
1753289357.426754
1753289357.457228
1753289357.485681
1753289357.522069
1753289357.556481
1753289357.590234
1753289357.618429
1753289357.657649
1753289357.690197
1753289357.723273
1753289357.751809
1753289357.792058
1753289357.823376
1753289357.860897
1753289357.886844
1753289357.927586
1753289357.959741
1753289357.993974
1753289358.022778
1753289358.057524
1753289358.089063
1753289358.126230
1753289358.157352
1753289358.194051
1753289358.226884
1753289358.261715
1753289358.288345
1753289358.328177
1753289358.359311
1753289358.394546
1753289358.420510
1753289358.460087
1753289358.491675
1753289358.526701
1753289358.554687
1753289358.590510
1753289358.629378
1753289358.659036
1753289358.690765
1753289358.727858
1753289358.759993
1753289358.788571
1753289358.826051
1753289358.858089
1753289358.894330
1753289358.926767
1753289358.955043
1753289358.990789
1753289359.029450
1753289359.059796
1753289359.087692
1753289359.128520
1753289359.159186
1753289359.194765
1753289359.220342
1753289359.262102
1753289359.293511
1753289359.327582
1753289359.358167
1753289359.393581
1753289359.426284
1753289359.457802
1753289359.494365
1753289359.520565
1753289359.561638
1753289359.593660
1753289359.626342
1753289359.661456
1753289359.691979
1753289359.727265
1753289359.762199
1753289359.795030
1753289359.824314
1753289359.862706
1753289359.890001
1753289359.928396
1753289359.958737
1753289359.993331
1753289360.025403
1753289360.061396
1753289360.091870
1753289360.127409
1753289360.159763
1753289360.194407
1753289360.224069
1753289360.262797
1753289360.294848
1753289360.326123
1753289360.354490
1753289360.392751
1753289360.427750
1753289360.459310
1753289360.488204
1753289360.526729
1753289360.560068
1753289360.593447
1753289360.621182
1753289360.661711
1753289360.693073
1753289360.725582
1753289360.756129
1753289360.796457
1753289360.826890
1753289360.860606
1753289360.887825
1753289360.926175
1753289360.961933
1753289360.994457
1753289361.023216
1753289361.062372
1753289361.094956
1753289361.128596
1753289361.155738
1753289361.193668
1753289361.226701
1753289361.260942
1753289361.290050
1753289361.328487
1753289361.361387
1753289361.394378
1753289361.422895
1753289361.461191
1753289361.493686
1753289361.528562
1753289361.555304
1753289361.593913
1753289361.626498
1753289361.659915
1753289361.692550
1753289361.728025
1753289361.761405
1753289361.792993
1753289361.827775
1753289361.859558
1753289361.891920
1753289361.927732
1753289361.959318
1753289361.993627
1753289362.025901
1753289362.061993
1753289362.090779
1753289362.130870
1753289362.159488
1753289362.193299
1753289362.226054
1753289362.261015
1753289362.294823
1753289362.327351
1753289362.357188
1753289362.396955
1753289362.426975
1753289362.457743
1753289362.493391
1753289362.528535
1753289362.562262
1753289362.594294
1753289362.625334
1753289362.663864
1753289362.693491
1753289362.726854
1753289362.759797
1753289362.794654
1753289362.828743
1753289362.862455
1753289362.888676
1753289362.928477
1753289362.962931
1753289362.996034
1753289363.023024
1753289363.062741
1753289363.096516
1753289363.128385
1753289363.158616
1753289363.193780
1753289363.229197
1753289363.263139
1753289363.291633
1753289363.330571
1753289363.363118
1753289363.397072
1753289363.422912
1753289363.461357
1753289363.493753
1753289363.529152
1753289363.557708
1753289363.597105
1753289363.627487
1753289363.661861
1753289363.692426
1753289363.729077
1753289363.764149
1753289363.794462
1753289363.826633
1753289363.864535
1753289363.891018
1753289363.930340
1753289363.958554
1753289363.996713
1753289364.026489
1753289364.063094
1753289364.092928
1753289364.129855
1753289364.164723
1753289364.194779
1753289364.227319
1753289364.262897
1753289364.297986
1753289364.327762
1753289364.355770
1753289364.392694
1753289364.428639
1753289364.463303
1753289364.492315
1753289364.529164
1753289364.564022
1753289364.594672
1753289364.626895
1753289364.659532
1753289364.694438
1753289364.731051
1753289364.756330
1753289364.793601
1753289364.830787
1753289364.862179
1753289364.889655
1753289364.932469
1753289364.961532
1753289364.993922
1753289365.023927
1753289365.064522
1753289365.095756
1753289365.130735
1753289365.156208
1753289365.196362
1753289365.230895
1753289365.260538
1753289365.290749
1753289365.330988
1753289365.360884
1753289365.398072
1753289365.423095
1753289365.461730
1753289365.493907
1753289365.529538
1753289365.556830
1753289365.594758
1753289365.629604
1753289365.664264
1753289365.690172
1753289365.730855
1753289365.762045
1753289365.796973
1753289365.825194
1753289365.862366
1753289365.895194
1753289365.929922
1753289365.960300
1753289365.994648
1753289366.028572
1753289366.062888
1753289366.092836
1753289366.129110
1753289366.163827
1753289366.195672
1753289366.224397
1753289366.265284
1753289366.292066
1753289366.331593
1753289366.357311
1753289366.398239
1753289366.427511
1753289366.463603
1753289366.491841
1753289366.529070
1753289366.563732
1753289366.597687
1753289366.625361
1753289366.665701
1753289366.695588
1753289366.731884
1753289366.757860
1753289366.795454
1753289366.830115
1753289366.864947
1753289366.890779
1753289366.933481
1753289366.962471
1753289366.996663
1753289367.025084
1753289367.064250
1753289367.096544
1753289367.131901
1753289367.158118
1753289367.195623
1753289367.230582
1753289367.262565
1753289367.293770
1753289367.328419
1753289367.358582
1753289367.398466
1753289367.424486
1753289367.464863
1753289367.496698
1753289367.532341
1753289367.557810
1753289367.595371
1753289367.630686
1753289367.665244
1753289367.692763
1753289367.729361
1753289367.765478
1753289367.794315
1753289367.831297
1753289367.857877
1753289367.895544
1753289367.935523
1753289367.961781
1753289367.996035
1753289368.026769
1753289368.062759
1753289368.094005
1753289368.130766
1753289368.158533
1753289368.195728
1753289368.230680
1753289368.262629
1753289368.294080
1753289368.330160
1753289368.365078
1753289368.399913
1753289368.424901
1753289368.462161
1753289368.498445
1753289368.532738
1753289368.558736
1753289368.600177
1753289368.631024
1753289368.665742
1753289368.692081
1753289368.733550
1753289368.763259
1753289368.799922
1753289368.825769
1753289368.862753
1753289368.895784
1753289368.937878
1753289368.958304
1753289368.995584
1753289369.034340
1753289369.062353
1753289369.094356
1753289369.131978
1753289369.165809
1753289369.201704
1753289369.225132
1753289369.263324
1753289369.304263
1753289369.327998
1753289369.362624
1753289369.397573
1753289369.432018
1753289369.462296
1753289369.494879
1753289369.530933
1753289369.564882
1753289369.599681
1753289369.626209
1753289369.669190
1753289369.694894
1753289369.731959
1753289369.761767
1753289369.798721
1753289369.830830
1753289369.869200
1753289369.892201
1753289369.936798
1753289369.961667
1753289369.996759
1753289370.027762
1753289370.064438
1753289370.099356
1753289370.136487
1753289370.158930
1753289370.198253
1753289370.234352
1753289370.262369
1753289370.294937
1753289370.335762
1753289370.361969
1753289370.399582
1753289370.426290
1753289370.470571
1753289370.494941
1753289370.532043
1753289370.560089
1753289370.598402
1753289370.635008
1753289370.661850
1753289370.695402
1753289370.732135
1753289370.766488
1753289370.800432
1753289370.825752
1753289370.867117
1753289370.895380
1753289370.931200
1753289370.960965
1753289370.999904
1753289371.027025
1753289371.070288
1753289371.092689
1753289371.138448
1753289371.161650
1753289371.195728
1753289371.227998
1753289371.263839
1753289371.300669
1753289371.328680
1753289371.359571
1753289371.397007
1753289371.428561
1753289371.465458
1753289371.493293
1753289371.531191
1753289371.569643
1753289371.595101
1753289371.630892
1753289371.664634
1753289371.704797
1753289371.728449
1753289371.764654
1753289371.799239
1753289371.834369
1753289371.862987
1753289371.894122
1753289371.934914
1753289371.962815
1753289371.999867
1753289372.027981
1753289372.065533
1753289372.101148
1753289372.129506
1753289372.162165
1753289372.202732
1753289372.229704
1753289372.269748
1753289372.293631
1753289372.329182
1753289372.366886
1753289372.400939
1753289372.426572
1753289372.469829
1753289372.495592
1753289372.534226
1753289372.559992
1753289372.606293
1753289372.628531
1753289372.670566
1753289372.693504
1753289372.739384
1753289372.761617
1753289372.799616
1753289372.826844
1753289372.870133
1753289372.893488
1753289372.940110
1753289372.960455
1753289373.003633
1753289373.028778
1753289373.064361
1753289373.095037
1753289373.132739
1753289373.165267
1753289373.204552
1753289373.227177
1753289373.274322
1753289373.295099
1753289373.337440
1753289373.361013
1753289373.406391
1753289373.428745
1753289373.467635
1753289373.494365
1753289373.533206
1753289373.569117
1753289373.596842
1753289373.631734
1753289373.666647
1753289373.701910
1753289373.730417
1753289373.765045
1753289373.799949
1753289373.831774
1753289373.870192
1753289373.893935
1753289373.940274
1753289373.962180
1753289374.002837
1753289374.027978
1753289374.073322
1753289374.095913
1753289374.135407
1753289374.161514
1753289374.200761
1753289374.236001
1753289374.263488
1753289374.297057
1753289374.335386
1753289374.364305
1753289374.406282
1753289374.428066
1753289374.473928
1753289374.495401
1753289374.535365
1753289374.562701
1753289374.601178
1753289374.630614
1753289374.673613
1753289374.694618
1753289374.741072
1753289374.762591
1753289374.803124
1753289374.828365
1753289374.869393
1753289374.896374
1753289374.939804
1753289374.961990
1753289375.001680
1753289375.033018
1753289375.072167
1753289375.095178
1753289375.134321
1753289375.163751
1753289375.205297
1753289375.228177
1753289375.274210
1753289375.295561
1753289375.335815
1753289375.361902
1753289375.400658
1753289375.434672
1753289375.466201
1753289375.496359
1753289375.534281
1753289375.563468
1753289375.604963
1753289375.628526
1753289375.665437
1753289375.706269
1753289375.729501
1753289375.768896
1753289375.796152
1753289375.837218
1753289375.863373
1753289375.895464
1753289375.939783
1753289375.962550
1753289376.003057
1753289376.028663
1753289376.070019
1753289376.096851
1753289376.138901
1753289376.173472
1753289376.195566
1753289376.239669
1753289376.262877
1753289376.304544
1753289376.330075
1753289376.363159
1753289376.401966
1753289376.430924
1753289376.471844
1753289376.495214
1753289376.534549
1753289376.569221
1753289376.599587
1753289376.630250
1753289376.669900
1753289376.700769
1753289376.736774
1753289376.762244
1753289376.800142
1753289376.841052
1753289376.862430
1753289376.894794
1753289376.941945
1753289376.962217
1753289377.004222
1753289377.028901
1753289377.071024
1753289377.097132
1753289377.138372
1753289377.162594
1753289377.205197
1753289377.230909
1753289377.272340
1753289377.295830
1753289377.334619
1753289377.368552
1753289377.399284
1753289377.429438
1753289377.472788
1753289377.498043
1753289377.540375
1753289377.562451
1753289377.605612
1753289377.629501
1753289377.671944
1753289377.695816
1753289377.741957
1753289377.762814
1753289377.805037
1753289377.829262
1753289377.869930
1753289377.896493
1753289377.942252
1753289377.962592
1753289378.003893
1753289378.034161
1753289378.075514
1753289378.095995
1753289378.142175
1753289378.162793
1753289378.206525
1753289378.229461
1753289378.273359
1753289378.297013
1753289378.339171
1753289378.362907
1753289378.409238
1753289378.429696
1753289378.473570
1753289378.496295
1753289378.537828
1753289378.564779
1753289378.606596
1753289378.629590
1753289378.675486
1753289378.696423
1753289378.738668
1753289378.762811
1753289378.805788
1753289378.829998
1753289378.870671
1753289378.895686
1753289378.939037
1753289378.965989
1753289379.005622
1753289379.030075
1753289379.066487
1753289379.098435
1753289379.133773
1753289379.163619
1753289379.205967
1753289379.230727
1753289379.275292
1753289379.296976
1753289379.338080
1753289379.367869
1753289379.408589
1753289379.430046
1753289379.473034
1753289379.497414
1753289379.538000
1753289379.563657
1753289379.609560
1753289379.630458
1753289379.674147
1753289379.696868
1753289379.740614
1753289379.764291
1753289379.803086
1753289379.830892
1753289379.870168
1753289379.897897
1753289379.935381
1753289379.964190
1753289380.001748
1753289380.034533
1753289380.066420
1753289380.097964
1753289380.139229
1753289380.165517
1753289380.207215
1753289380.230639
1753289380.273493
1753289380.297668
1753289380.339796
1753289380.364001
1753289380.405566
1753289380.433281
1753289380.474828
1753289380.497059
1753289380.540479
1753289380.564511
1753289380.609004
1753289380.630751
1753289380.676590
1753289380.697921
1753289380.742160
1753289380.763992
1753289380.805252
1753289380.835214
1753289380.873092
1753289380.896497
1753289380.940663
1753289380.964693
1753289381.006138
1753289381.031012
1753289381.074329
1753289381.098525
1753289381.140622
1753289381.164369
1753289381.210868
1753289381.231704
1753289381.270848
1753289381.298422
1753289381.339755
1753289381.368177
1753289381.410200
1753289381.431231
1753289381.473478
1753289381.499241
1753289381.542823
1753289381.564474
1753289381.607398
1753289381.634252
1753289381.676519
1753289381.697946
1753289381.741567
1753289381.766941
1753289381.808773
1753289381.831281
1753289381.873257
1753289381.898693
1753289381.941736
1753289381.965549
1753289382.006682
1753289382.036426
1753289382.076965
1753289382.098306
1753289382.142075
1753289382.167851
1753289382.209751
1753289382.231619
1753289382.274463
1753289382.302466
1753289382.342326
1753289382.364938
1753289382.404540
1753289382.440591
1753289382.470067
1753289382.500079
1753289382.542732
1753289382.566343
1753289382.609725
1753289382.631835
1753289382.675896
1753289382.699714
1753289382.743221
1753289382.765106
1753289382.805958
1753289382.836890
1753289382.875851
1753289382.897714
1753289382.944212
1753289382.967174
1753289383.008858
1753289383.031790
1753289383.071099
1753289383.107291
1753289383.136985
1753289383.165988
1753289383.208577
1753289383.233139
1753289383.276088
1753289383.298619
1753289383.340168
1753289383.367316
1753289383.409749
1753289383.432084
1753289383.474421
1753289383.500173
1753289383.537261
1753289383.565639
1753289383.603797
1753289383.636683
1753289383.669793
1753289383.699134
1753289383.741854
1753289383.771734
1753289383.808524
1753289383.832697
1753289383.871020
1753289383.901516
1753289383.938398
1753289383.966072
1753289384.009345
1753289384.036088
1753289384.077099
1753289384.099024
1753289384.141794
1753289384.168785
1753289384.210338
1753289384.232451
1753289384.277175
1753289384.300930
1753289384.343326
1753289384.365839
1753289384.408738
1753289384.438156
1753289384.474037
1753289384.511008
1753289384.532786
1753289384.576882
1753289384.603576
1753289384.643418
1753289384.668885
1753289384.705867
1753289384.735664
1753289384.777068
1753289384.803518
1753289384.836348
1753289384.874689
1753289384.899614
1753289384.943381
1753289384.966090
1753289385.010370
1753289385.035648
1753289385.076948
1753289385.099920
1753289385.143246
1753289385.172090
1753289385.210093
1753289385.233054
1753289385.278518
1753289385.302628
1753289385.344013
1753289385.366379
1753289385.410150
1753289385.435588
1753289385.477508
1753289385.500014
1753289385.543005
1753289385.572758
1753289385.607982
1753289385.634756
1753289385.676728
1753289385.706757
1753289385.738822
1753289385.769728
1753289385.809327
1753289385.841384
1753289385.873589
1753289385.899201
1753289385.945482
1753289385.970129
1753289386.010167
1753289386.033930
1753289386.076376
1753289386.104699
1753289386.142863
1753289386.167922
1753289386.209508
1753289386.240062
1753289386.276323
1753289386.300528
1753289386.340994
1753289386.376687
1753289386.403654
1753289386.435500
1753289386.476913
1753289386.505512
1753289386.543086
1753289386.566970
1753289386.610256
1753289386.639779
1753289386.676128
1753289386.700234
1753289386.743694
1753289386.771975
1753289386.809812
1753289386.833886
1753289386.876101
1753289386.901179
1753289386.944627
1753289386.967379
1753289387.011381
1753289387.037606
1753289387.076211
1753289387.100614
1753289387.144672
1753289387.171836
1753289387.209804
1753289387.233843
1753289387.277794
1753289387.304936
1753289387.343395
1753289387.368040
1753289387.407094
1753289387.439315
1753289387.470780
1753289387.500922
1753289387.539366
1753289387.571439
1753289387.604330
1753289387.634019
1753289387.678477
1753289387.701218
1753289387.743825
1753289387.767713
1753289387.805873
1753289387.837864
1753289387.872591
1753289387.903003
1753289387.940142
1753289387.971499
1753289388.004184
1753289388.036465
1753289388.077474
1753289388.107626
1753289388.143967
1753289388.168010
1753289388.211001
1753289388.240746
1753289388.277164
1753289388.301085
1753289388.343763
1753289388.370761
1753289388.409299
1753289388.434568
1753289388.476631
1753289388.506874
1753289388.543443
1753289388.567967
1753289388.610425
1753289388.639458
1753289388.677632
1753289388.701282
1753289388.744337
1753289388.774108
1753289388.810837
1753289388.834812
1753289388.876882
1753289388.901780
1753289388.945191
1753289388.968079
1753289389.011107
1753289389.039842
1753289389.077328
1753289389.101759
1753289389.143031
1753289389.175345
1753289389.210438
1753289389.235068
1753289389.278932
1753289389.305175
1753289389.343521
1753289389.369717
1753289389.411611
1753289389.440726
1753289389.477191
1753289389.502219
1753289389.544038
1753289389.575181
1753289389.610736
1753289389.635319
1753289389.677357
1753289389.707828
1753289389.744063
1753289389.769189
1753289389.810629
1753289389.842338
1753289389.876500
1753289389.901128
1753289389.946199
1753289389.973090
1753289390.012094
1753289390.035268
1753289390.072887
1753289390.103002
1753289390.139919
1753289390.176214
1753289390.206535
1753289390.245489
1753289390.275385
1753289390.304708
1753289390.342523
1753289390.375286
1753289390.410841
1753289390.435618
1753289390.476893
1753289390.509750
1753289390.540715
1753289390.571861
1753289390.609221
1753289390.642980
1753289390.675603
1753289390.702370
1753289390.744054
1753289390.775301
1753289390.810310
1753289390.835786
1753289390.877216
1753289390.903007
1753289390.945916
1753289390.968891
1753289391.010578
1753289391.040809
1753289391.078229
1753289391.102574
1753289391.143579
1753289391.175776
1753289391.209308
1753289391.236978
1753289391.276906
1753289391.309537
1753289391.342580
1753289391.371064
1753289391.409479
1753289391.442560
1753289391.475740
1753289391.506982
1753289391.543554
1753289391.575449
1753289391.611030
1753289391.637870
1753289391.676459
1753289391.709994
1753289391.743856
1753289391.772182
1753289391.809652
1753289391.842549
1753289391.875592
1753289391.901974
1753289391.947684
1753289391.974014
1753289392.013841
1753289392.036183
1753289392.077935
1753289392.109667
1753289392.143208
1753289392.171813
1753289392.210012
1753289392.243983
1753289392.275040
1753289392.305387
1753289392.343125
1753289392.376315
1753289392.411322
1753289392.436611
1753289392.477100
1753289392.509410
1753289392.542438
1753289392.569787
1753289392.611300
1753289392.642686
1753289392.674546
1753289392.704781
1753289392.742919
1753289392.776039
1753289392.810871
1753289392.845009
1753289392.870082
1753289392.906437
1753289392.945500
1753289392.976801
1753289393.009480
1753289393.039312
1753289393.076732
1753289393.109843
1753289393.142500
1753289393.170427
1753289393.209266
1753289393.244906
1753289393.275459
1753289393.305444
1753289393.342695
1753289393.372016
1753289393.409068
1753289393.438638
1753289393.476822
1753289393.511997
1753289393.543098
1753289393.572495
1753289393.610508
1753289393.644754
1753289393.676605
1753289393.707105
1753289393.745818
1753289393.777080
1753289393.810873
1753289393.838948
1753289393.877413
1753289393.909029
1753289393.943602
1753289393.973921
1753289394.013360
1753289394.042860
1753289394.077619
1753289394.109376
1753289394.142348
1753289394.178108
1753289394.211881
1753289394.240449
1753289394.279714
1753289394.308515
1753289394.344915
1753289394.372923
1753289394.411217
1753289394.444643
1753289394.477509
1753289394.503611
1753289394.543489
1753289394.576853
1753289394.609630
1753289394.639394
1753289394.677684
1753289394.709731
1753289394.744714
1753289394.771040
1753289394.809863
1753289394.842699
1753289394.875930
1753289394.903294
1753289394.945025
1753289394.977530
1753289395.010739
1753289395.039628
1753289395.080230
1753289395.110289
1753289395.144400
1753289395.173617
1753289395.212954
1753289395.243592
1753289395.279330
1753289395.304117
1753289395.345487
1753289395.377322
1753289395.410621
1753289395.438297
1753289395.476047
1753289395.511661
1753289395.545121
1753289395.571580
1753289395.610415
1753289395.645453
1753289395.679566
1753289395.704899
1753289395.744822
1753289395.778329
1753289395.811342
1753289395.840544
1753289395.877273
1753289395.908858
1753289395.944903
1753289395.974873
1753289396.010308
1753289396.043705
1753289396.078294
1753289396.107552
1753289396.141875
1753289396.182259
1753289396.209082
1753289396.242665
1753289396.276630
1753289396.310091
1753289396.345129
1753289396.374514
1753289396.415193
1753289396.443408
1753289396.478928
1753289396.505407
1753289396.544970
1753289396.578948
1753289396.613084
1753289396.639007
1753289396.679323
1753289396.711325
1753289396.747326
1753289396.771651
1753289396.810318
1753289396.843758
1753289396.875466
1753289396.904250
1753289396.943621
1753289396.976963
1753289397.011816
1753289397.040545
1753289397.081142
1753289397.110415
1753289397.144937
1753289397.174379
1753289397.214592
1753289397.243981
1753289397.278539
1753289397.307301
1753289397.347490
1753289397.377800
1753289397.410825
1753289397.442807
1753289397.480751
1753289397.509698
1753289397.540813
1753289397.575339
1753289397.610940
1753289397.645850
1753289397.680367
1753289397.709592
1753289397.745005
1753289397.780026
1753289397.812081
1753289397.844005
1753289397.876969
1753289397.907543
1753289397.948378
1753289397.973166
1753289398.013808
1753289398.044469
1753289398.078849
1753289398.110017
1753289398.144555
1753289398.178543
1753289398.213406
1753289398.242994
1753289398.278147
1753289398.311295
1753289398.346076
1753289398.372886
1753289398.413242
1753289398.444339
1753289398.479300
1753289398.506168
1753289398.548407
1753289398.573134
1753289398.613479
1753289398.639223
1753289398.679866
1753289398.713274
1753289398.746753
1753289398.773101
1753289398.813612
1753289398.844406
1753289398.877061
1753289398.905276
1753289398.948031
1753289398.976980
1753289399.013906
1753289399.042998
1753289399.080072
1753289399.111014
1753289399.145213
1753289399.176528
1753289399.216509
1753289399.245031
1753289399.278559
1753289399.306790
1753289399.347276
1753289399.377454
1753289399.411421
1753289399.443462
1753289399.479538
1753289399.513916
1753289399.544868
1753289399.576159
1753289399.614110
1753289399.647410
1753289399.680127
1753289399.707029
1753289399.746802
1753289399.780757
1753289399.813394
1753289399.843236
1753289399.877974
1753289399.912168
1753289399.945922
1753289399.977105
1753289400.012426
1753289400.048194
1753289400.078270
1753289400.110595
1753289400.145370
1753289400.181375
1753289400.211843
1753289400.243454
1753289400.279975
1753289400.314129
1753289400.347096
1753289400.373700
1753289400.411115
1753289400.447765
1753289400.478473
1753289400.510539
1753289400.544789
1753289400.580430
1753289400.611500
1753289400.643476
1753289400.678814
1753289400.713515
1753289400.746723
1753289400.775158
1753289400.811505
1753289400.847086
1753289400.878090
1753289400.906053
1753289400.948369
1753289400.978805
1753289401.012986
1753289401.039825
1753289401.077876
1753289401.108463
1753289401.145781
1753289401.181417
1753289401.207607
1753289401.248924
1753289401.281496
1753289401.313332
1753289401.342391
1753289401.375999
1753289401.409887
1753289401.446905
1753289401.483036
1753289401.508176
1753289401.546028
1753289401.581715
1753289401.617275
1753289401.641162
1753289401.680593
1753289401.715162
1753289401.750347
1753289401.774642
1753289401.816054
1753289401.846472
1753289401.877975
1753289401.910233
1753289401.951507
1753289401.977458
1753289402.018781
1753289402.041750
1753289402.081616
1753289402.116223
1753289402.145671
1753289402.179888
1753289402.214124
1753289402.246173
1753289402.282199
1753289402.310026
1753289402.347315
1753289402.378564
1753289402.415466
1753289402.444225
1753289402.480704
1753289402.513662
1753289402.545949
1753289402.577143
1753289402.618564
1753289402.644908
1753289402.681644
1753289402.708106
1753289402.744817
1753289402.785986
1753289402.810976
1753289402.843039
1753289402.880585
1753289402.911791
1753289402.948278
1753289402.974808
1753289403.015387
1753289403.045810
1753289403.081869
1753289403.108715
1753289403.149942
1753289403.179035
1753289403.216405
1753289403.242101
1753289403.285536
1753289403.310282
1753289403.353475
1753289403.375232
1753289403.413724
1753289403.450814
1753289403.478614
1753289403.511160
1753289403.552485
1753289403.578175
1753289403.620231
1753289403.641823
1753289403.679906
1753289403.716637
1753289403.747538
1753289403.778104
1753289403.819377
1753289403.844528
1753289403.879038
1753289403.909802
1753289403.952051
1753289403.978358
1753289404.021475
1753289404.042186
1753289404.089041
1753289404.110861
1753289404.148899
1753289404.177415
1753289404.219741
1753289404.244908
1753289404.283573
1753289404.309588
1753289404.348675
1753289404.382393
1753289404.414225
1753289404.445019
1753289404.481154
1753289404.517254
1753289404.545435
1753289404.577988
1753289404.619534
1753289404.645335
1753289404.686026
1753289404.709116
1753289404.750207
1753289404.780652
1753289404.817344
1753289404.842427
1753289404.880100
1753289404.914199
1753289404.950811
1753289404.975702
1753289405.020411
1753289405.045259
1753289405.088059
1753289405.109251
1753289405.155354
1753289405.178065
1753289405.216063
1753289405.242698
1753289405.285258
1753289405.310994
1753289405.352171
1753289405.375676
1753289405.419410
1753289405.444773
1753289405.483077
1753289405.509492
1753289405.555711
1753289405.578087
1753289405.620275
1753289405.643017
1753289405.689331
1753289405.711202
1753289405.746379
1753289405.779491
1753289405.818365
1753289405.845702
1753289405.879344
1753289405.909681
1753289405.956105
1753289405.978260
1753289406.022551
1753289406.043276
1753289406.089176
1753289406.111782
1753289406.150267
1753289406.178303
1753289406.221711
1753289406.245252
1753289406.287515
1753289406.310123
1753289406.352657
1753289406.379471
1753289406.422986
1753289406.443727
1753289406.482011
1753289406.522613
1753289406.545206
1753289406.583590
1753289406.611894
1753289406.654821
1753289406.678449
1753289406.714865
1753289406.748901
1753289406.780139
1753289406.821433
1753289406.843610
1753289406.884365
1753289406.915075
1753289406.955712
1753289406.977080
1753289407.023957
1753289407.044602
1753289407.082937
1753289407.110486
1753289407.154766
1753289407.178608
1753289407.216422
1753289407.243723
1753289407.291086
1753289407.310533
1753289407.357865
1753289407.377508
1753289407.416363
1753289407.448655
1753289407.485751
1753289407.509579
1753289407.545842
1753289407.581733
1753289407.613524
1753289407.646173
1753289407.686539
1753289407.712911
1753289407.752076
1753289407.777635
1753289407.818694
1753289407.846524
1753289407.883235
1753289407.910894
1753289407.947856
1753289407.988264
1753289408.012247
1753289408.051665
1753289408.078711
1753289408.121761
1753289408.143532
1753289408.181433
1753289408.211643
1753289408.246688
1753289408.289519
1753289408.310106
1753289408.358080
1753289408.378304
1753289408.417119
1753289408.445451
1753289408.483758
1753289408.521524
1753289408.546795
1753289408.580294
1753289408.621453
1753289408.645807
1753289408.688374
1753289408.711080
1753289408.758053
1753289408.778180
1753289408.821872
1753289408.844452
1753289408.884698
1753289408.915585
1753289408.956171
1753289408.977819
1753289409.024078
1753289409.045520
1753289409.091103
1753289409.111483
1753289409.148841
1753289409.190579
1753289409.212346
1753289409.247317
1753289409.289516
1753289409.311847
1753289409.355172
1753289409.378063
1753289409.423443
1753289409.445840
1753289409.488028
1753289409.523458
1753289409.544980
1753289409.588275
1753289409.612692
1753289409.655398
1753289409.679664
1753289409.715177
1753289409.755819
1753289409.779203
1753289409.821476
1753289409.845147
1753289409.885011
1753289409.916815
1753289409.956984
1753289409.978745
1753289410.016322
1753289410.058049
1753289410.078969
1753289410.120229
1753289410.146153
1753289410.188051
1753289410.216259
1753289410.250223
1753289410.286859
1753289410.313931
1753289410.356023
1753289410.378820
1753289410.425321
1753289410.445621
1753289410.486508
1753289410.512267
1753289410.555837
1753289410.579153
1753289410.619237
1753289410.645743
1753289410.684468
1753289410.713955
1753289410.755901
1753289410.778828
1753289410.820445
1753289410.847488
1753289410.884692
1753289410.912333
1753289410.953598
1753289410.980255
1753289411.021697
1753289411.045386
1753289411.088511
1753289411.113837
1753289411.152510
1753289411.179043
1753289411.222767
1753289411.246199
1753289411.283091
1753289411.311857
1753289411.355616
1753289411.379767
1753289411.419523
1753289411.445832
1753289411.485790
1753289411.522329
1753289411.549294
1753289411.582115
1753289411.623176
1753289411.646452
1753289411.690137
1753289411.712349
1753289411.755070
1753289411.781133
1753289411.823768
1753289411.846085
1753289411.886319
1753289411.921805
1753289411.949559
1753289411.982221
1753289412.023410
1753289412.045336
1753289412.082988
1753289412.112373
1753289412.154394
1753289412.182631
1753289412.225127
1753289412.246344
1753289412.289169
1753289412.316344
1753289412.358447
1753289412.379573
1753289412.420789
1753289412.449928
1753289412.491326
1753289412.513039
1753289412.556133
1753289412.580126
1753289412.622046
1753289412.646065
1753289412.687292
1753289412.717564
1753289412.758478
1753289412.779531
1753289412.822806
1753289412.847629
1753289412.884698
1753289412.913392
1753289412.957308
1753289412.980298
1753289413.023160
1753289413.046257
1753289413.089744
1753289413.114838
1753289413.157126
1753289413.179985
1753289413.223591
1753289413.246854
1753289413.289628
1753289413.313387
1753289413.356638
1753289413.383416
1753289413.423844
1753289413.446774
1753289413.490050
1753289413.517198
1753289413.559392
1753289413.580193
1753289413.623475
1753289413.647520
1753289413.690951
1753289413.713466
1753289413.757133
1753289413.780699
1753289413.823115
1753289413.847819
1753289413.886199
1753289413.918361
1753289413.959328
1753289413.980477
1753289414.022113
1753289414.052573
1753289414.092777
1753289414.114038
1753289414.157523
1753289414.183392
1753289414.226223
1753289414.247577
1753289414.289564
1753289414.318484
1753289414.359851
1753289414.380677
1753289414.421713
1753289414.455871
1753289414.488169
1753289414.514074
1753289414.557989
1753289414.581438
1753289414.626853
1753289414.647348
1753289414.690044
1753289414.716165
1753289414.758540
1753289414.780714
1753289414.823467
1753289414.851865
1753289414.887074
1753289414.916067
1753289414.958427
1753289414.981518
1753289415.024109
1753289415.047782
1753289415.090676
1753289415.116931
1753289415.154611
1753289415.182164
1753289415.224961
1753289415.248683
1753289415.291501
1753289415.314381
1753289415.356753
1753289415.384731
1753289415.425892
1753289415.447667
1753289415.490041
1753289415.517166
1753289415.559333
1753289415.581083
1753289415.622969
1753289415.650083
1753289415.691347
1753289415.714399
1753289415.756448
1753289415.783740
1753289415.826255
1753289415.847880
1753289415.885423
1753289415.923157
1753289415.950301
1753289415.981149
1753289416.024063
1753289416.049083
1753289416.092322
1753289416.114438
1753289416.157906
1753289416.182768
1753289416.226480
1753289416.247803
1753289416.291442
1753289416.317329
1753289416.359732
1753289416.381392
1753289416.423745
1753289416.450769
1753289416.492651
1753289416.514619
1753289416.557110
1753289416.582905
1753289416.625587
1753289416.648074
1753289416.690876
1753289416.716525
1753289416.759198
1753289416.781514
1753289416.822309
1753289416.854972
1753289416.885962
1753289416.914889
1753289416.956981
1753289416.983471
1753289417.025961
1753289417.048300
1753289417.092641
1753289417.116411
1753289417.158770
1753289417.181715
1753289417.224680
1753289417.250659
1753289417.289099
1753289417.315305
1753289417.358712
1753289417.383688
1753289417.426276
1753289417.448654
1753289417.491664
1753289417.519102
1753289417.560134
1753289417.582042
1753289417.625042
1753289417.648693
1753289417.684975
1753289417.717826
1753289417.758904
1753289417.784949
1753289417.827016
1753289417.857570
1753289417.882210
1753289417.922617
1753289417.959486
1753289417.989126
1753289418.025079
1753289418.051656
1753289418.091686
1753289418.122621
1753289418.159581
1753289418.182768
1753289418.226069
1753289418.248864
1753289418.285438
1753289418.315393
1753289418.353207
1753289418.384810
1753289418.420568
1753289418.449292
1753289418.486256
1753289418.520341
1753289418.551607
1753289418.583042
1753289418.620092
1753289418.661369
1753289418.682762
1753289418.724253
1753289418.751927
1753289418.791305
1753289418.823831
1753289418.850187
1753289418.887714
1753289418.922719
1753289418.959094
1753289418.983330
1753289419.026428
1753289419.054722
1753289419.092448
1753289419.116484
1753289419.159728
1753289419.189577
1753289419.226183
1753289419.249550
1753289419.292807
1753289419.321258
1753289419.360876
1753289419.382850
1753289419.426250
1753289419.453303
1753289419.493788
1753289419.516391
1753289419.560577
1753289419.585867
1753289419.627137
1753289419.649996
1753289419.693158
1753289419.723212
1753289419.759504
1753289419.783395
1753289419.826178
1753289419.856671
1753289419.888231
1753289419.920777
1753289419.958485
1753289419.991988
1753289420.024913
1753289420.051862
1753289420.094075
1753289420.121370
1753289420.159365
1753289420.185279
1753289420.227109
1753289420.254598
1753289420.292598
1753289420.318417
1753289420.360786
1753289420.387196
1753289420.425978
1753289420.452189
1753289420.493048
1753289420.523504
1753289420.559841
1753289420.583906
1753289420.626360
1753289420.656026
1753289420.692661
1753289420.717337
1753289420.760206
1753289420.788803
1753289420.825845
1753289420.850524
1753289420.888113
1753289420.922563
1753289420.958527
1753289420.984178
1753289421.026093
1753289421.056168
1753289421.092735
1753289421.117036
1753289421.160725
1753289421.189169
1753289421.226412
1753289421.250597
1753289421.292910
1753289421.321788
1753289421.359203
1753289421.384242
1753289421.426533
1753289421.455885
1753289421.494069
1753289421.517475
1753289421.554829
1753289421.592178
1753289421.626890
1753289421.650785
1753289421.694816
1753289421.721057
1753289421.759430
1753289421.785152
1753289421.826117
1753289421.857121
1753289421.890207
1753289421.921410
1753289421.958819
1753289421.991877
1753289422.027691
1753289422.051517
1753289422.094956
1753289422.122582
1753289422.160977
1753289422.184843
1753289422.228856
1753289422.251938
1753289422.294325
1753289422.317797
1753289422.361097
1753289422.391006
1753289422.426231
1753289422.451457
1753289422.494066
1753289422.524344
1753289422.558722
1753289422.584479
1753289422.627477
1753289422.656883
1753289422.693291
1753289422.717286
1753289422.757980
1753289422.793604
1753289422.822080
1753289422.853930
1753289422.890640
1753289422.925498
1753289422.954451
1753289422.983920
1753289423.021327
1753289423.059613
1753289423.090423
1753289423.119507
1753289423.160705
1753289423.191631
1753289423.226987
1753289423.251338
1753289423.295315
1753289423.321301
1753289423.359546
1753289423.385116
1753289423.428546
1753289423.455941
1753289423.495005
1753289423.518370
1753289423.561618
1753289423.590674
1753289423.627387
1753289423.651960
1753289423.690749
1753289423.728163
1753289423.759016
1753289423.787411
1753289423.827365
1753289423.858371
1753289423.889987
1753289423.922473
1753289423.959725
1753289423.990694
1753289424.027082
1753289424.053305
1753289424.092111
1753289424.127688
1753289424.158860
1753289424.187846
1753289424.227318
1753289424.259055
1753289424.292026
1753289424.323258
1753289424.359875
1753289424.391169
1753289424.423334
1753289424.451693
1753289424.492472
1753289424.524914
1753289424.558548
1753289424.587240
1753289424.626042
1753289424.658060
1753289424.694193
1753289424.718986
1753289424.761021
1753289424.787678
1753289424.828229
1753289424.852149
1753289424.891127
1753289424.925633
1753289424.958330
1753289424.986881
1753289425.027756
1753289425.054790
1753289425.095378
1753289425.119238
1753289425.163180
1753289425.190121
1753289425.229326
1753289425.252331
1753289425.294134
1753289425.324848
1753289425.360676
1753289425.386114
1753289425.426849
1753289425.453891
1753289425.494698
1753289425.519165
1753289425.560982
1753289425.592478
1753289425.626715
1753289425.652655
1753289425.694267
1753289425.725245
1753289425.760532
1753289425.786079
1753289425.827683
1753289425.859151
1753289425.887729
1753289425.923214
1753289425.959619
1753289425.994150
1753289426.024867
1753289426.054409
1753289426.093045
1753289426.126413
1753289426.158982
1753289426.195996
1753289426.219686
1753289426.260863
1753289426.294240
1753289426.323725
1753289426.363720
1753289426.386554
1753289426.428382
1753289426.458158
1753289426.494076
1753289426.519995
1753289426.561219
1753289426.592671
1753289426.625696
1753289426.653896
1753289426.692350
1753289426.725223
1753289426.761241
1753289426.786458
1753289426.826860
1753289426.858131
1753289426.891477
1753289426.921238
1753289426.961920
1753289426.992342
1753289427.027701
1753289427.053530
1753289427.092982
1753289427.125786
1753289427.158839
1753289427.190297
1753289427.228856
1753289427.259131
1753289427.292315
1753289427.321869
1753289427.359000
1753289427.393268
1753289427.425475
1753289427.453590
1753289427.494205
1753289427.526151
1753289427.560824
1753289427.587328
1753289427.626921
1753289427.661933
1753289427.693605
1753289427.720400
1753289427.756205
1753289427.788212
1753289427.826110
1753289427.855318
1753289427.890012
1753289427.927788
1753289427.960844
1753289427.988842
1753289428.026941
1753289428.058667
1753289428.093605
1753289428.122150
1753289428.159799
1753289428.192981
1753289428.227396
1753289428.257653
1753289428.295351
1753289428.325949
1753289428.361512
1753289428.388492
1753289428.426949
1753289428.458363
1753289428.495046
1753289428.521358
1753289428.559673
1753289428.588498
1753289428.628168
1753289428.656153
1753289428.695647
1753289428.727772
1753289428.760325
1753289428.788200
1753289428.829300
1753289428.860019
1753289428.893254
1753289428.923590
1753289428.963338
1753289428.993281
1753289429.025655
1753289429.057609
1753289429.093921
1753289429.126861
1753289429.161265
1753289429.188931
1753289429.228509
1753289429.260342
1753289429.293643
1753289429.322227
1753289429.361706
1753289429.393779
1753289429.428486
1753289429.454707
1753289429.494153
1753289429.529106
1753289429.560823
1753289429.590852
1753289429.631483
1753289429.659191
1753289429.694246
1753289429.723843
1753289429.764153
1753289429.793630
1753289429.828251
1753289429.856874
1753289429.892931
1753289429.928028
1753289429.962185
1753289429.990058
1753289430.028731
1753289430.063263
1753289430.094171
1753289430.125131
1753289430.161501
1753289430.195909
1753289430.228661
1753289430.254368
1753289430.293628
1753289430.327835
1753289430.362449
1753289430.390262
1753289430.430755
1753289430.459905
1753289430.492859
1753289430.524223
1753289430.561206
1753289430.593694
1753289430.627387
1753289430.656991
1753289430.697465
1753289430.726743
1753289430.759849
1753289430.789252
1753289430.826288
1753289430.863967
1753289430.889606
1753289430.923903
1753289430.964729
1753289430.991881
1753289431.028842
1753289431.055352
1753289431.095548
1753289431.130190
1753289431.160930
1753289431.192367
1753289431.227917
1753289431.260889
1753289431.295244
1753289431.322626
1753289431.359398
1753289431.393931
1753289431.425313
1753289431.455676
1753289431.495903
1753289431.527237
1753289431.563127
1753289431.589460
1753289431.629867
1753289431.661801
1753289431.696911
1753289431.724288
1753289431.763958
1753289431.794141
1753289431.829376
1753289431.858353
1753289431.894659
1753289431.928043
1753289431.962456
1753289431.992379
1753289432.030917
1753289432.061083
1753289432.096195
1753289432.125569
1753289432.161327
1753289432.195746
1753289432.231383
1753289432.257562
1753289432.294973
1753289432.329648
1753289432.364112
1753289432.391423
1753289432.431900
1753289432.459314
1753289432.498697
1753289432.522792
1753289432.563467
1753289432.594405
1753289432.629415
1753289432.657370
1753289432.697989
1753289432.727096
1753289432.761443
1753289432.790698
1753289432.827138
1753289432.861450
1753289432.892055
1753289432.926333
1753289432.961591
1753289432.996200
1753289433.028791
1753289433.056481
1753289433.092584
1753289433.126924
1753289433.162163
1753289433.192696
1753289433.233376
1753289433.260944
1753289433.294966
1753289433.326866
1753289433.362969
1753289433.398488
1753289433.428385
1753289433.457878
1753289433.495042
1753289433.529998
1753289433.564324
1753289433.592770
1753289433.632469
1753289433.661559
1753289433.694301
1753289433.726808
1753289433.762873
1753289433.797136
1753289433.829106
1753289433.859765
1753289433.895074
1753289433.934047
1753289433.960477
1753289433.995036
1753289434.027536
1753289434.063452
1753289434.098488
1753289434.123573
1753289434.164822
1753289434.194864
1753289434.230493
1753289434.256955
1753289434.297747
1753289434.328731
1753289434.363925
1753289434.390099
1753289434.430940
1753289434.461171
1753289434.500961
1753289434.528939
1753289434.556807
1753289434.595194
1753289434.629952
1753289434.662068
1753289434.697228
1753289434.726928
1753289434.762976
1753289434.796620
1753289434.830808
1753289434.859967
1753289434.895728
1753289434.931770
1753289434.964219
1753289434.992020
1753289435.028807
1753289435.065091
1753289435.094456
1753289435.123732
1753289435.164304
1753289435.194432
1753289435.230690
1753289435.257024
1753289435.297187
1753289435.328134
1753289435.367787
1753289435.390586
1753289435.431174
1753289435.459732
1753289435.496897
1753289435.523936
1753289435.565527
1753289435.596875
1753289435.631199
1753289435.658154
1753289435.695607
1753289435.732641
1753289435.761966
1753289435.790834
1753289435.831087
1753289435.862020
1753289435.896341
1753289435.925495
1753289435.962908
1753289435.998596
1753289436.027815
1753289436.060183
1753289436.101678
1753289436.127577
1753289436.164422
1753289436.191348
1753289436.231242
1753289436.261196
1753289436.297819
1753289436.324409
1753289436.362475
1753289436.398708
1753289436.427949
1753289436.459652
1753289436.501445
1753289436.527550
1753289436.564564
1753289436.591947
1753289436.632575
1753289436.661626
1753289436.698760
1753289436.724369
1753289436.764325
1753289436.795931
1753289436.831691
1753289436.857875
1753289436.894377
1753289436.932110
1753289436.961330
1753289436.991229
1753289437.032147
1753289437.063434
1753289437.094609
1753289437.124680
1753289437.164406
1753289437.194468
1753289437.231020
1753289437.258019
1753289437.298345
1753289437.327917
1753289437.364425
1753289437.391300
1753289437.431930
1753289437.460768
1753289437.499946
1753289437.524702
1753289437.562722
1753289437.598055
1753289437.630178
1753289437.658508
1753289437.699058
1753289437.729870
1753289437.766832
1753289437.791820
1753289437.828205
1753289437.864526
1753289437.895793
1753289437.925955
1753289437.962829
1753289437.999967
1753289438.028594
1753289438.059327
1753289438.097257
1753289438.131849
1753289438.165701
1753289438.191803
1753289438.233566
1753289438.261655
1753289438.299501
1753289438.325297
1753289438.364794
1753289438.399424
1753289438.430393
1753289438.458973
1753289438.501081
1753289438.527936
1753289438.570455
1753289438.591962
1753289438.635594
1753289438.661688
1753289438.699718
1753289438.725758
1753289438.767017
1753289438.795997
1753289438.829980
1753289438.858721
1753289438.895353
1753289438.935967
1753289438.960637
1753289438.992074
1753289439.028273
1753289439.068937
1753289439.092938
1753289439.125734
1753289439.159995
1753289439.197851
1753289439.228920
1753289439.258927
1753289439.294437
1753289439.330620
1753289439.361868
1753289439.392397
1753289439.428165
1753289439.465075
1753289439.494197
1753289439.525807
1753289439.559877
1753289439.598732
1753289439.627962
1753289439.659144
1753289439.694323
1753289439.729946
1753289439.761753
1753289439.792661
1753289439.828237
1753289439.865798
1753289439.892517
1753289439.925980
1753289439.962545
1753289439.995608
1753289440.032831
1753289440.059300
1753289440.096304
1753289440.132035
1753289440.162717
1753289440.192764
1753289440.229476
1753289440.265256
1753289440.296460
1753289440.326248
1753289440.359545
1753289440.406650
1753289440.426369
1753289440.460347
1753289440.495609
1753289440.532716
1753289440.563389
1753289440.592903
1753289440.628410
1753289440.665610
1753289440.696678
1753289440.726285
1753289440.762302
1753289440.798931
1753289440.829578
1753289440.859957
1753289440.892729
1753289440.934825
1753289440.961408
1753289440.993264
1753289441.030283
1753289441.068363
1753289441.094895
1753289441.127702
1753289441.164265
1753289441.201399
1753289441.228438
1753289441.263156
1753289441.296608
1753289441.334148
1753289441.362709
1753289441.394058
1753289441.435485
1753289441.461537
1753289441.499766
1753289441.526751
1753289441.565549
1753289441.598292
1753289441.632194
1753289441.660162
1753289441.698911
1753289441.729956
1753289441.770119
1753289441.793697
1753289441.830619
1753289441.863625
1753289441.895847
1753289441.927073
1753289441.966787
1753289441.996961
1753289442.038984
1753289442.060491
1753289442.098566
1753289442.130509
1753289442.168483
1753289442.193969
1753289442.233626
1753289442.263895
1753289442.302275
1753289442.327262
1753289442.364799
1753289442.397215
1753289442.439134
1753289442.460959
1753289442.498392
1753289442.537009
