1753288978.954260
1753288979.052602
1753288979.087014
1753288979.119557
1753288979.153562
1753288979.186596
1753288979.220838
1753288979.253881
1753288979.287425
1753288979.320913
1753288979.359432
1753288979.397001
1753288979.428666
1753288979.462958
1753288979.496290
1753288979.529893
1753288979.557799
1753288979.596783
1753288979.630340
1753288979.666300
1753288979.701928
1753288979.732960
1753288979.767697
1753288979.800522
1753288979.832997
1753288979.866992
1753288979.895506
1753288979.925971
1753288979.963904
1753288979.996403
1753288980.030914
1753288980.067193
1753288980.099874
1753288980.136310
1753288980.165617
1753288980.202395
1753288980.231880
1753288980.268902
1753288980.299447
1753288980.329421
1753288980.363006
1753288980.396247
1753288980.421904
1753288980.454090
1753288980.495706
1753288980.529593
1753288980.554889
1753288980.590284
1753288980.629722
1753288980.653964
1753288980.694650
1753288980.724639
1753288980.761365
1753288980.787142
1753288980.828478
1753288980.854747
1753288980.895753
1753288980.919698
1753288980.956980
1753288980.991542
1753288981.023145
1753288981.053920
1753288981.090888
1753288981.122968
1753288981.159451
1753288981.187380
1753288981.224444
1753288981.258755
1753288981.290623
1753288981.320995
1753288981.359850
1753288981.390980
1753288981.424171
1753288981.454375
1753288981.491617
1753288981.523642
1753288981.559619
1753288981.587924
1753288981.624715
1753288981.654970
1753288981.690513
1753288981.720059
1753288981.757068
1753288981.789061
1753288981.824520
1753288981.853281
1753288981.889105
1753288981.924778
1753288981.963697
1753288981.987844
1753288982.029573
1753288982.058381
1753288982.096850
1753288982.121191
1753288982.161805
1753288982.192333
1753288982.229236
1753288982.254497
1753288982.296101
1753288982.326128
1753288982.362069
1753288982.387883
1753288982.429762
1753288982.459777
1753288982.495689
1753288982.521251
1753288982.561507
1753288982.591200
1753288982.628556
1753288982.654811
1753288982.691420
1753288982.723376
1753288982.759182
1753288982.787214
1753288982.829212
1753288982.860233
1753288982.895414
1753288982.921724
1753288982.959581
1753288982.996450
1753288983.027271
1753288983.054944
1753288983.095862
1753288983.127485
1753288983.159791
1753288983.187275
1753288983.225735
1753288983.259219
1753288983.291622
1753288983.322133
1753288983.362829
1753288983.394004
1753288983.429765
1753288983.455188
1753288983.496542
1753288983.527142
1753288983.562884
1753288983.588450
1753288983.628968
1753288983.660137
1753288983.696201
1753288983.722162
1753288983.763564
1753288983.794889
1753288983.829113
1753288983.855677
1753288983.894501
1753288983.929170
1753288983.961210
1753288983.989372
1753288984.027395
1753288984.063077
1753288984.094695
1753288984.122442
1753288984.161092
1753288984.196360
1753288984.228844
1753288984.256019
1753288984.293919
1753288984.324808
1753288984.357021
1753288984.393666
1753288984.428988
1753288984.460329
1753288984.497212
1753288984.522525
1753288984.563406
1753288984.594612
1753288984.629962
1753288984.656416
1753288984.694351
1753288984.730559
1753288984.762689
1753288984.790625
1753288984.828685
1753288984.862774
1753288984.896959
1753288984.924067
1753288984.962786
1753288984.997197
1753288985.029253
1753288985.057765
1753288985.092977
1753288985.132914
1753288985.161160
1753288985.192019
1753288985.231031
1753288985.262010
1753288985.295053
1753288985.325577
1753288985.360883
1753288985.396384
1753288985.431072
1753288985.456165
1753288985.496676
1753288985.528470
1753288985.563752
1753288985.589509
1753288985.631284
1753288985.656907
1753288985.696245
1753288985.723017
1753288985.762457
1753288985.792643
1753288985.832752
1753288985.856188
1753288985.894943
1753288985.927607
1753288985.963246
1753288985.989790
1753288986.029892
1753288986.062327
1753288986.097029
1753288986.123139
1753288986.164880
1753288986.194178
1753288986.230892
1753288986.256512
1753288986.295062
1753288986.329449
1753288986.362334
1753288986.390150
1753288986.430743
1753288986.459892
1753288986.498716
1753288986.523242
1753288986.564039
1753288986.594226
1753288986.632188
1753288986.656784
1753288986.696627
1753288986.728857
1753288986.763672
1753288986.790073
1753288986.830731
1753288986.862641
1753288986.894694
1753288986.923545
1753288986.961976
1753288986.997537
1753288987.028929
1753288987.056929
1753288987.095764
1753288987.129824
1753288987.164195
1753288987.190119
1753288987.226006
1753288987.265663
1753288987.294885
1753288987.323813
1753288987.363579
1753288987.396111
1753288987.429829
1753288987.457115
1753288987.495168
1753288987.527934
1753288987.562744
1753288987.590443
1753288987.629035
1753288987.662432
1753288987.696655
1753288987.723935
1753288987.764580
1753288987.795303
1753288987.830683
1753288987.857258
1753288987.897029
1753288987.925557
1753288987.965698
1753288987.990683
1753288988.032078
1753288988.061371
1753288988.099228
1753288988.124123
1753288988.163746
1753288988.198085
1753288988.229949
1753288988.257404
1753288988.296180
1753288988.329330
1753288988.362213
1753288988.390860
1753288988.430530
1753288988.461319
1753288988.497031
1753288988.524234
1753288988.564650
1753288988.595806
1753288988.630553
1753288988.657768
1753288988.698285
1753288988.730067
1753288988.762795
1753288988.795962
1753288988.829168
1753288988.863133
1753288988.893926
1753288988.931389
1753288988.964619
1753288988.998732
1753288989.028156
1753288989.058651
1753288989.098520
1753288989.132601
1753288989.165268
1753288989.191477
1753288989.231689
1753288989.266051
1753288989.296312
1753288989.324801
1753288989.366221
1753288989.397251
1753288989.430365
1753288989.458309
1753288989.496094
1753288989.531157
1753288989.564418
1753288989.591691
1753288989.631925
1753288989.666384
1753288989.697711
1753288989.725149
1753288989.765770
1753288989.796978
1753288989.827228
1753288989.858230
1753288989.897404
1753288989.931308
1753288989.966068
1753288989.991727
1753288990.031706
1753288990.065560
1753288990.101121
1753288990.125166
1753288990.165655
1753288990.197627
1753288990.231839
1753288990.258927
1753288990.298936
1753288990.332862
1753288990.363793
1753288990.393312
1753288990.432781
1753288990.462838
1753288990.497744
1753288990.527013
1753288990.567416
1753288990.596689
1753288990.631274
1753288990.660754
1753288990.698070
1753288990.733139
1753288990.763608
1753288990.798341
1753288990.831481
1753288990.866244
1753288990.898414
1753288990.927408
1753288990.962914
1753288990.999280
1753288991.033322
1753288991.060306
1753288991.096735
1753288991.133159
1753288991.165147
1753288991.193643
1753288991.233727
1753288991.263640
1753288991.298489
1753288991.326068
1753288991.363991
1753288991.397154
1753288991.432012
1753288991.459458
1753288991.496802
1753288991.531759
1753288991.566667
1753288991.592674
1753288991.633960
1753288991.663715
1753288991.700032
1753288991.726030
1753288991.767430
1753288991.796844
1753288991.832857
1753288991.859576
1753288991.899524
1753288991.932586
1753288991.965168
1753288991.992961
1753288992.033979
1753288992.063716
1753288992.097831
1753288992.126191
1753288992.163790
1753288992.200502
1753288992.230774
1753288992.260098
1753288992.301383
1753288992.331184
1753288992.367002
1753288992.393489
1753288992.430942
1753288992.470570
1753288992.496749
1753288992.528705
1753288992.569767
1753288992.597154
1753288992.637793
1753288992.660041
1753288992.697546
1753288992.735768
1753288992.765432
1753288992.796175
1753288992.836717
1753288992.862600
1753288992.897749
1753288992.928956
1753288992.968363
1753288992.998125
1753288993.037933
1753288993.059897
1753288993.097536
1753288993.137181
1753288993.163595
1753288993.196771
1753288993.232149
1753288993.266209
1753288993.296855
1753288993.325772
1753288993.365940
1753288993.397355
1753288993.429019
1753288993.459133
1753288993.497205
1753288993.531063
1753288993.562652
1753288993.593867
1753288993.631494
1753288993.667572
1753288993.701266
1753288993.727236
1753288993.767899
1753288993.799614
1753288993.833890
1753288993.860964
1753288993.898179
1753288993.932203
1753288993.973249
1753288993.993911
1753288994.031925
1753288994.070063
1753288994.097551
1753288994.130367
1753288994.167595
1753288994.199136
1753288994.235446
1753288994.262640
1753288994.300042
1753288994.334755
1753288994.365403
1753288994.394443
1753288994.429297
1753288994.470021
1753288994.497873
1753288994.530661
1753288994.567697
1753288994.602904
1753288994.631108
1753288994.664590
1753288994.700416
1753288994.735198
1753288994.766424
1753288994.796903
1753288994.833938
1753288994.868383
1753288994.897321
1753288994.930251
1753288994.965960
1753288995.002357
1753288995.037304
1753288995.061072
1753288995.103201
1753288995.131458
1753288995.171793
1753288995.194517
1753288995.240327
1753288995.263502
1753288995.305767
1753288995.328019
1753288995.372113
1753288995.397189
1753288995.438316
1753288995.460983
1753288995.502301
1753288995.531080
1753288995.573899
1753288995.594473
1753288995.635996
1753288995.665840
1753288995.703200
1753288995.727974
1753288995.773612
1753288995.797135
1753288995.835104
1753288995.862244
1753288995.898532
1753288995.932407
1753288995.970033
1753288995.997738
1753288996.034082
1753288996.064972
1753288996.102604
1753288996.130198
1753288996.167716
1753288996.202301
1753288996.238356
1753288996.262239
1753288996.305330
1753288996.331623
1753288996.370109
1753288996.396358
1753288996.434071
1753288996.469289
1753288996.499207
1753288996.532310
1753288996.568051
1753288996.606087
1753288996.630800
1753288996.670249
1753288996.697504
1753288996.735602
1753288996.767471
1753288996.798598
1753288996.835288
1753288996.871864
1753288996.898699
1753288996.933192
1753288996.967093
1753288997.000228
1753288997.040721
1753288997.062274
1753288997.107883
1753288997.131043
1753288997.169476
1753288997.199768
1753288997.228784
1753288997.275357
1753288997.297057
1753288997.335487
1753288997.370663
1753288997.395983
1753288997.438963
1753288997.463538
1753288997.498931
1753288997.531706
1753288997.571769
1753288997.598793
1753288997.639141
1753288997.663078
1753288997.701392
1753288997.733751
1753288997.775110
1753288997.795831
1753288997.843156
1753288997.863118
1753288997.904738
1753288997.929436
1753288997.976644
1753288997.996598
1753288998.034528
1753288998.063764
1753288998.105308
1753288998.132158
1753288998.171910
1753288998.196465
1753288998.243202
1753288998.263691
1753288998.302366
1753288998.329957
1753288998.374108
1753288998.397774
1753288998.436870
1753288998.463521
1753288998.502044
1753288998.536657
1753288998.565612
1753288998.600101
1753288998.635724
1753288998.665561
1753288998.708439
1753288998.730110
1753288998.769720
1753288998.799759
1753288998.841205
1753288998.863458
1753288998.902972
1753288998.935268
1753288998.967219
1753288998.998490
1753288999.036475
1753288999.065905
1753288999.106958
1753288999.130134
1753288999.172392
1753288999.197966
1753288999.240473
1753288999.263340
1753288999.307987
1753288999.330471
1753288999.376539
1753288999.396685
1753288999.437840
1753288999.469356
1753288999.504586
1753288999.530171
1753288999.575699
1753288999.597167
1753288999.643068
1753288999.663555
1753288999.708615
1753288999.731355
1753288999.769063
1753288999.798024
1753288999.835000
1753288999.873975
1753288999.898291
1753288999.935093
1753288999.972749
1753288999.999217
1753289000.038580
1753289000.062685
1753289000.099455
1753289000.133472
1753289000.175580
1753289000.197337
1753289000.234984
1753289000.276981
1753289000.298195
1753289000.336398
1753289000.365656
1753289000.404985
1753289000.432878
1753289000.467511
1753289000.505836
1753289000.532077
1753289000.575726
1753289000.597482
1753289000.637605
1753289000.665835
1753289000.708046
1753289000.730770
1753289000.776925
1753289000.797704
1753289000.841696
1753289000.864099
1753289000.905074
1753289000.935967
1753289000.976089
1753289000.997710
1753289001.040953
1753289001.066050
1753289001.111052
1753289001.131072
1753289001.171502
1753289001.208201
1753289001.231854
1753289001.266761
1753289001.306059
1753289001.332479
1753289001.373052
1753289001.397543
1753289001.441122
1753289001.464623
1753289001.506338
1753289001.531124
1753289001.571803
1753289001.603361
1753289001.634191
1753289001.669835
1753289001.701990
1753289001.744260
1753289001.763453
1753289001.804804
1753289001.831814
1753289001.869712
1753289001.904597
1753289001.931870
1753289001.970511
1753289002.008469
1753289002.032246
1753289002.072421
1753289002.098581
1753289002.141091
1753289002.166318
1753289002.203291
1753289002.234465
1753289002.277122
1753289002.298560
1753289002.339519
1753289002.365297
1753289002.412111
1753289002.431736
1753289002.471145
1753289002.498675
1753289002.541570
1753289002.569059
1753289002.598690
1753289002.639667
1753289002.669933
1753289002.709296
1753289002.731804
1753289002.775193
1753289002.798967
1753289002.841124
1753289002.865034
1753289002.904544
1753289002.937224
1753289002.976959
1753289002.998731
1753289003.038535
1753289003.072633
1753289003.103021
1753289003.132158
1753289003.174430
1753289003.199012
1753289003.243296
1753289003.265307
1753289003.310114
1753289003.332213
1753289003.375457
1753289003.398643
1753289003.441889
1753289003.465859
1753289003.505063
1753289003.532052
1753289003.571983
1753289003.599726
1753289003.640857
1753289003.665529
1753289003.707115
1753289003.732892
1753289003.773664
1753289003.798596
1753289003.835512
1753289003.867415
1753289003.900826
1753289003.934335
1753289003.974283
1753289004.001441
1753289004.043913
1753289004.065571
1753289004.108884
1753289004.133370
1753289004.175335
1753289004.199256
1753289004.242109
1753289004.269245
1753289004.310218
1753289004.332519
1753289004.375633
1753289004.402149
1753289004.438980
1753289004.466117
1753289004.505884
1753289004.541509
1753289004.572061
1753289004.599553
1753289004.641338
1753289004.667836
1753289004.711874
1753289004.732511
1753289004.775992
1753289004.799554
1753289004.845564
1753289004.866347
1753289004.904467
1753289004.938039
1753289004.976799
1753289004.999391
1753289005.037321
1753289005.077375
1753289005.100342
1753289005.141234
1753289005.166808
1753289005.210100
1753289005.235050
1753289005.269413
1753289005.309478
1753289005.333240
1753289005.375051
1753289005.399744
1753289005.445000
1753289005.466796
1753289005.510009
1753289005.544127
1753289005.566336
1753289005.609228
1753289005.634776
1753289005.678690
1753289005.700928
1753289005.741802
1753289005.767464
1753289005.809930
1753289005.835751
1753289005.872318
1753289005.900854
1753289005.941131
1753289005.969025
1753289006.005360
1753289006.037911
1753289006.079020
1753289006.101087
1753289006.141801
1753289006.167722
1753289006.212778
1753289006.234425
1753289006.278443
1753289006.300577
1753289006.345677
1753289006.367415
1753289006.408869
1753289006.433893
1753289006.478099
1753289006.501962
1753289006.542088
1753289006.567828
1753289006.610241
1753289006.639737
1753289006.668328
1753289006.711211
1753289006.735081
1753289006.777671
1753289006.800757
1753289006.844869
1753289006.867837
1753289006.907007
1753289006.934370
1753289006.979300
1753289007.001188
1753289007.044792
1753289007.067102
1753289007.112656
1753289007.134984
1753289007.178046
1753289007.200309
1753289007.245744
1753289007.268781
1753289007.310206
1753289007.333885
1753289007.376564
1753289007.402538
1753289007.445367
1753289007.467638
1753289007.510491
1753289007.538889
1753289007.579127
1753289007.600769
1753289007.644014
1753289007.671746
1753289007.713088
1753289007.734111
1753289007.779600
1753289007.801120
1753289007.844767
1753289007.867315
1753289007.908464
1753289007.936200
1753289007.978779
1753289008.000936
1753289008.043669
1753289008.072300
1753289008.109333
1753289008.136741
1753289008.178323
1753289008.204545
1753289008.245781
1753289008.267773
1753289008.309820
1753289008.341188
1753289008.374553
1753289008.403151
1753289008.444426
1753289008.473641
1753289008.510985
1753289008.534731
1753289008.574687
1753289008.610862
1753289008.640289
1753289008.670711
1753289008.712035
1753289008.737401
1753289008.779154
1753289008.801857
1753289008.845256
1753289008.870504
1753289008.908256
1753289008.936503
1753289008.977757
1753289009.007453
1753289009.044743
1753289009.068327
1753289009.108239
1753289009.143568
1753289009.175008
1753289009.202700
1753289009.244780
1753289009.271379
1753289009.311543
1753289009.334945
1753289009.375966
1753289009.409031
1753289009.444914
1753289009.468555
1753289009.511809
1753289009.540358
1753289009.578132
1753289009.601085
1753289009.644461
1753289009.672178
1753289009.713064
1753289009.734697
1753289009.778567
1753289009.804865
1753289009.846247
1753289009.868369
1753289009.908978
1753289009.942603
1753289009.975847
1753289010.003012
1753289010.045247
1753289010.071297
1753289010.112073
1753289010.135042
1753289010.178776
1753289010.207812
1753289010.244572
1753289010.269299
1753289010.312122
1753289010.340318
1753289010.374980
1753289010.405617
1753289010.444356
1753289010.476532
1753289010.511755
1753289010.535342
1753289010.579518
1753289010.605300
1753289010.645883
1753289010.669329
1753289010.712534
1753289010.738560
1753289010.779051
1753289010.802990
1753289010.844111
1753289010.873735
1753289010.908372
1753289010.938224
1753289010.975451
1753289011.006595
1753289011.038589
1753289011.068242
1753289011.113172
1753289011.140247
1753289011.177902
1753289011.202547
1753289011.243715
1753289011.276707
1753289011.309335
1753289011.335837
1753289011.373168
1753289011.406061
1753289011.441527
1753289011.470023
1753289011.511675
1753289011.538721
1753289011.580850
1753289011.602623
1753289011.644754
1753289011.674065
1753289011.711905
1753289011.735773
1753289011.778854
1753289011.806029
1753289011.844758
1753289011.869225
1753289011.908969
1753289011.942614
1753289011.978842
1753289012.002522
1753289012.047817
1753289012.072547
1753289012.110849
1753289012.136144
1753289012.178383
1753289012.209427
1753289012.246287
1753289012.269614
1753289012.308366
1753289012.342064
1753289012.377639
1753289012.403480
1753289012.445064
1753289012.476231
1753289012.513308
1753289012.537042
1753289012.580398
1753289012.608745
1753289012.645178
1753289012.670029
1753289012.712630
1753289012.741537
1753289012.779918
1753289012.803106
1753289012.845759
1753289012.873540
1753289012.909625
1753289012.939252
1753289012.975775
1753289013.011912
1753289013.043696
1753289013.073990
1753289013.111634
1753289013.142764
1753289013.179702
1753289013.203384
1753289013.245909
1753289013.276233
1753289013.312251
1753289013.337914
1753289013.376886
1753289013.411956
1753289013.443677
1753289013.471195
1753289013.510826
1753289013.541432
1753289013.578745
1753289013.603586
1753289013.646937
1753289013.673710
1753289013.713020
1753289013.737023
1753289013.780593
1753289013.806424
1753289013.846486
1753289013.874315
1753289013.903604
1753289013.946329
1753289013.976963
1753289014.012828
1753289014.039297
1753289014.075268
1753289014.109439
1753289014.146623
1753289014.178025
1753289014.204849
1753289014.246484
1753289014.275702
1753289014.311272
1753289014.340084
1753289014.379162
1753289014.408111
1753289014.446428
1753289014.472337
1753289014.509608
1753289014.539908
1753289014.575638
1753289014.608021
1753289014.645179
1753289014.677056
1753289014.712765
1753289014.738465
1753289014.779231
1753289014.809934
1753289014.846030
1753289014.870953
1753289014.910113
1753289014.946084
1753289014.977159
1753289015.007349
1753289015.045583
1753289015.077894
1753289015.113175
1753289015.138512
1753289015.180012
1753289015.210318
1753289015.246049
1753289015.271765
1753289015.312272
1753289015.342351
1753289015.376941
1753289015.406412
1753289015.444053
1753289015.477224
1753289015.512505
1753289015.538391
1753289015.577113
1753289015.612849
1753289015.644838
1753289015.672300
1753289015.713671
1753289015.744770
1753289015.779094
1753289015.804534
1753289015.846759
1753289015.874436
1753289015.910702
1753289015.938615
1753289015.979852
1753289016.009626
1753289016.045621
1753289016.071297
1753289016.113008
1753289016.143364
1753289016.179155
1753289016.204744
1753289016.246503
1753289016.276743
1753289016.312950
1753289016.338514
1753289016.379330
1753289016.410771
1753289016.447243
1753289016.471955
1753289016.513377
1753289016.545941
1753289016.577777
1753289016.606115
1753289016.643858
1753289016.680021
1753289016.712705
1753289016.739736
1753289016.780622
1753289016.809748
1753289016.845820
1753289016.871949
1753289016.909167
1753289016.948615
1753289016.974283
1753289017.010825
1753289017.046003
1753289017.080188
1753289017.113088
1753289017.140345
1753289017.180361
1753289017.211080
1753289017.246259
1753289017.272441
1753289017.310757
1753289017.346147
1753289017.378967
1753289017.406283
1753289017.445026
1753289017.480382
1753289017.511886
1753289017.539087
1753289017.579460
1753289017.610774
1753289017.646766
1753289017.672760
1753289017.712258
1753289017.744851
1753289017.780312
1753289017.805779
1753289017.846212
1753289017.874841
1753289017.910843
1753289017.941179
1753289017.979753
1753289018.011150
1753289018.046445
1753289018.072616
1753289018.111433
1753289018.146979
1753289018.178417
1753289018.206044
1753289018.245752
1753289018.278249
1753289018.309404
1753289018.342044
1753289018.378878
1753289018.413067
1753289018.446803
1753289018.473065
1753289018.513040
1753289018.547566
1753289018.579592
1753289018.610699
1753289018.646009
1753289018.678102
1753289018.712035
1753289018.744223
1753289018.779535
1753289018.814367
1753289018.847108
1753289018.874274
1753289018.909542
1753289018.948973
1753289018.976627
1753289019.011682
1753289019.045518
1753289019.080830
1753289019.114990
1753289019.142853
1753289019.182345
1753289019.211370
1753289019.247377
1753289019.273574
1753289019.312880
1753289019.344890
1753289019.378139
1753289019.407859
1753289019.445626
1753289019.478262
1753289019.510884
1753289019.542614
1753289019.583148
1753289019.606034
1753289019.646941
1753289019.673862
1753289019.712404
1753289019.745319
1753289019.780959
1753289019.806914
1753289019.846163
1753289019.875975
1753289019.911732
1753289019.941633
1753289019.980301
1753289020.014246
1753289020.047789
1753289020.073239
1753289020.113431
1753289020.147619
1753289020.181149
1753289020.206663
1753289020.245743
1753289020.280670
1753289020.313345
1753289020.341120
1753289020.380353
1753289020.414807
1753289020.445323
1753289020.477489
1753289020.513471
1753289020.546714
1753289020.580514
1753289020.610153
1753289020.647000
1753289020.681186
1753289020.715431
1753289020.741653
1753289020.781632
1753289020.813685
1753289020.848557
1753289020.873961
1753289020.910697
1753289020.947354
1753289020.980953
1753289021.008539
1753289021.045582
1753289021.076767
1753289021.110152
1753289021.140653
1753289021.180561
1753289021.215736
1753289021.246006
1753289021.277626
1753289021.312303
1753289021.344279
1753289021.380159
1753289021.409549
1753289021.449550
1753289021.478768
1753289021.513150
1753289021.541552
1753289021.580360
1753289021.613849
1753289021.648036
1753289021.674022
1753289021.714207
1753289021.747439
1753289021.780150
1753289021.808160
1753289021.848370
1753289021.875514
1753289021.911746
1753289021.941207
1753289021.981460
1753289022.013444
1753289022.047159
1753289022.074917
1753289022.115786
1753289022.145867
1753289022.182146
1753289022.213165
1753289022.241026
1753289022.281687
1753289022.314355
1753289022.348025
1753289022.380889
1753289022.410821
1753289022.447617
1753289022.481234
1753289022.515914
1753289022.542989
1753289022.579513
1753289022.614512
1753289022.648372
1753289022.678029
1753289022.714986
1753289022.750341
1753289022.779912
1753289022.813871
1753289022.847506
1753289022.877074
1753289022.909787
1753289022.949673
1753289022.977760
1753289023.017672
1753289023.046675
1753289023.079209
1753289023.112853
1753289023.147004
1753289023.182128
1753289023.211800
1753289023.247198
1753289023.281967
1753289023.311398
1753289023.346004
1753289023.379863
1753289023.414027
1753289023.449209
1753289023.477062
1753289023.513423
1753289023.547671
1753289023.582771
1753289023.609801
1753289023.649522
1753289023.679465
1753289023.713139
1753289023.744907
1753289023.780697
1753289023.815358
1753289023.846935
1753289023.878340
1753289023.912382
1753289023.948241
1753289023.982522
1753289024.008542
1753289024.048534
1753289024.083959
1753289024.113726
1753289024.144826
1753289024.183087
1753289024.213987
1753289024.248655
1753289024.276531
1753289024.313266
1753289024.348977
1753289024.379277
1753289024.412223
1753289024.448809
1753289024.484991
1753289024.514417
1753289024.545891
1753289024.578959
1753289024.611626
1753289024.644701
1753289024.683760
1753289024.712425
1753289024.748355
1753289024.783382
1753289024.811795
1753289024.850856
1753289024.880197
1753289024.911633
1753289024.946889
1753289024.980370
1753289025.014973
1753289025.050556
1753289025.077586
1753289025.116040
1753289025.147435
1753289025.181742
1753289025.211734
1753289025.251152
1753289025.280329
1753289025.314967
1753289025.344715
1753289025.380579
1753289025.415509
1753289025.447074
1753289025.479034
1753289025.516737
1753289025.546220
1753289025.585702
1753289025.612200
1753289025.647316
1753289025.682424
1753289025.716511
1753289025.742959
1753289025.782971
1753289025.816842
1753289025.849370
1753289025.878376
1753289025.913912
1753289025.949541
1753289025.981665
1753289026.012614
1753289026.053684
1753289026.079668
1753289026.117242
1753289026.143739
1753289026.181418
1753289026.217816
1753289026.247779
1753289026.280214
1753289026.313447
1753289026.351750
1753289026.380249
1753289026.413919
1753289026.448623
1753289026.481564
1753289026.519536
1753289026.543377
1753289026.580504
1753289026.617564
1753289026.651234
1753289026.677892
1753289026.717943
1753289026.748624
1753289026.784247
1753289026.811846
1753289026.853123
1753289026.880094
1753289026.913845
1753289026.945996
1753289026.983590
1753289027.018252
1753289027.047703
1753289027.079728
1753289027.115739
1753289027.148242
1753289027.187325
1753289027.210160
1753289027.251549
1753289027.281487
1753289027.316471
1753289027.346970
1753289027.380687
1753289027.420974
1753289027.446925
1753289027.480627
1753289027.516243
1753289027.548889
1753289027.585888
1753289027.610009
1753289027.652568
1753289027.680921
1753289027.717116
1753289027.743662
1753289027.784335
1753289027.815792
1753289027.850544
1753289027.877115
1753289027.912957
1753289027.953856
1753289027.980020
1753289028.011435
1753289028.048451
1753289028.088047
1753289028.113608
1753289028.145272
1753289028.182834
1753289028.216877
1753289028.252198
1753289028.277295
1753289028.312800
1753289028.349984
1753289028.380814
1753289028.414979
1753289028.450820
1753289028.486471
1753289028.514394
1753289028.548708
1753289028.583472
1753289028.614420
1753289028.656263
1753289028.677543
1753289028.723380
1753289028.746848
1753289028.784150
1753289028.813360
1753289028.849760
1753289028.881414
1753289028.914863
1753289028.947594
1753289028.982164
1753289029.021902
1753289029.047084
1753289029.080913
1753289029.115311
1753289029.152485
1753289029.181330
1753289029.213788
1753289029.250000
1753289029.285147
1753289029.317059
1753289029.346271
1753289029.381005
1753289029.417150
1753289029.448321
1753289029.480911
1753289029.521662
1753289029.546982
1753289029.583125
1753289029.612771
1753289029.653183
1753289029.680923
1753289029.719096
1753289029.744600
1753289029.788927
1753289029.813815
1753289029.855128
1753289029.877917
1753289029.915141
1753289029.957172
1753289029.980576
1753289030.014515
1753289030.050018
1753289030.085057
1753289030.116095
1753289030.146931
1753289030.184530
1753289030.221849
1753289030.248244
1753289030.281270
1753289030.316096
1753289030.356124
1753289030.380352
1753289030.414993
1753289030.454194
1753289030.481208
1753289030.519440
1753289030.552409
1753289030.578304
1753289030.623680
1753289030.645793
1753289030.684769
1753289030.720357
1753289030.746363
1753289030.788696
1753289030.814301
1753289030.852263
1753289030.880513
1753289030.914638
1753289030.949532
1753289030.988823
1753289031.012467
1753289031.048568
1753289031.081807
1753289031.114849
1753289031.148476
1753289031.184431
1753289031.221793
1753289031.248058
1753289031.286699
1753289031.311674
1753289031.357655
1753289031.380563
1753289031.416014
1753289031.452994
1753289031.481491
1753289031.523145
1753289031.545810
1753289031.588784
1753289031.613930
1753289031.658443
1753289031.679093
1753289031.720609
1753289031.748192
1753289031.790652
1753289031.812573
1753289031.849960
1753289031.889951
1753289031.911663
1753289031.948372
1753289031.983149
1753289032.022243
1753289032.047694
1753289032.081726
1753289032.122729
1753289032.147428
1753289032.189614
1753289032.212599
1753289032.256628
1753289032.280907
1753289032.320641
1753289032.345956
1753289032.382157
1753289032.422761
1753289032.448809
1753289032.481685
1753289032.521739
1753289032.548835
1753289032.591308
1753289032.612858
1753289032.658291
1753289032.680959
1753289032.721395
1753289032.746718
1753289032.792272
1753289032.813479
1753289032.859062
1753289032.879732
1753289032.916210
1753289032.957032
1753289032.980797
1753289033.018358
1753289033.048963
1753289033.087460
1753289033.115242
1753289033.149695
1753289033.184700
1753289033.216124
1753289033.251326
1753289033.278692
1753289033.315479
1753289033.351339
1753289033.380372
1753289033.414953
1753289033.451043
1753289033.485022
1753289033.518121
1753289033.545546
1753289033.584252
1753289033.616771
1753289033.651264
1753289033.678766
1753289033.718769
1753289033.750175
1753289033.788914
1753289033.813214
1753289033.859767
1753289033.881007
1753289033.917174
1753289033.947389
1753289033.984821
1753289034.020719
1753289034.048608
1753289034.082784
1753289034.118701
1753289034.156703
1753289034.181294
1753289034.216073
1753289034.256907
1753289034.281812
1753289034.320093
1753289034.347590
1753289034.381359
1753289034.418505
1753289034.451004
1753289034.482225
1753289034.519309
1753289034.551792
1753289034.585649
1753289034.614006
1753289034.652742
1753289034.683680
1753289034.714854
1753289034.751877
1753289034.783414
1753289034.818695
1753289034.851113
1753289034.880791
1753289034.913026
1753289034.946982
1753289034.980123
1753289035.018375
1753289035.049582
1753289035.085748
1753289035.117233
1753289035.148848
1753289035.185519
1753289035.218002
1753289035.252884
1753289035.281112
1753289035.317128
1753289035.353907
1753289035.381340
1753289035.418602
1753289035.450365
1753289035.487120
1753289035.519879
1753289035.547680
1753289035.585959
1753289035.618500
1753289035.652491
1753289035.680942
1753289035.718865
1753289035.751093
1753289035.786609
1753289035.814583
1753289035.852501
1753289035.885846
1753289035.919329
1753289035.947306
1753289035.984804
1753289036.020032
1753289036.052592
1753289036.081611
1753289036.119697
1753289036.157790
1753289036.185128
1753289036.217200
1753289036.257654
1753289036.284605
1753289036.323264
1753289036.348356
1753289036.386606
1753289036.420325
1753289036.454975
1753289036.481670
1753289036.527680
1753289036.548421
1753289036.591645
1753289036.615308
1753289036.658763
1753289036.683334
1753289036.725984
1753289036.748543
1753289036.791658
1753289036.815601
1753289036.857426
1753289036.881917
1753289036.919342
1753289036.957187
1753289036.986017
1753289037.018858
1753289037.052404
1753289037.094365
1753289037.115337
1753289037.154751
1753289037.182236
1753289037.225341
1753289037.251746
1753289037.291332
1753289037.315968
1753289037.357813
1753289037.384594
1753289037.424111
1753289037.448832
1753289037.491732
1753289037.515580
1753289037.556318
1753289037.582253
1753289037.619996
1753289037.655123
1753289037.682450
1753289037.723610
1753289037.755948
1753289037.790925
1753289037.815329
1753289037.861271
1753289037.882319
1753289037.918991
1753289037.951937
1753289037.986850
1753289038.016171
1753289038.059399
1753289038.082171
1753289038.125914
1753289038.149318
1753289038.191180
1753289038.215713
1753289038.257680
1753289038.290374
1753289038.319552
1753289038.349583
1753289038.383433
1753289038.425600
1753289038.451712
1753289038.488082
1753289038.519138
1753289038.560941
1753289038.582881
1753289038.625541
1753289038.649419
1753289038.691930
1753289038.720273
1753289038.749803
1753289038.792928
1753289038.818800
1753289038.861510
1753289038.889178
1753289038.915223
1753289038.958721
1753289038.984245
1753289039.027566
1753289039.050712
1753289039.093407
1753289039.117226
1753289039.160260
1753289039.187778
1753289039.220652
1753289039.258439
1753289039.288050
1753289039.322594
1753289039.350701
1753289039.387472
1753289039.428356
1753289039.450299
1753289039.490470
1753289039.516677
1753289039.559432
1753289039.585277
1753289039.619584
1753289039.653649
1753289039.694876
1753289039.717507
1753289039.749006
1753289039.789136
1753289039.825033
1753289039.854446
1753289039.884237
1753289039.921850
1753289039.957875
1753289039.989931
1753289040.016213
1753289040.062988
1753289040.083958
1753289040.126588
1753289040.149708
1753289040.193408
1753289040.221429
1753289040.262054
1753289040.283199
1753289040.326783
1753289040.353961
1753289040.389454
1753289040.418248
1753289040.459659
1753289040.487686
1753289040.529008
1753289040.550071
1753289040.595282
1753289040.617805
1753289040.661184
1753289040.683433
1753289040.726998
1753289040.754812
1753289040.794946
1753289040.816892
1753289040.862538
1753289040.885111
1753289040.921728
1753289040.951814
1753289040.992612
1753289041.019593
1753289041.061707
1753289041.084265
1753289041.121646
1753289041.162370
1753289041.186023
1753289041.221398
1753289041.257697
1753289041.292533
1753289041.322182
1753289041.352890
1753289041.389971
1753289041.421566
1753289041.454747
1753289041.485310
1753289041.528081
1753289041.552639
1753289041.592967
1753289041.617268
1753289041.662475
1753289041.685858
1753289041.727967
1753289041.750545
1753289041.794637
1753289041.819978
1753289041.861514
1753289041.883942
1753289041.921796
1753289041.961906
1753289041.985633
1753289042.021590
1753289042.053163
1753289042.089079
1753289042.118705
1753289042.152030
1753289042.192849
1753289042.222153
1753289042.262238
1753289042.284159
1753289042.324638
1753289042.355434
1753289042.390496
1753289042.419899
1753289042.457738
1753289042.493532
1753289042.524813
1753289042.552496
1753289042.594843
1753289042.621029
1753289042.663198
1753289042.684731
1753289042.728212
1753289042.754354
1753289042.795618
1753289042.818740
1753289042.861317
1753289042.889524
1753289042.923344
1753289042.953751
1753289042.994548
1753289043.022810
1753289043.062429
1753289043.086422
1753289043.128122
1753289043.157955
1753289043.194083
1753289043.220793
1753289043.261767
1753289043.289684
1753289043.320188
1753289043.355633
1753289043.387261
1753289043.423186
1753289043.456580
1753289043.486693
1753289043.527261
1753289043.554886
1753289043.595916
1753289043.618062
1753289043.657037
1753289043.694748
1753289043.723054
1753289043.753230
1753289043.791781
1753289043.820797
1753289043.856571
1753289043.883855
1753289043.922415
1753289043.958693
1753289043.990763
1753289044.021554
1753289044.061384
1753289044.090364
1753289044.129770
1753289044.151536
1753289044.196294
1753289044.220172
1753289044.260011
1753289044.285665
1753289044.322166
1753289044.363073
1753289044.388752
1753289044.421938
1753289044.461130
1753289044.491932
1753289044.528209
1753289044.552204
1753289044.596388
1753289044.621032
1753289044.663733
1753289044.685596
1753289044.724245
1753289044.755576
1753289044.786163
1753289044.826398
1753289044.855277
1753289044.893589
1753289044.925109
1753289044.954601
1753289044.995476
1753289045.024656
1753289045.061452
1753289045.085814
1753289045.128652
1753289045.158917
1753289045.194701
1753289045.219706
1753289045.262876
1753289045.290644
1753289045.326816
1753289045.354859
1753289045.394503
1753289045.426794
1753289045.460981
1753289045.486384
1753289045.529127
1753289045.557865
1753289045.594425
1753289045.619241
1753289045.658999
1753289045.694864
1753289045.725004
1753289045.755941
1753289045.791099
1753289045.827876
1753289045.858659
1753289045.886611
1753289045.923893
1753289045.962955
1753289045.988622
1753289046.023131
1753289046.060230
1753289046.090966
1753289046.128255
1753289046.152659
1753289046.195467
1753289046.225098
1753289046.261207
1753289046.286447
1753289046.327666
1753289046.359887
1753289046.394658
1753289046.419828
1753289046.461803
1753289046.492536
1753289046.529352
1753289046.552911
1753289046.594740
1753289046.626547
1753289046.662471
1753289046.689405
1753289046.728782
1753289046.759857
1753289046.794855
1753289046.822004
1753289046.863542
1753289046.891059
1753289046.926063
1753289046.954972
1753289046.996495
1753289047.025398
1753289047.062131
1753289047.087138
1753289047.130502
1753289047.157590
1753289047.195479
1753289047.230170
1753289047.253335
1753289047.298105
1753289047.324457
1753289047.364519
1753289047.391561
1753289047.424624
1753289047.460602
1753289047.495898
1753289047.526541
1753289047.553633
1753289047.595481
1753289047.623307
1753289047.663977
1753289047.686966
1753289047.730983
1753289047.757209
1753289047.795338
1753289047.821891
1753289047.863171
1753289047.893547
1753289047.927200
1753289047.954742
1753289047.996232
1753289048.027245
1753289048.063120
1753289048.087263
1753289048.129946
1753289048.158961
1753289048.196207
1753289048.220679
1753289048.262651
1753289048.293299
1753289048.328018
1753289048.354327
1753289048.395871
1753289048.426620
1753289048.461822
1753289048.487306
1753289048.528746
1753289048.559586
1753289048.596843
1753289048.620432
1753289048.664096
1753289048.692769
1753289048.730309
1753289048.755691
1753289048.796116
1753289048.827244
1753289048.862761
1753289048.890521
1753289048.925939
1753289048.963718
1753289048.992882
1753289049.027728
1753289049.059129
1753289049.096592
1753289049.128974
1753289049.155306
1753289049.196701
1753289049.226606
1753289049.262102
1753289049.288367
1753289049.328642
1753289049.359838
1753289049.395514
1753289049.422190
1753289049.463141
1753289049.493397
1753289049.529174
1753289049.555397
1753289049.594222
1753289049.629097
1753289049.661440
1753289049.690955
1753289049.730436
1753289049.762320
1753289049.794611
1753289049.821411
1753289049.862114
1753289049.892913
1753289049.929368
1753289049.957161
1753289049.994941
1753289050.028959
1753289050.060748
1753289050.092274
1753289050.128544
1753289050.160464
1753289050.196462
1753289050.223010
1753289050.261688
1753289050.294331
1753289050.325781
1753289050.361863
1753289050.391920
1753289050.431509
1753289050.459332
1753289050.494762
1753289050.527551
1753289050.563644
1753289050.594770
1753289050.624538
1753289050.664134
1753289050.695014
1753289050.727768
1753289050.759520
1753289050.796923
1753289050.827907
1753289050.863267
1753289050.888800
1753289050.928154
1753289050.960685
1753289050.995716
1753289051.022141
1753289051.061379
1753289051.093901
1753289051.131313
1753289051.155805
1753289051.194929
1753289051.228794
1753289051.263196
1753289051.289730
1753289051.326960
1753289051.362351
1753289051.394520
1753289051.425677
1753289051.461043
1753289051.495416
1753289051.527422
1753289051.556857
1753289051.594306
1753289051.629820
1753289051.661287
1753289051.691973
1753289051.728621
1753289051.762316
1753289051.794065
1753289051.823345
1753289051.863954
1753289051.894050
1753289051.928560
1753289051.955694
1753289051.996616
1753289052.027362
1753289052.062755
1753289052.089661
1753289052.127864
1753289052.163443
1753289052.195420
1753289052.223659
1753289052.262358
1753289052.295871
1753289052.328315
1753289052.358658
1753289052.397353
1753289052.426910
1753289052.462238
1753289052.491204
1753289052.530016
1753289052.563951
1753289052.595620
1753289052.626081
1753289052.664772
1753289052.696305
1753289052.729493
1753289052.758612
1753289052.796997
1753289052.830497
1753289052.864937
1753289052.890971
1753289052.928988
1753289052.963333
1753289052.993883
1753289053.022471
1753289053.059097
1753289053.095187
1753289053.128612
1753289053.161538
1753289053.190744
1753289053.231373
1753289053.263815
1753289053.293569
1753289053.329336
1753289053.364339
1753289053.396569
1753289053.428220
1753289053.461871
1753289053.496463
1753289053.529052
1753289053.560384
1753289053.595303
1753289053.628301
1753289053.662192
1753289053.693411
1753289053.729568
1753289053.765037
1753289053.795488
1753289053.826540
1753289053.862220
1753289053.896628
1753289053.926160
1753289053.955286
1753289053.991756
1753289054.028838
1753289054.060151
1753289054.088703
1753289054.125902
1753289054.162843
1753289054.192120
1753289054.222732
1753289054.259938
1753289054.295820
1753289054.330849
1753289054.357902
1753289054.397113
1753289054.431493
1753289054.461878
1753289054.494345
1753289054.529509
1753289054.564108
1753289054.598451
1753289054.627088
1753289054.665402
1753289054.695561
1753289054.728988
1753289054.761708
1753289054.796394
1753289054.827241
1753289054.858075
1753289054.894135
1753289054.929091
1753289054.963883
1753289054.998713
1753289055.023803
1753289055.061781
1753289055.095279
1753289055.130922
1753289055.158606
1753289055.199556
1753289055.228780
1753289055.263650
1753289055.293142
1753289055.330581
1753289055.364633
1753289055.399369
1753289055.424204
1753289055.461673
1753289055.495395
1753289055.530591
1753289055.565690
1753289055.590576
1753289055.630638
1753289055.664721
1753289055.697537
1753289055.731310
1753289055.758243
1753289055.797090
1753289055.831556
1753289055.861968
1753289055.894617
1753289055.927218
1753289055.965757
1753289055.994996
1753289056.027961
1753289056.063620
1753289056.097968
1753289056.132892
1753289056.158787
1753289056.199353
1753289056.229685
1753289056.264228
1753289056.292336
1753289056.332832
1753289056.361993
1753289056.395623
1753289056.425450
1753289056.464077
1753289056.499053
1753289056.530784
1753289056.560215
1753289056.597233
1753289056.631378
1753289056.666073
1753289056.690667
1753289056.731949
1753289056.766250
1753289056.796721
1753289056.828478
1753289056.864124
1753289056.897446
1753289056.930419
1753289056.958005
1753289056.996593
1753289057.028384
1753289057.060948
1753289057.094221
1753289057.133412
1753289057.163122
1753289057.198561
1753289057.228129
1753289057.264864
1753289057.298506
1753289057.329111
1753289057.363750
1753289057.396157
1753289057.430199
1753289057.463529
1753289057.494908
1753289057.533038
1753289057.563891
1753289057.599471
1753289057.626766
1753289057.662469
1753289057.697628
1753289057.733084
1753289057.760030
1753289057.800104
1753289057.829949
1753289057.864659
1753289057.891377
1753289057.930745
1753289057.965931
1753289057.996886
1753289058.028621
1753289058.064224
1753289058.099180
1753289058.130359
1753289058.161896
1753289058.196640
1753289058.230368
1753289058.263928
1753289058.295102
1753289058.331381
1753289058.366962
1753289058.396631
1753289058.428144
1753289058.462321
1753289058.497349
1753289058.532733
1753289058.560181
1753289058.597054
1753289058.633172
1753289058.666620
1753289058.694704
1753289058.735148
1753289058.763577
1753289058.797297
1753289058.828760
1753289058.864927
1753289058.898558
1753289058.931645
1753289058.962021
1753289058.997149
1753289059.031949
1753289059.065275
1753289059.095347
1753289059.135751
1753289059.164107
1753289059.199489
1753289059.227644
1753289059.265763
1753289059.298639
1753289059.336156
1753289059.359160
1753289059.400024
1753289059.432685
1753289059.462756
1753289059.497033
1753289059.531261
1753289059.566541
1753289059.598563
1753289059.628090
1753289059.665091
1753289059.700494
1753289059.732583
1753289059.762227
1753289059.799032
1753289059.834060
1753289059.863896
1753289059.892933
1753289059.931053
1753289059.966823
1753289059.999313
1753289060.028912
1753289060.064737
1753289060.100217
1753289060.134226
1753289060.161181
1753289060.197991
1753289060.233780
1753289060.264051
1753289060.295311
1753289060.337001
1753289060.360809
1753289060.397816
1753289060.428384
1753289060.467772
1753289060.496621
1753289060.532905
1753289060.560472
1753289060.596753
1753289060.633869
1753289060.667402
1753289060.693315
1753289060.733234
1753289060.766927
1753289060.801948
1753289060.826210
1753289060.868401
1753289060.896668
1753289060.931625
1753289060.962972
1753289060.997474
1753289061.032844
1753289061.067807
1753289061.094407
1753289061.133969
1753289061.168961
1753289061.197462
1753289061.226761
1753289061.264611
1753289061.300867
1753289061.333359
1753289061.362383
1753289061.399364
1753289061.433782
1753289061.468763
1753289061.495818
1753289061.537289
1753289061.562919
1753289061.600551
1753289061.629015
1753289061.664357
1753289061.705017
1753289061.729911
1753289061.762754
1753289061.797520
1753289061.838144
1753289061.863239
1753289061.896149
1753289061.934636
1753289061.966333
1753289061.997791
1753289062.029649
1753289062.069437
1753289062.097578
1753289062.139493
1753289062.160302
1753289062.203690
1753289062.230878
1753289062.268245
1753289062.294163
1753289062.336560
1753289062.364073
1753289062.400802
1753289062.427626
1753289062.465082
1753289062.505033
1753289062.530425
1753289062.563581
1753289062.599780
1753289062.632167
1753289062.669486
1753289062.694256
1753289062.737916
1753289062.763908
1753289062.801356
1753289062.828409
1753289062.869492
1753289062.898096
1753289062.933701
1753289062.963715
1753289063.003397
1753289063.030884
1753289063.066586
1753289063.094236
1753289063.132162
1753289063.173230
1753289063.196686
1753289063.231900
1753289063.266869
1753289063.302229
1753289063.331260
1753289063.365822
1753289063.399224
1753289063.431359
1753289063.473863
1753289063.494545
1753289063.539855
1753289063.563555
1753289063.601350
1753289063.628424
1753289063.664719
1753289063.701935
1753289063.734849
1753289063.761527
1753289063.806305
1753289063.830254
1753289063.868527
1753289063.901471
1753289063.928047
1753289063.964138
1753289064.003285
1753289064.031260
1753289064.068531
1753289064.096494
1753289064.134451
1753289064.168967
1753289064.197516
1753289064.231608
1753289064.271475
1753289064.298283
1753289064.336271
1753289064.362602
1753289064.404463
1753289064.431522
1753289064.472265
1753289064.495448
1753289064.541187
1753289064.564144
1753289064.600874
1753289064.630620
1753289064.668438
1753289064.703399
1753289064.731467
1753289064.766582
1753289064.798674
1753289064.838096
1753289064.865258
1753289064.896736
1753289064.929915
1753289064.968833
1753289065.002923
1753289065.030482
1753289065.070137
1753289065.097912
1753289065.138752
1753289065.162532
1753289065.205848
1753289065.230653
1753289065.270425
1753289065.297253
1753289065.334840
1753289065.369491
1753289065.403514
1753289065.430577
1753289065.471702
1753289065.498662
1753289065.540075
1753289065.562653
1753289065.601721
1753289065.637467
1753289065.665148
1753289065.698211
1753289065.735788
1753289065.764851
1753289065.806715
1753289065.829216
1753289065.867698
1753289065.902531
1753289065.935067
1753289065.962466
1753289066.003746
1753289066.031438
1753289066.073385
1753289066.095794
1753289066.142653
1753289066.162767
1753289066.202238
1753289066.229450
1753289066.272202
1753289066.297352
1753289066.336087
1753289066.362683
1753289066.403311
1753289066.431045
1753289066.471507
1753289066.495978
1753289066.542131
1753289066.563562
1753289066.602155
1753289066.630235
1753289066.667535
1753289066.707031
1753289066.731765
1753289066.767238
1753289066.803052
1753289066.838092
1753289066.865156
1753289066.898056
1753289066.936704
1753289066.965447
1753289067.007813
1753289067.029870
1753289067.075996
1753289067.097602
1753289067.138051
1753289067.163535
1753289067.208899
1753289067.231271
1753289067.273057
1753289067.296526
1753289067.338802
1753289067.365127
1753289067.407801
1753289067.430462
1753289067.468421
1753289067.503543
1753289067.532489
1753289067.567845
1753289067.603289
1753289067.636410
1753289067.667419
1753289067.699284
1753289067.736655
1753289067.771100
1753289067.798496
1753289067.837923
1753289067.864476
1753289067.902279
1753289067.935519
1753289067.962905
1753289068.004097
1753289068.032033
1753289068.073824
1753289068.096885
1753289068.143716
1753289068.164035
1753289068.208488
1753289068.230214
1753289068.276325
1753289068.297731
1753289068.338936
1753289068.364000
1753289068.407493
1753289068.432057
1753289068.473453
1753289068.497159
1753289068.540812
1753289068.565145
1753289068.606233
1753289068.630471
1753289068.676513
1753289068.697589
1753289068.740516
1753289068.764070
1753289068.804424
1753289068.837631
1753289068.870561
1753289068.897914
1753289068.939580
1753289068.968267
1753289069.008902
1753289069.030885
1753289069.073203
1753289069.100074
1753289069.142237
1753289069.164163
1753289069.207840
1753289069.232986
1753289069.274915
1753289069.297697
1753289069.339879
1753289069.366106
1753289069.408257
1753289069.431212
1753289069.474557
1753289069.499213
1753289069.542079
1753289069.564587
1753289069.607160
1753289069.631569
1753289069.674291
1753289069.697927
1753289069.740636
1753289069.767694
1753289069.809715
1753289069.830996
1753289069.872883
1753289069.899417
1753289069.939924
1753289069.964100
1753289070.006537
1753289070.032855
1753289070.074934
1753289070.097828
1753289070.137573
1753289070.166433
1753289070.208629
1753289070.231043
1753289070.273448
1753289070.299784
1753289070.342578
1753289070.364329
1753289070.407984
1753289070.434716
1753289070.476786
1753289070.497983
1753289070.541733
1753289070.565496
1753289070.607519
1753289070.631504
1753289070.676885
1753289070.698466
1753289070.742359
1753289070.764797
1753289070.805843
1753289070.841832
1753289070.866009
1753289070.899763
1753289070.938164
1753289070.972926
1753289071.004356
1753289071.031830
1753289071.074780
1753289071.101837
1753289071.143765
1753289071.165019
1753289071.207638
1753289071.235828
1753289071.278329
1753289071.298518
1753289071.336512
1753289071.368776
1753289071.402052
1753289071.432232
1753289071.469378
1753289071.505790
1753289071.538940
1753289071.565399
1753289071.607802
1753289071.632831
1753289071.674088
1753289071.698844
1753289071.740971
1753289071.768336
1753289071.810012
1753289071.831818
1753289071.873119
1753289071.901638
1753289071.939930
1753289071.965576
1753289072.007306
1753289072.037268
1753289072.077923
1753289072.098512
1753289072.142058
1753289072.165752
1753289072.209759
1753289072.239151
1753289072.265523
1753289072.308051
1753289072.335632
1753289072.378153
1753289072.399350
1753289072.439681
1753289072.465892
1753289072.502249
1753289072.536349
1753289072.565801
1753289072.602692
1753289072.643285
1753289072.666326
1753289072.708523
1753289072.733140
1753289072.774800
1753289072.807961
1753289072.833556
1753289072.873549
1753289072.901063
1753289072.943234
1753289072.966937
1753289073.010199
1753289073.033845
1753289073.070210
1753289073.100258
1753289073.134003
1753289073.176786
1753289073.200270
1753289073.242761
1753289073.267160
1753289073.308598
1753289073.338650
1753289073.368962
1753289073.410248
1753289073.434136
1753289073.476117
1753289073.500448
1753289073.543563
1753289073.568628
1753289073.611171
1753289073.633022
1753289073.675865
1753289073.700746
1753289073.743400
1753289073.766229
1753289073.812658
1753289073.834474
1753289073.874057
1753289073.899652
1753289073.941014
1753289073.970736
1753289074.007291
1753289074.033149
1753289074.077787
1753289074.100594
1753289074.141587
1753289074.166391
1753289074.209311
1753289074.236319
1753289074.277818
1753289074.299807
1753289074.343818
1753289074.367672
1753289074.410795
1753289074.433104
1753289074.475990
1753289074.504655
1753289074.545414
1753289074.566411
1753289074.612332
1753289074.634275
1753289074.677791
1753289074.699960
1753289074.744011
1753289074.768117
1753289074.810077
1753289074.833358
1753289074.876456
1753289074.900919
1753289074.939354
1753289074.966843
1753289075.001626
1753289075.044719
1753289075.067661
1753289075.106965
1753289075.135211
1753289075.177612
1753289075.201969
1753289075.239632
1753289075.268376
1753289075.309174
1753289075.338591
1753289075.368820
1753289075.409833
1753289075.439124
1753289075.474224
1753289075.502428
1753289075.545136
1753289075.569474
1753289075.611509
1753289075.634008
1753289075.675080
1753289075.704094
1753289075.745518
1753289075.767297
1753289075.809691
1753289075.838713
1753289075.873575
1753289075.900456
1753289075.941883
1753289075.971137
1753289076.011765
1753289076.033912
1753289076.075686
1753289076.104438
1753289076.145822
1753289076.167299
1753289076.211610
1753289076.235708
1753289076.278828
1753289076.300600
1753289076.344326
1753289076.369137
1753289076.411559
1753289076.433925
1753289076.477481
1753289076.502737
1753289076.545327
1753289076.567389
1753289076.611112
1753289076.637730
1753289076.678604
1753289076.700964
1753289076.744468
1753289076.773472
1753289076.809791
1753289076.834548
1753289076.878431
1753289076.901136
1753289076.945736
1753289076.967882
1753289077.013102
1753289077.037292
1753289077.079149
1753289077.101481
1753289077.144619
1753289077.172877
1753289077.212678
1753289077.235634
1753289077.279099
1753289077.304281
1753289077.345616
1753289077.368774
1753289077.411810
1753289077.440027
1753289077.477688
1753289077.503897
1753289077.545393
1753289077.568544
1753289077.611467
1753289077.634973
1753289077.678197
1753289077.702894
1753289077.744956
1753289077.768069
1753289077.811598
1753289077.841546
1753289077.874413
1753289077.900969
1753289077.944462
1753289077.974474
1753289078.010897
1753289078.034184
1753289078.080126
1753289078.104819
1753289078.145367
1753289078.168209
1753289078.213497
1753289078.237938
1753289078.279263
1753289078.301557
1753289078.343933
1753289078.373734
1753289078.412507
1753289078.435048
1753289078.478257
1753289078.508309
1753289078.545227
1753289078.568463
1753289078.613791
1753289078.638169
1753289078.679523
1753289078.701918
1753289078.745144
1753289078.774627
1753289078.811234
1753289078.835320
1753289078.878723
1753289078.903544
1753289078.944977
1753289078.968936
1753289079.012985
1753289079.040433
1753289079.078267
1753289079.102308
1753289079.145420
1753289079.174253
1753289079.213061
1753289079.235674
1753289079.279616
1753289079.305580
1753289079.345262
1753289079.369161
1753289079.413190
1753289079.439344
1753289079.477485
1753289079.502953
1753289079.544991
1753289079.575498
1753289079.611266
1753289079.636904
1753289079.679209
1753289079.706596
1753289079.744599
1753289079.769163
1753289079.813849
1753289079.839809
1753289079.877394
1753289079.902409
1753289079.945674
1753289079.974872
1753289080.011456
1753289080.035802
1753289080.075486
1753289080.111672
1753289080.141292
1753289080.169239
1753289080.213330
1753289080.240290
1753289080.277749
1753289080.302422
1753289080.343795
1753289080.377772
1753289080.410990
1753289080.436254
1753289080.478508
1753289080.508942
1753289080.545133
1753289080.577935
1753289080.602883
1753289080.643691
1753289080.679588
1753289080.710187
1753289080.746234
1753289080.770747
1753289080.812558
1753289080.843674
1753289080.878269
1753289080.902642
1753289080.945490
1753289080.976011
1753289081.011899
1753289081.040042
1753289081.079205
1753289081.106196
1753289081.144766
1753289081.172375
1753289081.210979
1753289081.243895
1753289081.279047
1753289081.304688
1753289081.344957
1753289081.376596
1753289081.412293
1753289081.440618
1753289081.478212
1753289081.509322
1753289081.545496
1753289081.574556
1753289081.611899
1753289081.643652
1753289081.678803
1753289081.704718
1753289081.745809
1753289081.776968
1753289081.812970
1753289081.836981
1753289081.878081
1753289081.904699
1753289081.946188
1753289081.970211
1753289082.013050
1753289082.042120
1753289082.079360
1753289082.103892
1753289082.146982
1753289082.177529
1753289082.212777
1753289082.236714
1753289082.281069
1753289082.307800
1753289082.344163
1753289082.370564
1753289082.412004
1753289082.444112
1753289082.478827
1753289082.503632
1753289082.545172
1753289082.576984
1753289082.612198
1753289082.637345
1753289082.681174
1753289082.708321
1753289082.745743
1753289082.770534
1753289082.813145
1753289082.843643
1753289082.878004
1753289082.903797
1753289082.947838
1753289082.975233
1753289083.015381
1753289083.037333
1753289083.078727
1753289083.111103
1753289083.144123
1753289083.173358
1753289083.212020
1753289083.244274
1753289083.279477
1753289083.305120
1753289083.345720
1753289083.373909
1753289083.413591
1753289083.438930
1753289083.477693
1753289083.511720
1753289083.545837
1753289083.571238
1753289083.612484
1753289083.643410
1753289083.679318
1753289083.704581
1753289083.745739
1753289083.777454
1753289083.813787
1753289083.837667
1753289083.878788
1753289083.907572
1753289083.946137
1753289083.971454
1753289084.012277
1753289084.044109
1753289084.076050
1753289084.104088
1753289084.142587
1753289084.175197
1753289084.214405
1753289084.238064
1753289084.278021
1753289084.311887
1753289084.346325
1753289084.370255
1753289084.415253
1753289084.438807
1753289084.477597
1753289084.505081
1753289084.546338
1753289084.577802
1753289084.610067
1753289084.640899
1753289084.678687
1753289084.713467
1753289084.745514
1753289084.772290
1753289084.811709
1753289084.844817
1753289084.877082
1753289084.904392
1753289084.946598
1753289084.976835
1753289085.011231
1753289085.038476
1753289085.078746
1753289085.113019
1753289085.145267
1753289085.176015
1753289085.212401
1753289085.244719
1753289085.277311
1753289085.308117
1753289085.346662
1753289085.379044
1753289085.413152
1753289085.440354
1753289085.480519
1753289085.511235
1753289085.543866
1753289085.575407
1753289085.613816
1753289085.644591
1753289085.679110
1753289085.706578
1753289085.745094
1753289085.776717
1753289085.813061
1753289085.838911
1753289085.879304
1753289085.905768
1753289085.946324
1753289085.972223
1753289086.011586
1753289086.045817
1753289086.080283
1753289086.105852
1753289086.146187
1753289086.177462
1753289086.213008
1753289086.241109
1753289086.280623
1753289086.311263
1753289086.344503
1753289086.376406
1753289086.412593
1753289086.446327
1753289086.478515
1753289086.506281
1753289086.546615
1753289086.580504
1753289086.608897
1753289086.642105
1753289086.680744
1753289086.713335
1753289086.746039
1753289086.772569
1753289086.813402
1753289086.845363
1753289086.877631
1753289086.905344
1753289086.946672
1753289086.979619
1753289087.013278
1753289087.040168
1753289087.080673
1753289087.112602
1753289087.145114
1753289087.176395
1753289087.212549
1753289087.245079
1753289087.278688
1753289087.309201
1753289087.345937
1753289087.378573
1753289087.412569
1753289087.441388
1753289087.480758
1753289087.513524
1753289087.546482
1753289087.576032
1753289087.612627
1753289087.647595
1753289087.681128
1753289087.706826
1753289087.745249
1753289087.778209
1753289087.813799
1753289087.840412
1753289087.878042
1753289087.909095
1753289087.949723
1753289087.972876
1753289088.011864
1753289088.046686
1753289088.079709
1753289088.106224
1753289088.144436
1753289088.179300
1753289088.213329
1753289088.240546
1753289088.280215
1753289088.311503
1753289088.344571
1753289088.377535
1753289088.412777
1753289088.444230
1753289088.479309
1753289088.508095
1753289088.547986
1753289088.580488
1753289088.613575
1753289088.642080
1753289088.682132
1753289088.713445
1753289088.747332
1753289088.776035
1753289088.816192
1753289088.845638
1753289088.877390
1753289088.909747
1753289088.940469
1753289088.980030
1753289089.013424
1753289089.046926
1753289089.082105
1753289089.109995
1753289089.147550
1753289089.182626
1753289089.212566
1753289089.245071
1753289089.279241
1753289089.312197
1753289089.346276
1753289089.377862
1753289089.411834
1753289089.444747
1753289089.478472
1753289089.513433
1753289089.545966
1753289089.580173
1753289089.613833
1753289089.642878
1753289089.679491
1753289089.713865
1753289089.745851
1753289089.776955
1753289089.813560
1753289089.847725
1753289089.879871
1753289089.906555
1753289089.948109
1753289089.981569
1753289090.013652
1753289090.043430
1753289090.080453
1753289090.113750
1753289090.148460
1753289090.177423
1753289090.214269
1753289090.248550
1753289090.280586
1753289090.308759
1753289090.347925
1753289090.380657
1753289090.415395
1753289090.441123
1753289090.481698
1753289090.512480
1753289090.547289
1753289090.575888
1753289090.614065
1753289090.648049
1753289090.683119
1753289090.707801
1753289090.747168
1753289090.782769
1753289090.813147
1753289090.844959
1753289090.878007
1753289090.909654
1753289090.946620
1753289090.977964
1753289091.015908
1753289091.046387
1753289091.080729
1753289091.112114
1753289091.150257
1753289091.180591
1753289091.215535
1753289091.244896
1753289091.281935
1753289091.312011
1753289091.346548
1753289091.379111
1753289091.414242
1753289091.448142
1753289091.481822
1753289091.511333
1753289091.548200
1753289091.583344
1753289091.613252
1753289091.645109
1753289091.679107
1753289091.714495
1753289091.747758
1753289091.777553
1753289091.814279
1753289091.848789
1753289091.879477
1753289091.907730
1753289091.948441
1753289091.979588
1753289092.015008
1753289092.041886
1753289092.083601
1753289092.112958
1753289092.150381
1753289092.174796
1753289092.216380
1753289092.246609
1753289092.282547
1753289092.307886
1753289092.348507
1753289092.383196
1753289092.414035
1753289092.444002
1753289092.484858
1753289092.513772
1753289092.549328
1753289092.575833
1753289092.615795
1753289092.650103
1753289092.677082
1753289092.712025
1753289092.747764
1753289092.782619
1753289092.814089
1753289092.844723
1753289092.879866
1753289092.911585
1753289092.947737
1753289092.978667
1753289093.012852
1753289093.048901
1753289093.080456
1753289093.112594
1753289093.147489
1753289093.183341
1753289093.214103
1753289093.245123
1753289093.281716
1753289093.315232
1753289093.349915
1753289093.377520
1753289093.417077
1753289093.446426
1753289093.482976
1753289093.512001
1753289093.549137
1753289093.584827
1753289093.614355
1753289093.647313
1753289093.682379
1753289093.716090
1753289093.747530
1753289093.778707
1753289093.815024
1753289093.848893
1753289093.879841
1753289093.908345
1753289093.948952
1753289093.980233
1753289094.018756
1753289094.042760
1753289094.084816
1753289094.114105
1753289094.147075
1753289094.176134
1753289094.214685
1753289094.248474
1753289094.284495
1753289094.308262
1753289094.348750
1753289094.382705
1753289094.414570
1753289094.444280
1753289094.481448
1753289094.517934
1753289094.549861
1753289094.576486
1753289094.614156
1753289094.654255
1753289094.679692
1753289094.712294
1753289094.751022
1753289094.780910
1753289094.817060
1753289094.843591
1753289094.880437
1753289094.914476
1753289094.953954
1753289094.976854
1753289095.015912
1753289095.047212
1753289095.078880
1753289095.112702
1753289095.150627
1753289095.186350
1753289095.214086
1753289095.248770
1753289095.280965
1753289095.317184
1753289095.348923
1753289095.380450
1753289095.416324
1753289095.447275
1753289095.484287
1753289095.513161
1753289095.554605
1753289095.579888
1753289095.616888
1753289095.645607
1753289095.682950
1753289095.718332
1753289095.748213
1753289095.780226
1753289095.816416
1753289095.852044
1753289095.880175
1753289095.909228
1753289095.950457
1753289095.982861
1753289096.017580
1753289096.042538
1753289096.085414
1753289096.114042
1753289096.155273
1753289096.176993
1753289096.215006
1753289096.251706
1753289096.281358
1753289096.311609
1753289096.348901
1753289096.380560
1753289096.417807
1753289096.443985
1753289096.484169
1753289096.514533
1753289096.551508
1753289096.577427
1753289096.614946
1753289096.651380
1753289096.681842
1753289096.711439
1753289096.754420
1753289096.780197
1753289096.817010
1753289096.845655
1753289096.880458
1753289096.914733
1753289096.952500
1753289096.978856
1753289097.015683
1753289097.052707
1753289097.081481
1753289097.113953
1753289097.153674
1753289097.181193
1753289097.218798
1753289097.257266
1753289097.277816
1753289097.318436
1753289097.347431
1753289097.381240
1753289097.419162
1753289097.447134
1753289097.483401
1753289097.519660
1753289097.547905
1753289097.585224
1753289097.613475
1753289097.654905
1753289097.681114
1753289097.716306
1753289097.750093
1753289097.785412
1753289097.814341
1753289097.849390
1753289097.880886
1753289097.916261
1753289097.950935
1753289097.980420
1753289098.016695
1753289098.049960
1753289098.088579
1753289098.111203
1753289098.157631
1753289098.178059
1753289098.222725
1753289098.244834
1753289098.285867
1753289098.313135
1753289098.351012
1753289098.377664
1753289098.423240
1753289098.447157
1753289098.485671
1753289098.511638
1753289098.558152
1753289098.579686
1753289098.620132
1753289098.644900
1753289098.692832
1753289098.712624
1753289098.755480
1753289098.778426
1753289098.825012
1753289098.845668
1753289098.883476
1753289098.910697
1753289098.955928
1753289098.980944
1753289099.023337
1753289099.045803
1753289099.082664
1753289099.122569
1753289099.146786
1753289099.180592
1753289099.221907
1753289099.247729
1753289099.286567
1753289099.312006
1753289099.359471
1753289099.379697
1753289099.417219
1753289099.447516
1753289099.485068
1753289099.516703
1753289099.557716
1753289099.579180
1753289099.620463
1753289099.648361
1753289099.688917
1753289099.712714
1753289099.756793
1753289099.780275
1753289099.820777
1753289099.845851
1753289099.881409
1753289099.916980
1753289099.958223
1753289099.979173
1753289100.017979
1753289100.050207
1753289100.091190
1753289100.112611
1753289100.158567
1753289100.180378
1753289100.218698
1753289100.246584
1753289100.288281
1753289100.314796
1753289100.354706
1753289100.379478
1753289100.424112
1753289100.446943
1753289100.493972
1753289100.512763
1753289100.559539
1753289100.580457
1753289100.623325
1753289100.646204
1753289100.686811
1753289100.715391
1753289100.756672
1753289100.779495
1753289100.818226
1753289100.849356
1753289100.881976
1753289100.912585
1753289100.959984
1753289100.979554
1753289101.023430
1753289101.046447
1753289101.091436
1753289101.114202
1753289101.155365
1753289101.179882
1753289101.216794
1753289101.251858
1753289101.283944
1753289101.312329
1753289101.351132
1753289101.382452
1753289101.417223
1753289101.448414
1753289101.484666
1753289101.518576
1753289101.549861
1753289101.582604
1753289101.619067
1753289101.651220
1753289101.683840
1753289101.717315
1753289101.749559
1753289101.784436
1753289101.815340
1753289101.848962
1753289101.879607
1753289101.915638
1753289101.950456
1753289101.979386
1753289102.021096
1753289102.048417
1753289102.090937
1753289102.113517
1753289102.158980
1753289102.181015
1753289102.224554
1753289102.246739
1753289102.293962
1753289102.312562
1753289102.359509
1753289102.380042
1753289102.422497
1753289102.448363
1753289102.489173
1753289102.513817
1753289102.561024
1753289102.580303
1753289102.625152
1753289102.646817
1753289102.692177
1753289102.714902
1753289102.756790
1753289102.780475
1753289102.819936
1753289102.854417
1753289102.881502
1753289102.914169
1753289102.957074
1753289102.982769
1753289103.022974
1753289103.047180
1753289103.090670
1753289103.114122
1753289103.154567
1753289103.180892
1753289103.222005
1753289103.251916
1753289103.293761
1753289103.313888
1753289103.360105
1753289103.381007
1753289103.423403
1753289103.447559
1753289103.494625
1753289103.514389
1753289103.561793
1753289103.580998
1753289103.624123
1753289103.648760
1753289103.694028
1753289103.714315
1753289103.761500
1753289103.781137
1753289103.826738
1753289103.847591
1753289103.883282
1753289103.919058
1753289103.955529
1753289103.979780
1753289104.016007
1753289104.053176
1753289104.082946
1753289104.117127
1753289104.155835
1753289104.184527
1753289104.222695
1753289104.247660
1753289104.293730
1753289104.314788
1753289104.359638
1753289104.381002
1753289104.424523
1753289104.448495
1753289104.491704
1753289104.514577
1753289104.550315
1753289104.586010
1753289104.617061
1753289104.648220
1753289104.689892
1753289104.719251
1753289104.760618
1753289104.781820
1753289104.824564
1753289104.849293
1753289104.886437
1753289104.913731
1753289104.959807
1753289104.982051
1753289105.025107
1753289105.047858
1753289105.086401
1753289105.116767
1753289105.153225
1753289105.182069
1753289105.224047
1753289105.251026
1753289105.293174
1753289105.315079
1753289105.358117
1753289105.382074
1753289105.425318
1753289105.448705
1753289105.491288
1753289105.518604
1753289105.559721
1753289105.589849
1753289105.615060
1753289105.658117
1753289105.686989
1753289105.727089
1753289105.749500
1753289105.790302
1753289105.816772
1753289105.859904
1753289105.882948
1753289105.920367
1753289105.950057
1753289105.991139
1753289106.018643
1753289106.051645
1753289106.090565
1753289106.118806
1753289106.161044
1753289106.181970
1753289106.225312
1753289106.254167
1753289106.290238
1753289106.315592
1753289106.357657
1753289106.384787
1753289106.427337
1753289106.448745
1753289106.491907
1753289106.516312
1753289106.558959
1753289106.582185
1753289106.626267
1753289106.649312
1753289106.695081
1753289106.715489
1753289106.752712
1753289106.793649
1753289106.817654
1753289106.853781
1753289106.890478
1753289106.918498
1753289106.961561
1753289106.982533
1753289107.028298
1753289107.050007
1753289107.092424
1753289107.116232
1753289107.159027
1753289107.188304
1753289107.226662
1753289107.249641
1753289107.292925
1753289107.316625
1753289107.359457
1753289107.383835
1753289107.426775
1753289107.450767
1753289107.493794
1753289107.516036
1753289107.558437
1753289107.586106
1753289107.627708
1753289107.649443
1753289107.693567
1753289107.717893
1753289107.762221
1753289107.782987
1753289107.826385
1753289107.854116
1753289107.890293
1753289107.915405
1753289107.961615
1753289107.983741
1753289108.028626
1753289108.049959
1753289108.089329
1753289108.125557
1753289108.156347
1753289108.184374
1753289108.227874
1753289108.250752
1753289108.294000
1753289108.316672
1753289108.360537
1753289108.385677
1753289108.428380
1753289108.450090
1753289108.495207
1753289108.518049
1753289108.561011
1753289108.583459
1753289108.626908
1753289108.655506
1753289108.692888
1753289108.717178
1753289108.760248
1753289108.787794
1753289108.828659
1753289108.849911
1753289108.889237
1753289108.920727
1753289108.961964
1753289108.983498
1753289109.026675
1753289109.055028
1753289109.095719
1753289109.118073
1753289109.160649
1753289109.185696
1753289109.228091
1753289109.252554
1753289109.294579
1753289109.320435
1753289109.362056
1753289109.384691
1753289109.427481
1753289109.455952
1753289109.493585
1753289109.519504
1753289109.560857
1753289109.586574
1753289109.627940
1753289109.652886
1753289109.694402
1753289109.723406
1753289109.758530
1753289109.786835
1753289109.827007
1753289109.857068
1753289109.892147
1753289109.916217
1753289109.961249
1753289109.986323
1753289110.028810
1753289110.051006
1753289110.094175
1753289110.122419
1753289110.159896
1753289110.184057
1753289110.226746
1753289110.256799
1753289110.293405
1753289110.317252
1753289110.360665
1753289110.386334
1753289110.427339
1753289110.450704
1753289110.494204
1753289110.519884
1753289110.562277
1753289110.583858
1753289110.628536
1753289110.653254
1753289110.695974
1753289110.717484
1753289110.761792
1753289110.787077
1753289110.828532
1753289110.850883
1753289110.890896
1753289110.922983
1753289110.960536
1753289110.984221
1753289111.029570
1753289111.053649
1753289111.095367
1753289111.117625
1753289111.162063
1753289111.187387
1753289111.229251
1753289111.251304
1753289111.294678
1753289111.322017
1753289111.358679
1753289111.387471
1753289111.428377
1753289111.457573
1753289111.494700
1753289111.517722
1753289111.561965
1753289111.587893
1753289111.628983
1753289111.651432
1753289111.694743
1753289111.720334
1753289111.761729
1753289111.784700
1753289111.828332
1753289111.853386
1753289111.892657
1753289111.918344
1753289111.961438
1753289111.987882
1753289112.028383
1753289112.051436
1753289112.094678
1753289112.121178
1753289112.162546
1753289112.184724
1753289112.227171
1753289112.254520
1753289112.292688
1753289112.318235
1753289112.363723
1753289112.388695
1753289112.426771
1753289112.451743
1753289112.495053
1753289112.521453
1753289112.562401
1753289112.585223
1753289112.628633
1753289112.655842
1753289112.695645
1753289112.719007
1753289112.759369
1753289112.793599
1753289112.824193
1753289112.855652
1753289112.892065
1753289112.923029
1753289112.962745
1753289112.985709
1753289113.030612
1753289113.056549
1753289113.094896
1753289113.120854
1753289113.162681
1753289113.189742
1753289113.227922
1753289113.252806
1753289113.292751
1753289113.324330
1753289113.361404
1753289113.386691
1753289113.428774
1753289113.456802
1753289113.493004
1753289113.519896
1753289113.562710
1753289113.589845
1753289113.628111
1753289113.652276
1753289113.696297
1753289113.722806
1753289113.761836
1753289113.785840
1753289113.821912
1753289113.862926
1753289113.890056
1753289113.923275
1753289113.954261
1753289113.995600
1753289114.024746
1753289114.061286
1753289114.092655
1753289114.119175
1753289114.161681
1753289114.189767
1753289114.227582
1753289114.252263
1753289114.294848
1753289114.323195
1753289114.362015
1753289114.385698
1753289114.424802
1753289114.459322
1753289114.494369
1753289114.518976
1753289114.563148
1753289114.590435
1753289114.628009
1753289114.651833
1753289114.688849
1753289114.722813
1753289114.757005
1753289114.785047
1753289114.821712
1753289114.858780
1753289114.889605
1753289114.918491
1753289114.955036
1753289114.991082
1753289115.023836
1753289115.054495
1753289115.089523
1753289115.121375
1753289115.160733
1753289115.186325
1753289115.222775
1753289115.254590
1753289115.296258
1753289115.319550
1753289115.357978
1753289115.394228
1753289115.424378
1753289115.452907
1753289115.490457
1753289115.527283
1753289115.553562
1753289115.586452
1753289115.624260
1753289115.656274
1753289115.693372
1753289115.719486
1753289115.756583
1753289115.792299
1753289115.820950
1753289115.852994
1753289115.890028
1753289115.919201
1753289115.961003
1753289115.986327
1753289116.024824
1753289116.057431
1753289116.092421
1753289116.119783
1753289116.157668
1753289116.194000
1753289116.223761
1753289116.253031
1753289116.291391
1753289116.320945
1753289116.361923
1753289116.386511
1753289116.424009
1753289116.459758
1753289116.491582
1753289116.520110
1753289116.559987
1753289116.591500
1753289116.627392
1753289116.653346
1753289116.694393
1753289116.725092
1753289116.760469
1753289116.786745
1753289116.828718
1753289116.857879
1753289116.893920
1753289116.920364
1753289116.961263
1753289116.991914
1753289117.027874
1753289117.053402
1753289117.090181
1753289117.128257
1753289117.158159
1753289117.187121
1753289117.227883
1753289117.258683
1753289117.294721
1753289117.320486
1753289117.360646
1753289117.391783
1753289117.428098
1753289117.453835
1753289117.495088
1753289117.524663
1753289117.562683
1753289117.587028
1753289117.628041
1753289117.658199
1753289117.695345
1753289117.720678
1753289117.762305
1753289117.792044
1753289117.827201
1753289117.853897
1753289117.895151
1753289117.921324
1753289117.962031
1753289117.987416
1753289118.029170
1753289118.059966
1753289118.095625
1753289118.121213
1753289118.162491
1753289118.193074
1753289118.228890
1753289118.254771
1753289118.295857
1753289118.325290
1753289118.364257
1753289118.387900
1753289118.428891
1753289118.458835
1753289118.497085
1753289118.521227
1753289118.562519
1753289118.589144
1753289118.628200
1753289118.654451
1753289118.695132
1753289118.728059
1753289118.759515
1753289118.787902
1753289118.828638
1753289118.859284
1753289118.894501
1753289118.920442
1753289118.962837
1753289118.994202
1753289119.029090
1753289119.055168
1753289119.093005
1753289119.129070
1753289119.161628
1753289119.189059
1753289119.227397
1753289119.260739
1753289119.295178
1753289119.323384
1753289119.363312
1753289119.394120
1753289119.429371
1753289119.455340
1753289119.493936
1753289119.528782
1753289119.560887
1753289119.590568
1753289119.630693
1753289119.660456
1753289119.696119
1753289119.721998
1753289119.762157
1753289119.793528
1753289119.829229
1753289119.856879
1753289119.895080
1753289119.925595
1753289119.964699
1753289119.988505
1753289120.029983
1753289120.060503
1753289120.096797
1753289120.122780
1753289120.163047
1753289120.194384
1753289120.227449
1753289120.260090
1753289120.294619
1753289120.329190
1753289120.363246
1753289120.391613
1753289120.431261
1753289120.460037
1753289120.496186
1753289120.525308
1753289120.563535
1753289120.594804
1753289120.629935
1753289120.656092
1753289120.694683
1753289120.727360
1753289120.760667
1753289120.792607
1753289120.828242
1753289120.863569
1753289120.894379
1753289120.924173
1753289120.964247
1753289120.994197
1753289121.028049
1753289121.056615
1753289121.097028
1753289121.127371
1753289121.161889
1753289121.189421
1753289121.230348
1753289121.260961
1753289121.295634
1753289121.322409
1753289121.362034
1753289121.394102
1753289121.429145
1753289121.455939
1753289121.494420
1753289121.529367
1753289121.562536
1753289121.589900
1753289121.628666
1753289121.662266
1753289121.696287
1753289121.722590
1753289121.763279
1753289121.795778
1753289121.828573
1753289121.856285
1753289121.894764
1753289121.928562
